iteration,month,customers,is_existing_customer,membership_signed_up,tier_chosen,membership_revenue,rides_taken,rides_taken_control,existing_customer_late_signup,additional_rides_taken,total_rides_taken,total_control_ride_minutes,control_ride_minutes_array,total_control_ride_revenue,control_ride_revenue_array,total_standard_minutes,total_membership_minutes,membership_ride_minutes_array,initial_standard_ride_revenue,initial_membership_ride_revenue,adjusted_standard_ride_revenue,adjusted_membership_ride_revenue,initial_standard_ride_revenue_array,initial_membership_ride_revenue_array,adjusted_standard_ride_revenue_array,adjusted_membership_ride_revenue_array,standard_ride_minutes_array
140,0,0,True,False,,0.0,3,3,,0,3,14.795522307048016,"[3.05287070006698, 7.457114793804806, 4.285536813176231]",8.770253699748727,"[2.1906195730261224, 3.9082747695838744, 2.67135935713873]",30.748184801977047,0.0,[],14.991792072771048,0.0,0.0,0.0,"[4.122357586214968, 4.559372737577105, 6.310061748978975]",[],"[0.0, 0.0, 0.0]",[],"[8.006045092858892, 9.126596763018219, 13.615542946099936]"
140,0,1,True,False,,0.0,2,2,,0,2,5.834163039348873,"[3.3341630393488724, 2.5]",4.27532358534606,"[2.30032358534606, 1.975]",21.551291328987865,0.0,[],10.405003618305267,0.0,0.0,0.0,"[4.0106969840285736, 6.394306634276694]",[],"[0.0, 0.0]",[],"[7.7197358564835215, 13.831555472504343]"
140,0,2,True,False,,0.0,1,1,,0,1,3.364463785768568,[3.364463785768568],2.3121408764497415,[2.3121408764497415],17.48277187259033,0.0,[],7.818281030310229,0.0,0.0,0.0,[7.818281030310229],[],[0.0],[],[17.48277187259033]
140,0,3,True,True,1.0,4.99,4,4,True,0,4,40.48004891379506,"[8.023582064048924, 11.601879478675876, 14.989627648803605, 5.864959722266652]",19.787219076380072,"[4.12919700497908, 5.524732996683592, 6.845954783033406, 3.2873342916839943]",40.762461936669474,0.0,[],19.897360155301097,0.0,15.897360155301097,0.0,"[6.576421052278217, 3.6499463925335727, 2.734559819108154, 6.936432891381153]",[],"[5.576421052278217, 2.6499463925335727, 1.7345598191081542, 5.936432891381153]",[],"[14.298515518662095, 6.794734339829674, 4.447589279764498, 15.221622798413211]"
140,0,4,True,False,,0.0,1,1,,0,1,3.1646843545761243,[3.1646843545761243],2.2342268982846885,[2.2342268982846885],5.817533548996038,0.0,[],3.268838084108455,0.0,0.0,0.0,[3.268838084108455],[],[0.0],[],[5.817533548996038]
140,0,5,True,False,,0.0,3,3,,0,3,37.569483495089095,"[11.312909477971345, 16.32449775390189, 9.932076263215858]",17.65209856308475,"[5.412034696408825, 7.366554124021738, 4.873509742654185]",20.41318422957287,0.0,[],10.96114184953342,0.0,0.0,0.0,"[3.6928017704780096, 2.632074683946262, 4.636265395109147]",[],"[0.0, 0.0, 0.0]",[],"[6.9046199243025885, 4.1848068819134925, 9.323757423356787]"
140,0,6,True,False,,0.0,2,2,,0,2,17.552847338953377,"[6.409914796192142, 11.142932542761237]",8.845610462191818,"[3.4998667705149353, 5.345743691676883]",37.02916871226332,0.0,[],16.441375797782698,0.0,0.0,0.0,"[3.854557049730455, 12.586818748052242]",[],"[0.0, 0.0]",[],"[7.31937705059091, 29.709791661672412]"
140,0,7,True,False,,0.0,1,1,,0,1,4.882093651064762,[4.882093651064762],2.9040165239152573,[2.9040165239152573],5.615926088888189,0.0,[],3.190211174666394,0.0,0.0,0.0,[3.190211174666394],[],[0.0],[],[5.615926088888189]
140,0,8,True,False,,0.0,1,1,,0,1,2.5666711521350822,[2.5666711521350822],2.001001749332682,[2.001001749332682],9.91980602225601,0.0,[],4.868724348679844,0.0,0.0,0.0,[4.868724348679844],[],[0.0],[],[9.91980602225601]
140,0,9,True,True,1.0,4.99,8,8,True,5,13,51.782367891040266,"[10.934737640980064, 2.905417959425099, 7.755373983126979, 13.050530087602674, 6.87810055931253, 2.815140895392263, 2.5, 4.943066765200658]",28.195123477505703,"[5.264547679982225, 2.1331130041757884, 4.024595853419521, 6.089706734165043, 3.682459218131887, 2.0979049492029826, 1.975, 2.927796038428257]",79.89877319070472,59.351242073817694,"[12.921347405371959, 10.021191718722026, 8.043837509246146, 19.285276483572805, 9.079588956904763]",39.16052154437484,28.146984408788903,31.160521544374838,23.146984408788903,"[8.21931233204614, 3.468756340957554, 5.747396020393926, 3.834311357004631, 3.2694217332898723, 4.350707581043566, 8.29561617963915, 1.975]","[6.039325488095064, 4.9082647703015905, 4.137096628605997, 8.521257828593395, 4.541039693192857]","[7.21931233204614, 2.468756340957554, 4.747396020393926, 2.834311357004631, 2.2694217332898723, 3.350707581043566, 7.295616179639151, 0.9750000000000001]","[5.039325488095064, 3.90826477030159, 3.1370966286059967, 7.521257828593394, 3.5410396931928574]","[18.51105726165677, 6.3301444639937285, 12.172810308702374, 7.267465017960593, 5.819030085358647, 8.591557900111708, 18.7067081529209, 2.5]"
140,0,10,True,True,1.0,4.99,10,10,True,2,12,126.55955854506193,"[6.6530356525342205, 7.332346457759456, 8.462981078636455, 22.795595714487504, 6.657519464091604, 9.657417406187548, 14.068238435603774, 20.936570175126775, 17.403523547396915, 12.592330613237678]",59.35822783257416,"[3.594683904488346, 3.859615118526188, 4.3005626206682175, 9.890282328650127, 3.5964325909957258, 4.766392788413144, 6.486612989885472, 9.165262368299443, 7.787374183484797, 5.911008939162695]",84.3113276638881,7.249835655659151,"[3.864187519918854, 3.3856481357402974]",42.88141778891636,4.82743590570707,32.88141778891636,2.827435905707069,"[4.003288420434751, 3.02638478561155, 6.895336785322559, 3.412794059849801, 5.34473812339523, 1.975, 3.7187723211778736, 3.948598978674275, 6.798535207533034, 3.7579691069172827]","[2.507033132768353, 2.320402772938716]","[3.003288420434752, 2.02638478561155, 5.895336785322559, 2.412794059849801, 4.34473812339523, 0.9750000000000001, 2.7187723211778736, 2.948598978674275, 5.798535207533034, 2.7579691069172827]","[1.507033132768353, 1.320402772938716]","[7.700739539576286, 5.195858424645, 15.11624816749374, 6.18665143551231, 11.140354162551871, 2.5, 6.971211079943266, 7.56051020172891, 14.868038993674444, 7.071715658762263]"
140,0,11,True,False,,0.0,3,3,,0,3,27.29772693504955,"[10.389148891099122, 2.5, 14.408578043950428]",13.646113504669323,"[5.051768067528657, 1.975, 6.619345437140667]",33.13021609507268,0.0,[],15.920784277078347,0.0,0.0,0.0,"[6.4167522970573945, 5.720138588607374, 3.7838933914135775]",[],"[0.0, 0.0, 0.0]",[],"[13.88910845399332, 12.102919457967625, 7.138188183111737]"
140,0,12,True,False,,0.0,3,3,,0,3,20.89393615966414,"[7.076378333277123, 7.70887923379395, 6.1086785925930664]",11.148635102269015,"[3.759787549978078, 4.00646290117964, 3.382384651111296]",23.450848165284505,0.0,[],12.145830784460957,0.0,0.0,0.0,"[3.0106348004752643, 4.323695916195071, 4.811500067790622]",[],"[0.0, 0.0, 0.0]",[],"[5.155473847372472, 8.522297221013002, 9.77307709689903]"
140,0,13,True,True,1.0,4.99,6,6,True,1,7,62.631215493205225,"[12.797582110493682, 5.364285649220495, 8.065236489725589, 6.67916454636285, 3.6606699938206178, 26.06427670358199]",30.42617404235004,"[5.991057023092536, 3.0920714031959933, 4.1454422309929795, 3.6048741730815115, 2.427661297590041, 11.165067914396976]",48.776124646798586,3.934890956072298,[3.934890956072298],25.02268861225145,2.5346074728681964,19.02268861225145,1.5346074728681962,"[4.021904714086562, 5.919091344515992, 2.2645027297903657, 4.615971680356429, 2.5459960905729613, 5.655222052929141]",[2.5346074728681964],"[3.021904714086561, 4.919091344515992, 1.2645027297903657, 3.615971680356429, 1.5459960905729613, 4.655222052929141]",[1.5346074728681962],"[7.748473625862977, 12.613054729528184, 3.242314691770168, 9.271722257324177, 3.96409253993067, 11.936466802382412]"
140,0,14,True,False,,0.0,2,2,,0,2,12.706750008006113,"[6.239178707952807, 6.467571300053305]",6.955632503122384,"[3.433279696101595, 3.522352807020789]",12.515098297941789,0.0,[],6.880888336197298,0.0,0.0,0.0,"[1.975, 4.905888336197298]",[],"[0.0, 0.0]",[],"[2.5, 10.015098297941789]"
140,0,15,True,False,,0.0,2,2,,0,2,9.364942088724742,"[5.056399120370917, 4.308542968353826]",5.65232741460265,"[2.9719956569446575, 2.680331757657992]",13.054932786365063,0.0,[],7.091423786682375,0.0,0.0,0.0,"[3.8009486165819593, 3.2904751701004153]",[],"[0.0, 0.0]",[],"[7.181919529697331, 5.873013256667732]"
140,0,16,True,True,1.0,4.99,5,5,True,2,7,47.30441030409818,"[13.993240368955071, 4.371010271474049, 7.672283504834488, 16.23372007493381, 5.034156083900761]",23.44872001859829,"[6.457363743892478, 2.704694005874879, 3.9921905668854505, 7.331150829224186, 2.963320872721297]",43.792063436201836,20.957693038132522,"[4.833256498681507, 16.124436539451015]",22.078904740118716,10.173500284871682,17.078904740118716,8.173500284871684,"[5.239742051284788, 3.7838493041721186, 2.8750393462324664, 6.297233767355665, 3.8830402710736798]","[2.8849700344857876, 7.288530250385896]","[4.239742051284788, 2.7838493041721186, 1.8750393462324664, 5.297233767355665, 2.8830402710736798]","[1.8849700344857878, 6.288530250385896]","[10.871133464832788, 7.138075138902868, 4.8077931954678625, 13.582650685527344, 7.392410951470973]"
140,0,17,True,True,1.0,4.99,6,6,True,3,9,41.827762229578354,"[7.827366801199715, 3.6048693697037337, 6.942829270388072, 7.904880818223017, 4.556367305817123, 10.991448664246697]",22.31282726953556,"[4.052673052467889, 2.4058990541844563, 3.707703415451348, 4.082903519106976, 2.776983249268678, 5.286664979056212]",63.69952921442585,28.701802498423742,"[5.854300034452377, 4.587749611940061, 18.259752852031305]",30.842816393626087,14.19370297438526,24.842816393626084,11.19370297438526,"[3.6513331859737526, 3.7472652902630945, 6.899152067588582, 1.975, 11.384066461165267, 3.1859993886353877]","[3.2831770134364273, 2.789222348656624, 8.121303612292209]","[2.6513331859737526, 2.7472652902630945, 5.899152067588582, 0.9750000000000001, 10.384066461165267, 2.1859993886353877]","[2.2831770134364273, 1.7892223486566239, 7.121303612292209]","[6.798290220445519, 7.0442699750335755, 15.126030942534824, 2.5, 26.625811438885297, 5.605126637526635]"
140,0,18,True,False,,0.0,1,1,,0,1,8.676638763117975,[8.676638763117975],4.38388911761601,[4.38388911761601],10.179596570930409,0.0,[],4.970042662662859,0.0,0.0,0.0,[4.970042662662859],[],[0.0],[],[10.179596570930409]
140,0,19,True,True,1.0,4.99,5,5,True,2,7,55.98559560373883,"[4.913391148997396, 9.58031438339917, 20.535937470374336, 12.310620610271163, 8.645331990696771]",26.834382285458148,"[2.9162225481089843, 4.7363226095256765, 9.00901561344599, 5.801142038005754, 4.371679476371741]",41.0978087681741,9.989450906001151,"[7.382755245513167, 2.6066956604879845]",21.0281454195879,5.895885853340449,16.0281454195879,3.895885853340449,"[3.4669130865102633, 3.9788903567830816, 4.3355414840606965, 4.189211339620142, 5.057589152613716]","[3.879274545750135, 2.0166113075903143]","[2.4669130865102633, 2.9788903567830816, 3.335541484060697, 3.1892113396201425, 4.057589152613716]","[2.879274545750135, 1.016611307590314]","[6.325418170539137, 7.638180402007901, 8.552670471950504, 8.17746497338498, 10.40407475029158]"
140,0,20,True,False,,0.0,2,2,,0,2,17.012136885171834,"[8.637140647829208, 8.374996237342627]",8.634733385217015,"[4.368484852653391, 4.266248532563624]",7.4757926974948194,0.0,[],4.91555915202298,0.0,0.0,0.0,"[2.08380010890163, 2.83175904312135]",[],"[0.0, 0.0]",[],"[2.7789746382093075, 4.696818059285512]"
140,0,21,True,False,,0.0,3,3,,0,3,33.20251773975667,"[10.383033087718097, 9.808139077600513, 13.01134557443806]",15.948981918505101,"[5.0493829042100575, 4.8251742402642, 6.0744247740308435]",34.114521541927814,0.0,[],16.304663401351846,0.0,0.0,0.0,"[5.746650102208117, 6.166760432703569, 4.39125286644016]",[],"[0.0, 0.0, 0.0]",[],"[12.170897697969531, 13.248103673598894, 8.695520170359385]"
140,0,22,True,True,1.0,4.99,5,5,True,2,7,44.39463577512194,"[2.5, 8.81226120545266, 5.915198939987047, 15.66226781806666, 11.504907811615576]",22.31390795229756,"[1.975, 4.436781870126538, 3.306927586594948, 7.108284449045997, 5.4869140465300745]",36.3707093142513,13.73236767063301,"[7.9638631057291445, 5.768504564903866]",19.18457663255801,7.3556233915468745,14.18457663255801,5.3556233915468745,"[3.1981635473172854, 2.448999044104898, 3.296641267203041, 2.854911414653362, 7.385861359279423]","[4.105906611234366, 3.2497167803125078]","[2.1981635473172854, 1.4489990441048979, 2.296641267203041, 1.8549114146533616, 6.385861359279423]","[3.1059066112343663, 2.2497167803125078]","[5.63631678799304, 3.715382164371533, 5.88882376205908, 4.756183114495799, 16.374003485331855]"
140,0,23,True,False,,0.0,3,3,,0,3,60.1156699982226,"[7.782676563709194, 26.10699981513592, 26.225993619377483]",26.445111299306816,"[4.035243859846586, 11.18172992790301, 11.228137511557218]",32.17494685496918,0.0,[],15.54822927343798,0.0,0.0,0.0,"[5.233924987207405, 4.580038423664067, 5.734265862566508]",[],"[0.0, 0.0, 0.0]",[],"[10.856217915916423, 9.179585701702736, 12.13914323735002]"
140,0,24,True,True,1.0,4.99,6,6,True,1,7,41.274142447695354,"[2.5, 5.863916910248631, 13.64479481065446, 9.31321362159952, 5.273606029338328, 4.6786110758544215]",22.096915554601193,"[1.975, 3.2869275949969663, 6.32146997615524, 4.632153312423813, 3.056706351441948, 2.824658319583224]",56.253233384939875,12.634516807825172,[12.634516807825172],27.93876102012655,5.927461555051817,21.93876102012655,4.927461555051817,"[3.1986565680155183, 6.169844916815503, 5.773828369429563, 2.7294941567521347, 6.1610433597508365, 3.905893649362995]",[5.927461555051817],"[2.1986565680155183, 5.169844916815503, 4.773828369429563, 1.7294941567521347, 5.1610433597508365, 2.905893649362995]",[4.927461555051817],"[5.637580943629534, 13.256012607219237, 12.240585562639906, 4.4346004019285505, 13.233444512181633, 7.451009357341014]"
140,0,25,True,False,,0.0,2,2,,0,2,16.177790970447358,"[8.369510224280258, 7.8082807461670996]",8.30933847847447,"[4.264108987469301, 4.045229491005169]",43.429988676582894,0.0,[],18.93769558386733,0.0,0.0,0.0,"[7.423144942569246, 11.514550641298085]",[],"[0.0, 0.0]",[],"[16.46960241684422, 26.960386259738677]"
140,0,26,True,True,1.0,4.99,6,6,True,3,9,118.9787132627981,"[17.072873464893647, 8.404636363511594, 19.395322160190716, 19.207872524276958, 41.30776361820036, 13.590245131724826]",52.401698172491265,"[7.658420651308522, 4.277808181769522, 8.564175642474378, 8.491070284468014, 17.110027811098142, 6.300195601372683]",69.01879485279468,24.938509829668675,"[10.933999013453771, 2.81365894522258, 11.190851870992326]",32.91732999258993,12.726018833570784,26.917329992589927,9.726018833570784,"[3.9734100758833546, 1.975, 5.837363822127083, 6.58985335089393, 8.182289423516423, 6.35941332016914]","[5.264259615246971, 2.097326988636806, 5.364432229687007]","[2.9734100758833546, 0.9750000000000001, 4.837363822127083, 5.58985335089393, 7.182289423516423, 5.35941332016914]","[4.264259615246971, 1.0973269886368062, 4.364432229687007]","[7.6241283997009095, 2.5, 12.403496979813033, 14.332957309984435, 18.416126726965185, 13.742085436331127]"
140,0,27,True,False,,0.0,3,3,,0,3,21.43162732681338,"[11.321937211423913, 7.609690115389468, 2.5]",11.358334657457219,"[5.4155555124553265, 3.967779145001893, 1.975]",27.032233764388707,0.0,[],13.542571168111596,0.0,0.0,0.0,"[4.030001562790283, 1.975, 7.5375696053213135]",[],"[0.0, 0.0, 0.0]",[],"[7.769234776385341, 2.5, 16.762998988003368]"
140,0,28,True,True,1.0,4.99,5,5,True,2,7,36.05770534439659,"[9.128143715771552, 10.35501517040413, 2.5, 9.057877267087045, 5.016669191133862]",19.06250508431467,"[4.559976049150905, 5.038455916457611, 1.975, 4.5325721341639476, 2.956500984542206]",42.86761331487453,43.576166503820346,"[26.61150574174891, 16.964660762071432]",21.71836919280107,18.99470493648993,16.718369192801067,16.99470493648993,"[3.37727411576999, 4.736415874126584, 6.58616190480032, 5.043517298104175, 1.975]","[11.378487239282075, 7.616217697207858]","[2.37727411576999, 3.736415874126583, 5.58616190480032, 4.043517298104175, 0.9750000000000001]","[10.378487239282075, 6.616217697207858]","[6.095574655820487, 9.580553523401495, 14.323492063590562, 10.367993072061985, 2.5]"
140,0,29,True,False,,0.0,1,1,,0,1,11.06169548827119,[11.06169548827119],5.314061240425764,[5.314061240425764],20.578299194240852,0.0,[],9.025536685753933,0.0,0.0,0.0,[9.025536685753933],[],[0.0],[],[20.578299194240852]
140,0,30,True,False,,0.0,1,1,,0,1,6.9658841639127305,[6.9658841639127305],3.716694823925965,[3.716694823925965],3.3003986438655746,0.0,[],2.287155471107574,0.0,0.0,0.0,[2.287155471107574],[],[0.0],[],[3.3003986438655746]
140,0,31,True,False,,0.0,3,3,,0,3,51.65083523339528,"[19.100964861919888, 15.79314743129217, 16.756722940183217]",23.14382574102416,"[8.449376296148756, 7.159327498203946, 7.535121946671454]",23.02548435962464,0.0,[],11.979938900253611,0.0,0.0,0.0,"[4.494135536820266, 2.5677660446348574, 4.918037318798488]",[],"[0.0, 0.0, 0.0]",[],"[8.959321889282732, 4.019912934961173, 10.046249535380738]"
140,0,32,True,False,,0.0,1,1,,0,1,12.439635147008445,[12.439635147008445],5.851457707333294,[5.851457707333294],3.405281412241837,0.0,[],2.3280597507743166,0.0,0.0,0.0,[2.3280597507743166],[],[0.0],[],[3.405281412241837]
140,0,33,True,False,,0.0,1,1,,0,1,8.314144147753273,[8.314144147753273],4.242516217623777,[4.242516217623777],14.998454689261145,0.0,[],6.849397328811847,0.0,0.0,0.0,[6.849397328811847],[],[0.0],[],[14.998454689261145]
140,0,34,True,True,1.0,4.99,4,4,True,2,6,41.55487475533217,"[9.619457210732977, 15.802056049955667, 8.95263371305401, 7.180727781589515]",20.20640115457955,"[4.751588312185861, 7.16280185948271, 4.491527148091064, 3.800483834819911]",34.16266288227652,7.578741265607453,"[3.8393515049063307, 3.739389760701123]",17.32343852408784,4.955709093586907,13.323438524087841,2.955709093586907,"[6.517776329600579, 3.2894944298570894, 4.450890319676511, 3.0652774449536615]","[2.497347086913469, 2.458362006673438]","[5.517776329600579, 2.2894944298570894, 3.4508903196765113, 2.0652774449536615]","[1.497347086913469, 1.458362006673438]","[14.14814443487328, 5.870498538095101, 8.84843671711926, 5.295583192188875]"
140,0,35,True,False,,0.0,1,1,,0,1,16.184767767491973,[16.184767767491973],7.312059429321869,[7.312059429321869],10.568798275336748,0.0,[],5.121831327381332,0.0,0.0,0.0,[5.121831327381332],[],[0.0],[],[10.568798275336748]
140,0,36,True,True,1.0,4.99,5,5,True,2,7,84.39607083197507,"[18.043214134104847, 8.110593667588395, 7.204105874542944, 9.679918107349172, 41.358239048389706]",37.91446762447028,"[8.03685351230089, 4.163131530359474, 3.8096012910717483, 4.775168061866177, 17.129713228871985]",43.23399014203645,21.85570343900759,"[4.850475130189512, 17.00522830881808]",21.861256155394216,10.523724341212962,16.861256155394216,8.523724341212962,"[3.7816852392751636, 2.0586492914578987, 4.686818728157272, 2.3651295399101313, 8.96897335659375]","[2.8916853007739096, 7.632039040439051]","[2.7816852392751636, 1.0586492914578984, 3.6868187281572724, 1.3651295399101313, 7.96897335659375]","[1.8916853007739096, 6.632039040439051]","[7.132526254551701, 2.7144853627125602, 9.453381354249416, 3.5003321536157213, 20.43326501690705]"
140,0,37,True,False,,0.0,3,3,,0,3,29.118781090540963,"[7.427036063678914, 11.392860563943652, 10.298884462918398]",14.356324625310975,"[3.8965440648347767, 5.443215619938024, 5.016564940538175]",19.41942966479921,0.0,[],10.573577569271693,0.0,0.0,0.0,"[4.9668382861486915, 2.7186847609494205, 2.888054522173581]",[],"[0.0, 0.0, 0.0]",[],"[10.17138022089408, 4.406884002434411, 4.841165441470721]"
140,0,38,True,False,,0.0,3,3,,0,3,25.504347695774364,"[15.58669534089388, 6.183037635050624, 3.7346147198298554]",12.946695601352001,"[7.078811182948614, 3.4113846776697434, 2.4564997407336437]",17.82520470996015,0.0,[],9.95182983688446,0.0,0.0,0.0,"[2.875750074104735, 3.561416389515038, 3.5146633732646864]",[],"[0.0, 0.0, 0.0]",[],"[4.809615574627524, 6.567734332089841, 6.447854803242786]"
140,0,39,True,False,,0.0,2,2,,0,2,22.656116784762826,"[11.811296418843714, 10.844820365919112]",10.835885546057503,"[5.606405603349049, 5.229479942708454]",21.570514311296513,0.0,[],10.41250058140564,0.0,0.0,0.0,"[4.327854636878164, 6.084645944527476]",[],"[0.0, 0.0]",[],"[8.532960607379907, 13.037553703916604]"
140,0,40,True,False,,0.0,2,2,,0,2,12.084855968516411,"[9.42014283102444, 2.6647131374919697]",6.7130938277214005,"[4.673855704099532, 2.0392381236218684]",14.621952181491938,0.0,[],7.702561350781856,0.0,0.0,0.0,"[4.084040871587271, 3.6185204791945855]",[],"[0.0, 0.0]",[],"[7.907797106634027, 6.714155074857911]"
140,0,41,True,True,1.0,4.99,4,4,True,0,4,39.93213638159058,"[8.949911943768493, 12.441639709233637, 6.223473222540829, 12.317111506047617]",19.573533188820328,"[4.490465658069713, 5.8522394866011185, 3.4271545567909234, 5.803673487358571]",40.20998787881843,0.0,[],19.681895272739187,0.0,15.681895272739187,0.0,"[5.076319354844987, 6.110929722119138, 5.376591217796342, 3.11805497797872]",[],"[4.076319354844987, 5.110929722119138, 4.376591217796342, 2.11805497797872]",[],"[10.452100909858942, 13.104948005433688, 11.222028763580365, 5.430910199945436]"
140,0,42,True,False,,0.0,3,3,,0,3,16.88724808771945,"[4.472176141759859, 4.162684359498471, 8.252387586461117]",9.586026754210586,"[2.744148695286345, 2.623446900204404, 4.218431158719836]",19.47270371177354,0.0,[],10.59435444759168,0.0,0.0,0.0,"[3.4320775330461166, 3.5743781922659914, 3.5878987222795726]",[],"[0.0, 0.0, 0.0]",[],"[6.236096238579786, 6.600969723758952, 6.635637749434801]"
140,0,43,True,False,,0.0,2,2,,0,2,26.123105345413627,"[13.219978495573452, 12.903126849840177]",12.188011084711317,"[6.155791613273647, 6.032219471437669]",22.451357969272788,0.0,[],10.756029608016387,0.0,0.0,0.0,"[5.6020815308974905, 5.153948077118897]",[],"[0.0, 0.0]",[],"[11.800209053583309, 10.651148915689479]"
140,0,44,True,False,,0.0,3,3,,0,3,32.674584086538374,"[14.666950824239827, 9.69219028434522, 8.31544297795333]",15.743087793749966,"[6.720110821453533, 4.779954210894635, 4.243022761401798]",48.71516217965083,0.0,[],21.998913250063826,0.0,0.0,0.0,"[4.222937546770009, 9.610898297680116, 8.165077405613701]",[],"[0.0, 0.0, 0.0]",[],"[8.263942427615406, 22.079226404307988, 18.37199334772744]"
140,0,45,True,True,1.0,4.99,4,4,True,1,5,21.170520887671753,"[6.187814764860825, 3.9109690726577373, 7.0802437918633405, 3.99149325828985]",12.256503146191983,"[3.413247758295722, 2.525277938336518, 3.761295078826703, 2.5566823707330415]",38.167038616434866,11.197332394676481,[11.197332394676481],18.8851450604096,5.366959633923828,14.885145060409599,4.366959633923828,"[7.68208002371352, 3.8030185028182344, 4.303017614085397, 3.097028919792446]",[5.366959633923828],"[6.68208002371352, 2.8030185028182344, 3.3030176140853973, 2.097028919792446]",[4.366959633923828],"[17.13353852234236, 7.187226930303165, 8.4692759335523, 5.376997230237041]"
140,0,46,True,True,1.0,4.99,6,6,True,1,7,41.33012388748756,"[3.642328466413325, 9.978615033795196, 6.440932350343394, 4.242254025115044, 7.051366105773898, 9.974627906046706]",22.11874831612015,"[2.4205081019011967, 4.891659863180126, 3.511963616633924, 2.654479069794867, 3.75003278125182, 4.890104883358216]",46.12184959889083,7.991030890115261,[7.991030890115261],23.987521343567426,4.116502047144952,17.987521343567423,3.116502047144952,"[7.312752128924527, 4.174483441958712, 1.975, 4.1257901133574695, 3.8019044238679482, 2.5975912354587694]",[4.116502047144952],"[6.312752128924527, 3.1744834419587113, 0.9750000000000001, 3.12579011335747, 2.8019044238679482, 1.5975912354587694]",[3.116502047144952],"[16.1865439203193, 8.139701133227465, 2.5, 8.014846444506333, 7.1843703176101235, 4.096387783227613]"
140,0,47,True,False,,0.0,3,3,,0,3,32.93475957106755,"[10.694546012796492, 15.782657330507858, 6.457556227763202]",15.844556232716345,"[5.170872944990632, 7.1552363588980645, 3.518446928827649]",33.26571696473079,0.0,[],15.97362961624501,0.0,0.0,0.0,"[6.371539219616842, 2.5038480953429234, 7.098242301285244]",[],"[0.0, 0.0, 0.0]",[],"[13.773177486197032, 3.8560207572895475, 15.636518721244213]"
140,0,48,True,True,1.0,4.99,4,4,True,1,5,29.224533292137444,"[8.176218741534141, 6.579910092716202, 8.027457362222151, 6.4409470956649475]",15.397567983933602,"[4.188725309198315, 3.5661649361593186, 4.130708371266639, 3.5119693673093297]",39.41440552875622,5.309738581527229,[5.309738581527229],19.37161815621492,3.0707980467956193,15.371618156214923,2.0707980467956193,"[7.629702283346094, 2.84858818060848, 3.2645862107229946, 5.6287414815373555]",[3.0707980467956193],"[6.629702283346094, 1.84858818060848, 2.2645862107229946, 4.6287414815373555]",[2.0707980467956193],"[16.999236623964343, 4.739969693867898, 5.80663130954614, 11.868567901377833]"
140,0,49,True,True,1.0,4.99,4,4,True,0,4,34.787117801797656,"[10.711160524901768, 5.697765315042447, 9.358599531833866, 9.01959243001958]",17.566975942701088,"[5.17735260471169, 3.2221284728665545, 4.649853817415208, 4.517641047707636]",27.02013013084122,0.0,[],14.537850751028076,0.0,10.537850751028076,0.0,"[3.847082920035884, 2.562023389382949, 5.887748085409745, 2.240996356199498]",[],"[2.847082920035884, 1.562023389382949, 4.887748085409745, 1.2409963561994979]",[],"[7.3002126154766245, 4.005188177904997, 12.532687398486527, 3.182041938973071]"
140,0,50,True,False,,0.0,1,1,,0,1,9.056740586341824,[9.056740586341824],4.5321288286733115,[4.5321288286733115],12.782939354360106,0.0,[],5.985346348200442,0.0,0.0,0.0,[5.985346348200442],[],[0.0],[],[12.782939354360106]
140,0,51,True,False,,0.0,3,3,,0,3,37.1603085561907,"[6.033157611576041, 11.52516728906161, 19.601983655553045]",17.492520336914374,"[3.352931468514656, 5.494815242734028, 8.644773625665689]",36.929248372340524,0.0,[],17.402406865212804,0.0,0.0,0.0,"[5.812405518303928, 6.760484865987418, 4.829516480921461]",[],"[0.0, 0.0, 0.0]",[],"[12.33950132898443, 14.770474015352352, 9.819273028003744]"
140,0,52,True,True,1.0,4.99,4,4,True,3,7,30.409313508716174,"[2.5, 14.039371095593342, 8.422023321588531, 5.447919091534303]",15.85963226839931,"[1.975, 6.475354727281403, 4.284589095419527, 3.1246884456983786]",33.847397646156864,25.786805897696322,"[3.6242702699067726, 4.67773206678583, 17.48480356100372]",17.20048508200118,13.056854300101566,13.200485082001178,10.056854300101566,"[5.9594403541125365, 4.196357921058851, 3.4134985759266794, 3.6311882309031103]","[2.4134654052636413, 2.8243155060464735, 7.819073388791451]","[4.9594403541125365, 3.1963579210588513, 2.4134985759266794, 2.6311882309031103]","[1.4134654052636413, 1.8243155060464737, 6.819073388791451]","[12.716513728493682, 8.195789541176541, 6.188457886991485, 6.746636489495154]"
140,0,53,True,True,1.0,4.99,5,5,True,3,8,56.05866909613387,"[10.215192391052383, 12.780905359641213, 13.562020222812976, 7.2683344349068095, 12.23221668772049]",26.86288094749221,"[4.983925032510429, 5.984553090260073, 6.289187886897061, 3.8346504296136557, 5.770564508210991]",71.44397863658247,39.14995074413501,"[13.299306532316345, 18.15495494398321, 7.695689267835453]",32.863151668267164,18.268480790212656,27.863151668267168,15.268480790212655,"[4.529589659514813, 8.225487122280672, 2.273317429087647, 9.465352212788511, 8.369405244595523]","[6.186729547603375, 8.080432428153452, 4.001318814455827]","[3.529589659514813, 7.225487122280673, 1.2733174290876466, 8.465352212788511, 7.369405244595522]","[5.186729547603375, 7.080432428153452, 3.0013188144558267]","[9.050229896191828, 18.52689005712993, 3.2649164848401195, 21.70603131484234, 18.89591088357826]"
140,0,54,True,True,1.0,4.99,4,4,True,4,8,42.958833127888695,"[6.959040810728232, 6.752715460153701, 15.111273461844839, 14.135803395161918]",20.753944919876588,"[3.714025916184011, 3.6335590294599434, 6.893396650119487, 6.512963324113148]",36.305671371561786,21.323259834706377,"[7.021684632289886, 3.219297875435612, 4.86017663407051, 6.222100692910368]",18.159211834909097,12.316071335535486,14.159211834909097,8.316071335535486,"[6.049541411551786, 3.864873047454704, 4.966581363789723, 3.2782160121128845]","[3.7384570065930554, 2.2555261714198886, 2.8954688872874987, 3.4266192702350438]","[5.049541411551786, 2.864873047454704, 3.9665813637897234, 2.2782160121128845]","[2.7384570065930554, 1.2555261714198886, 1.895468887287499, 2.4266192702350438]","[12.947542080902014, 7.345828326806933, 10.170721445614674, 5.841579518238165]"
140,0,55,True,False,,0.0,2,2,,0,2,6.431658683960039,"[2.5, 3.93165868396004]",4.508346886744416,"[1.975, 2.5333468867444155]",10.745778080871293,0.0,[],6.190853451539804,0.0,0.0,0.0,"[4.194221770709253, 1.9966316808305518]",[],"[0.0, 0.0]",[],"[8.190312232587827, 2.5554658482834656]"
140,0,56,True,False,,0.0,1,1,,0,1,4.230524288514646,[4.230524288514646],2.6499044725207117,[2.6499044725207117],5.185545077380093,0.0,[],3.0223625801782363,0.0,0.0,0.0,[3.0223625801782363],[],[0.0],[],[5.185545077380093]
140,0,57,True,True,1.0,4.99,5,5,True,2,7,64.11297998266843,"[20.260368799277757, 10.621155507891968, 15.233609454779577, 5.802776395395181, 12.19506982532395]",30.00406219324069,"[8.901543831718325, 5.142250648077868, 6.941107687364036, 3.263082794204121, 5.756077231876341]",44.359416340053244,18.813329866909232,"[4.488889264348825, 14.324440602560406]",22.300172372620764,9.3371986480946,17.300172372620764,7.3371986480946,"[4.744600816044402, 5.023249153779231, 5.619230986168338, 2.016436052036526, 4.896655364592267]","[2.750666813096042, 6.586531834998558]","[3.7446008160444015, 4.023249153779231, 4.619230986168338, 1.016436052036526, 3.896655364592267]","[1.7506668130960419, 5.586531834998558]","[9.601540553960003, 10.316023471228798, 11.844182015816251, 2.606246287273144, 9.991424011775043]"
140,0,58,True,True,1.0,4.99,6,6,True,0,6,58.4224381410124,"[10.347276942459475, 9.227103122132803, 14.64653984932364, 2.5, 12.673383638566893, 9.028134588529591]",28.78475087499484,"[5.035438007559195, 4.598570217631794, 6.71215054123622, 1.975, 5.942619619041088, 4.520972489526541]",57.78318558786524,0.0,[],28.535442379267444,0.0,22.53544237926744,0.0,"[2.4345059533053313, 4.530796223653421, 4.909823771496144, 3.2024386040275195, 9.27384756268503, 4.1840302641000005]",[],"[1.4345059533053313, 3.5307962236534207, 3.9098237714961437, 2.2024386040275195, 8.27384756268503, 3.1840302641]",[],"[3.6782203930905926, 9.053323650393386, 10.02518915768242, 5.647278471865435, 21.214993750474434, 8.164180164358974]"
140,0,59,True,True,1.0,4.99,5,5,True,2,7,47.65173858533256,"[19.326452503269916, 12.459787067472375, 3.7550579591602418, 6.839101041340932, 5.271340014089096]",23.5841780482797,"[8.537316476275269, 5.859316956314227, 2.464472604072494, 3.6672494061229637, 3.0558226054947473]",51.61774332050196,15.399789706063972,"[10.030495844187064, 5.369293861876908]",25.130919894995763,8.005917985364949,20.130919894995763,6.005917985364949,"[4.543078835821078, 7.89562599005037, 2.6030081203483664, 5.122516560156659, 4.966690388619291]","[4.911893379232955, 3.0940246061319945]","[3.5430788358210776, 6.89562599005037, 1.6030081203483664, 4.122516560156659, 3.9666903886192912]","[3.911893379232955, 2.0940246061319945]","[9.084817527746353, 17.681092282180433, 4.110277231662478, 10.570555282452972, 10.171000996459721]"
140,0,60,True,False,,0.0,3,3,,0,3,26.427364360990303,"[13.179288399302235, 7.644133191406789, 5.603942770281277]",13.306672100786217,"[6.139922475727872, 3.981211944648648, 3.185537680409698]",21.50642702343699,0.0,[],11.387506539140428,0.0,0.0,0.0,"[2.792324068464951, 4.363334368753986, 4.231848101921491]",[],"[0.0, 0.0, 0.0]",[],"[4.59570273965372, 8.623934278856373, 8.286790004926901]"
140,0,61,True,False,,0.0,2,2,,0,2,17.861859748723123,"[4.613308298249453, 13.24855145047367]",8.966125302002018,"[2.799190236317287, 6.166935065684731]",11.360981125005921,0.0,[],6.430782638752309,0.0,0.0,0.0,"[2.8931827437180404, 3.5375998950342686]",[],"[0.0, 0.0]",[],"[4.854314727482155, 6.506666397523765]"
140,0,62,True,False,,0.0,1,1,,0,1,21.442946305922263,[21.442946305922263],9.362749059309683,[9.362749059309683],10.157888555339015,0.0,[],4.961576536582216,0.0,0.0,0.0,[4.961576536582216],[],[0.0],[],[10.157888555339015]
140,0,63,True,True,1.0,4.99,4,4,True,2,6,40.96927565213751,"[10.960948029892286, 10.776337221587362, 11.849302386402506, 7.3826880142553595]",19.978017504333632,"[5.274769731657992, 5.202771516419071, 5.6212279306969775, 3.8792483255595904]",37.846811599142164,21.0813657395774,"[11.445535625934506, 9.635830113642893]",18.760256523665443,10.221732638435185,14.760256523665443,8.221732638435185,"[2.848714667528334, 3.3356643146763396, 6.352327858240536, 6.223549683220235]","[5.4637588941144575, 4.757973744320728]","[1.8487146675283341, 2.3356643146763396, 5.352327858240536, 5.223549683220235]","[4.4637588941144575, 3.7579737443207284]","[4.740294019303421, 5.988882858144461, 13.723917585232144, 13.393717136462142]"
140,0,64,True,False,,0.0,3,3,,0,3,21.714604274055503,"[6.7250686754421, 8.03229212345991, 6.957243475153492]",11.468695666881645,"[3.622776783422419, 4.132593928149365, 3.713324955309862]",36.038740715567414,0.0,[],17.05510887907129,0.0,0.0,0.0,"[4.193525754093493, 4.279511557926522, 8.582071567051276]",[],"[0.0, 0.0, 0.0]",[],"[8.1885275745987, 8.409003994683388, 19.44120914628532]"
140,0,65,True,False,,0.0,1,1,,0,1,15.302894179001024,[15.302894179001024],6.9681287298104,[6.9681287298104],6.161452462489561,0.0,[],3.402966460370929,0.0,0.0,0.0,[3.402966460370929],[],[0.0],[],[6.161452462489561]
140,0,66,True,True,1.0,4.99,4,4,True,3,7,35.43045132690307,"[4.929936692799206, 2.5, 6.760787527084062, 21.239727107019796]",17.817876017492196,"[2.9226753101916905, 1.975, 3.6367071355627845, 9.28349357173772]",31.157422967485388,26.96987090865055,"[11.024196076461088, 12.89246808401384, 3.0532067481756173]",16.1513949573193,13.518249654373713,12.151394957319301,10.518249654373713,"[3.227006108068747, 3.794356731620998, 2.829919128314178, 6.300112989315379]","[5.299436469819825, 6.028062552765398, 2.190750631788491]","[2.227006108068747, 2.794356731620998, 1.8299191283141778, 5.300112989315379]","[4.299436469819825, 5.028062552765398, 1.1907506317884908]","[5.710272071971146, 7.165017260566661, 4.692100329010712, 13.590033305936869]"
140,0,67,True,True,1.0,4.99,5,5,True,0,5,35.20758850506168,"[4.702126178826163, 2.7912780677649667, 3.2846881704457283, 15.376530158067254, 9.052965929957566]",18.730959516974053,"[2.8338292097422038, 2.088598446428337, 2.2810283864738343, 6.996846761646229, 4.5306567126834505]",36.68211194142459,0.0,[],19.30602365715559,0.0,14.30602365715559,0.0,"[2.5262325684567215, 2.23953740209084, 6.73531765696444, 5.6683135589543365, 2.1366224706892503]",[],"[1.5262325684567215, 1.2395374020908403, 5.73531765696444, 4.6683135589543365, 1.13662247068925]",[],"[3.913416842196722, 3.1783010310021544, 14.705942710165232, 11.97003476654958, 2.9144165915108977]"
140,0,68,True,False,,0.0,2,2,,0,2,38.712635962735355,"[15.429295943192153, 23.2833400195432]",17.09792802546679,"[7.01742541784494, 10.080502607621849]",37.656239273516775,0.0,[],16.685933316671544,0.0,0.0,0.0,"[5.587208196296348, 11.098725120375196]",[],"[0.0, 0.0]",[],"[11.762072298195763, 25.894166975321014]"
140,0,69,True,False,,0.0,2,2,,0,2,19.74106673972435,"[4.474290091568778, 15.26677664815557]",9.699016028492498,"[2.744973135711824, 6.954042892780673]",6.38997381184206,0.0,[],4.492089786618404,0.0,0.0,0.0,"[1.975, 2.5170897866184037]",[],"[0.0, 0.0]",[],"[2.5, 3.88997381184206]"
140,0,70,True,True,1.0,4.99,5,5,True,2,7,30.669131971816565,"[6.083771787552307, 7.262934758010619, 7.3598663587828, 5.904078602053018, 4.058480465417818]",16.96096146900846,"[3.3726709971454, 3.8325445556241418, 3.870347879925292, 3.302590654800677, 2.582807381512949]",39.741658741026605,18.063637086381064,"[4.247593563539901, 13.816043522841165]",20.499246909000377,9.044818463688616,15.499246909000375,7.044818463688616,"[3.3165088348247065, 3.7817765199652484, 3.530417585270624, 4.90758289846357, 4.9629610704762275]","[2.6565614897805614, 6.388256973908055]","[2.3165088348247065, 2.7817765199652484, 2.530417585270624, 3.90758289846357, 3.962961070476228]","[1.6565614897805614, 5.388256973908055]","[5.939766243140273, 7.132760307603201, 6.488250218642626, 10.019443329393768, 10.161438642246738]"
140,0,71,True,False,,0.0,1,1,,0,1,4.476735860403315,[4.476735860403315],2.745926985557293,[2.745926985557293],6.831743090160405,0.0,[],3.664379805162558,0.0,0.0,0.0,[3.664379805162558],[],[0.0],[],[6.831743090160405]
140,0,72,True,False,,0.0,2,2,,0,2,14.793056241126862,"[5.57018978033282, 9.222866460794043]",7.769291934039476,"[3.1723740143297996, 4.596917919709677]",15.980090754670382,0.0,[],8.23223539432145,0.0,0.0,0.0,"[3.1314229324492784, 5.100812461872171]",[],"[0.0, 0.0]",[],"[5.465187006280201, 10.514903748390182]"
140,0,73,True,False,,0.0,3,3,,0,3,18.188368936247738,"[9.088421097293082, 4.959964815357467, 4.139983023597189]",10.093463885136618,"[4.544484227944302, 2.9343862779894123, 2.614593379202904]",28.84666410971131,0.0,[],14.250199002787411,0.0,0.0,0.0,"[4.776705005963148, 6.968111350957125, 2.505382645867139]",[],"[0.0, 0.0, 0.0]",[],"[9.683858989649096, 15.302849617838781, 3.859955502223433]"
140,0,74,True,False,,0.0,3,3,,0,3,20.231499833112018,"[10.021857252450406, 2.5, 7.709642580661613]",10.890284934913687,"[4.908524328455659, 1.975, 4.006760606458029]",31.53589862714147,0.0,[],15.299000464585173,0.0,0.0,0.0,"[4.675212086582317, 4.859748370804118, 5.764040007198739]",[],"[0.0, 0.0, 0.0]",[],"[9.423620734826452, 9.896790694369532, 12.215487197945484]"
140,0,75,True,True,1.0,4.99,5,5,True,2,7,54.90852401380356,"[3.5335783172121027, 17.881564891153598, 10.422290100581165, 9.002875393881629, 14.068215310975061]",26.414324365383386,"[2.3780955437127203, 7.973810307549903, 5.064693139226654, 4.511121403613835, 6.486603971280274]",50.848922321962554,9.572302947644046,"[5.935319278229363, 3.636983669414682]",24.831079705565394,5.7331981495811775,19.831079705565397,3.733198149581178,"[6.017841965760617, 3.532707833124072, 4.471203719765889, 6.739830332549305, 4.069495854365513]","[3.3147745185094517, 2.418423631071726]","[5.017841965760617, 2.532707833124072, 3.471203719765889, 5.739830332549305, 3.069495854365513]","[2.3147745185094517, 1.4184236310717262]","[12.866261450668247, 6.494122649036083, 8.900522358374074, 14.717513673203346, 7.870502190680802]"
140,0,76,True,False,,0.0,2,2,,0,2,9.430323364882383,"[6.575270312784196, 2.855053052098187]",5.677826112304129,"[3.5643554219858364, 2.1134706903182927]",34.51476923779046,0.0,[],15.460760002738281,0.0,0.0,0.0,"[8.749004214602579, 6.711755788135703]",[],"[0.0, 0.0]",[],"[19.869241575904045, 14.645527661886417]"
140,0,77,True,True,1.0,4.99,4,4,True,4,8,41.76738622070069,"[13.183128379998962, 5.151813215413684, 10.802360081071386, 12.630084544216665]",20.28928062607327,"[6.141420068199595, 3.009207154011337, 5.212920431617841, 5.925732972244499]",60.239689672445074,38.42510058176337,"[8.138004278949081, 12.348721974745324, 12.000173215459837, 5.938201112609119]",27.493478972253584,18.98578922688771,23.493478972253584,14.98578922688771,"[2.6350513803703985, 5.394137998539221, 13.340711411926563, 6.123578181417399]","[4.173821668790142, 5.816001570150677, 5.680067554029336, 3.3158984339175563]","[1.6350513803703985, 4.394137998539221, 12.340711411926563, 5.123578181417399]","[3.1738216687901417, 4.816001570150677, 4.680067554029336, 2.3158984339175563]","[4.192439436847176, 11.267020509074925, 31.64284977417067, 13.137379952352303]"
140,0,78,True,True,1.0,4.99,6,6,True,1,7,69.87043699381323,"[6.591287258949612, 8.709710966770624, 17.86984132455871, 15.015862935344138, 15.50693405501925, 6.176800453170891]",33.24947042758716,"[3.570602030990349, 4.396787277040543, 7.969238116577897, 6.856186544784214, 7.047704281457508, 3.4089521767366477]",58.92309843373004,18.025771060399023,[18.025771060399023],28.980008389154715,8.03005071355562,22.980008389154715,7.030050713555619,"[2.9202521092021274, 7.961800882167031, 6.780179109708398, 3.4250983198326623, 3.632423370856679, 4.260254597387817]",[8.03005071355562],"[1.9202521092021274, 6.961800882167031, 5.780179109708398, 2.4250983198326623, 2.632423370856679, 3.260254597387817]",[7.030050713555619],"[4.923723356928532, 17.850771492735976, 14.82097207617538, 6.218200820083749, 6.749803515017125, 8.359627172789274]"
140,0,79,True,False,,0.0,2,2,,0,2,18.27011738266397,"[9.682317614911415, 8.587799767752555]",9.125345779238948,"[4.7761038698154525, 4.349241909423497]",21.150020244563567,0.0,[],10.248507895379792,0.0,0.0,0.0,"[4.039328369456001, 6.2091795259237905]",[],"[0.0, 0.0]",[],"[7.793149665271797, 13.356870579291769]"
140,0,80,True,False,,0.0,2,2,,0,2,13.421011365478545,"[8.425610944852622, 4.995400420625923]",7.234194432536632,"[4.285988268492522, 2.9482061640441097]",14.97717017373143,0.0,[],7.841096367755258,0.0,0.0,0.0,"[3.3585293220797046, 4.4825670456755535]",[],"[0.0, 0.0]",[],"[6.047511082255652, 8.929659091475777]"
140,0,81,True,True,1.0,4.99,6,6,True,0,6,76.05993274808603,"[7.359386383414139, 21.226439922474658, 21.72844708938848, 7.85326809018979, 5.1052560632255055, 12.787135199393461]",35.66337377175355,"[3.8701606895315144, 9.278311569765117, 9.474094364861507, 4.062774555174018, 2.9910498646579473, 5.98698272776345]",47.374449623404765,0.0,[],24.47603535312786,0.0,18.47603535312786,0.0,"[1.975, 4.703457012861858, 4.049474039789989, 3.492148084554637, 1.975, 8.280956215921375]",[],"[0.9750000000000001, 3.703457012861858, 3.049474039789989, 2.492148084554637, 0.9750000000000001, 7.280956215921376]",[],"[2.5, 9.496043622722713, 7.819164204589716, 6.390123293729838, 2.5, 18.6691185023625]"
140,0,82,True,True,1.0,4.99,8,1,,1,9,3.689346638096015,[3.689346638096015],2.438845188857446,[2.438845188857446],20.47077305797663,6.529211944021343,[6.529211944021343],8.983601492610886,3.546392658168324,7.983601492610886,2.546392658168324,[8.983601492610886],[3.546392658168324],[7.983601492610886],[2.546392658168324],[20.47077305797663]
140,0,83,True,False,,0.0,3,3,,0,3,20.267787830422325,"[8.442951674581959, 5.259241259822779, 6.565594896017585]",10.904437253864707,"[4.292751153086964, 3.051104091330884, 3.5605820094468585]",18.974383704966968,0.0,[],10.400009644937118,0.0,0.0,0.0,"[2.7317628710499324, 4.874463979350891, 2.7937827945362943]",[],"[0.0, 0.0, 0.0]",[],"[4.440417618076749, 9.934523023976643, 4.599443062913575]"
140,0,84,True,False,,0.0,3,3,,0,3,52.02084504831786,"[15.213175600517303, 20.324118961328523, 16.483550486472033]",23.288129568843967,"[6.9331384842017485, 8.926406394918125, 7.428584689724094]",19.00480261310691,0.0,[],10.411873019111695,0.0,0.0,0.0,"[2.6965838068738313, 4.896306334078934, 2.8189828781589306]",[],"[0.0, 0.0, 0.0]",[],"[4.350214889420079, 9.990529061740856, 4.664058661945976]"
140,0,85,True,False,,0.0,2,2,,0,2,19.77971917192891,"[9.310060013701863, 10.469659158227046]",9.714090477052274,"[4.630923405343727, 5.083167071708548]",32.553670787247455,0.0,[],14.695931607026509,0.0,0.0,0.0,"[7.800164495397595, 6.895767111628915]",[],"[0.0, 0.0]",[],"[17.43631921896819, 15.117351568279268]"
140,0,86,True,True,1.0,4.99,6,6,True,1,7,76.45279339380788,"[6.893037568765992, 9.555607521722377, 8.051374322196162, 14.694654647733703, 17.170165786606997, 20.08795354678264]",35.81658942358507,"[3.688284651818737, 4.726686933471727, 4.140035985656503, 6.730915312616144, 7.696364656776729, 8.83430188324523]",44.81729077618258,4.796493406600541,[4.796493406600541],23.478743402711206,2.870632428574211,17.478743402711206,1.8706324285742109,"[4.159360298684089, 2.7944282093578257, 4.261326630299402, 5.493021276269672, 2.6468359093815836, 4.123771078718634]",[2.870632428574211],"[3.1593602986840894, 1.7944282093578257, 3.2613266302994024, 4.493021276269672, 1.6468359093815834, 3.123771078718634]",[1.8706324285742109],"[8.100923842779716, 4.601097972712373, 8.362375975126673, 11.52056737505044, 4.222656177901496, 8.009669432611881]"
140,0,87,True,False,,0.0,2,2,,0,2,12.554763421079976,"[4.8442782630387065, 7.71048515804127]",6.8963577342211915,"[2.8892685225850956, 4.007089211636096]",26.121106976220275,0.0,[],12.187231720725908,0.0,0.0,0.0,"[5.565256102071532, 6.621975618654376]",[],"[0.0, 0.0]",[],"[11.705784877106494, 14.415322099113784]"
140,0,88,True,False,,0.0,1,1,,0,1,9.587336468697323,[9.587336468697323],4.739061222791957,[4.739061222791957],13.631961292913147,0.0,[],6.316464904236128,0.0,0.0,0.0,[6.316464904236128],[],[0.0],[],[13.631961292913147]
140,0,89,True,True,1.0,4.99,4,4,True,4,8,24.468253345954004,"[2.5, 8.946716674867913, 10.521536671086091, 2.5]",13.54261880492206,"[1.975, 4.489219503198486, 5.1033993017235755, 1.975]",43.382203642658816,35.313969603807735,"[11.646641978243732, 11.180723596911962, 3.312430903360022, 9.174173125292016]",20.919059420636938,17.772448145485015,16.919059420636938,13.772448145485015,"[6.411898399837962, 3.2195436522873506, 7.604305143244023, 3.683312225267603]","[5.542190371515056, 5.360482202795666, 2.2918480523104083, 4.577927518863886]","[5.411898399837962, 2.2195436522873506, 6.604305143244023, 2.683312225267603]","[4.542190371515056, 4.360482202795666, 1.2918480523104086, 3.5779275188638864]","[13.87666256368708, 5.691137569967566, 16.93411575190775, 6.880287757096418]"
140,0,90,True,False,,0.0,1,1,,0,1,14.040275861452294,[14.040275861452294],6.475707585966394,[6.475707585966394],13.63194443775625,0.0,[],6.316458330724938,0.0,0.0,0.0,[6.316458330724938],[],[0.0],[],[13.63194443775625]
140,0,91,True,False,,0.0,3,3,,0,3,18.55119765968467,"[3.4044897687490847, 7.91791342854798, 7.228794462387608]",10.234967087277024,"[2.3277510098121432, 4.087986237133713, 3.8192298403311673]",19.162518941771854,0.0,[],10.473382387291023,0.0,0.0,0.0,"[4.0274710035975225, 2.3848596272610205, 4.06105175643248]",[],"[0.0, 0.0, 0.0]",[],"[7.762746163070571, 3.550922121182103, 7.848850657519179]"
140,0,92,True,True,1.0,4.99,4,4,True,2,6,46.15170858362933,"[5.760057840607452, 17.500708318650876, 4.200032359171273, 18.690910065199724]",21.99916634761544,"[3.2464225578369064, 7.825276244273842, 2.638012620076797, 8.289454925427894]",29.04132211315811,11.953712219506397,"[9.002577585707215, 2.9511346337991817]",15.326115624131663,6.661947765607495,11.326115624131663,4.661947765607495,"[2.107201622853745, 2.846877647957096, 6.388418548206388, 3.983617805114434]","[4.511005258425814, 2.1509425071816812]","[1.107201622853745, 1.8468776479570959, 5.388418548206388, 2.983617805114434]","[3.511005258425814, 1.150942507181681]","[2.8389785201378075, 4.735583712710502, 13.816457815913816, 7.6503020643959845]"
140,0,93,True,False,,0.0,2,2,,0,2,17.639459463763774,"[5.837636574105285, 11.801822889658489]",8.879389190867872,"[3.276678263901061, 5.602710926966811]",23.92501611563523,0.0,[],11.330756285097742,0.0,0.0,0.0,"[6.401771987798248, 4.928984297299493]",[],"[0.0, 0.0]",[],"[13.85069740461089, 10.07431871102434]"
140,0,94,True,False,,0.0,1,1,,0,1,3.1198475100181358,[3.1198475100181358],2.216740528907073,[2.216740528907073],12.851085668564863,0.0,[],6.011923410740297,0.0,0.0,0.0,[6.011923410740297],[],[0.0],[],[12.851085668564863]
140,0,95,True,False,,0.0,2,2,,0,2,19.583230326476773,"[7.289927505767695, 12.293302820709076]",9.63745982732594,"[3.8430717272494013, 5.79438810007654]",19.45328125249918,0.0,[],9.586779688474682,0.0,0.0,0.0,"[6.483387261609562, 3.103392426865119]",[],"[0.0, 0.0]",[],"[14.059967337460415, 5.3933139150387674]"
140,0,96,True,False,,0.0,2,2,,0,2,20.706711804952224,"[10.872518268656922, 9.834193536295302]",10.075617603931367,"[5.2402821247762, 4.835335479155168]",25.02029135096731,0.0,[],11.75791362687725,0.0,0.0,0.0,"[8.004541245245534, 3.7533723816317175]",[],"[0.0, 0.0]",[],"[17.96036216729624, 7.05992918367107]"
140,0,97,True,True,1.0,4.99,6,6,True,7,13,44.60196269121324,"[10.222941415672059, 7.492909091368737, 12.36209722614128, 4.38149318878274, 4.55585523143704, 5.58666653781138]",23.394765449573164,"[4.986947152112103, 3.9222345456338075, 5.821217918195099, 2.708782343625269, 2.7767835402604457, 3.178799949746438]",64.03873019490909,57.047971945205184,"[3.9102986110013087, 3.101612368745193, 15.359807175893797, 9.545810871070124, 6.697806451077949, 4.526438237430912, 13.906198229985902]",30.975104776014543,29.248709058630027,24.975104776014543,22.24870905863002,"[3.6786493055130096, 7.2623726234497905, 4.265784638428958, 4.423156433756178, 6.346718022640579, 4.998423752226028]","[2.5250164582905104, 2.2096288238106254, 6.990324798598581, 4.722866239717348, 3.6121445159204004, 2.7653109125980557, 6.423417309694502]","[2.6786493055130096, 6.2623726234497905, 3.2657846384289573, 3.4231564337561786, 5.346718022640579, 3.9984237522260275]","[1.5250164582905104, 1.2096288238106252, 5.990324798598581, 3.7228662397173484, 2.6121445159204004, 1.7653109125980557, 5.423417309694502]","[6.86833155259746, 16.05736570115331, 8.373806765202454, 8.777324189118406, 13.7095333913861, 10.252368595451353]"
140,0,98,True,True,1.0,4.99,4,4,True,2,6,30.267954278473113,"[8.494079592559325, 9.947377944127803, 2.7754677652032798, 9.051028976582703]",15.804502168604515,"[4.312691041098137, 4.879477398209843, 2.0824324284292794, 4.529901300867254]",40.6306045067454,28.904551612928202,"[22.746193185665437, 6.158358427262767]",19.84593575763071,13.272775129042,15.84593575763071,11.272775129042,"[4.521469015899735, 5.686180058863293, 2.1283491563023826, 7.509937526565298]","[9.871015342409521, 3.4017597866324794]","[3.521469015899734, 4.686180058863293, 1.1283491563023826, 6.509937526565298]","[8.871015342409521, 2.4017597866324794]","[9.02940773307624, 12.015846304777675, 2.8932029648779043, 16.692147504013583]"
140,0,99,True,False,,0.0,2,2,,0,2,19.94452689654668,"[9.999463223448613, 9.945063673098067]",9.778365489653204,"[4.899790657144959, 4.878574832508246]",18.70633412697412,0.0,[],9.295470309519906,0.0,0.0,0.0,"[6.723683328586235, 2.5717869809336724]",[],"[0.0, 0.0]",[],"[14.676111098939064, 4.030223028035057]"
140,0,100,True,True,1.0,4.99,4,4,True,2,6,44.06997139392634,"[15.65607994485927, 7.468677194984608, 15.252405258182058, 5.692808995900402]",21.187288843631272,"[7.105871178495115, 3.912784106043997, 6.948438050691003, 3.2201955084011566]",27.027779944159665,9.234488617769422,"[4.571443637154434, 4.663044980614988]",14.54083417822227,5.601450560930074,10.54083417822227,3.6014505609300747,"[1.975, 3.0890745070757535, 2.2617449053521845, 7.215014765794332]","[2.782863018490229, 2.818587542439845]","[0.9750000000000001, 2.0890745070757535, 1.2617449053521843, 6.215014765794332]","[1.7828630184902292, 1.8185875424398452]","[2.5, 5.35660130019424, 3.235243347056883, 15.935935296908543]"
140,0,101,True,False,,0.0,2,2,,0,2,28.2382622229366,"[19.647812715925113, 8.590449507011488]",13.012922266945274,"[8.662646959210793, 4.3502753077344805]",11.391913113627217,0.0,[],6.442846114314614,0.0,0.0,0.0,"[3.9148007594424734, 2.528045354872141]",[],"[0.0, 0.0]",[],"[7.473848101134547, 3.9180650124926695]"
140,0,102,True,False,,0.0,3,3,,0,3,34.740647206191326,"[5.504211327912064, 16.563808613629153, 12.67262726465011]",16.548852410414618,"[3.146642417885705, 7.459885359315369, 5.942324633213543]",11.552729038952313,0.0,[],7.505564325191402,0.0,0.0,0.0,"[3.2514138398047847, 1.975, 2.2791504853866176]",[],"[0.0, 0.0, 0.0]",[],"[5.7728559994994475, 2.5, 3.279873039452865]"
140,0,103,True,True,1.0,4.99,5,5,True,2,7,32.482483347848586,"[9.534452150646764, 6.148475514234503, 8.014015694488931, 2.5, 6.285539988478385]",17.668168505660947,"[4.718436338752238, 3.3979054505514563, 4.1254661208506835, 1.975, 3.4513605955065705]",28.602446727967184,28.65621563183615,"[17.967201760125242, 10.689013871710909]",16.154954223907204,13.1759240964161,11.154954223907202,11.1759240964161,"[2.2808976785820496, 2.1024169828238786, 4.458036024024143, 4.3346341776148165, 2.9789693608623153]","[8.007208686448845, 5.1687154099672545]","[1.2808976785820498, 1.1024169828238786, 3.458036024024142, 3.334634177614817, 1.9789693608623151]","[7.007208686448845, 4.1687154099672545]","[3.2843530220052557, 2.826710212368919, 8.866759035959339, 8.550344045166197, 5.074280412467474]"
140,0,104,True,False,,0.0,1,1,,0,1,5.449808968009677,[5.449808968009677],3.125425497523774,[3.125425497523774],13.850605360291041,0.0,[],6.401736090513507,0.0,0.0,0.0,[6.401736090513507],[],[0.0],[],[13.850605360291041]
140,0,105,True,False,,0.0,2,2,,0,2,12.937658374887096,"[8.506664157758172, 4.430994217128925]",7.045686766205968,"[4.317599021525687, 2.7280877446802805]",14.430664038197449,0.0,[],7.627958974897005,0.0,0.0,0.0,"[3.5206300005239117, 4.107328974373093]",[],"[0.0, 0.0]",[],"[6.4631538474972094, 7.967510190700239]"
140,0,106,True,False,,0.0,2,2,,0,2,19.6211320754147,"[8.338647179507982, 11.282484895906718]",9.652241509411734,"[4.252072400008113, 5.40016910940362]",14.73934115615188,0.0,[],7.7483430508992335,0.0,0.0,0.0,"[2.7321378842596573, 5.016205166639576]",[],"[0.0, 0.0]",[],"[4.441379190409378, 10.297961965742504]"
140,0,107,True,False,,0.0,2,2,,0,2,10.871316964047654,"[5.070740780459558, 5.800576183588096]",6.239813615978585,"[2.9775889043792274, 3.2622247115993575]",22.761737936943227,0.0,[],10.877077795407859,0.0,0.0,0.0,"[5.016179832685092, 5.860897962722767]",[],"[0.0, 0.0]",[],"[10.29789700688485, 12.463840930058376]"
140,0,108,True,True,1.0,4.99,7,7,True,1,8,95.8762490130566,"[10.089409415758363, 10.739037036683982, 12.586573267339022, 5.1883056367431735, 25.161330212390197, 9.5512597507004, 22.560333693441464]",44.39173711509207,"[4.934869672145762, 5.188224444306753, 5.908763574262219, 3.0234391983298377, 10.812918782832178, 4.724991302773156, 9.798530140442171]",68.28427993802168,3.4343609625626668,[3.4343609625626668],33.63086917582846,2.33940077539944,26.630869175828455,1.3394007753994401,"[4.826267303783583, 5.54668128327992, 4.610226012318122, 7.5383321150286156, 2.7439301896657637, 2.8751097531530947, 5.490322518599357]",[2.33940077539944],"[3.826267303783583, 4.54668128327992, 3.6102260123181216, 6.5383321150286156, 1.7439301896657635, 1.8751097531530947, 4.490322518599357]",[1.3394007753994401],"[9.81094180457329, 11.658157136615179, 9.25698977517467, 16.764954141099015, 4.471615870937855, 4.807973726033576, 11.513647483588095]"
140,0,109,True,True,1.0,4.99,5,5,True,1,6,78.52482180927734,"[16.8890338051375, 8.999355296373007, 24.133247566154413, 14.44255721208237, 14.060627929530057]",35.62468050561817,"[7.586723184003626, 4.509748565585474, 10.411966550800221, 6.632597312712124, 6.483644892516723]",68.00851404846124,12.36613112141093,[12.36613112141093],31.523320478899883,5.822791137350263,26.523320478899883,4.822791137350263,"[5.619882361709195, 4.6003107388317614, 12.119736233982412, 4.38569719114275, 4.797693953233763]",[5.822791137350263],"[4.619882361709195, 3.6003107388317614, 11.119736233982412, 3.3856971911427505, 3.797693953233763]",[4.822791137350263],"[11.845852209510756, 9.231565997004516, 28.51214418969849, 8.681274849083975, 9.737676803163493]"
140,0,110,True,False,,0.0,2,2,,0,2,18.415394728100168,"[13.768538915026335, 4.646855813073834]",9.182003943959067,"[6.369730176860271, 2.8122737670987954]",18.511717978375074,0.0,[],9.219570011566278,0.0,0.0,0.0,"[5.227155913060666, 3.9924140985056122]",[],"[0.0, 0.0]",[],"[10.83886131554017, 7.672856662834903]"
140,0,111,True,False,,0.0,3,3,,0,3,19.508495621970344,"[9.662374208775791, 4.5527719018571196, 5.293349511337432]",10.608313292568432,"[4.7683259414225585, 2.7755810417242768, 3.0644063094215985]",17.216840959027166,0.0,[],9.714567974020595,0.0,0.0,0.0,"[4.512096222282157, 3.2274717517384386, 1.975]",[],"[0.0, 0.0, 0.0]",[],"[9.005374928928607, 5.71146603009856, 2.5]"
140,0,112,True,False,,0.0,1,1,,0,1,7.585539752928006,[7.585539752928006],3.9583605036419223,[3.9583605036419223],14.411763397883423,0.0,[],6.620587725174535,0.0,0.0,0.0,[6.620587725174535],[],[0.0],[],[14.411763397883423]
140,0,113,True,True,1.0,4.99,4,4,True,0,4,24.112837726187315,"[2.5, 6.741752065912613, 11.246415203450105, 3.624670456824594]",13.404006713213054,"[1.975, 3.6292833057059193, 5.386101929345541, 2.413621478161592]",42.696244251811045,0.0,[],20.65153525820631,0.0,16.65153525820631,0.0,"[2.612378384786673, 4.340835846032936, 5.970522675213211, 7.727798352173488]",[],"[1.6123783847866728, 3.3408358460329364, 4.970522675213211, 6.727798352173488]",[],"[4.1343035507350585, 8.56624575905881, 12.74492993644413, 17.250765005573044]"
140,0,114,True,False,,0.0,2,2,,0,2,13.212575842229642,"[6.544702380494202, 6.667873461735439]",7.15290457846956,"[3.552433928392739, 3.6004706500768213]",11.225398915508952,0.0,[],6.377905577048491,0.0,0.0,0.0,"[1.975, 4.402905577048491]",[],"[0.0, 0.0]",[],"[2.5, 8.725398915508952]"
140,0,115,True,False,,0.0,1,1,,0,1,3.0263739058911825,[3.0263739058911825],2.1802858232975613,[2.1802858232975613],9.681287953829278,0.0,[],4.775702301993419,0.0,0.0,0.0,[4.775702301993419],[],[0.0],[],[9.681287953829278]
140,0,116,True,False,,0.0,3,3,,0,3,49.77119341925117,"[14.717843343141679, 19.127357295172683, 15.92599278093681]",22.410765433507958,"[6.739958903825255, 8.459669345117346, 7.211137184565356]",21.122444007451996,0.0,[],11.23775316290628,0.0,0.0,0.0,"[3.6177817211099472, 5.576003359312878, 2.0439680824834547]",[],"[0.0, 0.0, 0.0]",[],"[6.712260823358839, 11.733341946956097, 2.6768412371370633]"
140,0,117,True,False,,0.0,3,3,,0,3,28.688978181432013,"[8.59478731556398, 7.961305492787435, 12.132885373080596]",14.188701490758486,"[4.351967053069952, 4.1049091421871005, 5.731825295501433]",27.015461766086553,0.0,[],13.536030088773758,0.0,0.0,0.0,"[6.898724335281172, 3.674923981826428, 2.962381771666157]",[],"[0.0, 0.0, 0.0]",[],"[15.124934193028645, 6.858779440580584, 5.031748132477325]"
140,0,118,True,False,,0.0,1,1,,0,1,9.165817702647756,[9.165817702647756],4.574668904032625,[4.574668904032625],5.064364726177823,0.0,[],2.975102243209351,0.0,0.0,0.0,[2.975102243209351],[],[0.0],[],[5.064364726177823]
140,0,119,True,False,,0.0,3,3,,0,3,29.516328735676236,"[15.474382734176158, 9.491855706680555, 4.550090294819522]",14.511368206913732,"[7.035009266328702, 4.701823725605417, 2.7745352149796134]",20.680696545868738,0.0,[],11.065471652888808,0.0,0.0,0.0,"[2.12755367389034, 6.962917978998468, 1.975]",[],"[0.0, 0.0, 0.0]",[],"[2.8911632663854863, 15.289533279483251, 2.5]"
140,0,120,True,False,,0.0,1,1,,0,1,10.094380765966328,[10.094380765966328],4.936808498726868,[4.936808498726868],11.725603648349313,0.0,[],5.572985422856233,0.0,0.0,0.0,[5.572985422856233],[],[0.0],[],[11.725603648349313]
140,0,121,True,True,1.0,4.99,4,4,True,1,5,32.405001829075445,"[16.386168435914428, 2.5, 4.595021154662886, 8.92381223849813]",16.63795071333942,"[7.390605690006627, 1.975, 2.792058250318526, 4.480286773014271]",35.27634290299601,5.8483090435265845,[5.8483090435265845],17.75777373216844,3.280840526975368,13.757773732168445,2.280840526975368,"[4.647231552729076, 4.60312383529136, 2.464032857412653, 6.043385486735354]",[3.280840526975368],"[3.647231552729077, 3.60312383529136, 1.4640328574126529, 5.043385486735354]",[2.280840526975368],"[9.351875776228402, 9.238779064849641, 3.7539304036221868, 12.931757658295778]"
140,0,122,True,True,1.0,4.99,6,6,True,1,7,51.04484006430433,"[11.576218085377867, 4.211062478389334, 4.3134774049647815, 10.752164494182214, 16.025886106726595, 4.166031494663538]",25.90748762507869,"[5.514725053297369, 2.6423143665718403, 2.6822561879362645, 5.193344152731064, 7.2500955816233725, 2.62475228291878]",52.300812486978856,5.84380528777784,[5.84380528777784],26.397316869921752,3.2790840622333577,20.397316869921752,2.2790840622333577,"[4.539698415040413, 5.678744969123309, 1.975, 3.863015297587226, 5.590910583717298, 4.749947604453508]",[3.2790840622333577],"[3.539698415040413, 4.678744969123309, 0.9750000000000001, 2.863015297587226, 4.590910583717298, 3.7499476044535083]",[2.2790840622333577],"[9.076149782154905, 11.996781972111048, 2.5, 7.341064865608271, 11.771565599275121, 9.615250267829508]"
140,0,123,True,True,1.0,4.99,4,4,True,0,4,25.974129570895176,"[8.018830603530956, 6.023847005780807, 6.906833060281112, 5.0246189013023015]",14.12991053264912,"[4.127343935377073, 3.349300332254515, 3.693664893509634, 2.9596013715078975]",41.32152532740098,0.0,[],20.115394877686384,0.0,16.115394877686384,0.0,"[6.770355717489154, 3.3304679578735366, 4.332801235692642, 5.681769966631051]",[],"[5.770355717489154, 2.3304679578735366, 3.3328012356926418, 4.681769966631051]",[],"[14.795783890997829, 5.975558866342401, 8.545644194083696, 12.004538375977052]"
140,0,124,True,False,,0.0,2,2,,0,2,25.404323567390357,"[18.777479720448067, 6.62684384694229]",11.90768619128224,"[8.323217090974747, 3.584469100307493]",18.137095758119894,0.0,[],9.073467345666758,0.0,0.0,0.0,"[3.885457122718472, 5.188010222948287]",[],"[0.0, 0.0]",[],"[7.3986080069704405, 10.738487751149453]"
140,0,125,True,False,,0.0,3,3,,0,3,21.013088443007426,"[9.960585214751621, 8.127557628282352, 2.924945599973456]",11.195104492772897,"[4.884628233753132, 4.169747475030118, 2.1407287839896476]",41.32735481324414,0.0,[],19.117668377165216,0.0,0.0,0.0,"[3.8416468554135963, 11.410946599563777, 3.8650749221878438]",[],"[0.0, 0.0, 0.0]",[],"[7.286273988239991, 26.69473487067635, 7.346345954327804]"
140,0,126,True,False,,0.0,2,2,,0,2,15.159596756021003,"[7.862299196052561, 7.297297559968442]",7.91224273484819,"[4.066296686460499, 3.845946048387692]",11.675037838143977,0.0,[],6.5532647568761515,0.0,0.0,0.0,"[2.09853999100901, 4.454724765867141]",[],"[0.0, 0.0]",[],"[2.8167692077154105, 8.858268630428567]"
140,0,127,True,False,,0.0,2,2,,0,2,21.038238918631027,"[16.799534182955107, 4.238704735675921]",10.204913178266102,"[7.551818331352492, 2.6530948469136093]",19.863025777540482,0.0,[],9.74658005324079,0.0,0.0,0.0,"[2.1417422799517847, 7.604837773289004]",[],"[0.0, 0.0]",[],"[2.9275443075686787, 16.935481469971805]"
140,0,128,True,False,,0.0,2,2,,0,2,10.575205032688338,"[6.125592066735468, 4.44961296595287]",6.124329962748452,"[3.3889809060268328, 2.735349056721619]",16.334037894226633,0.0,[],8.370274778748387,0.0,0.0,0.0,"[4.157613564486547, 4.21266121426184]",[],"[0.0, 0.0]",[],"[8.096445037144992, 8.23759285708164]"
140,0,129,True,False,,0.0,2,2,,0,2,31.632856579519576,"[14.240298293112597, 17.392558286406977]",14.336814066012636,"[6.553716334313913, 7.783097731698722]",20.23509431527789,0.0,[],9.891686782958377,0.0,0.0,0.0,"[5.941754663238563, 3.949932119719814]",[],"[0.0, 0.0]",[],"[12.671165803175803, 7.563928512102087]"
140,0,130,True,False,,0.0,2,2,,0,2,25.6006640003248,"[13.320355330143855, 12.280308670180947]",11.984258960126674,"[6.194938578756103, 5.78932038137057]",14.443221829564495,0.0,[],7.632856513530153,0.0,0.0,0.0,"[3.366217089337778, 4.266639424192375]",[],"[0.0, 0.0]",[],"[6.067223305994302, 8.375998523570193]"
140,0,131,True,True,1.0,4.99,5,5,True,1,6,47.791177510462894,"[11.142194427180689, 9.785255444228097, 5.482651685082804, 17.26509554600612, 4.115980407965189]",23.63855922908053,"[5.345455826600469, 4.816249623248958, 3.1382341571822936, 7.7333872629423865, 2.6052323591064237]",43.3012169474743,13.13279436975269,[13.13279436975269],21.887474609514978,6.121789804203549,16.88747460951498,5.121789804203549,"[3.0827208070842538, 3.900450124611812, 5.637433196096032, 4.565149823133753, 4.701720658589128]",[6.121789804203549],"[2.0827208070842538, 2.900450124611812, 4.637433196096032, 3.5651498231337526, 3.701720658589128]",[5.121789804203549],"[5.340309761754496, 7.437051601568749, 11.890854348964186, 9.141409802907058, 9.491591432279815]"
140,0,132,True,False,,0.0,3,3,,0,3,30.244137894526077,"[4.546315764215093, 12.818931569004782, 12.878890561306202]",14.795213778865172,"[2.773063148043886, 5.999383311911865, 6.022767318909419]",21.35467649502322,0.0,[],11.328323833059056,0.0,0.0,0.0,"[3.029341208476311, 5.400817397466954, 2.89816522711579]",[],"[0.0, 0.0, 0.0]",[],"[5.203438996093105, 11.28414717299219, 4.867090325937923]"
140,0,133,True,False,,0.0,1,1,,0,1,7.625498625694334,[7.625498625694334],3.97394446402079,[3.97394446402079],10.368659162335902,0.0,[],5.043777073311002,0.0,0.0,0.0,[5.043777073311002],[],[0.0],[],[10.368659162335902]
140,0,134,True,True,1.0,4.99,6,6,True,1,7,77.96901239329353,"[14.853294489874635, 4.518411584419907, 11.930132101370505, 20.148867713131956, 17.994323073167006, 8.523983431329516]",36.407914833384474,"[6.792784851051108, 2.7621805179237637, 5.6527515195344975, 8.858058408121464, 8.017785998535132, 4.324353538218511]",55.7715570360268,13.46063179787093,[13.46063179787093],27.750907244050453,6.249646401169663,21.750907244050453,5.249646401169663,"[2.249722254733166, 7.763616689480614, 3.3737491113425677, 5.2054584361510745, 4.282980251519708, 4.87538050082332]",[6.249646401169663],"[1.249722254733166, 6.763616689480614, 2.3737491113425677, 4.2054584361510745, 3.282980251519709, 3.875380500823321]",[5.249646401169663],"[3.204416037777348, 17.342606896104137, 6.0865361829296605, 10.783226759361728, 8.417898080819766, 9.936873079034156]"
140,0,135,True,True,1.0,4.99,4,4,True,2,6,49.24414394483502,"[24.426964990015772, 5.784847579042052, 7.753217789519358, 11.279113586257834]",23.205216138485657,"[10.52651634610615, 3.2560905558264004, 4.02375493791255, 5.398854298640555]",31.11080856073308,11.763095360577475,"[7.09498500663875, 4.668110353938725]",16.1332153386859,6.587607190625215,12.133215338685902,4.587607190625215,"[2.402287047105987, 5.3201628629835716, 4.635366986296949, 3.7753984422993945]","[3.7670441525891127, 2.820563038036103]","[1.4022870471059867, 4.3201628629835716, 3.6353669862969493, 2.7753984422993945]","[2.7670441525891127, 1.8205630380361029]","[3.5956078130922737, 11.07734067431685, 9.321453811017818, 7.116406262306139]"
140,0,136,True,False,,0.0,3,3,,0,3,15.378714109831494,"[5.936297306256813, 3.6072767835715354, 5.835140020003145]",8.997698502834282,"[3.3151559494401575, 2.4068379455928985, 3.2757046078012264]",33.71377596461866,0.0,[],16.148372626201276,0.0,0.0,0.0,"[4.891822590638883, 3.129646249689272, 8.126903785873122]",[],"[0.0, 0.0, 0.0]",[],"[9.979032283689442, 5.460631409459672, 18.274112271469544]"
140,0,137,True,False,,0.0,3,3,,0,3,20.077794477655505,"[10.661420175876328, 4.357765194766078, 5.058609107013099]",10.830339846285646,"[5.157953868591768, 2.6995284259587704, 2.9728575517351086]",20.959544978678284,0.0,[],11.17422254168453,0.0,0.0,0.0,"[2.7663124658812057, 4.80774106750896, 3.6001690082943645]",[],"[0.0, 0.0, 0.0]",[],"[4.5290063227723225, 9.76343863463836, 6.667100021267601]"
140,0,138,True,True,1.0,4.99,4,4,True,0,4,37.65379510680478,"[13.374122566625992, 13.04049955813408, 8.518221643690802, 2.720951338353907]",18.684980091653866,"[6.215907800984137, 6.0857948276722915, 4.322106441039413, 2.0611710219580237]",47.55572299740339,0.0,[],22.546731968987324,0.0,18.546731968987324,0.0,"[5.667488942569059, 2.959468245433425, 4.909540576084443, 9.010234204900398]",[],"[4.667488942569059, 1.9594682454334251, 3.909540576084443, 8.010234204900398]",[],"[11.967920365561689, 5.024277552393397, 10.024463015601135, 20.539062063847172]"
140,0,139,True,False,,0.0,1,1,,0,1,3.4367923940348137,[3.4367923940348137],2.3403490336735775,[2.3403490336735775],8.411592328385426,0.0,[],4.280521008070316,0.0,0.0,0.0,[4.280521008070316],[],[0.0],[],[8.411592328385426]
140,0,140,True,False,,0.0,1,1,,0,1,14.013182301921825,[14.013182301921825],6.465141097749512,[6.465141097749512],8.178487217966376,0.0,[],4.1896100150068865,0.0,0.0,0.0,[4.1896100150068865],[],[0.0],[],[8.178487217966376]
140,0,141,True,False,,0.0,2,2,,0,2,11.697753228400952,"[5.089162716715311, 6.608590511685641]",6.562123759076371,"[2.9847734595189714, 3.5773502995574002]",34.67519785794521,0.0,[],15.523327164598633,0.0,0.0,0.0,"[6.853209159625583, 8.67011800497305]",[],"[0.0, 0.0]",[],"[15.00822861442457, 19.66696924352064]"
140,0,142,True,True,1.0,4.99,4,4,True,0,4,46.96728869894545,"[8.510758692032839, 5.807423565695813, 23.88642657114155, 8.76267987007525]",22.317242592588727,"[4.319195889892807, 3.2648951906213672, 10.315706362745205, 4.417445149329348]",34.53375530085153,0.0,[],17.468164567332096,0.0,13.468164567332098,0.0,"[3.425483392448486, 6.973148483698097, 3.678256921584165, 3.39127576960135]",[],"[2.425483392448486, 5.973148483698097, 2.678256921584165, 2.39127576960135]",[],"[6.219188185765348, 15.315765342815633, 6.867325439959398, 6.131476332311154]"
140,0,143,True,True,1.0,4.99,4,4,True,2,6,39.032286414219335,"[16.876632612240922, 6.987895856472207, 12.199582621394804, 2.9681753241114084]",19.222591701545543,"[7.581886718773959, 3.725279384024161, 5.757837222343974, 2.1575883764034494]",48.86829976154739,14.23287396535951,"[7.761083597396471, 6.471790367963039]",23.058636907003486,7.5508208464902085,19.058636907003486,5.550820846490209,"[8.607012525532847, 3.885328243416904, 2.7263059259682345, 7.839990212085499]","[4.026822602984623, 3.523998243505585]","[7.607012525532847, 2.885328243416904, 1.7263059259682345, 6.839990212085499]","[3.0268226029846237, 2.523998243505585]","[19.505160321879092, 7.39827754722283, 4.426425451200601, 17.53843644124487]"
140,0,144,True,True,1.0,4.99,6,6,True,1,7,61.11673051951896,"[2.5, 4.2887597668951924, 12.953319960224498, 8.84755135572602, 14.007977435679402, 18.519122000993846]",29.835524902612395,"[1.975, 2.672616309089125, 6.051794784487554, 4.450545028733148, 6.463111199914967, 8.222457580387601]",53.34127499296581,6.513155864606286,[6.513155864606286],26.803097247256666,3.5401307871964516,20.803097247256666,2.5401307871964516,"[4.7499828672081605, 2.6707613218922677, 2.388749306941292, 6.060698118847208, 2.3361714854171955, 8.596734146950544]",[3.5401307871964516],"[3.74998286720816, 1.6707613218922677, 1.3887493069412922, 5.060698118847208, 1.3361714854171955, 7.596734146950544]",[2.5401307871964516],"[9.615340685149128, 4.284003389467353, 3.560895658823826, 12.976149022685147, 3.4260807318389626, 19.478805505001393]"
140,0,145,True,False,,0.0,2,2,,0,2,33.81755134536107,"[21.06884594919785, 12.748705396163214]",15.188845024690815,"[9.216849920187162, 5.9719951045036535]",11.489411035173326,0.0,[],6.480870303717597,0.0,0.0,0.0,"[4.1650042219770835, 2.3158660817405137]",[],"[0.0, 0.0]",[],"[8.11539544096688, 3.374015594206446]"
140,0,146,True,False,,0.0,1,1,,0,1,6.511594928455131,[6.511594928455131],3.539522022097501,[3.539522022097501],6.608463885279448,0.0,[],3.5773009152589847,0.0,0.0,0.0,[3.5773009152589847],[],[0.0],[],[6.608463885279448]
140,0,147,True,False,,0.0,1,1,,0,1,13.030833585853323,[13.030833585853323],6.082025098482796,[6.082025098482796],12.523550485841685,0.0,[],5.884184689478257,0.0,0.0,0.0,[5.884184689478257],[],[0.0],[],[12.523550485841685]
140,0,148,True,True,1.0,4.99,5,5,True,1,6,63.26476026279779,"[16.248213951862613, 7.209610438698909, 4.5678375412762255, 17.96323330754107, 17.275865023418977]",29.67325650249114,"[7.33680344122642, 3.8117480710925746, 2.781456641097728, 8.005660989941017, 7.737587359133401]",38.711737281147535,6.809387044942554,[6.809387044942554],20.09757753964754,3.655660947527596,15.097577539647537,2.655660947527596,"[4.899031038355005, 3.3879411432731144, 5.905564047242137, 2.9933700831486374, 2.9116712276286436]",[3.655660947527596],"[3.8990310383550058, 2.3879411432731144, 4.905564047242137, 1.9933700831486374, 1.9116712276286436]",[2.655660947527596],"[9.997515482961553, 6.122926008392601, 12.578369351902916, 5.111205341406762, 4.901721096483701]"
140,0,149,True,False,,0.0,1,1,,0,1,10.457309901642194,[10.457309901642194],5.078350861640456,[5.078350861640456],7.3531004878468424,0.0,[],3.8677091902602685,0.0,0.0,0.0,[3.8677091902602685],[],[0.0],[],[7.3531004878468424]
140,0,150,True,False,,0.0,3,3,,0,3,46.036586057400356,"[31.25794920560065, 4.091543776912334, 10.687093074887374]",20.95426856238614,"[13.190600190184254, 2.5957020729958105, 5.167966299206076]",19.36576298732212,0.0,[],10.552647565055628,0.0,0.0,0.0,"[4.9372912871329415, 3.640356277922686, 1.975]",[],"[0.0, 0.0, 0.0]",[],"[10.095618684956259, 6.770144302365861, 2.5]"
140,0,151,True,True,1.0,4.99,6,6,True,2,8,60.48460478670479,"[11.158207248217408, 3.0645645562803603, 10.844720676894363, 5.611257440003372, 20.87412094088275, 8.931733924426535]",29.58899586681487,"[5.351700826804789, 2.1951801769493406, 5.229441063988802, 3.188390401601315, 9.140907166944274, 4.483376230526348]",62.51630316865182,29.37458847429343,"[9.392418931356929, 19.9821695429365]",30.381358235774208,13.456089504974436,24.38135823577421,11.456089504974438,"[2.4395933525315914, 4.120933980240036, 6.9285712168035, 4.389753564510299, 5.788330452127385, 6.7141756695614]","[4.663043383229202, 8.793046121745235]","[1.4395933525315914, 3.1209339802400358, 5.9285712168035, 3.3897535645102987, 4.788330452127385, 5.7141756695614]","[3.663043383229202, 7.793046121745236]","[3.69126500649126, 8.002394821128297, 15.201464658470513, 8.691675806436663, 12.277770390070216, 14.651732486054872]"
140,0,152,True,False,,0.0,1,1,,0,1,6.084322098108449,[6.084322098108449],3.3728856182622953,[3.3728856182622953],5.584229040033576,0.0,[],3.177849325613095,0.0,0.0,0.0,[3.177849325613095],[],[0.0],[],[5.584229040033576]
140,0,153,True,False,,0.0,3,3,,0,3,43.72081194957475,"[9.894037797744714, 25.103343792610953, 8.72343035921909]",20.051116660334156,"[4.8586747411204385, 10.790304079118272, 4.402137840095445]",26.666285867211037,0.0,[],13.399851488212306,0.0,0.0,0.0,"[2.349414747199119, 3.354436156745255, 7.696000584267931]",[],"[0.0, 0.0, 0.0]",[],"[3.4600378133310743, 6.037015786526295, 17.169232267353667]"
140,0,154,True,True,1.0,4.99,4,4,True,0,4,35.508191697336386,"[5.790679734116945, 6.054056934655676, 10.30664080847094, 13.356814220092822]",17.84819476196119,"[3.2583650963056088, 3.3610822045157134, 5.0195899153036665, 6.2091575458362005]",39.572160314513845,0.0,[],19.433142522660404,0.0,15.433142522660402,0.0,"[6.420331275970923, 5.550780810309159, 3.0684930548948417, 4.393537381485478]",[],"[5.420331275970923, 4.550780810309159, 2.0684930548948417, 3.3935373814854786]",[],"[13.898285323002364, 11.668668744382458, 5.3038283458842095, 8.701377901244816]"
140,0,155,True,True,1.0,4.99,8,8,True,5,13,74.83327728504699,"[8.876625998006437, 10.588008273730045, 11.188631783729747, 13.932606560867407, 2.866531223961599, 9.302105059080507, 13.330829533076889, 4.747938852594355]",37.18497814116832,"[4.46188413922251, 5.1293232267547175, 5.363566395654601, 6.433716558738289, 2.117947177345024, 4.627820973041398, 6.199023517899986, 2.8516961525117983]",55.88208143055853,49.572177713037966,"[12.390498502585217, 4.188238673167649, 2.8812006081932227, 10.436986218048252, 19.675253711043624]",29.79401175791783,24.333149308084806,21.79401175791783,19.333149308084806,"[2.820729432020658, 3.6707638316159956, 3.8005190855558246, 3.1109645325050277, 3.806235653033758, 5.464204682014678, 4.116655143073719, 3.0039393980981655]","[5.832294416008235, 2.633413082535383, 2.123668237195357, 5.070424625038819, 8.673348947307012]","[1.820729432020658, 2.6707638316159956, 2.8005190855558246, 2.1109645325050277, 2.806235653033758, 4.464204682014678, 3.116655143073719, 2.0039393980981655]","[4.832294416008235, 1.6334130825353832, 1.1236682371953568, 4.070424625038819, 7.673348947307013]","[4.668537005181174, 6.848112388758963, 7.180818168091858, 5.412729570525712, 7.195476033419893, 11.446678671832508, 7.991423443778766, 5.138306148969654]"
140,0,156,True,True,1.0,4.99,5,5,True,3,8,38.473728029359414,"[4.569287558234298, 8.936220921272877, 11.82556119788454, 8.232924143527834, 4.9097342084398665]",20.004753931450175,"[2.782022147711376, 4.485126159296422, 5.61196886717497, 4.210840415975856, 2.914796341291548]",64.97886197400499,20.252887932531205,"[3.8724419618926986, 4.088564193201999, 12.291881777436508]",30.341756169861945,10.89862629368717,25.341756169861945,7.898626293687171,"[4.43970297550656, 4.490394630989233, 8.018419588640004, 3.14967907920433, 10.243559895521818]","[2.5102523651381525, 2.5945400353487797, 5.7938338932002384]","[3.439702975506559, 3.490394630989233, 7.018419588640005, 2.14967907920433, 9.243559895521818]","[1.5102523651381525, 1.5945400353487797, 4.7938338932002384]","[8.819751219247587, 8.949729823049315, 17.9959476631795, 5.511997638985462, 23.701435629543123]"
140,0,157,True,True,1.0,4.99,6,6,True,3,9,73.7368124339112,"[7.608414668549367, 16.16194439127032, 17.03362125389453, 9.553499260234629, 7.347175407018359, 16.032157452943988]",34.75735684922537,"[3.967281720734253, 7.303158312595426, 7.643112289018867, 4.725864711491505, 3.86539840873716, 7.252541406648155]",41.23388545647698,12.718520782985266,"[3.924392478987296, 5.589164280061286, 3.204964023936682]",22.081215328026026,7.960223105364253,16.081215328026023,4.960223105364253,"[2.846424140064377, 4.0593425693299015, 3.2001741682353586, 4.751956611254556, 2.5724900127591095, 4.650827826382722]","[2.5305130668050455, 3.179774069223902, 2.249935969335306]","[1.846424140064377, 3.059342569329901, 2.2001741682353586, 3.751956611254556, 1.5724900127591095, 3.6508278263827214]","[1.5305130668050455, 2.179774069223902, 1.249935969335306]","[4.734420871959941, 7.844468126486925, 5.64147222624451, 9.620401567319375, 4.032025673741306, 9.361096990724926]"
140,0,158,True,False,,0.0,2,2,,0,2,17.442075814865483,"[8.159013491643632, 9.28306232322185]",8.802409567797538,"[4.182015261741016, 4.620394306056522]",27.883503573270012,0.0,[],12.874566393575304,0.0,0.0,0.0,"[9.58259086434469, 3.2919755292306148]",[],"[0.0, 0.0]",[],"[22.00664324190946, 5.87686033136055]"
140,0,159,True,False,,0.0,3,3,,0,3,23.41256259396973,"[7.3144319174969015, 11.77726673089451, 4.320863945578319]",12.130899411648196,"[3.8526284478237915, 5.593134025048859, 2.6851369387755444]",15.600270727866482,0.0,[],9.084105583867927,0.0,0.0,0.0,"[2.817550484237609, 3.2912620079228128, 2.975293091707506]",[],"[0.0, 0.0, 0.0]",[],"[4.660385857019509, 5.875030789545674, 5.0648540813012985]"
140,0,160,True,True,1.0,4.99,4,4,True,1,5,26.031669004100486,"[7.186026765799878, 6.480763627380764, 3.4271354107840057, 8.93774320013584]",14.15235091159919,"[3.8025504386619526, 3.527497814678498, 2.336582810205762, 4.485719848052978]",63.91281387552692,22.394079833797157,[22.394079833797157],28.9259974114555,9.73369113518089,24.9259974114555,8.73369113518089,"[5.237819307049219, 3.328596763247511, 15.917760516435672, 4.4418208247230995]",[9.73369113518089],"[4.237819307049219, 2.328596763247511, 14.917760516435672, 3.4418208247230995]",[8.73369113518089],"[10.866203351408252, 5.970760931403874, 38.2506679908607, 8.825181601854101]"
140,0,161,True,False,,0.0,2,2,,0,2,10.47285655269715,"[6.508919493546703, 3.9639370591504477]",6.084414055551889,"[3.538478602483214, 2.5459354530686746]",27.548965353411532,0.0,[],12.744096487830497,0.0,0.0,0.0,"[7.920529716303885, 4.823566771526613]",[],"[0.0, 0.0]",[],"[17.744947990522782, 9.80401736288875]"
140,0,162,True,False,,0.0,2,2,,0,2,13.343922520931946,"[2.5, 10.843922520931946]",7.204129783163459,"[1.975, 5.229129783163459]",28.95883765073787,0.0,[],13.29394668378777,0.0,0.0,0.0,"[4.064659697761371, 9.229286986026398]",[],"[0.0, 0.0]",[],"[7.85810178913172, 21.10073586160615]"
140,0,163,True,True,1.0,4.99,4,4,True,4,8,50.95241803858092,"[7.549610121866738, 5.808174483206229, 17.92878086858057, 19.665852564927384]",23.87144303504656,"[3.944347947528028, 3.265188048450429, 7.992224538746423, 8.66968250032168]",51.55733335616557,24.591028701731496,"[3.9693975823434178, 7.421829477583708, 8.383217547817534, 4.8165840939868385]",24.10736000890457,13.590501193675284,20.10736000890457,9.590501193675284,"[5.665618893196032, 2.1452560568502417, 7.893450791500818, 8.40303426735748]","[2.548065057113933, 3.8945134962576464, 4.269454843648838, 2.878467796654867]","[4.665618893196032, 1.1452560568502415, 6.893450791500818, 7.403034267357481]","[1.548065057113933, 2.8945134962576464, 3.2694548436488384, 1.878467796654867]","[11.963125367169313, 2.936553991923696, 17.6755148500021, 18.982139147070463]"
140,0,164,True,True,1.0,4.99,4,4,True,3,7,41.434152346239955,"[10.969013336279398, 10.597693397090854, 11.136812397148475, 8.730633215721225]",20.15931941503358,"[5.277915201148965, 5.133100424865433, 5.3433568348879055, 4.404946954131278]",38.988377584899716,32.168275655641494,"[5.597270540034242, 12.624724580543017, 13.946280535064238]",19.205467258110886,15.545627505700185,15.205467258110886,12.545627505700185,"[4.119512459037836, 7.77793847940523, 2.6276542076578373, 4.680362112009985]","[3.1829355106133543, 5.923642586411777, 6.439049408675053]","[3.1195124590378356, 6.77793847940523, 1.6276542076578375, 3.680362112009985]","[2.1829355106133543, 4.923642586411777, 5.439049408675053]","[7.998749894968809, 17.379329434372384, 4.173472327327788, 9.43682592823073]"
140,0,165,True,False,,0.0,2,2,,0,2,25.22612760015973,"[7.412575899985375, 17.813551700174358]",11.838189764062296,"[3.890904600994296, 7.947285163068]",17.701810383878794,0.0,[],8.903706049712728,0.0,0.0,0.0,"[6.463241207391603, 2.440464842321126]",[],"[0.0, 0.0]",[],"[14.008310788183596, 3.6934995956951955]"
140,0,166,True,False,,0.0,3,3,,0,3,32.62261310405795,"[7.063412484252433, 18.798495538077066, 6.760705081728443]",15.722819110582597,"[3.754730868858449, 8.331413259850056, 3.636674981874093]",40.01022074925058,0.0,[],18.603986092207723,0.0,0.0,0.0,"[7.487097559966526, 5.049334617343241, 6.067553914897957]",[],"[0.0, 0.0, 0.0]",[],"[16.633583487093656, 10.382909275239081, 12.993727986917836]"
140,0,167,True,False,,0.0,1,1,,0,1,3.5754811823087476,[3.5754811823087476],2.3944376611004117,[2.3944376611004117],12.419850899866567,0.0,[],5.8437418509479615,0.0,0.0,0.0,[5.8437418509479615],[],[0.0],[],[12.419850899866567]
140,0,168,True,False,,0.0,3,3,,0,3,35.755124866585724,"[18.614537113261242, 3.897323608293489, 13.24326414503099]",16.94449869796843,"[8.259669474171885, 2.519956207234461, 6.164873016562086]",16.101545622082064,0.0,[],9.279602792612003,0.0,0.0,0.0,"[2.3789679040920917, 2.2292849064949625, 4.67134998202495]",[],"[0.0, 0.0, 0.0]",[],"[3.535815138697671, 3.152012580756314, 9.413717902628077]"
140,0,169,True,True,1.0,4.99,5,5,True,1,6,47.553055132164204,"[12.41528532045978, 5.215493974869183, 8.21651124414135, 11.862309908749944, 9.843454683943943]",23.545691501544034,"[5.841961274979314, 3.0340426501989817, 4.204439385215126, 5.626300864412478, 4.838947326738138]",38.676575250003495,10.675613632143115,[10.675613632143115],20.083864347501358,5.163489316535815,15.083864347501361,4.163489316535815,"[3.4022340554171038, 5.9531467771041, 1.975, 4.8873100134279275, 3.86617350155223]",[5.163489316535815],"[2.4022340554171038, 4.9531467771041, 0.9750000000000001, 3.8873100134279275, 2.86617350155223]",[4.163489316535815],"[6.159574501069497, 12.700376351548973, 2.5, 9.967461572892121, 7.349162824492897]"
140,0,170,True,False,,0.0,3,3,,0,3,20.250425027541965,"[8.074616063478388, 7.188190917574559, 4.987618046489019]",10.897665760741367,"[4.149100264756571, 3.803394457854078, 2.9451710381307175]",28.146196796502945,0.0,[],13.977016750636148,0.0,0.0,0.0,"[6.217249596571186, 5.784767154064962, 1.975]",[],"[0.0, 0.0, 0.0]",[],"[13.377563068131247, 12.268633728371698, 2.5]"
140,0,171,True,True,1.0,4.99,6,6,True,0,6,50.78656414777186,"[9.494066013791748, 2.5, 10.662938613613338, 6.0072325598839, 4.5538193617254334, 17.568507598757442]",25.806760017631024,"[4.702685745378782, 1.975, 5.158546059309202, 3.3428206983547213, 2.775989551072919, 7.851717963515402]",53.89144951838436,0.0,[],27.017665312169903,0.0,21.017665312169903,0.0,"[6.074613746060554, 5.038284396656632, 4.2539567476795925, 6.089332829240799, 1.975, 3.5864775925323245]",[],"[5.074613746060554, 4.038284396656632, 3.2539567476795925, 5.089332829240799, 0.9750000000000001, 2.5864775925323245]",[],"[13.011830118103985, 10.354575376042645, 8.343478840204083, 13.049571357027691, 2.5, 6.63199382700596]"
140,0,172,True,True,1.0,4.99,6,6,True,1,7,46.81156809291034,"[2.5, 5.891946447288771, 12.57502720948555, 5.6856464914334826, 5.085885349789608, 15.073062594912933]",24.256511556235033,"[1.975, 3.297859114442621, 5.904260611699365, 3.217402131659058, 2.983495286417947, 6.878494412016044]",55.36174807559178,5.020854978232887,[5.020854978232887],27.591081749480793,2.958133441510826,21.591081749480793,1.9581334415108258,"[7.654013870051409, 3.278111972380683, 3.369622826801524, 2.587098640298958, 8.156503803755204, 2.5457306361930163]",[2.958133441510826],"[6.654013870051409, 2.278111972380683, 2.369622826801524, 1.587098640298958, 7.156503803755204, 1.545730636193016]",[1.9581334415108258],"[17.061574025772842, 5.841312749694059, 6.075955966157753, 4.069483693074251, 18.35000975321847, 3.9634118876744]"
140,0,173,True,True,1.0,4.99,6,6,True,0,6,40.67939154183736,"[4.121322870406064, 4.883600621423604, 11.419762944082706, 3.5862994390352974, 5.634344177762003, 11.034061489127687]",21.86496270131657,"[2.6073159194583653, 2.904604242355205, 5.453707548192256, 2.398656781223766, 3.1973942293271813, 5.303283980759798]",62.43391000423071,0.0,[],30.349224901649976,0.0,24.349224901649976,0.0,"[5.22073753882524, 3.772413237698477, 3.2342704761747156, 6.724717080471634, 4.3015478644585965, 7.0955387040213145]",[],"[4.22073753882524, 2.772413237698477, 2.2342704761747156, 5.724717080471634, 3.3015478644585965, 6.0955387040213145]",[],"[10.822403945705744, 7.108751891534556, 5.728898656858245, 14.678761744799061, 8.465507344765632, 15.629586420567472]"
140,0,174,True,True,1.0,4.99,4,4,True,5,9,48.140257176285665,"[13.48709625541942, 18.963339713785633, 7.809852884345685, 7.879968322734924]",22.77470029875141,"[6.259967539613574, 8.395702488376397, 4.045842624894817, 4.0731876458666205]",34.61764129816503,42.16767363868812,"[9.276540764985347, 3.466788817200432, 9.970333988781713, 15.377228658416556, 4.076781409304074]",17.500880106284363,21.44539271908837,13.500880106284365,16.445392719088368,"[2.7049860336152722, 1.975, 7.910362719442721, 4.9105313532263715]","[4.617850898344285, 2.352047638708169, 4.888430255624868, 6.997119176782457, 2.5899447496285886]","[1.7049860336152725, 0.9750000000000001, 6.910362719442721, 3.910531353226371]","[3.6178508983442854, 1.3520476387081686, 3.888430255624868, 5.997119176782457, 1.5899447496285888]","[4.37175906055198, 2.5, 17.718878767801847, 10.027003469811207]"
140,0,175,True,False,,0.0,2,2,,0,2,20.586050252258076,"[8.894428256595555, 11.691621995662521]",10.02855959838065,"[4.468827020072267, 5.559732578308384]",22.45642174547988,0.0,[],10.758004480737153,0.0,0.0,0.0,"[6.597270444886307, 4.160734035850846]",[],"[0.0, 0.0]",[],"[14.35197549970848, 8.104446245771397]"
140,0,176,True,True,1.0,4.99,4,4,True,2,6,50.010625463024155,"[5.384731555001811, 13.260595692192107, 27.5491967324592, 3.8161014833710363]",23.50414393057942,"[3.1000453064507063, 6.171632319954922, 11.74418672565909, 2.488279578514704]",38.32996109103939,20.573728269720668,"[12.759974693562542, 7.813753576158127]",18.94868482550536,10.023754025191062,14.94868482550536,8.023754025191062,"[3.8263728755021713, 2.553306670374531, 6.477699764553823, 6.0913055150748345]","[5.976390130489392, 4.04736389470167]","[2.8263728755021713, 1.553306670374531, 5.477699764553823, 5.0913055150748345]","[4.976390130489392, 3.0473638947016695]","[7.247109937185055, 3.9828376163449515, 14.04538401167647, 13.054629525832908]"
140,0,177,True,True,1.0,4.99,5,5,True,0,5,40.47460976363145,"[6.466441122108707, 5.365573132309195, 7.170211919255658, 14.744666271198055, 6.727717318759827]",20.785097807816264,"[3.521912037622396, 3.092573521600586, 3.7963826485097067, 6.750419845767242, 3.6238097543163326]",30.235946759489366,0.0,[],16.79201923620085,0.0,11.792019236200852,0.0,"[3.105813269272193, 3.3139381921677766, 2.459102161503729, 3.5362819331258004, 4.376883680131353]",[],"[2.105813269272193, 2.3139381921677766, 1.459102161503729, 2.5362819331258004, 3.3768836801313533]",[],"[5.399521203262033, 5.933174851712248, 3.7412875935993046, 6.503287008014873, 8.658676102900905]"
140,0,178,True,False,,0.0,3,3,,0,3,22.891932671245332,"[11.886156468702925, 3.179216036486988, 7.82656016605542]",11.92785374178568,"[5.635601022794141, 2.2398942542299256, 4.052358464761614]",37.36273479040315,0.0,[],17.57146656825723,0.0,0.0,0.0,"[3.8536306969258463, 9.77707678576423, 3.940759085567154]",[],"[0.0, 0.0, 0.0]",[],"[7.317001786989349, 22.505325091703153, 7.540407911710652]"
140,0,179,True,False,,0.0,2,2,,0,2,24.893185904658797,"[17.71893246782488, 7.174253436833914]",11.70834250281693,"[7.910383662451704, 3.7979588403652267]",14.169634445306166,0.0,[],7.526157433669405,0.0,0.0,0.0,"[4.922104565415623, 2.604052868253782]",[],"[0.0, 0.0]",[],"[10.05667837286057, 4.112956072445594]"
140,0,180,True,False,,0.0,3,3,,0,3,53.70727395092062,"[23.91294143299244, 5.880248707987608, 23.91408380994058]",23.945836840859045,"[10.326047158867052, 3.293296996115167, 10.326492685876826]",15.665491499395456,0.0,[],9.109541684764228,0.0,0.0,0.0,"[2.5938026656969164, 4.1645092472113365, 2.3512297718559756]",[],"[0.0, 0.0, 0.0]",[],"[4.086673501786964, 8.114126274900864, 3.464691722707629]"
140,0,181,True,True,1.0,4.99,5,5,True,0,5,44.205953311107756,"[6.467398350181918, 21.267677317241187, 2.914738398731618, 8.780368515686803, 4.775770729266232]",22.24032179133203,"[3.5222853565709484, 9.294394153724063, 2.1367479755053314, 4.424343721117854, 2.862550584413831]",59.03008035855095,0.0,[],28.021731339834865,0.0,23.021731339834865,0.0,"[3.3880753248706537, 5.979153579092102, 8.527546114152377, 2.846694028840071, 7.280262292879663]",[],"[2.3880753248706537, 4.979153579092102, 7.527546114152377, 1.8466940288400708, 6.280262292879663]",[],"[6.1232700637709065, 12.76706045921052, 19.301400292698403, 4.73511289446172, 16.103236648409393]"
140,0,182,True,True,1.0,4.99,5,5,True,5,10,54.549312427118124,"[7.717316388770977, 11.721482320497248, 7.050711674643674, 21.239925224834618, 6.819876818371608]",26.274231846576065,"[4.009753391620681, 5.571378104993927, 3.749777553111033, 9.2835708376855, 3.659751959164927]",34.45947545256699,39.439853157657765,"[13.40643564143278, 2.839121663736829, 2.5685220962193944, 7.155955620239355, 13.469818136029406]",18.439195426501126,20.38154273148653,13.439195426501128,15.38154273148653,"[1.975, 4.641407243898543, 4.165129041562716, 4.108066633503159, 3.549592507536707]","[6.228509900158785, 2.1072574488573634, 2.001723617525564, 3.7908226918933483, 6.253229073051469]","[0.9750000000000001, 3.6414072438985436, 3.1651290415627167, 3.1080666335031593, 2.549592507536707]","[5.228509900158785, 1.1072574488573634, 1.001723617525564, 2.7908226918933483, 5.253229073051469]","[2.5, 9.336941651021906, 8.115715491186453, 7.969401624367075, 6.537416685991556]"
140,0,183,True,False,,0.0,3,3,,0,3,26.018344979369317,"[6.139585755537829, 9.760467726942432, 10.118291496889055]",13.147154541954034,"[3.3944384446597535, 4.806582413507549, 4.946133683786732]",44.368712716509805,0.0,[],20.303797959438825,0.0,0.0,0.0,"[7.893504599657727, 6.448076817582295, 5.962216542198805]",[],"[0.0, 0.0, 0.0]",[],"[17.675652819635197, 13.969427737390498, 12.723632159484113]"
140,0,184,True,False,,0.0,3,3,,0,3,37.483831907878844,"[23.137629866415722, 6.558662080990658, 7.787539960472465]",17.618694444072748,"[10.023675647902131, 3.5578782115863565, 4.037140584584261]",30.92683162080879,0.0,[],15.061464332115431,0.0,0.0,0.0,"[5.203641527475043, 5.696843942689137, 4.16097886195125]",[],"[0.0, 0.0, 0.0]",[],"[10.778568019166778, 12.043189596638811, 8.105074005003203]"
140,0,185,True,False,,0.0,1,1,,0,1,13.097618879947518,[13.097618879947518],6.1080713631795325,[6.1080713631795325],2.7727471648366784,0.0,[],2.081371394286305,0.0,0.0,0.0,[2.081371394286305],[],[0.0],[],[2.7727471648366784]
140,0,186,True,False,,0.0,2,2,,0,2,10.772907375651213,"[6.6057929167559015, 4.167114458895312]",6.201433876503973,"[3.5762592375348015, 2.6251746389691717]",14.017685934994475,0.0,[],7.466897514647846,0.0,0.0,0.0,"[3.0223936086494683, 4.444503905998377]",[],"[0.0, 0.0]",[],"[5.185624637562739, 8.832061297431736]"
140,0,187,True,True,1.0,4.99,5,5,True,4,9,41.881460153865646,"[11.36181943108996, 2.5, 7.555404460312724, 9.859327603011597, 10.604908659451368]",21.333769460007602,"[5.431109578125085, 1.975, 3.9466077395219625, 4.845137765174522, 5.135914377186034]",27.47396090426094,51.01551578122532,"[6.292450489477388, 3.686794852249672, 13.878867135953215, 27.15740330354505]",15.714844752661767,23.896051154677878,10.714844752661767,19.896051154677878,"[2.4389180230016496, 3.4234636200220145, 3.67588357364482, 4.201579535993284, 1.975]","[3.4540556908961815, 2.437849992377372, 6.4127581830217535, 11.59138728838257]","[1.4389180230016494, 2.4234636200220145, 2.67588357364482, 3.2015795359932837, 0.9750000000000001]","[2.4540556908961815, 1.4378499923773722, 5.4127581830217535, 10.59138728838257]","[3.689533392311921, 6.214009282107729, 6.861239932422615, 8.209178297418676, 2.5]"
140,0,188,True,False,,0.0,2,2,,0,2,17.722780477834398,"[12.704658323174643, 5.018122154659756]",8.911884386355416,"[5.9548167460381105, 2.957067640317305]",19.314896994231596,0.0,[],9.532809827750322,0.0,0.0,0.0,"[5.559003811346178, 3.9738060164041435]",[],"[0.0, 0.0]",[],"[11.689753362426098, 7.625143631805496]"
140,0,189,True,True,1.0,4.99,6,6,True,1,7,85.17394498251015,"[24.292917974528454, 5.2895814734706486, 2.5, 17.713257368585133, 27.49795382237972, 7.880234343546206]",39.217838543178964,"[10.474238010066097, 3.062936774653553, 1.975, 7.908170373748202, 11.72420199072809, 4.073291393983021]",59.56440186942966,5.235369683916928,[5.235369683916928],29.230116729077565,3.0417941767276018,23.230116729077572,2.0417941767276018,"[3.7004550862111123, 2.7278464062493684, 3.01489438923132, 5.400457832493136, 3.886618004700038, 10.499845010192596]",[3.0417941767276018],"[2.7004550862111123, 1.7278464062493684, 2.01489438923132, 4.400457832493136, 2.886618004700038, 9.499845010192596]",[2.0417941767276018],"[6.924243810797724, 4.430375400639406, 5.166395869823897, 11.283225211520861, 7.401584627435994, 24.358576949211784]"
140,0,190,True,True,1.0,4.99,7,7,True,1,8,64.34520296435481,"[8.143444619877288, 2.5, 12.323807141202161, 7.803495199242561, 11.990863538428648, 12.308015425112565, 9.275577040491587]",32.09462915609838,"[4.175943401752143, 1.975, 5.8062847850688435, 4.043363127704598, 5.676436779987173, 5.8001260157939, 4.6174750457917195]",65.80956562502627,22.91477545678941,[22.91477545678941],32.665730593760244,9.93676242814787,25.665730593760244,8.93676242814787,"[3.604876325932841, 2.369394775624597, 5.612140542923433, 7.400935256470376, 2.3070114397672272, 4.117494574394347, 7.253877678647425]",[9.93676242814787],"[2.604876325932841, 1.3693947756245972, 4.612140542923433, 6.400935256470376, 1.3070114397672274, 3.117494574394347, 6.253877678647425]",[8.93676242814787],"[6.679170066494464, 3.5112686554476853, 11.826001392111365, 16.412654503770195, 3.3513113840185316, 7.993575831780376, 16.035583791403653]"
140,0,191,True,False,,0.0,2,2,,0,2,34.32522830851119,"[12.031059828533083, 22.29416847997811]",15.386839040319366,"[5.692113333127902, 9.694725707191465]",11.299375776178458,0.0,[],6.406756552709599,0.0,0.0,0.0,"[4.088223427931686, 2.318533124777913]",[],"[0.0, 0.0]",[],"[7.918521610081246, 3.380854166097212]"
140,0,192,True,False,,0.0,3,3,,0,3,51.37185774016983,"[18.489359698721746, 14.548651413419927, 18.33384662802816]",23.035024518666233,"[8.21085028250148, 6.673974051233772, 8.150200184930982]",17.964149813895496,0.0,[],10.006018427419244,0.0,0.0,0.0,"[1.975, 5.054065339101442, 2.976953088317803]",[],"[0.0, 0.0, 0.0]",[],"[2.5, 10.395039331029336, 5.069110482866161]"
140,0,193,True,True,1.0,4.99,5,5,True,5,10,34.20353285566425,"[2.9060284165982035, 13.76934174755855, 7.916732802018379, 7.111429889489114, 2.5]",18.339377813709056,"[2.1333510824732995, 6.370043281547835, 4.087525792787169, 3.7734576569007543, 1.975]",38.34453431536367,43.450193626755706,"[9.245861658256766, 10.704784637668313, 4.845250961827581, 8.745398752022897, 9.908897616980148]",19.95436838299183,21.945575514434726,14.95436838299183,16.945575514434726,"[5.653248896689723, 6.720974658966052, 2.5116534373394757, 3.093491389996581, 1.975]","[4.605886046720139, 5.174866008690643, 2.8896478751127566, 4.41070551328893, 4.864470070622258]","[4.653248896689723, 5.720974658966052, 1.5116534373394754, 2.093491389996581, 0.9750000000000001]","[3.605886046720139, 4.174866008690643, 1.8896478751127568, 3.41070551328893, 3.864470070622258]","[11.931407427409546, 14.669165792220646, 3.8760344547166037, 5.367926641016874, 2.5]"
140,0,194,True,False,,0.0,3,3,,0,3,15.082026772327682,"[5.188481190066227, 6.032204659753737, 3.861340922507717]",8.881990441207796,"[3.0235076641258285, 3.3525598173039577, 2.50592295977801]",54.47583077586068,0.0,[],24.245574002585663,0.0,0.0,0.0,"[16.539517717352386, 5.345466083483551, 2.360590201749728]",[],"[0.0, 0.0, 0.0]",[],"[39.844917223980474, 11.142220726880899, 3.488692824999302]"
140,0,195,True,True,1.0,4.99,6,6,True,2,8,45.855466667623375,"[7.109987034825345, 4.934573410871536, 10.78271127038811, 4.116983434682119, 5.688259882689534, 13.222951634166732]",23.88363200037312,"[3.7728949435818846, 2.924483630239899, 5.205257395451363, 2.6056235395260265, 3.2184213542489184, 6.156951137325025]",28.987749210879482,15.988083989760476,"[8.86240707034514, 7.125676919415336]",17.305222192242997,8.235352756006586,11.305222192242999,6.235352756006586,"[3.2619768956002027, 3.4327282495458356, 2.4922028887661423, 2.283299745439856, 3.2707647751533107, 2.5642496377376505]","[4.4563387574346045, 3.779013998571981]","[2.2619768956002027, 2.4327282495458356, 1.492202888766142, 1.2832997454398563, 2.2707647751533107, 1.5642496377376507]","[3.456338757434605, 2.779013998571981]","[5.799940757949237, 6.237764742425219, 3.826161253246518, 3.2905121677945033, 5.822473782444386, 4.010896507019617]"
140,0,196,True,True,1.0,4.99,5,5,True,1,6,51.20139417491509,"[11.00408259649869, 4.252175039788282, 2.838900288833502, 22.341909056417833, 10.76432719337678]",24.968543728216886,"[5.291592212634489, 2.6583482655174304, 2.107171112645066, 9.713344532002955, 5.198087605416944]",35.70828695403897,19.095204516136768,[19.095204516136768],18.9262319120752,8.44712976129334,13.926231912075199,7.44712976129334,"[3.059137492969062, 4.030321374382535, 3.6473956327905004, 4.676995890981431, 3.512381520951671]",[8.44712976129334],"[2.059137492969062, 3.0303213743825346, 2.6473956327905004, 3.6769958909814306, 2.512381520951671]",[7.44712976129334],"[5.279839725561697, 7.770054806109063, 6.788193930232052, 9.428194592260079, 6.442003899876079]"
140,0,197,True,False,,0.0,3,3,,0,3,24.239134039956745,"[6.856072376056045, 3.3958452268986656, 13.987216437002033]",12.45326227558313,"[3.673868226661858, 2.3243796384904796, 6.455014410430793]",13.903830102179604,0.0,[],8.422493739850045,0.0,0.0,0.0,"[2.9009589612722007, 2.04258813746197, 3.4789466411158747]",[],"[0.0, 0.0, 0.0]",[],"[4.874253746851796, 2.6733029165691544, 6.356273438758653]"
140,0,198,True,True,1.0,4.99,4,4,True,2,6,41.072374706991035,"[4.60793874847208, 19.08264380307683, 3.5751788225878727, 13.80661333285425]",20.0182261357265,"[2.797096111904111, 8.442231083199964, 2.3943197408092702, 6.384579199813158]",47.26772406645121,14.034387831948507,"[8.010797417252773, 6.023590414695734]",22.434412385915977,7.4734112544599185,18.434412385915977,5.4734112544599185,"[5.193034135579678, 5.496809405132976, 2.424821691074304, 9.319747154129017]","[4.124210992728582, 3.3492002617313363]","[4.193034135579678, 4.496809405132976, 1.424821691074304, 8.319747154129017]","[3.1242109927285817, 2.3492002617313363]","[10.751369578409431, 11.530280525981988, 3.6533889514725737, 21.33268501058722]"
140,0,199,True,True,1.0,4.99,6,6,True,2,8,54.694138579893234,"[16.832061623233233, 5.904197102869074, 5.5180920554982364, 7.268476778872994, 13.677691706617967, 5.4936193128017266]",27.330714046158363,"[7.564504033060961, 3.302636870118939, 3.1520559016443124, 3.834705943760468, 6.334299765581007, 3.1425115319926733]",40.02959923971886,15.400618764260372,"[10.312657660682717, 5.087961103577655]",21.611543703490355,8.006241318061544,15.611543703490357,6.006241318061545,"[2.4557753145052157, 2.4107009214510025, 7.727456403662834, 2.747384903539338, 3.798851063307318, 2.4713750970246497]","[5.0219364876662596, 2.9843048303952857]","[1.455775314505216, 1.4107009214510025, 6.727456403662834, 1.7473849035393376, 2.798851063307318, 1.47137509702465]","[4.0219364876662596, 1.9843048303952855]","[3.732757216680041, 3.617181849874365, 17.249888214520087, 4.480474111639327, 7.176541187967482, 3.772756659037564]"
140,0,200,True,True,1.0,4.99,4,4,True,2,6,39.781597891926666,"[13.016459727486314, 16.23613589240951, 3.6487067936184028, 6.880295478412437]",19.5148231778514,"[6.076419293719662, 7.33209299803971, 2.422995649511177, 3.6833152365808504]",67.94609466570738,14.857252885350913,"[8.424065587889348, 6.433187297461566]",30.498976919625882,7.794328625286857,26.498976919625882,5.794328625286857,"[5.069420336285562, 15.590602994090231, 3.8927594024370133, 5.946194186813072]","[4.285385579276846, 3.508943046010011]","[4.069420336285562, 14.590602994090231, 2.8927594024370133, 4.946194186813072]","[3.285385579276846, 2.508943046010011]","[10.434411118680927, 37.41180254894931, 7.417331801120547, 12.682549196956593]"
140,0,201,True,True,1.0,4.99,4,2,,2,6,18.48650797772244,"[11.767098549811493, 6.719409427910948]",9.209738111311752,"[5.589168434426482, 3.6205696768852698]",17.51290866520103,21.86366810434733,"[16.923668985734224, 4.939999118613105]",8.830034379428401,10.526830560695458,6.830034379428401,8.526830560695458,"[4.6399672749383445, 4.1900671044900575]","[7.600230904436348, 2.9265996562591114]","[3.639967274938344, 3.1900671044900575]","[6.600230904436348, 1.9265996562591112]","[9.333249422918831, 8.179659242282199]"
140,0,202,True,True,1.0,4.99,4,4,True,2,6,35.21225352522142,"[12.586017050061034, 8.374052067863902, 11.75218440729648, 2.5]",17.732778874836352,"[5.908546649523804, 4.265880306466922, 5.5833519188456275, 1.975]",32.854846069447156,11.90849312602688,"[8.807953867778439, 3.1005392582484412]",16.813389967084394,6.644312319150483,12.81338996708439,4.644312319150483,"[3.0909597797693737, 1.975, 8.759511119742847, 2.9879190675721725]","[4.435102008433591, 2.209210310716892]","[2.0909597797693737, 0.9750000000000001, 7.759511119742846, 1.9879190675721723]","[3.4351020084335913, 1.2092103107168921]","[5.3614353327419835, 2.5, 19.896182358314988, 5.097228378390185]"
140,0,203,True,False,,0.0,3,3,,0,3,41.40221862117737,"[9.304970218431526, 12.27137844873761, 19.82586995400823]",19.146865262259173,"[4.628938385188295, 5.785837595007668, 8.73208928206321]",17.702027367382286,0.0,[],9.903790673279092,0.0,0.0,0.0,"[3.98776643703143, 2.6381766050856847, 3.2778476311619777]",[],"[0.0, 0.0, 0.0]",[],"[7.660939582131871, 4.200452833553038, 5.840634951697378]"
140,0,204,True,False,,0.0,3,3,,0,3,25.050327079773126,"[9.72046368991474, 10.33442776728098, 4.995435622577407]",12.76962756111152,"[4.790980839066748, 5.030426829239582, 2.948219892805189]",17.227773013550827,0.0,[],9.718831475284823,0.0,0.0,0.0,"[2.595332182640289, 2.351456171294714, 4.772043121349819]",[],"[0.0, 0.0, 0.0]",[],"[4.090595340103305, 3.465272234089011, 9.671905439358511]"
140,0,205,True,False,,0.0,3,3,,0,3,25.560348207962775,"[13.194173003812574, 7.497676641150813, 4.868498562999388]",12.968535801105483,"[6.145727471486905, 3.924093890048817, 2.8987144395697615]",39.710380516776354,0.0,[],18.48704840154278,0.0,0.0,0.0,"[6.6893614196714575, 7.580800787823284, 4.216886194048039]",[],"[0.0, 0.0, 0.0]",[],"[14.588106204285788, 16.873848173905856, 8.248426138584714]"
140,0,206,True,False,,0.0,3,3,,0,3,38.23719463798216,"[3.8155639962897063, 16.273844452985276, 18.147786188707176]",17.912505908813046,"[2.4880699585529857, 7.346799336664258, 8.0776366135958]",36.88815859165002,0.0,[],17.386381850743504,0.0,0.0,0.0,"[11.214252261956164, 3.4695286938773275, 2.702600894910014]",[],"[0.0, 0.0, 0.0]",[],"[26.190390415272216, 6.332124856095712, 4.3656433202820875]"
140,0,207,True,True,1.0,4.99,4,4,True,1,5,29.800523157166268,"[11.9188535095317, 10.903589984672882, 2.9234850708023687, 4.054594592159314]",15.622204031294844,"[5.648352868717364, 5.252400094022424, 2.140159177612924, 2.5812918909421327]",29.028188158826275,9.471933562716492,[9.471933562716492],15.320993381942248,4.694054089459431,11.320993381942248,3.694054089459432,"[3.7052780391872555, 5.642300740404826, 3.7323617720665636, 2.241052830283603]",[4.694054089459431],"[2.7052780391872555, 4.642300740404826, 2.7323617720665636, 1.241052830283603]",[3.694054089459432],"[6.936610356890398, 11.903335231807246, 7.006055825811702, 3.1821867443169305]"
140,0,208,True,False,,0.0,1,1,,0,1,11.65998904441585,[11.65998904441585],5.547395727322182,[5.547395727322182],6.941511718361197,0.0,[],3.707189570160867,0.0,0.0,0.0,[3.707189570160867],[],[0.0],[],[6.941511718361197]
140,0,209,True,True,1.0,4.99,5,5,True,1,6,40.19556340171534,"[4.791937544332632, 12.21791507394137, 6.0571129236890995, 10.919954816946692, 6.208643042805543]",20.67626972666898,"[2.8688556422897267, 5.764986878837134, 3.362274040238749, 5.25878237860921, 3.421370786694162]",36.59215750600275,7.631053003708778,[7.631053003708778],19.27094142734107,3.9761106714464236,14.270941427341072,2.9761106714464236,"[4.574813952017749, 1.975, 5.982933230861265, 4.763194244462058, 1.975]",[3.9761106714464236],"[3.5748139520177493, 0.9750000000000001, 4.982933230861265, 3.763194244462058, 0.9750000000000001]",[2.9761106714464236],"[9.166189620558331, 2.5, 12.776751874003244, 9.649216011441174, 2.5]"
140,0,210,True,True,1.0,4.99,4,4,True,1,5,33.90215238246627,"[6.0126728020639355, 4.972384764065324, 13.230823692142355, 9.686271124194656]",17.221839429161847,"[3.344942392804935, 2.939230057985476, 6.160021239935519, 4.7776457384359166]",36.85682380658686,6.142686039818847,[6.142686039818847],18.374161284568874,3.3956475555293504,14.374161284568876,2.3956475555293504,"[4.99506871087948, 7.123136834188558, 2.206221020391155, 4.049734719109683]",[3.3956475555293504],"[3.99506871087948, 6.123136834188558, 1.2062210203911552, 3.0497347191096833]",[2.3956475555293504],"[10.243765925332, 15.700350856893738, 3.0928744112593725, 7.8198326131017515]"
140,0,211,True,False,,0.0,1,1,,0,1,13.780654702769215,[13.780654702769215],6.374455334079994,[6.374455334079994],12.72215314963345,0.0,[],5.961639728357046,0.0,0.0,0.0,[5.961639728357046],[],[0.0],[],[12.72215314963345]
140,0,212,True,False,,0.0,2,2,,0,2,21.505998351000304,"[6.476837768152641, 15.029160582847664]",10.38733935689012,"[3.52596672957953, 6.8613726273105895]",20.811669196237137,0.0,[],10.116550986532484,0.0,0.0,0.0,"[6.56401040353343, 3.5525405829990535]",[],"[0.0, 0.0]",[],"[14.26669334239341, 6.544975853843727]"
140,0,213,True,False,,0.0,1,1,,0,1,3.095988645829557,[3.095988645829557],2.2074355718735275,[2.2074355718735275],2.5,0.0,[],1.975,0.0,0.0,0.0,[1.975],[],[0.0],[],[2.5]
140,0,214,True,True,1.0,4.99,4,5,,3,7,39.470592686904915,"[3.834517523584573, 3.8676207645938323, 13.896726487815835, 15.371727910910673, 2.5]",20.39353114789292,"[2.4954618341979833, 2.508372098191595, 6.419723330248176, 6.994973885255162, 1.975]",60.82825376661728,20.526971628060107,"[14.577685824441, 2.974642901809553, 2.974642901809553]",28.72301896898074,11.005518934943442,23.72301896898074,8.005518934943442,"[6.1975017739789555, 4.68934460312652, 8.166173898781558, 7.305021511874068, 2.3649771812196407]","[6.68529747153199, 2.1601107317057258, 2.1601107317057258]","[5.1975017739789555, 3.689344603126519, 7.166173898781558, 6.305021511874068, 1.3649771812196405]","[5.68529747153199, 1.1601107317057258, 1.1601107317057258]","[13.326927625587064, 9.459857956734664, 18.37480486867066, 16.16672182531812, 3.4999414903067705]"
140,0,215,True,False,,0.0,3,3,,0,3,28.96033000869609,"[6.378540950294721, 9.410444139878493, 13.171344918522875]",14.294528703391475,"[3.4876309706149415, 4.6700732145526125, 6.136824518223921]",21.66480611257006,0.0,[],11.449274383902324,0.0,0.0,0.0,"[3.455175984752328, 4.555719539437558, 3.4383788597124374]",[],"[0.0, 0.0, 0.0]",[],"[6.295323037826481, 9.11722958830143, 6.2522534864421475]"
140,0,216,True,False,,0.0,2,2,,0,2,23.84715518415336,"[10.58119979113781, 13.265955393015552]",11.30039052181981,"[5.126667918543745, 6.173722603276065]",14.711370740213724,0.0,[],7.737434588683353,0.0,0.0,0.0,"[5.762434588683353, 1.975]",[],"[0.0, 0.0]",[],"[12.211370740213724, 2.5]"
140,0,217,True,True,1.0,4.99,5,5,True,0,5,62.17104433352106,"[9.58601965476557, 11.419519271777695, 23.438822381742956, 8.769237051620202, 8.957445973614638]",29.246707290073218,"[4.738547665358572, 5.453612515993301, 10.141140728879753, 4.420002450131879, 4.493403929709709]",39.97933495235684,0.0,[],20.591940631419167,0.0,15.591940631419167,0.0,"[4.239362128425242, 2.086004736307723, 4.407225711786641, 3.840156720070618, 6.0191913348289425]",[],"[3.2393621284252414, 1.0860047363077232, 3.4072257117866407, 2.840156720070618, 5.0191913348289425]",[],"[8.3060567395519, 2.784627528994162, 8.736476184068309, 7.282453128386201, 12.869721371356263]"
140,0,218,True,False,,0.0,3,3,,0,3,20.968469531873712,"[10.75194722829157, 6.615017705558249, 3.6015045980238924]",11.177703117430745,"[5.193259419033712, 3.579856905167717, 2.404586793229318]",33.45730452611386,0.0,[],16.048348765184407,0.0,0.0,0.0,"[8.759080994506611, 5.3142677706777945, 1.975]",[],"[0.0, 0.0, 0.0]",[],"[19.895079473093872, 11.062225053019985, 2.5]"
140,0,219,True,False,,0.0,1,1,,0,1,8.630077650307717,[8.630077650307717],4.36573028362001,[4.36573028362001],5.580638437391231,0.0,[],3.17644899058258,0.0,0.0,0.0,[3.17644899058258],[],[0.0],[],[5.580638437391231]
140,0,220,True,True,1.0,4.99,4,4,True,0,4,19.73549502839334,"[6.217222385379643, 2.995645239920431, 7.19344384628854, 3.3291835568047263]",11.696843061073402,"[3.424716730298061, 2.1683016435689684, 3.8054431000525306, 2.2983815871538433]",30.58021355734213,0.0,[],15.92628328736343,0.0,11.92628328736343,0.0,"[4.6390916303601735, 5.236713636391936, 2.713379208724935, 3.3370988118863867]",[],"[3.639091630360174, 4.236713636391936, 1.7133792087249349, 2.3370988118863867]",[],"[9.331004180410702, 10.863368298440863, 4.393280022371628, 5.99256105611894]"
140,0,221,True,True,1.0,4.99,5,5,True,1,6,27.057655623921022,"[3.4359198184010573, 8.4917729796444, 6.135783880067466, 5.348481158112712, 3.6456977876953847]",15.5524856933292,"[2.3400087291764127, 4.311791462061317, 3.392955713226312, 3.0859076516639576, 2.4218221372012003]",40.087476885661594,4.184336412219337,[4.184336412219337],20.634115985408023,2.6318912007655415,15.634115985408023,1.6318912007655415,"[2.8575203380470695, 3.4407706010638455, 5.222616135634304, 3.8939578599071902, 5.219251050755612]",[2.6318912007655415],"[1.8575203380470693, 2.4407706010638455, 4.222616135634304, 2.8939578599071902, 4.219251050755612]",[1.6318912007655415],"[4.762872661659152, 6.2583861565739625, 10.82722086060078, 7.420404768992795, 10.818592437834903]"
140,0,222,True,True,1.0,4.99,4,4,True,4,8,41.11696439841208,"[10.535535255513324, 6.1593710160505175, 11.94267838828811, 12.479379738560125]",20.035616115380712,"[5.108858749650197, 3.402154696259702, 5.657644571432363, 5.866958098038449]",35.287847460067766,33.7580153768325,"[14.208835905928549, 14.011812063186904, 2.7078380976779597, 2.829529310039091]",17.76226050942643,17.16562599696468,13.76226050942643,13.165625996964677,"[5.326683975831842, 4.168197656719462, 3.680450039592355, 4.586928837282771]","[6.541446003312134, 6.464606704642892, 2.0560568580944043, 2.1035164309152456]","[4.326683975831842, 3.1681976567194625, 2.680450039592355, 3.5869288372827706]","[5.541446003312134, 5.464606704642892, 1.0560568580944043, 1.1035164309152454]","[11.094061476491902, 8.123583735178109, 6.872948819467577, 9.19725342893018]"
140,0,223,True,True,1.0,4.99,4,4,True,5,9,32.76135122897671,"[9.7161144801351, 8.703494958461903, 7.698120574637947, 6.643621215741755]",16.776926979300914,"[4.789284647252689, 4.394363033800142, 4.0022670241088, 3.5910122741392843]",47.84532981888554,41.84035127099938,"[12.89623331505141, 1.9913423485806427, 8.486070456231076, 16.47536280255561, 1.9913423485806427]",22.65967862936536,21.31773699568976,18.65967862936536,16.31773699568976,"[7.961182496969481, 6.450161380205125, 4.79268730616182, 3.455647446028934]","[6.02953099287005, 1.7766235159464507, 4.30956747793012, 7.425391492996687, 1.7766235159464507]","[6.961182496969481, 5.450161380205125, 3.7926873061618203, 2.455647446028934]","[5.02953099287005, 0.7766235159464507, 3.30956747793012, 6.425391492996687, 0.7766235159464507]","[17.849185889665335, 13.97477276975673, 9.72483924656877, 6.296531912894703]"
140,0,224,True,True,1.0,4.99,5,5,True,1,6,51.90954552854605,"[5.3115534180309005, 21.665253571143086, 15.868069239264024, 5.473236786527256, 3.5914325135807865]",25.24472275613296,"[3.0715058330320515, 9.449448892745805, 7.188547003312969, 3.13456234674563, 2.400658680296507]",76.57878416384165,9.699294386517115,[9.699294386517115],34.865725823898245,4.782724810741675,29.86572582389824,3.782724810741675,"[4.540191349071899, 2.669306752463875, 15.684953624730694, 8.624319068872538, 3.3469550287592362]",[4.782724810741675],"[3.540191349071899, 1.669306752463875, 14.684953624730694, 7.624319068872538, 2.3469550287592362]",[3.782724810741675],"[9.077413715568971, 4.280273724266346, 37.653727242899215, 19.549536074032147, 6.017833407074964]"
140,0,225,True,False,,0.0,1,1,,0,1,7.708764018899629,[7.708764018899629],4.006417967370855,[4.006417967370855],11.969467143105511,0.0,[],5.668092185811149,0.0,0.0,0.0,[5.668092185811149],[],[0.0],[],[11.969467143105511]
140,0,226,True,True,1.0,4.99,5,5,True,1,6,42.135286229327335,"[8.68049029594133, 8.74701269486214, 5.65931492721753, 16.548468311306333, 2.5]",21.43276162943766,"[4.385391215417119, 4.411334950996235, 3.2071328216148367, 7.45390264140947, 1.975]",38.532604555118034,10.705412869522451,[10.705412869522451],20.027715776496034,5.175111019113756,15.02771577649603,4.175111019113756,"[3.591583333558423, 4.1645247999562365, 3.504853028133874, 5.01907013868003, 3.7476844761674686]",[5.175111019113756],"[2.591583333558423, 3.164524799956236, 2.504853028133874, 4.01907013868003, 2.7476844761674686]",[4.175111019113756],"[6.6450854706626235, 8.114166153733938, 6.422700072138139, 10.305308047897514, 7.045344810685816]"
140,0,227,True,True,1.0,4.99,6,6,True,5,11,91.70176324491229,"[6.80040729412039, 10.030198921984573, 12.160063975795314, 25.016057651697572, 15.565682611292571, 22.129352790021876]",41.763687665515796,"[3.6521588447069524, 4.911777579573983, 5.7424249505601725, 10.756262484162054, 7.070616218404103, 9.630447588108533]",65.72984583017373,44.69287523697889,"[10.56546331444887, 7.116362850215365, 6.601714079438703, 2.550196367045611, 17.859138625830337]",31.634639873767753,22.430221342421767,25.634639873767753,17.430221342421767,"[2.800221846930129, 4.10102476561114, 1.975, 9.85467290301925, 7.899827072588932, 5.003893285618302]","[5.120530692635059, 3.7753815115839924, 3.5746684909810944, 1.9945765831477882, 7.9650640640738315]","[1.8002218469301294, 3.1010247656111396, 0.9750000000000001, 8.85467290301925, 6.899827072588932, 4.003893285618302]","[4.120530692635059, 2.7753815115839924, 2.5746684909810944, 0.9945765831477883, 6.9650640640738315]","[4.615953453666998, 7.951345552849076, 2.5, 22.704289494921152, 17.69186428868957, 10.266393040046928]"
140,0,228,True,False,,0.0,1,1,,0,1,9.855918592188402,[9.855918592188402],4.843808250953478,[4.843808250953478],7.85092782461235,0.0,[],4.061861851598817,0.0,0.0,0.0,[4.061861851598817],[],[0.0],[],[7.85092782461235]
140,0,229,True,True,1.0,4.99,4,4,True,0,4,39.93250044930594,"[6.358634700281541, 8.660991026040987, 14.216236315266725, 10.69663840771669]",19.57367517522932,"[3.479867533109801, 4.377786500155985, 6.5443321629540225, 5.1716889790095095]",49.89216910258368,0.0,[],23.457945950007634,0.0,19.457945950007634,0.0,"[12.076062836759236, 3.091265506111709, 3.882251690781543, 4.4083659163551445]",[],"[11.076062836759236, 2.091265506111709, 2.882251690781543, 3.408365916355145]",[],"[28.40016111989548, 5.362219246440279, 7.390388950721905, 8.739399785526013]"
140,0,230,True,False,,0.0,2,2,,0,2,38.21884109616665,"[12.84553960558784, 25.37330149057881]",16.905348027504996,"[6.009760446179258, 10.895587581325737]",8.143374964596514,0.0,[],5.175916236192641,0.0,0.0,0.0,"[1.975, 3.200916236192641]",[],"[0.0, 0.0]",[],"[2.5, 5.643374964596514]"
140,0,231,True,False,,0.0,3,3,,0,3,34.73300747888227,"[8.92488009713388, 15.3107758009789, 10.49735158076949]",16.545872916764086,"[4.480703237882214, 6.971202562381771, 5.093967116500101]",12.969846429660228,0.0,[],8.058240107567489,0.0,0.0,0.0,"[2.1143883716573746, 2.954107368611192, 2.989744367298923]",[],"[0.0, 0.0, 0.0]",[],"[2.8574060811727553, 5.010531714387671, 5.101908634099802]"
140,0,232,True,False,,0.0,3,3,,0,3,25.323025940209753,"[10.002522423696105, 3.982895815365868, 11.33760770114778]",12.875980116681804,"[4.900983745241481, 2.5533293679926885, 5.421667003447634]",38.68766711570599,0.0,[],18.088190175125337,0.0,0.0,0.0,"[3.6736050945538152, 9.798082337430925, 4.616502743140597]",[],"[0.0, 0.0, 0.0]",[],"[6.855397678343116, 22.559185480592113, 9.273083956770762]"
140,0,233,True,True,1.0,4.99,5,5,True,2,7,60.41104586252971,"[22.672271200880182, 16.863915503038367, 7.777483077248391, 2.5, 10.597376081362775]",28.56030788638659,"[9.84218576834327, 7.576927046184963, 4.033218400126873, 1.975, 5.132976671731482]",41.89439988455284,22.56914354786183,"[4.752404952094529, 17.8167385957673]",21.338815954975612,10.801965983666115,16.338815954975612,8.801965983666115,"[5.764074054568716, 4.786976746764225, 3.8151540265175092, 4.99761112712516, 1.975]","[2.8534379313168663, 7.948528052349248]","[4.764074054568716, 3.786976746764225, 2.8151540265175092, 3.99761112712516, 0.9750000000000001]","[1.8534379313168663, 6.948528052349248]","[12.215574498894142, 9.710196786574935, 7.218343657737202, 10.250284941346564, 2.5]"
140,0,234,True,True,1.0,4.99,6,6,True,4,10,79.16185594930045,"[18.10998130222172, 32.61261208475175, 2.937456613021845, 13.142045747359749, 8.417069175626152, 3.9426910263192205]",36.873123820227164,"[8.062892707866471, 13.718918713053183, 2.1456080790785195, 6.125397841470302, 4.282656978494199, 2.537649500264496]",43.353925359574966,32.84450090439213,"[10.632571068840408, 5.830726522593426, 8.123749630107056, 8.25745368285124]",22.90803089023424,16.80935535271293,16.90803089023424,12.809355352712931,"[2.0260412732107724, 3.688748876227814, 5.096974909876689, 2.5422726233061193, 7.082397246000078, 2.471595961612766]","[5.146702716847759, 3.273983343811436, 4.168262355741752, 4.220406936311984]","[1.0260412732107727, 2.688748876227814, 4.096974909876689, 1.5422726233061193, 6.082397246000078, 1.4715959616127663]","[4.146702716847759, 2.273983343811436, 3.168262355741752, 3.220406936311984]","[2.6308750595148016, 6.894227887763626, 10.50506387147869, 3.954545187964408, 15.595890374359175, 3.7733229784942726]"
140,0,235,True,True,1.0,4.99,4,4,True,0,4,53.1150305456199,"[18.14629275801116, 23.492545950436252, 3.3281888784133216, 8.148002958759175]",24.714861912791765,"[8.077054175624353, 10.162092920670139, 2.297993662581195, 4.177721153916078]",36.23654314607073,0.0,[],18.132251826967586,0.0,14.132251826967586,0.0,"[3.8361486671860954, 3.5218612309832547, 3.5391380992092905, 7.2351038295889465]",[],"[2.8361486671860954, 2.5218612309832547, 2.5391380992092905, 6.2351038295889465]",[],"[7.272176069707936, 6.466310848675011, 6.510610510793052, 15.987445716894733]"
140,0,236,True,False,,0.0,2,2,,0,2,15.940342872952769,"[7.7752729293709395, 8.16506994358183]",8.21673372045158,"[4.032356442454667, 4.184377277996914]",27.170327984322338,0.0,[],12.596427913885712,0.0,0.0,0.0,"[7.1573764200467895, 5.439051493838923]",[],"[0.0, 0.0]",[],"[15.78814466678664, 11.382183317535699]"
140,0,237,True,True,1.0,4.99,5,5,True,1,6,55.41903245318066,"[16.805732259453645, 11.30806061854117, 5.316857874203129, 7.83330742820551, 14.155074272777213]",26.61342265674046,"[7.554235581186922, 5.410143641231056, 3.0735745709392206, 4.054989897000149, 6.520478966383114]",47.489452062374546,6.67175959658538,[6.67175959658538],23.52088630432607,3.6019862426682985,18.520886304326073,2.6019862426682985,"[2.300717720554311, 3.872277340744476, 5.005099233410845, 3.2046036751140172, 9.138188334502424]",[3.6019862426682985],"[1.3007177205543112, 2.872277340744476, 4.005099233410845, 2.2046036751140172, 8.138188334502424]",[2.6019862426682985],"[3.335173642446952, 7.364813694216605, 10.269485213873962, 5.652829936189788, 20.86714957564724]"
140,0,238,True,False,,0.0,1,1,,0,1,8.259505346562694,[8.259505346562694],4.221207085159451,[4.221207085159451],8.880917612317633,0.0,[],4.463557868803877,0.0,0.0,0.0,[4.463557868803877],[],[0.0],[],[8.880917612317633]
140,0,239,True,False,,0.0,3,3,,0,3,11.997404595002191,"[5.675165708860212, 3.822238886141979, 2.5]",7.6789877920508545,"[3.2133146264554826, 2.4906731655953718, 1.975]",25.767324126267177,0.0,[],13.049256409244201,0.0,0.0,0.0,"[2.580486123342891, 8.428087203558269, 2.0406830823430413]",[],"[0.0, 0.0, 0.0]",[],"[4.052528521392029, 19.0463774450212, 2.6684181598539514]"
140,0,240,True,False,,0.0,2,2,,0,2,14.84231978723292,"[2.581862955562838, 12.260456831670083]",7.78850471702084,"[2.0069265526695066, 5.781578164351333]",26.937999933916856,0.0,[],12.505819974227574,0.0,0.0,0.0,"[6.662310356971121, 5.843509617256453]",[],"[0.0, 0.0]",[],"[14.518744505054157, 12.4192554288627]"
140,0,241,True,True,1.0,4.99,7,7,True,1,8,71.82881310564863,"[4.236976948672253, 5.593739558804995, 3.6057194954694882, 24.702504529292824, 10.566024684786683, 11.82364072929002, 11.300207159332379]",35.013237111202976,"[2.652421009982179, 3.181558427933948, 2.4062306032331007, 10.633976766424201, 5.1207496270668065, 5.611219884423107, 5.407080792139628]",84.25009105885935,10.706173437936894,[10.706173437936894],39.85753551295515,5.175407640795389,32.857535512955145,4.175407640795389,"[10.135769910776654, 3.619748330597123, 3.43837659632187, 9.175157258922013, 3.6253227099580294, 6.908381874652934, 2.954778831726525]",[5.175407640795389],"[9.135769910776654, 2.619748330597123, 2.43837659632187, 8.175157258922013, 2.6253227099580294, 5.908381874652934, 1.954778831726525]",[4.175407640795389],"[23.42505105327347, 6.717303411787495, 6.25224768287659, 20.96194168954362, 6.731596692200076, 15.149697114494703, 5.012253414683397]"
140,0,242,True,False,,0.0,1,1,,0,1,6.1224040360283745,[6.1224040360283745],3.3877375740510662,[3.3877375740510662],12.562940491153999,0.0,[],5.899546791550059,0.0,0.0,0.0,[5.899546791550059],[],[0.0],[],[12.562940491153999]
140,0,243,True,True,1.0,4.99,4,4,True,4,8,34.56479025791036,"[18.175164889876704, 5.815661882357441, 4.882314593213782, 5.691648892462432]",17.48026820058504,"[8.088314307051915, 3.268108134119402, 2.9041026913533754, 3.2197430680603483]",63.65301445228529,41.11609653887192,"[11.599639137565106, 2.7040229444949477, 7.464841850438453, 19.347592606373414]",28.824675636391262,20.03527765016005,24.824675636391262,16.03527765016005,"[8.091548667616177, 9.361527131140736, 3.7827692488346885, 7.588830588799661]","[5.523859263650391, 2.0545689483530296, 3.911288321670997, 8.545561116485633]","[7.091548667616178, 8.361527131140736, 2.7827692488346885, 6.588830588799661]","[4.523859263650391, 1.0545689483530296, 2.911288321670997, 7.545561116485632]","[18.183458122092762, 21.43981315677112, 7.135305766242791, 16.894437407178618]"
140,0,244,True,False,,0.0,1,1,,0,1,15.074392904804819,[15.074392904804819],6.87901323287388,[6.87901323287388],4.099037863368256,0.0,[],2.5986247667136197,0.0,0.0,0.0,[2.5986247667136197],[],[0.0],[],[4.099037863368256]
140,0,245,True,True,1.0,4.99,5,5,True,6,11,43.9905709574906,"[5.170366498291032, 6.56936421776926, 7.8076288217885965, 12.193570448551407, 12.249640971090301]",22.156322673421336,"[3.0164429343335026, 3.5620520449300113, 4.0449752404975525, 5.755492474935049, 5.777359978725218]",31.866897214924478,66.01832166142023,"[8.733176980955852, 23.80041440583036, 8.971246312161188, 5.361116396292464, 8.071076322787281, 11.081291243393084]",17.42808991382055,31.747145447953894,12.428089913820548,25.747145447953887,"[4.317759530173838, 3.2745935291299713, 2.6754776619391203, 4.501178043411468, 2.659081149166151]","[4.405939022572783, 10.282161618273841, 4.498786061742864, 3.0908353945540608, 4.1477197658870395, 5.321703584923303]","[3.3177595301738383, 2.2745935291299713, 1.67547766193912, 3.501178043411467, 1.6590811491661512]","[3.4059390225727824, 9.282161618273841, 3.4987860617428637, 2.0908353945540608, 3.1477197658870395, 4.321703584923303]","[8.507075718394457, 5.83229110033326, 4.296096569074667, 8.977379598490941, 4.254054228631157]"
140,0,246,True,True,1.0,4.99,6,6,True,4,10,59.40926696929206,"[12.74237392282897, 14.835011736150648, 7.354010651948409, 5.7454646933343, 6.941985249656117, 11.790420715373632]",29.16961411802391,"[5.969525829903298, 6.785654577098753, 3.8680641542598795, 3.2407312304003772, 3.7073742473658857, 5.598264078995716]",74.10038215163792,29.641914808940296,"[5.827873180883913, 2.3332531755562695, 16.529570172160778, 4.9512182803393365]",34.89914903913879,15.560346775486718,28.89914903913879,11.560346775486718,"[9.069867175265195, 5.292966503776263, 8.574636549482486, 5.074373426301174, 4.2876196499473895, 2.599685734366286]","[3.272870540544726, 1.909968738466945, 7.446532367142703, 2.9309751293323414]","[8.069867175265195, 4.292966503776263, 7.574636549482486, 4.074373426301174, 3.287619649947389, 1.5996857343662858]","[2.272870540544726, 0.9099687384669451, 6.446532367142703, 1.9309751293323414]","[20.6919671160646, 11.007606419939137, 19.42214499867304, 10.44711134949019, 8.429793974224074, 4.101758293246887]"
140,0,247,True,True,1.0,4.99,5,5,True,3,8,33.01039868543747,"[7.038001146435673, 2.672384366244565, 4.769080299523104, 6.496817796231956, 12.034115077002175]",17.874055487320614,"[3.7448204471099125, 2.0422299028353805, 2.8599413168140106, 3.533758940530463, 5.693304880030849]",37.62956509927156,40.08182098728518,"[6.868524336697181, 9.323812472133115, 23.88948417845488]",19.675530388715906,18.631910185041217,14.675530388715908,15.631910185041217,"[4.478723738188439, 1.975, 3.5955111680746574, 3.7545150460180796, 5.871780436434731]","[3.678724491311901, 4.636286864131915, 10.316898829597402]","[3.4787237381884393, 0.9750000000000001, 2.5955111680746574, 2.7545150460180796, 4.871780436434731]","[2.678724491311901, 3.636286864131915, 9.316898829597402]","[8.919804456893434, 2.5, 6.65515684121707, 7.06285909235405, 12.491744708807003]"
140,0,248,True,True,1.0,4.99,6,6,True,4,10,52.7252103616797,"[19.412692954546426, 4.794190961555357, 6.920449311182567, 7.773437696305455, 8.986812594506612, 4.837626843583286]",26.56283204105509,"[8.570950252273107, 2.869734475006589, 3.698975231361201, 4.031640701559128, 4.504856911857578, 2.886674468997482]",44.8009560758254,32.37365317612073,"[9.07265497974784, 2.923383783561125, 4.9942766788522786, 15.38333773395949]",23.472372869571906,16.625724738687087,17.472372869571906,12.625724738687087,"[2.7718133373438487, 1.975, 7.806326597950912, 4.180290905582287, 2.2313702476295525, 4.507571781065304]","[4.538335442101658, 2.1401196755888385, 2.9477679047523884, 6.999501716244201]","[1.771813337343849, 0.9750000000000001, 6.806326597950912, 3.1802909055822868, 1.2313702476295523, 3.5075717810653044]","[3.538335442101658, 1.1401196755888388, 1.9477679047523886, 5.999501716244201]","[4.543111121394484, 2.5, 17.452119481925415, 8.154592065595606, 3.157359609306544, 8.993773797603344]"
140,0,249,True,False,,0.0,1,1,,0,1,4.575801715990248,[4.575801715990248],2.7845626692361964,[2.7845626692361964],4.191562537811098,0.0,[],2.6347093897463285,0.0,0.0,0.0,[2.6347093897463285],[],[0.0],[],[4.191562537811098]
140,0,250,True,True,1.0,4.99,5,5,True,4,9,37.51049062141592,"[14.162158797696282, 11.348933048861081, 4.661458634554023, 4.3814782346605865, 2.956461905643949]",19.62909134235221,"[6.52324193110155, 5.426083889055822, 2.8179688674760692, 2.7087765115176285, 2.1530201432011404]",40.52270356703603,50.02902193922128,"[22.139459665010452, 5.081977855063999, 11.842030034551955, 10.965554384594872]",20.80385439114405,23.511318556296303,15.803854391144052,19.511318556296303,"[3.823764170001541, 4.474512732787334, 1.975, 6.394845218074248, 4.135732270280931]","[9.634389269354077, 2.98197136347496, 5.618391713475263, 5.2765662099920005]","[2.823764170001541, 3.4745127327873337, 0.9750000000000001, 5.394845218074248, 3.1357322702809314]","[8.634389269354077, 1.9819713634749598, 4.618391713475263, 4.2765662099920005]","[7.2404209487219, 8.909007007147009, 2.5, 13.832936456600635, 8.04033915456649]"
140,0,251,True,True,1.0,4.99,5,5,True,3,8,43.467057532352214,"[6.403932052792055, 7.346643055689313, 11.807829013431544, 7.884840458513411, 10.023812951925894]",21.952152437617364,"[3.4975335005889017, 3.865190791718832, 5.605053315238302, 4.07508777882023, 4.909287051251098]",50.57210871088585,58.271059018556286,"[7.928679096727314, 13.885206061453905, 36.45717386037507]",24.723122397245483,25.725713017236956,19.723122397245483,22.725713017236956,"[2.41646049777775, 5.910337240418683, 3.7486923438837003, 7.442820041105097, 5.204812274060251]","[4.092184847723653, 6.415230363967023, 15.218297805546278]","[1.41646049777775, 4.910337240418683, 2.7486923438837003, 6.442820041105097, 4.204812274060251]","[3.0921848477236527, 5.415230363967023, 14.218297805546278]","[3.6319499943019227, 12.590608308765855, 7.0479290868812825, 16.520051387448966, 10.781569933487823]"
140,0,252,True,False,,0.0,1,1,,0,1,2.5,[2.5],1.975,[1.975],9.96552337860966,0.0,[],4.886554117657768,0.0,0.0,0.0,[4.886554117657768],[],[0.0],[],[9.96552337860966]
140,0,253,True,False,,0.0,2,2,,0,2,17.540698364378127,"[4.638711829968881, 12.901986534409247]",8.84087236210747,"[2.8090976136878636, 6.031774748419607]",14.452856495673672,0.0,[],7.636614033312732,0.0,0.0,0.0,"[4.909009877701509, 2.727604155611223]",[],"[0.0, 0.0]",[],"[10.02310225051669, 4.429754245156981]"
140,0,254,True,False,,0.0,2,2,,0,2,12.180157982891782,"[6.297216476437169, 5.882941506454612]",6.750261613327795,"[3.455914425810496, 3.2943471875172987]",22.98300840097521,0.0,[],10.96337327638033,0.0,0.0,0.0,"[4.631773375249928, 6.331599901130404]",[],"[0.0, 0.0]",[],"[9.312239423717765, 13.670768977257445]"
140,0,255,True,False,,0.0,2,2,,0,2,15.141250859500438,"[8.951664419682434, 6.189586439818005]",7.905087835205172,"[4.491149123676149, 3.4139387115290223]",28.222378989233054,0.0,[],13.00672780580089,0.0,0.0,0.0,"[7.751632735580393, 5.255095070220498]",[],"[0.0, 0.0]",[],"[17.311878809180495, 10.910500180052559]"
140,0,256,True,False,,0.0,3,3,,0,3,13.866954364715335,"[6.087677212066694, 5.279277152648641, 2.5]",8.40811220223898,"[3.374194112706011, 3.05891808953297, 1.975]",31.70343747726061,0.0,[],15.36434061613164,0.0,0.0,0.0,"[4.379918968426063, 7.341962391538475, 3.6424592561671023]",[],"[0.0, 0.0, 0.0]",[],"[8.66645889340016, 16.261442029585833, 6.775536554274621]"
140,0,257,True,False,,0.0,2,2,,0,2,29.342653244284733,"[19.957292518052434, 9.385360726232298]",13.443634765271046,"[8.78334408204045, 4.660290683230596]",21.097929610812564,0.0,[],10.2281925482169,0.0,0.0,0.0,"[4.606251727519494, 5.621940820697406]",[],"[0.0, 0.0]",[],"[9.246799301332036, 11.85113030948053]"
140,0,258,True,False,,0.0,2,2,,0,2,25.70342352586299,"[19.407246523480882, 6.296177002382108]",12.024335175086566,"[8.568826144157544, 3.455509030929022]",10.794189555788723,0.0,[],6.209733926757602,0.0,0.0,0.0,"[3.1184805289882123, 3.0912533977693903]",[],"[0.0, 0.0]",[],"[5.432001356380031, 5.362188199408693]"
140,0,259,True,True,1.0,4.99,4,4,True,2,6,33.21662941759539,"[11.485139153707099, 7.911789686992224, 9.517177343429315, 4.302523233466753]",16.954485472862206,"[5.479204269945769, 4.085597977926968, 4.711699163937434, 2.677984061052034]",44.49411280881526,20.3439740994882,"[2.901649805554077, 17.442324293934124]",21.352703995437952,9.9341498988004,17.352703995437952,7.934149898800399,"[5.284700244920031, 1.975, 5.730711204652144, 8.362292545865778]","[2.13164342416609, 7.802506474634309]","[4.284700244920031, 0.9750000000000001, 4.730711204652144, 7.362292545865777]","[1.1316434241660902, 6.802506474634309]","[10.986410884410335, 2.5, 12.13002872987729, 18.87767319452763]"
140,0,260,True,True,1.0,4.99,5,5,True,1,6,48.62896292516295,"[21.236699485473522, 4.587986199236062, 2.5, 13.34244385162148, 6.961833388831886]",23.965295540813553,"[9.282312799334674, 2.7893146177020642, 1.975, 6.2035531021323775, 3.7151150216444355]",50.88656445592956,6.534938664272635,[6.534938664272635],24.845760137812526,3.5486260790663278,19.845760137812526,2.5486260790663278,"[3.5431020494931458, 4.179894481977719, 4.843321516338456, 4.836535533480491, 7.442906556522714]",[3.5486260790663278],"[2.5431020494931458, 3.1798944819777195, 3.8433215163384564, 3.836535533480492, 6.442906556522714]",[2.5486260790663278],"[6.520774485879861, 8.153575594814665, 9.85467055471399, 9.837270598667928, 16.520273221853113]"
140,0,261,True,False,,0.0,2,2,,0,2,30.118629829970203,"[19.92046275120986, 10.19816707876034]",13.746265633688378,"[8.768980472971846, 4.977285160716533]",37.11911967316633,0.0,[],16.476456672534873,0.0,0.0,0.0,"[8.97085225097858, 7.50560442155629]",[],"[0.0, 0.0]",[],"[20.43808269481687, 16.68103697834946]"
140,0,262,True,True,1.0,4.99,4,4,True,1,5,34.23406409826374,"[21.053733904152466, 3.6445310187138036, 2.5, 7.035799175397468]",17.351284998322857,"[9.210956222619462, 2.4213670972983836, 1.975, 3.7439616784050127]",50.52999696316401,9.586798899116104,[9.586798899116104],23.706698815633963,4.738851570655281,19.706698815633963,3.7388515706552807,"[6.226816846600745, 5.806897185777101, 5.934369964070534, 5.738614819185584]",[4.738851570655281],"[5.226816846600745, 4.806897185777101, 4.934369964070534, 4.738614819185584]",[3.7388515706552807],"[13.402094478463448, 12.325377399428461, 12.652230677103933, 12.150294408168165]"
140,0,263,True,False,,0.0,1,1,,0,1,2.9184508791018686,[2.9184508791018686],2.1381958428497287,[2.1381958428497287],12.22540997975789,0.0,[],5.767909892105577,0.0,0.0,0.0,[5.767909892105577],[],[0.0],[],[12.22540997975789]
140,0,264,True,False,,0.0,2,2,,0,2,17.262319161102063,"[14.762319161102065, 2.5]",8.732304472829805,"[6.757304472829805, 1.975]",27.108016411862796,0.0,[],12.572126400626491,0.0,0.0,0.0,"[9.845811769155866, 2.7263146314706246]",[],"[0.0, 0.0]",[],"[22.681568638861194, 4.426447773001602]"
140,0,265,True,False,,0.0,1,1,,0,1,5.663632679218467,[5.663632679218467],3.208816744895202,[3.208816744895202],21.63198990797471,0.0,[],9.436476064110137,0.0,0.0,0.0,[9.436476064110137],[],[0.0],[],[21.63198990797471]
140,0,266,True,False,,0.0,2,2,,0,2,19.22377510267034,"[15.198647256850279, 4.025127845820063]",9.497272290041433,"[6.927472430171609, 2.569799859869825]",26.01388131249407,0.0,[],12.145413711872688,0.0,0.0,0.0,"[1.9958624901450182, 10.14955122172767]",[],"[0.0, 0.0]",[],"[2.5534935644744055, 23.460387748019667]"
140,0,267,True,True,1.0,4.99,5,5,True,1,6,33.432720503207314,"[4.909381648122773, 6.272570510988516, 8.61191076343728, 10.115671979546349, 3.5231856011123974]",18.038760996250854,"[2.9146588427678815, 3.4463024992855216, 4.35864519774054, 4.945112072023076, 2.374042384433835]",46.05370968036185,4.9900150308272675,[4.9900150308272675],22.96094677534112,2.9461058620226344,17.96094677534112,1.9461058620226344,"[5.08245249402683, 5.187338375157219, 2.5885019954684996, 3.014105808053937, 7.088548102634636]",[2.9461058620226344],"[4.08245249402683, 4.187338375157219, 1.5885019954684998, 2.014105808053937, 6.088548102634636]",[1.9461058620226344],"[10.467826907761102, 10.736765064505688, 4.07308203966282, 5.164373866804966, 15.611661801627271]"
140,0,268,True,False,,0.0,2,2,,0,2,17.818818235911,"[9.75464615809525, 8.06417207781575]",8.94933911200529,"[4.804312001657148, 4.145027110348142]",21.30369938176465,0.0,[],10.308442758888214,0.0,0.0,0.0,"[6.383067171483381, 3.9253755874048326]",[],"[0.0, 0.0]",[],"[13.802736337136873, 7.500963044627776]"
140,0,269,True,False,,0.0,2,2,,0,2,25.786987025692,"[14.800854075078243, 10.986132950613758]",12.056924940019881,"[6.772333089280515, 5.284591850739366]",20.18278514057038,0.0,[],9.871286204822448,0.0,0.0,0.0,"[4.050324948844021, 5.820961255978427]",[],"[0.0, 0.0]",[],"[7.821346022676977, 12.361439117893404]"
140,0,270,True,False,,0.0,3,3,,0,3,30.77140359222623,"[5.710204779476187, 9.344526014654704, 15.71667279809534]",15.00084740096823,"[3.226979863995713, 4.644365145715335, 7.129502391257183]",19.966634339017798,0.0,[],10.78698739221694,0.0,0.0,0.0,"[3.300556823224318, 4.260479714237507, 3.225950854755116]",[],"[0.0, 0.0, 0.0]",[],"[5.898863649293123, 8.360204395480787, 5.707566294243887]"
140,0,271,True,True,1.0,4.99,4,4,True,0,4,37.452377845034704,"[16.08089585872817, 6.227191651040287, 12.414371483620295, 2.7299188516459547]",18.606427359563536,"[7.271549384903986, 3.428604743905712, 5.841604878611915, 2.0646683521419225]",30.384376321641923,0.0,[],15.84990676544035,0.0,11.84990676544035,0.0,"[5.92835620293837, 2.2397157079111505, 3.9995254960802042, 3.6823093585106257]",[],"[4.92835620293837, 1.2397157079111505, 2.9995254960802042, 2.6823093585106257]",[],"[12.636810776765051, 3.1787582254132065, 7.691091015590267, 6.877716303873399]"
140,0,272,True,True,1.0,4.99,5,5,True,2,7,68.4290355376317,"[13.342696726917305, 16.86702935510456, 11.118023286296244, 18.73871021260914, 8.36257595670446]",31.68732385967637,"[6.2036517234977495, 7.578141448490778, 5.336029081655536, 8.308096982917565, 4.261404623114739]",65.68116478443777,11.825994565674067,"[7.381407577006893, 4.444586988667174]",30.615654265930733,6.612137880612886,25.61565426593073,4.612137880612886,"[3.8143494003907574, 2.8270777671098637, 11.20756875341656, 8.047457690825851, 4.7192006541876985]","[3.8787489550326884, 2.733388925580198]","[2.8143494003907574, 1.8270777671098635, 10.20756875341656, 7.047457690825851, 3.7192006541876985]","[2.8787489550326884, 1.733388925580198]","[7.216280513822454, 4.684814787461188, 26.173253213888614, 18.0704043354509, 9.53641193381461]"
140,0,273,True,False,,0.0,1,1,,0,1,3.874962010113803,[3.874962010113803],2.5112351839443834,[2.5112351839443834],4.856808734587478,0.0,[],2.8941554064891166,0.0,0.0,0.0,[2.8941554064891166],[],[0.0],[],[4.856808734587478]
140,0,274,True,True,1.0,4.99,5,5,True,2,7,63.31417281199878,"[12.600216269422171, 21.60015297514304, 10.520569986273008, 4.525238817171332, 14.067994763989226]",29.692527396679523,"[5.914084345074647, 9.424059660305785, 5.103022294646474, 2.7648431386968197, 6.486517957955798]",32.776545241313094,16.348724883931148,"[9.794229814473024, 6.554495069458125]",17.782852644112104,8.376002704733148,12.782852644112104,6.376002704733148,"[3.0606267323199603, 5.186109698223906, 1.975, 4.383590069626772, 3.177526143941466]","[4.819749627644479, 3.5562530770886687]","[2.0606267323199603, 4.186109698223906, 0.9750000000000001, 3.3835900696267722, 2.177526143941466]","[3.8197496276444793, 2.5562530770886687]","[5.283658287999899, 10.733614610830529, 2.5, 8.67587197340198, 5.583400369080683]"
140,0,275,True,False,,0.0,1,1,,0,1,11.03631215916262,[11.03631215916262],5.304161742073422,[5.304161742073422],5.459851845924775,0.0,[],3.1293422199106624,0.0,0.0,0.0,[3.1293422199106624],[],[0.0],[],[5.459851845924775]
140,0,276,True,False,,0.0,2,2,,0,2,15.709045827998064,"[7.15449349272513, 8.554552335272934]",8.126527872919246,"[3.7902524621628007, 4.3362754107564445]",18.21038564031611,0.0,[],9.102050399723284,0.0,0.0,0.0,"[3.4399878153712256, 5.662062584352058]",[],"[0.0, 0.0]",[],"[6.256379013772373, 11.954006626543737]"
140,0,277,True,False,,0.0,3,3,,0,3,43.78791964155813,"[10.801609809898608, 17.694064027486668, 15.292245804172854]",20.07728866020767,"[5.212627825860457, 7.900684970719801, 6.963975863627414]",16.03775118311748,0.0,[],9.254722961415817,0.0,0.0,0.0,"[2.863852253321589, 2.229109606214269, 4.161761101879959]",[],"[0.0, 0.0, 0.0]",[],"[4.779108341850228, 3.1515630928570992, 8.107079748410152]"
140,0,278,True,False,,0.0,3,3,,0,3,37.57411006689183,"[3.9050950451622755, 18.323374794085982, 15.345640227643571]",17.653902926087813,"[2.5229870676132875, 8.146116169693533, 6.984799688780993]",39.913752615713506,0.0,[],18.56636352012827,0.0,0.0,0.0,"[8.714364332091284, 4.945115481891785, 4.9068837061452]",[],"[0.0, 0.0, 0.0]",[],"[19.780421364336625, 10.115680722799446, 10.017650528577434]"
140,0,279,True,True,1.0,4.99,4,4,True,0,4,34.16527205636684,"[7.73477281570828, 12.09756551537782, 3.973761721381324, 10.359172003899417]",17.324456101983067,"[4.016561398126229, 5.71805055099735, 2.5497670713387164, 5.0400770815207725]",30.84696714541199,0.0,[],16.030317186710676,0.0,12.030317186710676,0.0,"[2.344497595624681, 4.417314370784667, 4.384290504100938, 4.884214716200391]",[],"[1.3444975956246812, 3.417314370784667, 3.384290504100938, 3.8842147162003906]",[],"[3.4474297323709773, 8.762344540473505, 8.677667959233174, 9.959524913334334]"
140,0,280,True,False,,0.0,3,3,,0,3,27.156648559893895,"[11.056713674692817, 6.417342043996737, 9.682592841204338]",13.591092938358617,"[5.312118333130199, 3.5027633971587275, 4.776211208069691]",31.340834080134293,0.0,[],15.222925291252375,0.0,0.0,0.0,"[4.788145501691012, 2.3674294354277006, 8.067350354133662]",[],"[0.0, 0.0, 0.0]",[],"[9.71319359407952, 3.5062293216094886, 18.121411164445284]"
140,0,281,True,False,,0.0,3,3,,0,3,26.166991908044416,"[3.7186019180009833, 8.112718557075103, 14.33567143296833]",13.205126844137322,"[2.4502547480203836, 4.163960237259291, 6.590911858857648]",16.82615258580997,0.0,[],9.56219950846589,0.0,0.0,0.0,"[2.0664224586177964, 4.193408756122307, 3.302368293725786]",[],"[0.0, 0.0, 0.0]",[],"[2.7344165605584525, 8.188227579800786, 5.903508445450733]"
140,0,282,True,False,,0.0,2,2,,0,2,9.720480066714899,"[2.5756202040173224, 7.144859862697576]",5.79098722601881,"[2.0044918795667557, 3.7864953464520545]",11.34273777647228,0.0,[],6.423667732824189,0.0,0.0,0.0,"[4.1742655427788895, 2.2494021900452994]",[],"[0.0, 0.0]",[],"[8.139142417381768, 3.203595359090511]"
140,0,283,True,False,,0.0,1,1,,0,1,14.822616574343431,[14.822616574343431],6.780820463993939,[6.780820463993939],4.935254236216439,0.0,[],2.924749152124411,0.0,0.0,0.0,[2.924749152124411],[],[0.0],[],[4.935254236216439]
140,0,284,True,True,1.0,4.99,4,4,True,3,7,23.75662851704994,"[6.201866745404017, 6.75734681675806, 7.623427736455908, 3.1739872184319537]",13.265085121649477,"[3.4187280307075665, 3.6353652585356437, 3.9731368172178043, 2.2378550151884617]",26.438569218985336,20.83223756928145,"[7.040178748188078, 5.036776666010839, 8.755282155082533]",14.311041995404281,11.124572652019765,10.311041995404281,8.124572652019765,"[5.938964363222704, 3.321111576710912, 2.0306432961028675, 3.020322759367798]","[3.7456697117933504, 2.9643428997442274, 4.414560040482188]","[4.938964363222704, 2.321111576710912, 1.0306432961028675, 2.020322759367798]","[2.7456697117933504, 1.9643428997442274, 3.414560040482188]","[12.664011187750523, 5.951568145412595, 2.642675118212481, 5.1803147676097385]"
140,0,285,True,False,,0.0,2,2,,0,2,12.455417703512955,"[6.881069148389992, 5.574348555122963]",6.857612904370052,"[3.683616967872097, 3.1739959364979557]",14.204262739490982,0.0,[],7.539662468401483,0.0,0.0,0.0,"[2.4985293386922383, 5.0411331297092445]",[],"[0.0, 0.0]",[],"[3.842382919723688, 10.361879819767294]"
140,0,286,True,False,,0.0,1,1,,0,1,10.389277770790407,[10.389277770790407],5.051818330608259,[5.051818330608259],8.315082591938134,0.0,[],4.242882210855873,0.0,0.0,0.0,[4.242882210855873],[],[0.0],[],[8.315082591938134]
140,0,287,True,False,,0.0,3,3,,0,3,25.401645104870013,"[15.165969820274762, 6.752009876282654, 3.483665408312595]",12.906641590899305,"[6.9147282299071575, 3.633283851750235, 2.3586295092419123]",31.104449556119555,0.0,[],15.130735326886626,0.0,0.0,0.0,"[5.529074642888944, 5.46366686268846, 4.137993821309221]",[],"[0.0, 0.0, 0.0]",[],"[11.613011904843447, 11.445299647919128, 8.046138003356978]"
140,0,288,True,False,,0.0,2,2,,0,2,22.15004180021566,"[14.212393677258149, 7.937648122957511]",10.638516302084106,"[6.542833534130678, 4.095682767953429]",22.502264006640786,0.0,[],10.775882962589908,0.0,0.0,0.0,"[6.354656703668883, 4.421226258921025]",[],"[0.0, 0.0]",[],"[13.729888983766365, 8.772375022874423]"
140,0,289,True,False,,0.0,1,1,,0,1,6.168541355856579,[6.168541355856579],3.405731128784066,[3.405731128784066],3.65699887759418,0.0,[],2.4262295622617303,0.0,0.0,0.0,[2.4262295622617303],[],[0.0],[],[3.65699887759418]
140,0,290,True,False,,0.0,2,2,,0,2,26.05457775251336,"[15.169875980662301, 10.88470177185106]",12.161285323480211,"[6.916251632458297, 5.245033691021913]",19.07873251309154,0.0,[],9.440705680105701,0.0,0.0,0.0,"[5.687407326931733, 3.753298353173968]",[],"[0.0, 0.0]",[],"[12.018993145978802, 7.059739367112738]"
140,0,291,True,False,,0.0,2,2,,0,2,17.284113058807538,"[6.019663063221711, 11.264449995585826]",8.74080409293494,"[3.3476685946564673, 5.393135498278473]",11.635066937892713,0.0,[],6.537676105778158,0.0,0.0,0.0,"[2.5219575703779027, 4.015718535400255]",[],"[0.0, 0.0]",[],"[3.902455308661289, 7.732611629231423]"
140,0,292,True,True,1.0,4.99,5,5,True,1,6,42.91215488672195,"[6.2133119433914885, 11.925065745272665, 9.750534361497493, 8.977486242789885, 6.045756593770421]",21.735740405821566,"[3.4231916579226804, 5.65077564065634, 4.802708400984022, 4.501219634688056, 3.3578450715704644]",48.19978681263633,3.323198964501989,[3.323198964501989],23.797916856928172,2.296047596155776,18.797916856928172,1.2960475961557758,"[1.975, 6.005651883299442, 3.0451389959685056, 5.788972904903592, 6.983153072756633]",[2.296047596155776],"[0.9750000000000001, 5.005651883299442, 2.0451389959685056, 4.788972904903592, 5.983153072756633]",[1.2960475961557758],"[2.5, 12.835004828972927, 5.243946143508989, 12.279417704881006, 15.341418135273418]"
140,0,293,True,False,,0.0,1,1,,0,1,15.379156562176394,[15.379156562176394],6.997871059248794,[6.997871059248794],3.2794633801865363,0.0,[],2.278990718272749,0.0,0.0,0.0,[2.278990718272749],[],[0.0],[],[3.2794633801865363]
140,0,294,True,True,1.0,4.99,5,5,True,2,7,42.85635215138051,"[12.462554044301243, 4.636888513818391, 12.001555822742228, 10.498753854686298, 3.2565999158323518]",21.7139773390384,"[5.860396077277485, 2.8083865203891727, 5.680606770869469, 5.094514003327657, 2.2700739671746173]",56.928504754343756,25.61219562509336,"[4.58002000739437, 21.03217561769899]",27.202116854194067,11.988756293786409,22.202116854194067,9.98875629378641,"[5.654385986717133, 6.2247365018235055, 5.525305818052991, 4.446074633642503, 5.3516139139579355]","[2.786207802883804, 9.202548490902606]","[4.654385986717133, 5.2247365018235055, 4.525305818052991, 3.4460746336425028, 4.3516139139579355]","[1.7862078028838042, 8.202548490902606]","[11.934323042864444, 13.39676026108591, 11.603348251417925, 8.836088804211546, 11.157984394763938]"
140,0,295,True,False,,0.0,1,1,,0,1,3.03769597811072,[3.03769597811072],2.1847014314631807,[2.1847014314631807],10.14572803847011,0.0,[],4.956833935003344,0.0,0.0,0.0,[4.956833935003344],[],[0.0],[],[10.14572803847011]
140,0,296,True,False,,0.0,3,3,,0,3,24.687282307665804,"[12.988933934128193, 4.60129345899904, 7.097054914538571]",12.628040099989663,"[6.0656842343099955, 2.794504449009626, 3.7678514166700428]",20.720084204835025,0.0,[],11.08083283988566,0.0,0.0,0.0,"[3.766727153629015, 3.686144458255262, 3.6279612280013844]",[],"[0.0, 0.0, 0.0]",[],"[7.094172188792346, 6.88754989296221, 6.738362123080472]"
140,0,297,True,True,1.0,4.99,6,6,True,5,11,66.0615614097303,"[5.7990293608443, 10.227348125081807, 15.416882078624006, 10.60061999381796, 6.098276170258055, 17.919405681104177]",31.76400894979482,"[3.2616214507292773, 4.988665768781905, 7.012584010663363, 5.134241797589004, 3.3783277064006416, 7.988568215630629]",43.73793722390497,31.11125286204039,"[7.695057383465237, 5.6136298722095495, 5.533096795445378, 7.4724169920391, 4.797051818881127]",23.057795517322937,17.133388616195752,17.05779551732294,12.133388616195754,"[6.601409843954641, 2.2754094895135077, 5.306433053844971, 2.637063435386838, 4.26247969462298, 1.975]","[4.0010723795514425, 3.1893156501617246, 3.157907750223697, 3.914242626895249, 2.8708502093636397]","[5.601409843954641, 1.2754094895135077, 4.306433053844971, 1.6370634353868383, 3.262479694622981, 0.9750000000000001]","[3.0010723795514425, 2.1893156501617246, 2.157907750223697, 2.914242626895249, 1.8708502093636397]","[14.362589343473438, 3.2702807423423277, 11.042136035499926, 4.197598552273944, 8.365332550315335, 2.5]"
140,0,298,True,True,1.0,4.99,5,5,True,1,6,63.103615780444265,"[4.235801438865822, 13.455772847931573, 8.541967628385894, 25.011471460592045, 11.858602404668929]",29.610410154373266,"[2.6519625611576707, 6.247751410693314, 4.331367375070499, 10.754473869630898, 5.624854937820882]",32.911333646655315,9.164299132023228,[9.164299132023228],17.835420122195572,4.574076661489059,12.835420122195572,3.574076661489059,"[2.2296612204381274, 2.7699102309108516, 5.39066379709332, 2.426133942499828, 5.019050931253444]",[4.574076661489059],"[1.2296612204381276, 1.7699102309108514, 4.39066379709332, 1.426133942499828, 4.019050931253444]",[3.574076661489059],"[3.1529774883028914, 4.538231361309875, 11.258112300239283, 3.6567536987175076, 10.305258798085754]"
140,0,299,True,True,1.0,4.99,6,6,True,2,8,48.46161784378744,"[3.0139044811565534, 8.773356965354614, 9.99297210392315, 7.607525414501629, 8.510196946018812, 10.563661932832675]",24.9000309590771,"[2.175422747651056, 4.421609216488299, 4.897259120530029, 3.9669349116556356, 4.318976808947337, 5.119828153804743]",38.108453975403805,24.949765310011202,"[9.02907890679336, 15.920686403217841]",20.862297050407484,11.730408470904369,14.862297050407486,9.730408470904369,"[4.301093500442667, 1.975, 5.297400789788678, 2.5521803055997565, 3.964586660099151, 2.772035794477233]","[4.521340773649411, 7.209067697254958]","[3.3010935004426667, 0.9750000000000001, 4.297400789788678, 1.5521803055997565, 2.964586660099151, 1.7720357944772331]","[3.5213407736494107, 6.209067697254958]","[8.46434230882735, 2.5, 11.018976384073532, 3.979949501537837, 7.60150425666449, 4.543681524300598]"
140,0,300,True,False,,0.0,2,2,,0,2,22.66489437939655,"[14.657962378437583, 8.006932000958969]",10.839308807964656,"[6.716605327590657, 4.122703480373998]",26.237642842385128,0.0,[],12.2326807085302,0.0,0.0,0.0,"[5.175412214952458, 7.057268493577743]",[],"[0.0, 0.0]",[],"[10.706185166544765, 15.531457675840365]"
140,0,301,True,False,,0.0,2,2,,0,2,22.21596307862754,"[3.219440708477194, 18.996522370150345]",10.664225600664741,"[2.2555818763061057, 8.408643724358635]",11.296033847968417,0.0,[],6.405453200707683,0.0,0.0,0.0,"[3.436156781665779, 2.9692964190419033]",[],"[0.0, 0.0]",[],"[6.246555850425075, 5.049477997543342]"
140,0,302,True,True,1.0,4.99,6,6,True,0,6,85.23144306183468,"[5.926141800978782, 10.633688409300353, 29.311181315088188, 6.531458333616385, 8.355830691933884, 24.473142510917096]",39.24026279411553,"[3.311195302381725, 5.147138479627138, 12.431360712884393, 3.54726875011039, 4.258773969854214, 10.544525579257668]",68.89729449958088,0.0,[],32.86994485483654,0.0,26.86994485483654,0.0,"[2.1185131987262156, 3.3991682902789315, 4.82923989288274, 9.228014043833081, 5.2412219280766115, 8.053787501038961]",[],"[1.1185131987262156, 2.3991682902789315, 3.829239892882739, 8.228014043833081, 4.2412219280766115, 7.053787501038962]",[],"[2.86798256083645, 6.151713564817773, 9.818563827904459, 21.09747190726431, 10.874928020709259, 18.08663461804862]"
140,0,303,True,False,,0.0,2,2,,0,2,28.239041236702793,"[7.4173227981632905, 20.821718438539502]",13.013226082314091,"[3.8927558912836835, 9.120470191030407]",23.282046683132272,0.0,[],11.079998206421585,0.0,0.0,0.0,"[4.250965619881881, 6.829032586539705]",[],"[0.0, 0.0]",[],"[8.335809281748412, 14.946237401383858]"
140,0,304,True,True,1.0,4.99,4,4,True,0,4,40.70670929660153,"[3.150514795099948, 19.234541771244395, 11.582682575861874, 6.738970154395315]",19.8756166256746,"[2.22870077008898, 8.501471290785314, 5.517246204586131, 3.628198360214173]",31.388598666840885,0.0,[],16.241553480067946,0.0,12.241553480067946,0.0,"[3.1929249181260726, 2.408740738218608, 4.876091781591967, 5.7637960421312995]",[],"[2.1929249181260726, 1.4087407382186077, 3.8760917815919664, 4.7637960421312995]",[],"[5.622884405451468, 3.612155739022071, 9.938696875876836, 12.214861646490512]"
140,0,305,True,False,,0.0,2,2,,0,2,26.598031990128412,"[13.971824774102428, 12.626207216025986]",12.373232476150083,"[6.449011661899947, 5.924220814250135]",26.52870758234691,0.0,[],12.346195957115295,0.0,0.0,0.0,"[7.446853103430621, 4.899342853684674]",[],"[0.0, 0.0]",[],"[16.53039257289903, 9.998315009447882]"
140,0,306,True,True,1.0,4.99,4,4,True,2,6,37.68910259415379,"[10.581451902275065, 11.208610115327344, 13.133270281434614, 2.7657702951167686]",18.69875001171998,"[5.1267662418872755, 5.371357944977665, 6.121975409759499, 2.07865041509554]",47.53093915469049,25.22357709161067,"[10.039997196983283, 15.183579894627387]",22.537066270329294,11.837195065728162,18.537066270329294,9.837195065728162,"[6.964378537381983, 7.500863200809272, 3.0414297381089854, 5.030394794029053]","[4.91559890682348, 6.9215961589046815]","[5.964378537381983, 6.500863200809272, 2.0414297381089854, 4.030394794029053]","[3.9155989068234804, 5.9215961589046815]","[15.293278300979445, 16.668880002075056, 5.234435225920475, 10.334345625715521]"
140,0,307,True,True,1.0,4.99,5,5,True,2,7,39.428660021563246,"[3.282103593324585, 3.566669179276374, 7.870685149641604, 14.591130935320553, 10.11807116400013]",20.377177408409665,"[2.2800204013965883, 2.391000979917786, 4.069567208360226, 6.690541064775016, 4.94604775396005]",74.67955015683887,13.007231366961005,"[9.53541719589475, 3.4718141710662542]",34.125024561167166,7.072820233114792,29.125024561167166,5.072820233114792,"[5.365191408209635, 3.9611086419344645, 6.491519946709946, 2.0224427505714995, 16.284761813741618]","[4.7188127063989525, 2.354007526715839]","[4.365191408209635, 2.9611086419344645, 5.491519946709946, 1.0224427505714995, 15.284761813741618]","[3.7188127063989525, 1.3540075267158391]","[11.192798482588808, 7.592586261370421, 14.08082037617935, 2.62164807838846, 39.19169695831184]"
140,0,308,True,False,,0.0,2,2,,0,2,13.980213281563234,"[6.8135027992812045, 7.16671048228203]",7.452283179809662,"[3.65726609171967, 3.795017088089992]",19.161632590622276,0.0,[],9.473036710342686,0.0,0.0,0.0,"[5.851001019363158, 3.6220356909795286]",[],"[0.0, 0.0]",[],"[12.438464152213227, 6.723168438409047]"
140,0,309,True,False,,0.0,2,2,,0,2,20.550289098124864,"[11.074952032962075, 9.47533706516279]",10.014612748268698,"[5.31923129285521, 4.6953814554134885]",7.3746375517074885,0.0,[],4.876108645165921,0.0,0.0,0.0,"[2.0859396719803422, 2.7901689731855788]",[],"[0.0, 0.0]",[],"[2.7844606973854926, 4.590176854321996]"
140,0,310,True,False,,0.0,1,1,,0,1,10.836968702954628,[10.836968702954628],5.226417794152305,[5.226417794152305],24.30216353404234,0.0,[],10.477843778276513,0.0,0.0,0.0,[10.477843778276513],[],[0.0],[],[24.30216353404234]
140,0,311,True,False,,0.0,3,3,,0,3,27.66821414871177,"[10.61556755275598, 10.00611833962023, 7.046528256335559]",13.790603517997589,"[5.140071345574833, 4.902386152451889, 3.7481460199708683]",25.93532833605686,0.0,[],13.114778051062174,0.0,0.0,0.0,"[3.612778861881098, 4.485447132663862, 5.016552056517215]",[],"[0.0, 0.0, 0.0]",[],"[6.699432979182302, 8.937043929907338, 10.298851426967218]"
140,0,312,True,False,,0.0,2,2,,0,2,19.97297542940112,"[12.666966112878843, 7.306009316522278]",9.789460417466437,"[5.940116784022749, 3.8493436334436884]",15.78778928950192,0.0,[],8.15723782290575,0.0,0.0,0.0,"[5.2118651082471965, 2.9453727146585527]",[],"[0.0, 0.0]",[],"[10.79965412371076, 4.98813516579116]"
140,0,313,True,False,,0.0,1,1,,0,1,3.882259153671075,[3.882259153671075],2.514081069931719,[2.514081069931719],6.020132222181597,0.0,[],3.347851566650823,0.0,0.0,0.0,[3.347851566650823],[],[0.0],[],[6.020132222181597]
140,0,314,True,False,,0.0,1,1,,0,1,7.756365478644978,[7.756365478644978],4.0249825366715415,[4.0249825366715415],14.375112547440407,0.0,[],6.606293893501759,0.0,0.0,0.0,[6.606293893501759],[],[0.0],[],[14.375112547440407]
140,0,315,True,False,,0.0,2,2,,0,2,18.896670702458344,"[10.830878413026035, 8.06579228943231]",9.369701573958753,"[5.224042581080154, 4.145658992878601]",15.955952678783056,0.0,[],8.222821544725392,0.0,0.0,0.0,"[5.9702714374475905, 2.252550107277802]",[],"[0.0, 0.0]",[],"[12.744285737045104, 3.2116669417379535]"
140,0,316,True,False,,0.0,1,1,,0,1,18.111085388900353,[18.111085388900353],8.063323301671138,[8.063323301671138],5.780902402658218,0.0,[],3.2545519370367053,0.0,0.0,0.0,[3.2545519370367053],[],[0.0],[],[5.780902402658218]
140,0,317,True,True,1.0,4.99,5,5,True,3,8,23.73924619539803,"[11.137804111076537, 5.050867506554217, 2.5505745777672773, 2.5, 2.5]",14.258306016205232,"[5.34374360331985, 2.9698383275561446, 1.994724085329238, 1.975, 1.975]",45.55403265481759,29.338066509000257,"[2.900446854872687, 12.238249282871896, 14.199370371255672]",22.76607273537886,14.4418459385101,17.76607273537886,11.4418459385101,"[4.036742736092888, 4.960600721185612, 5.180900485167329, 3.209315471928501, 5.3785133210045295]","[2.1311742734003483, 5.77291722032004, 6.537754444789712]","[3.0367427360928883, 3.9606007211856116, 4.180900485167329, 2.209315471928501, 4.3785133210045295]","[1.131174273400348, 4.77291722032004, 5.537754444789712]","[7.786519836135611, 10.155386464578491, 10.720257654275201, 5.6649114664833355, 11.226957233344947]"
140,0,318,True,True,1.0,4.99,6,6,True,1,7,78.00381604631616,"[10.369686140178507, 3.5188928618172484, 19.411231515539143, 10.74098994831896, 12.340365992402477, 21.622649588059826]",36.421488258063306,"[5.044177594669618, 2.372368216108727, 8.570380291060266, 5.188986079844395, 5.812742737036966, 9.432833339343333]",52.118860801166164,8.805288458747658,[8.805288458747658],26.326355712454802,4.434062498911587,20.326355712454802,3.4340624989115867,"[4.290477031759768, 2.8034472209496673, 5.380743139329269, 2.7955296191831778, 3.037438550395528, 8.018720150837392]",[4.434062498911587],"[3.2904770317597682, 1.8034472209496673, 4.380743139329269, 1.7955296191831775, 2.037438550395528, 7.0187201508373915]",[3.4340624989115867],"[8.437120594255816, 4.624223643460685, 11.232674716228894, 4.603922100469686, 5.224201411270585, 17.99671833548049]"
140,0,319,True,True,1.0,4.99,4,4,True,3,7,51.05807310085855,"[12.704942521137168, 12.99152425480616, 13.116359352368935, 12.245246972546282]",23.912648509334833,"[5.954927583243496, 6.0666944593744025, 6.115380147423885, 5.77564631929305]",37.53199537928668,21.256230806062476,"[6.551902014406274, 5.749876457086741, 8.954452334569458]",18.637478197921805,11.289930014364366,14.637478197921805,8.289930014364366,"[3.7756261377374005, 3.964854279362062, 2.5448576756272674, 8.352140105195076]","[3.555241785618447, 3.242451818263829, 4.492236410482089]","[2.7756261377374005, 2.964854279362062, 1.5448576756272674, 7.352140105195075]","[2.555241785618447, 2.242451818263829, 3.492236410482089]","[7.116990096762565, 7.602190459902722, 3.9611735272494033, 18.851641295371987]"
140,0,320,True,False,,0.0,1,1,,0,1,19.253408208017404,[19.253408208017404],8.508829201126787,[8.508829201126787],17.146561401727915,0.0,[],7.687158946673887,0.0,0.0,0.0,[7.687158946673887],[],[0.0],[],[17.146561401727915]
140,0,321,True,False,,0.0,2,2,,0,2,29.29467741314802,"[9.583435348231124, 19.711242064916895]",13.424924191127728,"[4.737539785810139, 8.687384405317589]",10.716226673852912,0.0,[],6.179328402802636,0.0,0.0,0.0,"[2.6768777182528005, 3.502450684549835]",[],"[0.0, 0.0]",[],"[4.2996864570584625, 6.4165402167944485]"
140,0,322,True,False,,0.0,3,3,,0,3,16.054181278566997,"[11.054181278566997, 2.5, 2.5]",9.261130698641129,"[5.311130698641129, 1.975, 1.975]",38.29211358619045,0.0,[],17.933924298614276,0.0,0.0,0.0,"[4.58949066423339, 9.704790531848877, 3.6396431025320086]",[],"[0.0, 0.0, 0.0]",[],"[9.20382221598305, 22.319975722689428, 6.76831564751797]"
140,0,323,True,True,1.0,4.99,4,4,True,3,7,47.26145073954358,"[6.658881598617339, 6.377709095828667, 15.550988497265894, 18.67387154783168]",22.431965788421998,"[3.5969638234607624, 3.4873065473731804, 7.0648855139336995, 8.282809903654357]",30.13052680486585,22.219669447050677,"[5.907908964093123, 6.532678599330625, 9.77908188362693]",15.750905453897682,11.665671084349764,11.750905453897682,8.665671084349764,"[4.142022869304029, 2.820931448333458, 3.7302254537679778, 5.057725682492217]","[3.304084495996318, 3.5477446537389437, 4.813841934614503]","[3.142022869304028, 1.8209314483334584, 2.7302254537679778, 4.057725682492217]","[2.304084495996318, 2.5477446537389437, 3.8138419346145027]","[8.056468895651355, 4.669054995726817, 7.000578086584558, 10.40442482690312]"
140,0,324,True,False,,0.0,1,1,,0,1,12.192232124202079,[12.192232124202079],5.754970528438811,[5.754970528438811],7.788807056555737,0.0,[],4.0376347520567375,0.0,0.0,0.0,[4.0376347520567375],[],[0.0],[],[7.788807056555737]
140,0,325,True,False,,0.0,3,3,,0,3,32.242334834650144,"[11.238421870532264, 3.714855231674119, 17.289057732443762]",15.574510585513558,"[5.382984529507583, 2.4487935403529066, 7.742732515653067]",23.820197161683467,0.0,[],12.289876893056553,0.0,0.0,0.0,"[4.869785263460735, 3.013110963120907, 4.40698066647491]",[],"[0.0, 0.0, 0.0]",[],"[9.922526316565987, 5.161822982361301, 8.735847862756177]"
140,0,326,True,True,1.0,4.99,7,7,True,1,8,46.66763635620177,"[3.202487943685597, 5.742644913462353, 5.430535173822273, 5.146497541411385, 11.485060521368128, 12.866887464398653, 2.7935227980533828]",25.200378178918694,"[2.248970298037383, 3.2396315162503178, 3.1179087177906863, 3.00713404115044, 5.47917360333357, 6.018086111115474, 2.0894738912408193]",70.99387713530399,9.98604728822067,[9.98604728822067],34.68761208276855,4.894558442406061,27.687612082768556,3.894558442406061,"[2.874275667652237, 5.095124064452968, 3.667943905162517, 2.143953313940702, 6.1229948896558914, 5.817012430952012, 8.96630781095223]",[4.894558442406061],"[1.874275667652237, 4.095124064452968, 2.667943905162517, 1.143953313940702, 5.1229948896558914, 4.817012430952012, 7.966307810952229]",[3.894558442406061],"[4.805835045262146, 10.500318113981969, 6.8408818081090175, 2.9332136254889796, 13.135884332451003, 12.35131392551798, 20.426430284492895]"
140,0,327,True,False,,0.0,1,1,,0,1,29.45454654188039,[29.45454654188039],12.487273151333353,[12.487273151333353],3.2521439343075613,0.0,[],2.2683361343799486,0.0,0.0,0.0,[2.2683361343799486],[],[0.0],[],[3.2521439343075613]
140,0,328,True,False,,0.0,1,1,,0,1,11.756476838088584,[11.756476838088584],5.585025966854548,[5.585025966854548],2.7815380147302835,0.0,[],2.0847998257448106,0.0,0.0,0.0,[2.0847998257448106],[],[0.0],[],[2.7815380147302835]
140,0,329,True,False,,0.0,2,2,,0,2,16.591956955987968,"[7.3377609217539685, 9.254196034233997]",8.470863212835306,"[3.8617267594840476, 4.609136453351259]",16.10139996614678,0.0,[],8.279545986797244,0.0,0.0,0.0,"[4.133719241617124, 4.14582674518012]",[],"[0.0, 0.0]",[],"[8.035177542608011, 8.066222423538768]"
140,0,330,True,False,,0.0,2,2,,0,2,15.592785837132233,"[7.727771464340657, 7.865014372791575]",8.081186476481571,"[4.013830871092857, 4.067355605388714]",14.926060852932585,0.0,[],7.821163732643709,0.0,0.0,0.0,"[3.3763732313412786, 4.44479050130243]",[],"[0.0, 0.0]",[],"[6.093264695746868, 8.832796157185717]"
140,0,331,True,True,1.0,4.99,5,5,True,3,8,37.956112349973296,"[9.38559323182446, 2.5, 12.141915352960837, 3.790735104739922, 10.137868660448074]",19.802883816489583,"[4.66038136041154, 1.975, 5.735346987654727, 2.47838669084857, 4.95376877757475]",60.53918980773365,32.104685529677454,"[19.093330328190945, 8.357141084844917, 4.654214116641591]",28.610284025016128,15.520827356574205,23.610284025016128,12.520827356574207,"[7.562823885144044, 6.874568770583077, 7.683482170044493, 2.9308870940565113, 3.5585221051879996]","[8.446398827994468, 4.259285023089518, 2.8151435054902203]","[6.562823885144044, 5.874568770583077, 6.683482170044493, 1.9308870940565115, 2.5585221051879996]","[7.446398827994469, 3.2592850230895176, 1.8151435054902205]","[16.827753551651394, 15.062996847648916, 17.137133769344853, 4.95099254886285, 6.56031309022564]"
140,0,332,True,True,1.0,4.99,5,5,True,6,11,44.77314738166697,"[13.434830802281036, 10.629973473030851, 9.22165814943075, 3.683351249471595, 7.80333370745274]",22.461527478850115,"[6.239584012889604, 5.145689654482032, 4.596446678277992, 2.436506987293922, 4.043300145906569]",61.71904843615357,46.51231690869801,"[9.272156023572641, 9.326607595902972, 4.711317975254159, 4.326673916487549, 7.656036117590305, 11.21952527989038]",29.07042889009989,24.139803594392223,24.07042889009989,18.139803594392223,"[4.042030798367469, 5.040791986142385, 7.477108382306657, 4.911763926672586, 7.598733796610796]","[4.6161408491933305, 4.6373769624021595, 2.8374140103491223, 2.6874028274301445, 3.985854085860219, 5.375614859157248]","[3.0420307983674686, 4.040791986142385, 6.477108382306657, 3.911763926672586, 6.598733796610796]","[3.6161408491933305, 3.6373769624021595, 1.8374140103491223, 1.6874028274301442, 2.985854085860219, 4.375614859157248]","[7.800078970172996, 10.361005092672782, 16.60797021104271, 10.030163914545092, 16.91983024771999]"
140,0,333,True,False,,0.0,3,3,,0,3,29.84648826417869,"[9.595564580428848, 8.174443919331877, 12.076479764417966]",14.640130423029689,"[4.74227018636725, 4.188033128539432, 5.709827108123007]",30.746977481193706,0.0,[],14.991321217665547,0.0,0.0,0.0,"[4.290072917218184, 4.289043925725741, 6.412204374721621]",[],"[0.0, 0.0, 0.0]",[],"[8.43608440312355, 8.433445963399334, 13.877447114670822]"
140,0,334,True,True,1.0,4.99,4,4,True,0,4,37.47282232731642,"[8.882888906213728, 4.721807148130355, 9.975104281842892, 13.893021991129451]",18.614400707653406,"[4.464326673423354, 2.8415047877708384, 4.890290669918728, 6.418278576540486]",41.5372764576735,0.0,[],20.199537818492665,0.0,16.199537818492665,0.0,"[4.390278832714659, 3.2991163822705523, 5.210051081249258, 7.300091522258194]",[],"[3.3902788327146594, 2.2991163822705523, 4.210051081249258, 6.300091522258194]",[],"[8.693022647986306, 5.895170210950134, 10.795002772433994, 16.154080826303062]"
140,0,335,True,False,,0.0,3,3,,0,3,29.86730559337227,"[7.693730340375362, 10.471021213562398, 11.702554039434506]",14.648249181415185,"[4.000554832746391, 5.083698273289335, 5.563996075379458]",26.182776793758784,0.0,[],13.211282949565925,0.0,0.0,0.0,"[4.2363819249521315, 2.599589993040828, 6.3753110315729655]",[],"[0.0, 0.0, 0.0]",[],"[8.298415192184953, 4.101512802668791, 13.78284879890504]"
140,0,336,True,False,,0.0,2,2,,0,2,16.885505488637882,"[12.048059411576029, 4.8374460770618555]",8.585347140568775,"[5.698743170514652, 2.8866039700541237]",10.18419899839899,0.0,[],5.971837609375607,0.0,0.0,0.0,"[2.5936511613737547, 3.378186448001852]",[],"[0.0, 0.0]",[],"[4.086285029163473, 6.097913969235518]"
140,0,337,True,False,,0.0,2,2,,0,2,14.70343933615299,"[9.940290858518916, 4.763148477634075]",7.734341341099666,"[4.876713434822378, 2.857627906277289]",11.246071531108452,0.0,[],6.385967897132296,0.0,0.0,0.0,"[3.638422868187862, 2.747545028944434]",[],"[0.0, 0.0]",[],"[6.765186841507338, 4.480884689601114]"
140,0,338,True,False,,0.0,3,3,,0,3,40.15733133688025,"[10.62893738930209, 19.00341657515372, 10.524977372424436]",18.661359221383297,"[5.145285581827815, 8.411332464309952, 5.10474117524553]",24.536837716717336,0.0,[],12.569366709519763,0.0,0.0,0.0,"[3.220128980389731, 2.3785279062121196, 6.970709822917912]",[],"[0.0, 0.0, 0.0]",[],"[5.692638411255721, 3.534686939005434, 15.309512366456184]"
140,0,339,True,True,1.0,4.99,4,4,True,1,5,64.01471183784403,"[8.966002522437927, 22.87997682699876, 9.728447507036325, 22.440284981371025]",28.965737616759178,"[4.496740983750792, 9.923190962529517, 4.794094527744167, 9.7517111427347]",53.05797714561374,16.892741881508154,[16.892741881508154],24.69261108678936,7.588169333788181,20.69261108678936,6.588169333788181,"[10.789013733813734, 3.2836171053822056, 5.634317929363216, 4.9856623182302044]",[7.588169333788181],"[9.789013733813734, 2.2836171053822056, 4.634317929363216, 3.9856623182302044]",[6.588169333788181],"[25.10003521490701, 5.8554284753389885, 11.882866485546707, 10.219646969821037]"
140,0,340,True,True,1.0,4.99,5,5,True,1,6,63.81376566570468,"[25.162602817153456, 7.201863769078284, 11.37633473294305, 16.378800161046282, 3.6941641854836007]",29.88736860962482,"[10.813415098689848, 3.808726869940531, 5.436770545847789, 7.38773206280805, 2.440724032338604]",39.96294687547087,4.259015249406032,[4.259015249406032],20.585549281433636,2.6610159472683526,15.585549281433638,1.6610159472683523,"[3.1872212244530393, 6.243899523783254, 4.100006768137481, 3.3136793636401434, 3.7407424014197215]",[2.6610159472683526],"[2.1872212244530393, 5.243899523783254, 3.1000067681374808, 2.3136793636401434, 2.7407424014197215]",[1.6610159472683523],"[5.608259549879588, 13.445896214828856, 7.948735302916617, 5.932511188820881, 7.027544619024927]"
140,0,341,True,True,1.0,4.99,4,4,True,1,5,42.56347345153789,"[18.841706620280334, 12.502369239975932, 3.589915515143882, 7.629482076137737]",20.599754646099775,"[8.348265581909331, 5.8759240035906135, 2.400067050906114, 3.975498009693718]",31.922277397469163,6.750894472765264,[6.750894472765264],16.449688185012974,3.632848844378453,12.449688185012974,2.632848844378453,"[5.834716803795097, 4.039208729694474, 3.360563629150038, 3.2151990223733646]",[3.632848844378453],"[4.834716803795097, 3.0392087296944736, 2.360563629150038, 2.2151990223733646]",[2.632848844378453],"[12.396709753320762, 7.7928428966524965, 6.052727254230866, 5.679997493265038]"
140,0,342,True,True,1.0,4.99,4,4,True,2,6,38.47517399549811,"[18.4934423590452, 6.237159478791156, 5.147626254700906, 8.596945902960847]",19.005317858244265,"[8.21244252002763, 3.432492196728551, 3.0075742393333535, 4.352808902154731]",41.524741850126226,18.344167360601908,"[7.938647809626387, 10.40551955097552]",20.194649321549228,9.154225270634743,16.194649321549228,7.154225270634743,"[3.679044026692133, 4.862205593493597, 3.8949841417919497, 7.758415559571549]","[4.09607264575429, 5.058152624880453]","[2.679044026692133, 3.862205593493597, 2.8949841417919497, 6.758415559571549]","[3.096072645754291, 4.058152624880453]","[6.869343658184956, 9.903091265368197, 7.423036261004999, 17.329270665568075]"
140,0,343,True,True,1.0,4.99,4,4,,2,6,35.16824546736628,"[8.735998892549432, 11.327979626431015, 8.66873594764094, 6.435531000744897]",17.715615732272852,"[4.407039568094278, 5.417912054308096, 4.380807019579967, 3.50985709029051]",47.83179764404138,11.924127156553435,"[7.881942111410525, 4.04218504514291]",22.65440108117614,6.6504095910558405,18.65440108117614,4.65040959105584,"[5.067684375153515, 5.582839981080732, 6.7895348275406775, 5.214341897401216]","[4.073957423450105, 2.576452167605735]","[4.067684375153515, 4.582839981080732, 5.7895348275406775, 4.214341897401216]","[3.073957423450105, 1.5764521676057348]","[10.429959936291064, 11.75087174636085, 14.844961096258146, 10.806004865131323]"
140,0,344,True,False,,0.0,1,1,,0,1,9.880345205314866,[9.880345205314866],4.853334630072798,[4.853334630072798],7.804189428907565,0.0,[],4.04363387727395,0.0,0.0,0.0,[4.04363387727395],[],[0.0],[],[7.804189428907565]
140,0,345,True,False,,0.0,2,2,,0,2,19.867064103297665,"[5.034156803230404, 14.832907300067262]",9.74815500028609,"[2.963321153259858, 6.784833847026232]",21.927635113240196,0.0,[],10.551777694163677,0.0,0.0,0.0,"[4.165644381174302, 6.386133312989375]",[],"[0.0, 0.0]",[],"[8.117036874805903, 13.810598238434293]"
140,0,346,True,False,,0.0,1,1,,0,1,5.771342999269514,[5.771342999269514],3.2508237697151103,[3.2508237697151103],19.8718293652967,0.0,[],8.750013452465714,0.0,0.0,0.0,[8.750013452465714],[],[0.0],[],[19.8718293652967]
140,0,347,True,False,,0.0,2,2,,0,2,10.13903976079551,"[3.0416022468098194, 7.097437513985691]",5.95422550671025,"[2.18622487625583, 3.7680006304544196]",11.51598441557403,0.0,[],6.491233922073872,0.0,0.0,0.0,"[2.563510258258334, 3.927723663815538]",[],"[0.0, 0.0]",[],"[4.009000662200855, 7.5069837533731745]"
140,0,348,True,True,1.0,4.99,4,4,True,0,4,51.17800597797743,"[16.037602326757433, 17.18919643425161, 4.065949435076816, 13.885257781891566]",23.959422331411197,"[7.254664907435399, 7.703786609358128, 2.5857202796799585, 6.4152505349377105]",39.9378163964375,0.0,[],19.575748394610624,0.0,15.575748394610624,0.0,"[5.886344420817437, 6.927094503525942, 3.9419445629157304, 2.8203649073515153]",[],"[4.886344420817437, 5.927094503525942, 2.9419445629157304, 1.8203649073515151]",[],"[12.529088258506249, 15.197678214169082, 7.543447597219822, 4.6676023265423465]"
140,0,349,True,False,,0.0,2,2,,0,2,18.101578263587022,"[5.724323069643781, 12.37725519394324]",9.05961552279894,"[3.2324859971610747, 5.827129525637864]",11.131797657611344,0.0,[],6.341401086468424,0.0,0.0,0.0,"[3.4149041370719235, 2.9264969493965003]",[],"[0.0, 0.0]",[],"[6.192061889928008, 4.9397357676833344]"
140,0,350,True,True,1.0,4.99,5,5,True,3,8,37.415255819262406,"[3.4260020414819525, 15.275993259558195, 7.059113264746904, 9.154147253475351, 2.5]",19.59194976951234,"[2.336140796177961, 6.957637371227697, 3.753054173251293, 4.5701174288553865, 1.975]",36.9465416209196,23.51878326044262,"[4.991601876022616, 13.837650173477526, 4.689531210942481]",19.409151232158642,12.172325471572623,14.409151232158642,9.172325471572623,"[5.25957196454184, 2.047468744269176, 1.975, 5.103885827535905, 5.023224695811722]","[2.9467247316488203, 6.396683567656235, 2.828917172267568]","[4.25957196454184, 1.047468744269176, 0.9750000000000001, 4.103885827535905, 4.023224695811722]","[1.9467247316488205, 5.396683567656235, 1.8289171722675677]","[10.92197939626113, 2.685817292997887, 2.5, 10.522784173168986, 10.315960758491594]"
140,0,351,True,False,,0.0,1,1,,0,1,2.720274213752425,[2.720274213752425],2.0609069433634457,[2.0609069433634457],7.956182993559306,0.0,[],4.1029113674881295,0.0,0.0,0.0,[4.1029113674881295],[],[0.0],[],[7.956182993559306]
140,0,352,True,False,,0.0,3,3,,0,3,24.823471910281576,"[5.895588033263849, 11.840567375818395, 7.087316501199334]",12.681154045009816,"[3.299279332972901, 5.617821276569174, 3.76405343546774]",19.075700771032164,0.0,[],10.439523300702543,0.0,0.0,0.0,"[3.0456110190716648, 4.0994018742166, 3.294510407414279]",[],"[0.0, 0.0, 0.0]",[],"[5.245156459158115, 7.947184292863077, 5.883360019010972]"
140,0,353,True,True,1.0,4.99,6,6,True,2,8,81.02135610610121,"[25.215499647260778, 12.766119130304936, 11.17056206311618, 18.634723454019905, 5.05784476350594, 8.176607047893468]",37.59832888137947,"[10.834044862431703, 5.978786460818926, 5.35651920461531, 8.267542147067763, 2.9725594577673164, 4.188876748678453]",75.9285454783319,21.001926628227253,"[16.142470690278564, 4.859455937948688]",35.61213273654944,10.190751385008628,29.612132736549437,8.190751385008628,"[9.936955873491444, 4.637115368921204, 6.926693741894009, 7.324234622751512, 4.705854127300575, 2.081279002190695]","[7.295563569208641, 2.8951878157999884]","[8.936955873491444, 3.6371153689212044, 5.926693741894009, 6.324234622751512, 3.705854127300575, 1.081279002190695]","[6.295563569208641, 1.8951878157999884]","[22.91527147049088, 9.325936843387703, 15.196650620241048, 16.215986212183363, 9.502190070001474, 2.772510262027423]"
140,0,354,True,True,1.0,4.99,4,4,True,2,6,20.616863976186075,"[4.843381442961318, 5.042483702768101, 6.782618198174816, 3.948380632281838]",12.04057695071257,"[2.888918762754914, 2.9665686440795596, 3.6452210972881787, 2.5398684465899173]",38.627377978563274,11.835360042659943,"[7.432614082821339, 4.402745959838603]",19.06467741163968,6.6157904166373775,15.064677411639678,4.6157904166373775,"[5.935264287036031, 4.113408943676255, 6.083147014585733, 2.93285716634166]","[3.8987194923003226, 2.7170709243370554]","[4.935264287036031, 3.1134089436762546, 5.083147014585733, 1.9328571663416598]","[2.8987194923003226, 1.7170709243370552]","[12.654523812912899, 7.98309985558014, 13.033710293809571, 4.956044016260666]"
140,0,355,True,True,1.0,4.99,4,4,True,1,5,39.11775921537989,"[4.184137335478555, 17.556121650695196, 5.794262069009655, 11.583238160196487]",19.25592609399816,"[2.6318135608366364, 7.846887443771127, 3.2597622069137655, 5.51746288247663]",39.122443739111965,4.438063468504749,[4.438063468504749],19.257753058253662,2.7308447527168522,15.257753058253666,1.7308447527168522,"[8.332777402400673, 3.9347811274347144, 4.134005129128381, 2.8561893992898977]",[2.7308447527168522],"[7.332777402400674, 2.9347811274347144, 3.1340051291283815, 1.856189399289898]",[1.7308447527168522],"[18.801993339488906, 7.5250798139351645, 8.03591058750867, 4.759459998179225]"
140,0,356,True,True,1.0,4.99,4,4,True,2,6,38.366650176359705,"[8.12924945093923, 5.9262095824628, 18.23431708989255, 6.076874053065125]",18.962993568780288,"[4.1704072858663, 3.311221737160492, 8.111383665058096, 3.369980880695399]",38.0713547791171,18.77727266785339,"[14.931096530858564, 3.846176136994824]",18.84782836385567,9.323136340462822,14.847828363855669,7.323136340462822,"[5.424990263323582, 7.9591630187975015, 1.975, 3.488675081734587]","[6.82312764703484, 2.5000086934279815]","[4.424990263323582, 6.9591630187975015, 0.9750000000000001, 2.488675081734587]","[5.82312764703484, 1.5000086934279815]","[11.346128880316876, 17.844007740506413, 2.5, 6.381218158293812]"
140,0,357,True,False,,0.0,1,1,,0,1,9.904046005691285,[9.904046005691285],4.862577942219602,[4.862577942219602],4.139685563111556,0.0,[],2.614477369613507,0.0,0.0,0.0,[2.614477369613507],[],[0.0],[],[4.139685563111556]
140,0,358,True,True,1.0,4.99,5,5,True,2,7,29.39615737876879,"[6.051921146590341, 2.868739856933841, 11.815554562469966, 3.54894728857106, 5.110994524203585]",16.46450137771983,"[3.360249247170233, 2.1188085442041977, 5.608066279363287, 2.3840894425427135, 2.9932878644393983]",49.64790016636753,26.223155238372716,"[9.358553496559875, 16.86460174181284]",24.36268106488334,12.227030542965359,19.362681064883336,10.227030542965359,"[2.650867584621362, 6.184888842050629, 5.645628206363027, 7.685235465166591, 2.196060966681729]","[4.649835863658351, 7.577194679307008]","[1.650867584621362, 5.184888842050629, 4.645628206363027, 6.685235465166591, 1.196060966681729]","[3.6498358636583514, 6.577194679307008]","[4.232993806721441, 13.294586774488792, 11.911867195802634, 17.141629397863053, 3.0668229914916125]"
140,0,359,True,False,,0.0,3,3,,0,3,39.545895001067876,"[16.082616553490677, 4.084065700212814, 19.379212747364388]",18.422899050416472,"[7.272220455861365, 2.5927856230829978, 8.55789297147211]",31.797650890928825,0.0,[],15.401083847462242,0.0,0.0,0.0,"[5.041635460177917, 7.530835146536604, 2.828613240747722]",[],"[0.0, 0.0, 0.0]",[],"[10.363167846610043, 16.74573114496565, 4.688751899353133]"
140,0,360,True,False,,0.0,3,3,,0,3,17.01083321351027,"[4.826838298756722, 3.1044138040841456, 9.079581110669404]",9.634224953269005,"[2.8824669365151214, 2.2107213835928166, 4.541036633161068]",30.503611910765773,0.0,[],14.896408645198655,0.0,0.0,0.0,"[4.212293963792179, 2.584362102160026, 8.099752579246449]",[],"[0.0, 0.0, 0.0]",[],"[8.236651189210715, 4.06246692861545, 18.20449379293961]"
140,0,361,True,False,,0.0,1,1,,0,1,9.177089226396195,[9.177089226396195],4.579064798294516,[4.579064798294516],9.701814008897568,0.0,[],4.783707463470051,0.0,0.0,0.0,[4.783707463470051],[],[0.0],[],[9.701814008897568]
140,0,362,True,False,,0.0,2,2,,0,2,22.433781086699916,"[10.482135053566255, 11.951646033133661]",10.74917462381297,"[5.08803267089084, 5.6611419529221285]",9.76434245948996,0.0,[],5.808093559201085,0.0,0.0,0.0,"[2.93672705624617, 2.8713665029549147]",[],"[0.0, 0.0]",[],"[4.965966810887615, 4.798375648602345]"
140,0,363,True,True,1.0,4.99,4,4,True,2,6,43.063682762335056,"[5.740481752571596, 23.95725050474038, 4.597971348662068, 8.767979156361008]",20.794836277310672,"[3.2387878835029227, 10.343327696848748, 2.7932088259782066, 4.419511870980793]",43.42695738730834,24.09683218304916,"[18.61645117329025, 5.480381009758909]",20.936513381050254,11.397764551389173,16.936513381050254,9.397764551389173,"[6.0840135640610775, 4.52122998349505, 5.136748130288553, 5.194521703205573]","[8.260415957583199, 3.1373485938059744]","[5.0840135640610775, 3.52122998349505, 4.136748130288553, 4.194521703205573]","[7.260415957583199, 2.1373485938059744]","[13.035932215541223, 9.028794829474487, 10.607046487919366, 10.755183854373264]"
140,0,364,True,False,,0.0,3,3,,0,3,22.190189048570815,"[6.0208272647257095, 4.659197580362416, 11.510164203482692]",11.65417372894262,"[3.348122633243027, 2.817087056341342, 5.48896403935825]",11.11835507097311,0.0,[],7.336158477679513,0.0,0.0,0.0,"[2.077172986667339, 2.678250345836081, 2.5807351451760927]",[],"[0.0, 0.0, 0.0]",[],"[2.7619820170957414, 4.303206014964309, 4.053167038913058]"
140,0,365,True,False,,0.0,2,2,,0,2,8.999753692522212,"[6.196198561972986, 2.803555130549227]",5.509903940083664,"[3.4165174391694646, 2.0933865009141988]",12.554812658455432,0.0,[],6.896376936797618,0.0,0.0,0.0,"[3.909651082762827, 2.986725854034791]",[],"[0.0, 0.0]",[],"[7.460643801955967, 5.094168856499465]"
140,0,366,True,True,1.0,4.99,5,5,True,3,8,53.53747061922486,"[13.475950887557552, 7.570620018146903, 8.966860406121015, 10.633183456944074, 12.890855850455313]",25.879613541497697,"[6.255620846147446, 3.9525418070772926, 4.497075558387196, 5.146941548208189, 6.027433781677573]",36.73557734763937,30.363533565882342,"[8.315529048977439, 13.946689433070587, 8.101315083834317]",19.326875165579352,14.841778090694113,14.326875165579352,11.841778090694113,"[2.8522517905312075, 5.390669334988277, 2.1638062768675423, 2.861214675243001, 6.058933087949325]","[4.243056329101201, 6.439208878897529, 4.159512882695384]","[1.8522517905312077, 4.390669334988277, 1.1638062768675423, 1.861214675243001, 5.058933087949325]","[3.243056329101201, 5.439208878897529, 3.1595128826953838]","[4.749363565464635, 11.258126499969942, 2.984118658634724, 4.7723453211359, 12.971623302434166]"
140,0,367,True,False,,0.0,2,2,,0,2,11.61817590157084,"[7.4826853911022315, 4.135490510468609]",6.531088601612628,"[3.9182473025298705, 2.612841299082757]",40.05378165328776,0.0,[],17.620974844782225,0.0,0.0,0.0,"[4.879984819133817, 12.740990025648406]",[],"[0.0, 0.0]",[],"[9.948679023420045, 30.10510262986771]"
140,0,368,True,True,1.0,4.99,5,5,True,3,8,43.62818677608542,"[12.764846970534272, 5.961706235288573, 8.348882056684714, 6.654193931576839, 9.89855758200102]",22.014992842673315,"[5.978290318508367, 3.3250654317625434, 4.256064002107038, 3.595135633314967, 4.860437456980398]",51.05665465543248,29.156783637030777,"[11.698401475300667, 6.52121001997568, 10.93717214175443]",24.912095315618668,14.371145618442004,19.912095315618668,11.371145618442004,"[7.874509683354006, 3.546171692897982, 8.451917960057276, 2.0983520213559252, 2.9411439579534786]","[5.56237657536726, 3.543271907790515, 5.265497135284228]","[6.874509683354006, 2.546171692897982, 7.451917960057275, 1.098352021355925, 1.9411439579534786]","[4.56237657536726, 2.543271907790515, 4.265497135284228]","[17.626947906035912, 6.528645366405081, 19.10748194886481, 2.8162872342459613, 4.977292199880714]"
140,0,369,True,False,,0.0,1,1,,0,1,6.552254024276829,[6.552254024276829],3.5553790694679632,[3.5553790694679632],10.885492543488063,0.0,[],5.245342091960344,0.0,0.0,0.0,[5.245342091960344],[],[0.0],[],[10.885492543488063]
140,0,370,True,True,1.0,4.99,4,4,True,2,6,46.075661145440485,"[11.369280264548468, 13.589071073094878, 17.4105881005852, 3.706721707211932]",21.969507846721786,"[5.434019303173903, 6.299737718507003, 7.790129359228229, 2.4456214658126534]",49.68288772687218,18.123437201133918,"[10.004253421331658, 8.11918377980226]",23.376326213480148,9.068140508442228,19.376326213480148,7.068140508442228,"[6.104497228268818, 3.9258252644476754, 5.181223947257477, 8.16477977350618]","[4.901658834319347, 4.166481674122881]","[5.104497228268818, 2.9258252644476754, 4.181223947257477, 7.1647797735061785]","[3.901658834319347, 3.166481674122881]","[13.088454431458509, 7.502116062686347, 10.721087044249941, 18.37123018847738]"
140,0,371,True,False,,0.0,2,2,,0,2,19.267956316855415,"[10.157605409042759, 9.110350907812656]",9.514502963573612,"[4.961466109526676, 4.553036854046936]",31.506334277463505,0.0,[],14.28747036821077,0.0,0.0,0.0,"[8.213702439570692, 6.073767928640076]",[],"[0.0, 0.0]",[],"[18.49667292197613, 13.009661355487374]"
140,0,372,True,False,,0.0,1,1,,0,1,4.656195896299779,[4.656195896299779],2.815916399556914,[2.815916399556914],9.497143335347287,0.0,[],4.703885900785442,0.0,0.0,0.0,[4.703885900785442],[],[0.0],[],[9.497143335347287]
140,0,373,True,False,,0.0,3,3,,0,3,41.51792212047594,"[9.798965265729677, 26.186698046465207, 5.532258808281049]",19.191989626985617,"[4.821596453634575, 11.212812238121431, 3.157580935229609]",37.84034570899603,0.0,[],17.757734826508454,0.0,0.0,0.0,"[2.7651614245639227, 5.2423505908109, 9.75022281113363]",[],"[0.0, 0.0, 0.0]",[],"[4.526054934779289, 10.877822027720256, 22.436468746496487]"
140,0,374,True,True,1.0,4.99,5,5,True,1,6,39.18840048070688,"[4.485245294942363, 10.777841909286014, 9.449791471406817, 4.897069947037861, 9.578451858033828]",20.283476187475685,"[2.7492456650275217, 5.203358344621545, 4.685418673848659, 2.9098572793447657, 4.735596224633193]",55.28794604046984,16.138211009530497,[16.138211009530497],26.562298955783238,7.2939022937168945,21.562298955783238,6.2939022937168945,"[6.7654468732550255, 5.327806172944617, 4.4792073333588895, 3.362320273371925, 6.62751830285278]",[7.2939022937168945],"[5.7654468732550255, 4.327806172944617, 3.479207333358889, 2.362320273371925, 5.62751830285278]",[6.2939022937168945],"[14.783197110910322, 11.096938904986196, 8.921044444509972, 6.057231470184423, 14.429534109878924]"
140,0,375,True,True,1.0,4.99,6,6,True,2,8,51.67983660250786,"[5.170374728232826, 18.368121392553853, 5.944387355603034, 3.797113084123316, 6.4687373324975574, 11.931102709497283]",26.155136274978066,"[3.016446144010802, 8.163567343096002, 3.3183110686851833, 2.480874102808093, 3.5228075596740474, 5.65313005670394]",40.88474760302966,31.991351031971938,"[16.196145501357297, 15.795205530614643]",21.945051565181572,14.476626902469057,15.94505156518157,12.476626902469057,"[2.272544861746775, 2.9405563176525247, 2.554008372036089, 2.416012320375893, 6.699667540577911, 5.062262152792377]","[7.316496745529346, 7.160130156939711]","[1.272544861746775, 1.9405563176525247, 1.554008372036089, 1.416012320375893, 5.699667540577911, 4.062262152792377]","[6.316496745529346, 6.160130156939711]","[3.2629355429404487, 4.975785429878268, 3.9846368513745873, 3.6308008214766483, 14.614532155327977, 10.416056802031735]"
140,0,376,True,False,,0.0,3,3,,0,3,36.960287390619406,"[5.092410329924451, 12.809867357026356, 19.0580097036686]",17.414512082341567,"[2.986040028670536, 5.995848269240279, 8.432623784430753]",26.744744462855373,0.0,[],13.430450340513598,0.0,0.0,0.0,"[2.9424918453843887, 6.38189396671095, 4.1060645284182575]",[],"[0.0, 0.0, 0.0]",[],"[4.980748321498432, 13.799728119771666, 7.9642680215852755]"
140,0,377,True,True,1.0,4.99,5,5,True,2,7,29.27981790336488,"[6.525959121776367, 4.827946401374877, 6.047410689266565, 5.49536808750549, 6.383133603441578]",16.4191289823123,"[3.5451240574927834, 2.8828990965362022, 3.3584901688139603, 3.143193554127141, 3.4894221053422156]",40.38487707288306,14.603130619826466,"[5.110533993776135, 9.49259662605033]",20.750102058424392,7.695220941732321,15.750102058424392,5.695220941732321,"[1.975, 6.263387608544133, 4.629770456650035, 2.401377352386766, 5.480566640843457]","[2.993108257572693, 4.702112684159629]","[0.9750000000000001, 5.263387608544133, 3.629770456650035, 1.4013773523867659, 4.480566640843457]","[1.9931082575726928, 3.702112684159629]","[2.5, 13.495865662933674, 9.307103735000089, 3.5932752625301685, 11.48863241241912]"
140,0,378,True,False,,0.0,2,2,,0,2,8.369516241769233,"[5.869516241769234, 2.5]",5.264111334290002,"[3.289111334290001, 1.975]",18.143441943823632,0.0,[],9.075942358091217,0.0,0.0,0.0,"[3.1522139761550205, 5.923728381936196]",[],"[0.0, 0.0]",[],"[5.518497374756463, 12.62494456906717]"
140,0,379,True,False,,0.0,1,1,,0,1,7.28427558246832,[7.28427558246832],3.8408674771626448,[3.8408674771626448],13.381261632184545,0.0,[],6.218692036551973,0.0,0.0,0.0,[6.218692036551973],[],[0.0],[],[13.381261632184545]
140,0,380,True,True,1.0,4.99,4,4,True,1,5,37.106359116452914,"[9.367664131596879, 15.666427951148629, 7.864611590268698, 4.207655443438703]",18.471480055416635,"[4.653389011322783, 7.109906900947966, 4.0671985202047924, 2.640985622941094]",32.92086846608751,15.738226911957323,[15.738226911957323],16.839138701774132,7.137908495663356,12.839138701774132,6.137908495663356,"[4.684283825152667, 2.8877275900169503, 5.048734150138708, 4.2183931364658065]",[7.137908495663356],"[3.684283825152667, 1.8877275900169503, 4.048734150138708, 3.218393136465807]",[6.137908495663356],"[9.446881602955555, 4.840327153889616, 10.381369615740276, 8.252290093502069]"
140,0,381,True,False,,0.0,2,2,,0,2,27.221263944966083,"[7.035078808544714, 20.18618513642137]",12.616292938536773,"[3.743680735332439, 8.872612203204334]",16.53423906947814,0.0,[],8.448353237096475,0.0,0.0,0.0,"[3.756129242789798, 4.692223994306676]",[],"[0.0, 0.0]",[],"[7.06699805843538, 9.46724101104276]"
140,0,382,True,False,,0.0,2,2,,0,2,20.534211791938628,"[15.288150348783923, 5.246061443154705]",10.008342598856064,"[6.96237863602573, 3.045963962830335]",13.641531821122593,0.0,[],7.320197410237812,0.0,0.0,0.0,"[3.0114861785661033, 4.308711231671708]",[],"[0.0, 0.0]",[],"[5.157656868118213, 8.48387495300438]"
140,0,383,True,False,,0.0,3,3,,0,3,25.941659194427174,"[5.080372702728691, 6.232864269012634, 14.62842222268585]",13.117247085826598,"[2.9813453540641897, 3.4308170649149274, 6.705084666847482]",25.80429732345143,0.0,[],13.063675956146058,0.0,0.0,0.0,"[4.113111484017893, 2.8932926941177284, 6.057271778010437]",[],"[0.0, 0.0, 0.0]",[],"[7.982337138507418, 4.854596651583919, 12.967363533360093]"
140,0,384,True,True,1.0,4.99,5,5,True,2,7,39.730454898973704,"[19.035173387257135, 3.9924241899648067, 3.777699678635093, 4.347477184995514, 8.577680458121161]",20.49487741059975,"[8.423717621030283, 2.557045434086275, 2.473302874667686, 2.6955161021482503, 4.345295378667253]",50.31120564954415,39.56737530196027,"[12.606951811479975, 26.96042349048029]",24.62137020332222,17.431276367764504,19.621370203322222,15.431276367764504,"[8.217913265749093, 6.120756584882373, 2.667333739843169, 2.6284285644874936, 4.986938048360091]","[5.91671120647719, 11.514565161287313]","[7.217913265749093, 5.120756584882373, 1.667333739843169, 1.6284285644874938, 3.986938048360092]","[4.91671120647719, 10.514565161287313]","[18.50746991217716, 13.130145089441982, 4.275214717546587, 4.17545785766024, 10.222918072718183]"
140,0,385,True,False,,0.0,2,2,,0,2,14.436026186049116,"[11.419890232801068, 3.016135953248048]",7.630050212559156,"[5.453757190792417, 2.176293021766739]",13.947697469179769,0.0,[],7.439602012980109,0.0,0.0,0.0,"[3.3285459099792734, 4.111056103000836]",[],"[0.0, 0.0]",[],"[5.970630538408393, 7.977066930771375]"
140,0,386,True,False,,0.0,2,2,,0,2,14.534023194778168,"[9.169194890441569, 5.364828304336599]",7.668269045963485,"[4.575986007272212, 3.0922830386912734]",17.07434915847374,0.0,[],8.658996171804759,0.0,0.0,0.0,"[6.403669581713194, 2.255326590091566]",[],"[0.0, 0.0]",[],"[13.85556303003383, 3.218786128439912]"
140,0,387,True,True,1.0,4.99,5,5,True,0,5,55.418974490870134,"[22.42081701841528, 3.9380323341633723, 9.420788171918707, 9.38290860008208, 10.256428366290692]",26.613400051439353,"[9.74411863718196, 2.535832610323715, 4.674107387048296, 4.659334354032012, 5.00000706285337]",59.69791603678372,0.0,[],28.282187254345654,0.0,23.282187254345647,0.0,"[4.328626912803472, 5.98645443326724, 10.975699028904646, 4.318789014193571, 2.6726178651767207]",[],"[3.3286269128034713, 4.98645443326724, 9.975699028904646, 3.318789014193571, 1.6726178651767207]",[],"[8.534940802060182, 12.785780598121129, 25.57871545872986, 8.509715421009156, 4.2887637568633865]"
140,0,388,True,False,,0.0,3,3,,0,3,22.748094176257872,"[3.239439804650594, 3.1699026123033054, 16.338751759303975]",11.871756728740571,"[2.263381523813732, 2.236262018798289, 7.3721131861285505]",21.417001015389705,0.0,[],11.352630396001985,0.0,0.0,0.0,"[4.662338162750677, 3.2596952080200903, 3.4305970252312177]",[],"[0.0, 0.0, 0.0]",[],"[9.390610673719683, 5.794090276974591, 6.23230006469543]"
140,0,389,True,True,1.0,4.99,5,5,True,0,5,38.224234465486,"[11.354148755898372, 5.759570956292494, 4.235408889129129, 10.497676909152705, 6.377428955013299]",19.90745144153954,"[5.428118014800365, 3.246232672954073, 2.6518094667603602, 5.094093994569556, 3.4871972924551864]",57.72339864653296,0.0,[],27.51212547214785,0.0,22.51212547214785,0.0,"[4.995938627673134, 7.318349874005623, 1.975, 3.1742409925360517, 10.048595977933045]",[],"[3.9959386276731332, 6.318349874005623, 0.9750000000000001, 2.1742409925360517, 9.048595977933045]",[],"[10.245996481213162, 16.20089711283493, 2.5, 5.574976903938595, 23.20152814854627]"
140,0,390,True,True,1.0,4.99,4,4,True,1,5,32.10296556882639,"[3.402306547803043, 8.793186119075557, 7.364803761078605, 12.542669140869187]",16.520156571842293,"[2.326899553643187, 4.429342586439468, 3.8722734668206558, 5.891640964938983]",33.869542112490585,4.315474061146056,[4.315474061146056],17.20912142387133,2.683034883846962,13.209121423871329,1.683034883846962,"[4.897528665014521, 3.2842099170232166, 2.4797067612573325, 6.5476760805762595]",[2.683034883846962],"[3.8975286650145207, 2.2842099170232166, 1.4797067612573325, 5.5476760805762595]",[1.683034883846962],"[9.993663243626976, 5.856948505187734, 3.794119900659827, 14.22481046301605]"
140,0,391,True,True,1.0,4.99,4,1,,0,4,9.39609103599466,[9.39609103599466],4.6644755040379176,[4.6644755040379176],5.334038259119041,0.0,[],3.0802749210564264,0.0,2.0802749210564264,0.0,[3.0802749210564264],[],[2.0802749210564264],[],[5.334038259119041]
140,0,392,True,True,1.0,4.99,5,5,True,2,7,45.351017740384165,"[16.715954287976757, 5.940458201604264, 8.695219470986581, 9.419546595950166, 4.579839183866396]",22.686896918749824,"[7.519222172310935, 3.3167786986256633, 4.391135593684767, 4.673623172420565, 2.7861372817078944]",41.70232158097076,18.14813157589427,"[12.958680779599254, 5.189450796295015]",21.2639054165786,9.077771314598765,16.2639054165786,7.077771314598765,"[4.095987777459863, 2.274514770382135, 4.200514945291076, 7.676732167896801, 3.016155755548724]","[6.053885504043709, 3.023885810555056]","[3.0959877774598628, 1.2745147703821351, 3.2005149452910757, 6.676732167896801, 2.016155755548724]","[5.053885504043709, 2.023885810555056]","[7.938430198615032, 3.267986590723423, 8.206448577669425, 17.11982607153026, 5.169630142432625]"
140,0,393,True,False,,0.0,1,1,,0,1,6.2085711870051155,[6.2085711870051155],3.421342762931995,[3.421342762931995],24.534054461775945,0.0,[],10.568281240092618,0.0,0.0,0.0,[10.568281240092618],[],[0.0],[],[24.534054461775945]
140,0,394,True,False,,0.0,3,3,,0,3,31.409091540234513,"[5.588263348609793, 15.011571621596971, 10.80925657002775]",15.249545700691462,"[3.1794227059578195, 6.854512932422819, 5.215610062310823]",45.62492798168632,0.0,[],20.793721912857666,0.0,0.0,0.0,"[5.986878155420137, 10.59450893793756, 4.212334819499969]",[],"[0.0, 0.0, 0.0]",[],"[12.78686706517984, 24.601304969070664, 8.236755947435816]"
140,0,395,True,True,1.0,4.99,4,4,True,0,4,33.17382606610952,"[13.011222533757573, 4.921240217613701, 2.5, 12.741363314738246]",16.937792165782714,"[6.074376788165454, 2.9192836848693435, 1.975, 5.969131692747916]",28.762439371013684,0.0,[],15.217351354695337,0.0,11.217351354695337,0.0,"[4.079828329145828, 4.150868057422606, 3.687377973822246, 3.299276994304657]",[],"[3.079828329145828, 3.150868057422606, 2.687377973822246, 2.299276994304657]",[],"[7.896995715758533, 8.079148865186168, 6.890712753390374, 5.895582036678608]"
140,0,396,True,True,1.0,4.99,9,9,True,1,10,101.83690097407636,"[8.557215072363693, 11.019843782571686, 16.731895473748434, 19.068035385802947, 6.629203523615567, 7.004883930207331, 6.582976548646302, 14.563721526120355, 11.67912573100004]",48.716391379889785,"[4.33731387822184, 5.297739075202958, 7.5254392347618895, 8.436533800463149, 3.5853893742100715, 3.731904732780859, 3.567360853972058, 6.6798513951869385, 5.554859035090016]",76.8869715554926,6.747465200179849,[6.747465200179849],38.98591890664211,3.6315114280701413,29.985918906642112,2.6315114280701413,"[4.7183270567141715, 6.9772688282901605, 3.946328044130274, 1.975, 4.048155210727192, 3.415879434422398, 3.6899899891378602, 3.375554256910943, 6.8394160863091145]",[3.6315114280701413],"[3.718327056714171, 5.9772688282901605, 2.946328044130274, 0.9750000000000001, 3.048155210727191, 2.415879434422398, 2.6899899891378602, 2.375554256910943, 5.8394160863091145]",[2.6315114280701413],"[9.534171940292746, 15.32633032894913, 7.554687292641728, 2.5, 7.8157825916081825, 6.194562652365123, 6.897410228558616, 6.09116476131011, 14.97286175976696]"
140,0,397,True,False,,0.0,2,2,,0,2,15.49263447228957,"[6.191642731211288, 9.300991741078283]",8.042127444192932,"[3.414740665172402, 4.62738677902053]",28.267460815523954,0.0,[],13.024309718054344,0.0,0.0,0.0,"[7.638536096843452, 5.385773621210891]",[],"[0.0, 0.0]",[],"[17.021887427803723, 11.245573387720233]"
140,0,398,True,True,1.0,4.99,5,5,True,4,9,100.23722623828128,"[12.600076250827001, 4.392103579907716, 9.976755722630541, 41.71765593065689, 31.550634754259136]",44.0925182329297,"[5.91402973782253, 2.7129203961640096, 4.8909347318259115, 17.269885812956186, 13.304747554161063]",31.84166544269268,33.1871035349435,"[5.186384537425866, 11.794582790006002, 9.41424067423236, 6.791895533279274]",17.418249522650143,16.942970378627965,12.418249522650147,12.942970378627965,"[5.54173241767942, 1.975, 1.975, 2.194142403721856, 5.732374701248871]","[3.0226899695960876, 5.599887288102341, 4.671553862950621, 3.648839257978917]","[4.54173241767942, 0.9750000000000001, 0.9750000000000001, 1.194142403721856, 4.732374701248871]","[2.0226899695960876, 4.599887288102341, 3.6715538629506206, 2.648839257978917]","[11.645467737639537, 2.5, 2.5, 3.06190359928681, 12.134294105766335]"
140,0,399,True,True,1.0,4.99,4,4,True,3,7,27.856753411946933,"[10.031182772886604, 3.760538821714291, 8.989140025016741, 5.075891792329294]",14.864133830659302,"[4.912161281425776, 2.466610140468574, 4.505764609756529, 2.979597799008425]",28.285415923313334,24.151126999030833,"[1.9146627416488708, 15.321687383621425, 6.914776873760538]",15.031312210092203,12.418939529622026,11.031312210092203,9.418939529622026,"[4.453834789209224, 4.011232336233019, 2.801358636143326, 3.764886448506633]","[1.7467184692430595, 6.975458079612356, 3.6967629807666103]","[3.453834789209224, 3.011232336233019, 1.801358636143326, 2.764886448506633]","[0.7467184692430596, 5.975458079612356, 2.6967629807666103]","[8.85598663899801, 7.721108554443638, 4.6188682978034, 7.089452432068289]"
140,0,400,True,True,1.0,4.99,4,4,True,2,6,40.011773550124104,"[9.602623558400465, 3.4559833067694954, 16.595521430416795, 10.357645254537353]",19.604591684548403,"[4.745023187776182, 2.347833489640103, 7.4722533578625505, 5.039481649269567]",66.31638286687368,7.840939282280663,"[3.2403635162832445, 4.6005757659974185]",29.863389318080735,5.0579663200894585,25.863389318080735,3.0579663200894585,"[6.188018226444018, 6.348277525592484, 8.710232978674767, 8.616860587369466]","[2.2637417713504653, 2.794224548738993]","[5.188018226444018, 5.348277525592484, 7.710232978674767, 7.616860587369467]","[1.2637417713504653, 1.7942245487389932]","[13.302610837035942, 13.713532116903805, 19.76982815044812, 19.530411762485812]"
140,0,401,True,False,,0.0,1,1,,0,1,6.333780056387541,[6.333780056387541],3.470174221991141,[3.470174221991141],9.82226070912488,0.0,[],4.830681676558703,0.0,0.0,0.0,[4.830681676558703],[],[0.0],[],[9.82226070912488]
140,0,402,True,True,1.0,4.99,5,5,True,3,8,49.55034671034884,"[11.208099664693941, 12.033488577180057, 16.174526980615422, 4.316297151603453, 5.8179343362559655]",24.324635217036047,"[5.371158869230637, 5.693060545100223, 7.308065522440015, 2.6833558891253464, 3.2689943911398265]",30.45753374591581,48.923499058245596,"[9.56432132485129, 33.11001175038981, 6.249165983004493]",16.878438160907166,22.080164632715782,11.878438160907166,19.080164632715782,"[2.916917934585552, 3.8701247850605087, 3.4710802761115667, 1.975, 4.645315165149539]","[4.730085316692003, 13.912904582652025, 3.4371747333717524]","[1.9169179345855516, 2.8701247850605087, 2.4710802761115667, 0.9750000000000001, 3.6453151651495386]","[3.730085316692003, 12.912904582652025, 2.4371747333717524]","[4.915174191245004, 7.359294320667971, 6.3361032720809405, 2.5, 9.346961961921894]"
140,0,403,True,False,,0.0,3,3,,0,3,44.779371846622595,"[10.570575462734695, 19.63114660059959, 14.577649783288315]",20.463955020182816,"[5.122524430466531, 8.65614717423384, 6.685283415482443]",39.71026305357775,0.0,[],18.487002590895322,0.0,0.0,0.0,"[4.853413756073397, 8.682548517240303, 4.95104031758162]",[],"[0.0, 0.0, 0.0]",[],"[9.88054809249589, 19.698842351898215, 10.13087260918364]"
140,0,404,True,True,1.0,4.99,6,6,True,2,8,42.95607603022137,"[3.5335079933468374, 12.109440450791958, 10.530427975540542, 5.993478508863619, 8.289221101678415, 2.5]",22.752869651786337,"[2.3780681174052667, 5.722681775808864, 5.106866910460812, 3.3374566184568115, 4.232796229654582, 1.975]",42.33019975892677,19.000138390744034,"[7.705784204940386, 11.29435418580365]",22.50877790598144,9.410053972390173,16.50877790598144,7.410053972390175,"[1.975, 5.032048473540032, 4.702054837973221, 3.5532568156974222, 3.6312784420342443, 3.6151393367365197]","[4.00525583992675, 5.404798132463424]","[0.9750000000000001, 4.032048473540032, 3.702054837973221, 2.5532568156974222, 2.6312784420342443, 2.6151393367365197]","[3.005255839926751, 4.404798132463424]","[2.5, 10.338585829589825, 9.492448302495438, 6.546812347942108, 6.746867800087806, 6.705485478811588]"
140,0,405,True,False,,0.0,3,3,,0,3,22.576977114403633,"[4.309975436741866, 11.470292337246494, 6.796709340415273]",11.805021074617418,"[2.680890420329328, 5.473414011526133, 3.6507166427619566]",61.0819218780649,0.0,[],26.821949532445313,0.0,0.0,0.0,"[12.180036826890829, 5.88537031155967, 8.756542393994813]",[],"[0.0, 0.0, 0.0]",[],"[28.66676109459187, 12.52659054246069, 19.88857024101234]"
140,0,406,True,True,1.0,4.99,4,4,True,1,5,35.96401387944603,"[11.504225402516923, 3.5323645526617664, 11.702349542291168, 9.225074381976174]",18.02596541298395,"[5.4866479069816, 2.3776221755380886, 5.563916321493556, 4.597779008970708]",32.91539768652946,15.562392910832852,[15.562392910832852],16.837005097746488,7.069333235224812,12.837005097746488,6.069333235224812,"[3.9520620992569344, 3.1225052253558316, 4.8659303354168735, 4.896507437716849]",[7.069333235224812],"[2.9520620992569344, 2.1225052253558316, 3.865930335416873, 3.896507437716849]",[6.069333235224812],"[7.569389998094704, 5.4423210906559785, 9.91264188568429, 9.991044712094485]"
140,0,407,True,True,1.0,4.99,5,5,True,6,11,57.71311287758068,"[5.248887913887208, 18.78556691272443, 27.160579930636505, 2.5, 4.018078120332535]",27.508114022256468,"[3.0470662864160114, 8.326371095962529, 11.592626172948238, 1.975, 2.5670504669296887]",31.326061919171494,75.00408508294471,"[4.444094273535523, 10.355987931600636, 19.0690202742572, 24.78539239479812, 10.798523124457766, 5.551067084295471]",17.217164148476883,35.251593182348444,12.217164148476883,29.25159318234844,"[3.4573802851754944, 2.037729617988739, 2.4971665693519807, 2.047814162622635, 7.177073513338033]","[2.733196766678854, 5.038835293324248, 8.436917906960307, 10.666303033971268, 5.211424018538529, 3.1649161628752336]","[2.4573802851754944, 1.0377296179887388, 1.4971665693519807, 1.0478141626226352, 6.177073513338033]","[1.733196766678854, 4.038835293324248, 7.436917906960308, 9.666303033971268, 4.211424018538529, 2.1649161628752336]","[6.3009750901935755, 2.6608451743300994, 3.8388886393640527, 2.68670298108368, 15.838650034200084]"
140,0,408,True,True,1.0,4.99,4,4,True,1,5,38.93412808892641,"[9.780240603079093, 7.345172358787242, 2.699446116403072, 19.109269010657002]",19.184309954681304,"[4.814293835200846, 3.8646172199270246, 2.0527839853971983, 8.452614914156232]",35.959675075122775,6.01729965486972,[6.01729965486972],18.024273279297883,3.346746865399191,14.024273279297883,2.346746865399191,"[2.0647444457543482, 1.975, 7.276169476198275, 6.70835935734526]",[3.346746865399191],"[1.0647444457543485, 0.9750000000000001, 6.276169476198275, 5.70835935734526]",[2.346746865399191],"[2.7301139634726885, 2.5, 16.092742246662244, 14.636818864987845]"
140,0,409,True,True,1.0,4.99,5,5,True,3,8,60.64843171606299,"[17.56323165591443, 13.279073100800241, 10.213453208906392, 12.240092755998168, 7.352580994443759]",28.652888369264566,"[7.849660345806627, 6.1788385093120946, 4.983246751473493, 5.773636174839286, 3.8675065878330663]",46.726247380894584,43.25656663583734,"[28.818747585255515, 11.341706726130289, 3.0961123244515307]",23.223236478548888,19.87006098797656,18.223236478548888,16.87006098797656,"[4.306074398970248, 6.523793637119258, 2.1000146290261767, 3.9297229730082766, 6.363630840424929]","[12.239311558249652, 5.4232656231908125, 2.2074838065360973]","[3.3060743989702472, 5.523793637119258, 1.100014629026177, 2.9297229730082766, 5.363630840424929]","[11.239311558249652, 4.4232656231908125, 1.207483806536097]","[8.477113843513454, 14.163573428510919, 2.820550330836351, 7.512110187200709, 13.75289959083315]"
140,0,410,True,True,1.0,4.99,6,6,True,0,6,68.98541369139495,"[13.082287820026018, 7.891592956022446, 18.264406878560916, 9.028913448535612, 6.4093404552312085, 14.308872133018747]",32.90431133964403,"[6.1020922498101475, 4.077721252848754, 8.123118682638758, 4.521276244928888, 3.4996427775401715, 6.580460131877311]",78.10020721045436,0.0,[],36.4590808120772,0.0,30.4590808120772,0.0,"[4.803709132364998, 3.313864385436211, 8.221153443537686, 8.083013935177751, 4.215905903606581, 7.821434011953971]",[],"[3.8037091323649976, 2.313864385436211, 7.221153443537686, 7.0830139351777515, 3.2159059036065814, 6.821434011953971]",[],"[9.75310033939743, 5.932985603682592, 18.51577806035304, 18.161574192763464, 8.245912573350209, 17.490856440907617]"
140,0,411,True,False,,0.0,2,2,,0,2,15.831651707481385,"[5.308797351588595, 10.52285435589279]",8.17434416591774,"[3.070430967119552, 5.103913198798188]",22.373572233345975,0.0,[],10.72569317100493,0.0,0.0,0.0,"[4.640124749178295, 6.085568421826635]",[],"[0.0, 0.0]",[],"[9.333653203021267, 13.039919030324706]"
140,0,412,True,False,,0.0,2,2,,0,2,15.330184778730027,"[12.556343135145312, 2.7738416435847153]",7.97877206370471,"[5.896973822706672, 2.081798240998039]",12.785405152115864,0.0,[],6.986308009325187,0.0,0.0,0.0,"[5.011308009325187, 1.975]",[],"[0.0, 0.0]",[],"[10.285405152115864, 2.5]"
140,0,413,True,False,,0.0,3,3,,0,3,30.840144685263894,"[12.06836905246341, 4.3385514169999215, 14.433224215800562]",15.02765642725292,"[5.7066639304607305, 2.6920350526299694, 6.62895744416222]",31.38691105176659,0.0,[],15.240895310188971,0.0,0.0,0.0,"[5.425620326350478, 4.3009576048234095, 5.514317379015084]",[],"[0.0, 0.0, 0.0]",[],"[11.347744426539686, 8.463993858521562, 11.575172766705343]"
140,0,414,True,False,,0.0,1,1,,0,1,5.418622400671436,[5.418622400671436],3.11326273626186,[3.11326273626186],11.46134021928377,0.0,[],5.46992268552067,0.0,0.0,0.0,[5.46992268552067],[],[0.0],[],[11.46134021928377]
140,0,415,True,False,,0.0,3,3,,0,3,46.744860424185326,"[19.50937191711926, 17.948259134268454, 9.287229372797611]",21.23049556543228,"[8.60865504767651, 7.999821062364697, 4.622019455391069]",19.528203838548134,0.0,[],10.615999497033773,0.0,0.0,0.0,"[2.984343754068342, 2.565393230957295, 5.0662625120081355]",[],"[0.0, 0.0, 0.0]",[],"[5.088060907867543, 4.013828797326397, 10.426314133354193]"
140,0,416,True,False,,0.0,2,2,,0,2,14.564397320585416,"[5.779472466536886, 8.78492485404853]",7.680114955028312,"[3.2539942619493853, 4.426120693078927]",12.278930753629492,0.0,[],6.788782993915502,0.0,0.0,0.0,"[3.5389780895013914, 3.2498049044141113]",[],"[0.0, 0.0]",[],"[6.510200229490747, 5.768730524138746]"
140,0,417,True,True,1.0,4.99,6,6,True,4,10,74.3838454083696,"[8.982726114345732, 13.820329471279365, 11.012247600899123, 8.994829994623961, 16.776717119552078, 14.796995107669332]",35.00969970926414,"[4.503263184594836, 6.389928493798952, 5.294776564350658, 4.507983697903345, 7.542919676625311, 6.7708280919910395]",62.44928737769772,56.79626022468119,"[3.7819147196351377, 13.984067460379597, 18.264757171866872, 20.765520872799588]",30.355222077302116,26.150541487625667,24.355222077302113,22.150541487625667,"[5.04930046831319, 4.514887424725004, 8.491252612118883, 4.797836469722599, 5.41852593131636, 2.0834191711060797]","[2.4749467406577037, 6.453786309548043, 8.12325529702808, 9.09855314039184]","[4.04930046831319, 3.5148874247250044, 7.491252612118883, 3.7978364697225984, 4.41852593131636, 1.0834191711060794]","[1.4749467406577037, 5.453786309548043, 7.123255297028081, 8.09855314039184]","[10.382821713623564, 9.012531858269242, 19.20834003107406, 9.738042230057944, 11.329553670041948, 2.7779978746309726]"
140,0,418,True,False,,0.0,3,3,,0,3,30.204412249113723,"[6.201910976608758, 15.270362178971652, 8.732139093533313]",14.779720777154353,"[3.418745280877416, 6.955441249798945, 4.405534246477992]",10.930876876151714,0.0,[],7.263041981699168,0.0,0.0,0.0,"[2.8852313057719225, 2.385864312853242, 1.9919463630740037]",[],"[0.0, 0.0, 0.0]",[],"[4.8339264250562115, 3.5534982380852362, 2.5434522130102657]"
140,0,419,True,False,,0.0,2,2,,0,2,22.282375707601346,"[8.376638421356887, 13.90573728624446]",10.690126525964526,"[4.266888984329186, 6.4232375416353396]",25.627773274453368,0.0,[],11.994831577036816,0.0,0.0,0.0,"[7.884183322313473, 4.110648254723342]",[],"[0.0, 0.0]",[],"[17.651752108496083, 7.976021165957286]"
140,0,420,True,True,1.0,4.99,4,4,True,4,8,41.68191276770107,"[20.576160067663228, 8.273470710367787, 10.297445380832864, 2.534836608837198]",20.25594597940342,"[9.024702426388659, 4.226653577043438, 5.016003698524817, 1.9885862774465073]",34.2203180756872,29.297440560979837,"[8.987676796859757, 5.847045394914825, 4.6077262419009335, 9.85499212730432]",17.345924049518008,15.426001818782137,13.345924049518008,11.426001818782137,"[7.1895185932220915, 2.2783523239728494, 1.9824642527976688, 5.895588879525399]","[4.505193950775306, 3.2803477040167817, 2.797013234341364, 4.843446929648685]","[6.1895185932220915, 1.2783523239728496, 0.9824642527976687, 4.895588879525399]","[3.5051939507753054, 2.2803477040167817, 1.797013234341364, 3.843446929648685]","[15.87056049544126, 3.277826471725255, 2.519139109737612, 12.552791998783075]"
140,0,421,True,False,,0.0,3,3,,0,3,16.928008896652386,"[6.646078628721369, 3.888557469460238, 6.3933727984707795]",9.60192346969443,"[3.5919706652013343, 2.516537413089493, 3.493415391403604]",48.06611925926268,0.0,[],21.745786511112442,0.0,0.0,0.0,"[4.865344738924689, 11.976157867694813, 4.904283904492941]",[],"[0.0, 0.0, 0.0]",[],"[9.91114035621715, 28.143994532550803, 10.010984370494722]"
140,0,422,True,True,1.0,4.99,4,4,True,2,6,26.28986887858649,"[4.046355511179608, 11.193757926414012, 2.5, 8.549755440992868]",14.25304886264873,"[2.578078649360047, 5.365565591301465, 1.975, 4.334404621987218]",31.638650022659746,9.955779474066482,"[4.977889737033241, 4.977889737033241]",16.3390735088373,5.8827539948859275,12.339073508837302,3.882753994885928,"[1.975, 3.932659111782355, 4.479144378576657, 5.952270018478289]","[2.9413769974429638, 2.9413769974429638]","[0.9750000000000001, 2.932659111782355, 3.479144378576657, 4.952270018478289]","[1.941376997442964, 1.941376997442964]","[2.5, 7.519638748159885, 8.920883021991427, 12.698128252508432]"
140,0,423,True,False,,0.0,1,1,,0,1,3.633037135302479,[3.633037135302479],2.4168844827679665,[2.4168844827679665],6.59204887026717,0.0,[],3.570899059404196,0.0,0.0,0.0,[3.570899059404196],[],[0.0],[],[6.59204887026717]
140,0,424,True,False,,0.0,3,3,,0,3,30.466331256829843,"[10.195238308957093, 10.963156902074049, 9.307936045798701]",14.88186919016364,"[4.976142940493267, 5.27563119180888, 4.630095057861494]",26.607410384433454,0.0,[],13.376890049929047,0.0,0.0,0.0,"[4.798107512321941, 4.7019639152327555, 3.8768186223743495]",[],"[0.0, 0.0, 0.0]",[],"[9.7387372110819, 9.492215167263476, 7.376458006088075]"
140,0,425,True,False,,0.0,2,2,,0,2,19.310669610051878,"[12.954034142726677, 6.356635467325202]",9.531161147920233,"[6.052073315663404, 3.479087832256829]",17.690222298401352,0.0,[],8.899186696376528,0.0,0.0,0.0,"[5.316836438759684, 3.582350257616844]",[],"[0.0, 0.0]",[],"[11.068811381435086, 6.621410916966266]"
140,0,426,True,True,1.0,4.99,5,5,True,2,7,48.92968194388588,"[9.584929677981036, 7.371660377684418, 13.04163422015892, 7.472007288082626, 11.459450379978879]",24.08257595811549,"[4.738122574412603, 3.874947547296923, 6.08623734586198, 3.914082842352224, 5.469185648191763]",44.44563255348395,25.567451636089977,"[12.84860588718838, 12.718845748901595]",22.333796695858737,11.971306138075091,17.333796695858737,9.971306138075091,"[4.386320597212364, 5.847501052823249, 4.039224149230379, 3.6586176687419787, 4.402133227850769]","[6.010956296003469, 5.960349842071622]","[3.3863205972123636, 4.847501052823249, 3.039224149230379, 2.6586176687419787, 3.4021332278507694]","[5.010956296003469, 4.960349842071622]","[8.682873326185547, 12.429489879033971, 7.792882433924049, 6.816968381389689, 8.72341853295069]"
140,0,427,True,False,,0.0,2,2,,0,2,16.18315263406113,"[11.935116819643923, 4.248035814417206]",8.311429527283842,"[5.65469555966113, 2.656733967622711]",13.354878202784926,0.0,[],7.208402499086121,0.0,0.0,0.0,"[3.8343239367450233, 3.374078562341098]",[],"[0.0, 0.0]",[],"[7.267497273705188, 6.087380929079738]"
140,0,428,True,True,1.0,4.99,4,5,,1,5,42.3518447280663,"[12.524549322288756, 13.40441933533026, 7.557320140989079, 3.0651819578651747, 5.800373971593034]",21.51721944394586,"[5.884574235692615, 6.227723540778801, 3.9473548549857407, 2.1954209635674182, 3.2621458489212833]",50.54420382634244,16.967231902188782,[16.967231902188782],24.71223949227355,7.617220441853625,19.71223949227355,6.617220441853625,"[7.033183617241963, 5.923923032042201, 6.789376795618363, 2.7048615107710963, 2.260894536599929]",[7.617220441853625],"[6.033183617241963, 4.923923032042201, 5.789376795618363, 1.7048615107710963, 1.260894536599929]",[6.617220441853625],"[15.469701582671698, 12.62544367190308, 14.84455588620093, 4.371439771207939, 3.2330629143587917]"
140,0,429,True,False,,0.0,1,1,,0,1,7.664022710658931,[7.664022710658931],3.988968857156983,[3.988968857156983],7.832079190501881,0.0,[],4.054510884295734,0.0,0.0,0.0,[4.054510884295734],[],[0.0],[],[7.832079190501881]
140,0,430,True,True,1.0,4.99,5,5,True,3,8,39.253450424000654,"[2.5, 4.181999544641449, 10.33645135396646, 14.406865744297392, 7.828133781095355]",20.308845665360252,"[1.975, 2.630979822410165, 5.031216028046919, 6.618677640275983, 4.052972174627188]",35.483751326016375,37.550423358860385,"[13.887097395704588, 15.68020580825689, 7.983120154898905]",18.838663017146384,17.64466510995555,13.838663017146384,14.64466510995555,"[2.32425465717755, 3.0311408569520104, 4.072012889687629, 2.3131197645465846, 7.098134848782611]","[6.41596798432479, 7.115280265220187, 4.113416860410573]","[1.32425465717755, 2.0311408569520104, 3.072012889687629, 1.3131197645465844, 6.098134848782611]","[5.41596798432479, 6.115280265220187, 3.113416860410573]","[3.395524761993718, 5.208053479364129, 7.876956127404177, 3.366973755247652, 15.636243202006694]"
140,0,431,True,False,,0.0,1,1,,0,1,4.847409880909184,[4.847409880909184],2.8904898535545818,[2.8904898535545818],3.3323879700343753,0.0,[],2.2996313083134066,0.0,0.0,0.0,[2.2996313083134066],[],[0.0],[],[3.3323879700343753]
140,0,432,True,True,1.0,4.99,4,4,True,5,9,52.20974912547857,"[8.182744699999544, 15.018520764381378, 11.769309408916516, 17.239174252181126]",24.36180215893664,"[4.191270432999822, 6.857223098108737, 5.590030669477442, 7.723277958350639]",28.72083510942984,49.23180964662063,"[15.3427052763151, 2.9084948314709815, 9.50428148777603, 13.4685665156105, 8.00776153544803]",15.201125692677639,24.20040576218205,11.201125692677639,19.20040576218205,"[4.366405269049987, 1.975, 2.311460758253278, 6.548259665374373]","[6.983655057762889, 2.1343129842736825, 4.706669780232652, 6.252740941088095, 4.123026998824732]","[3.366405269049987, 0.9750000000000001, 1.3114607582532778, 5.548259665374373]","[5.983655057762889, 1.1343129842736828, 3.706669780232652, 5.252740941088095, 3.1230269988247317]","[8.631808382179454, 2.5, 3.3627198929571223, 14.226306834293263]"
140,0,433,True,True,1.0,4.99,4,4,True,1,5,28.525830443394156,"[10.999022778928191, 7.787122087345972, 2.5, 7.2396855771199915]",15.125073872923721,"[5.289618883781995, 4.036977614064929, 1.975, 3.8234773750767967]",84.98274863470718,4.8441451962117155,[4.8441451962117155],37.14327196753581,2.889216626522569,33.14327196753581,1.8892166265225692,"[10.93379954466964, 10.651385719883294, 10.666059163939805, 4.892027539043068]",[2.889216626522569],"[9.93379954466964, 9.651385719883294, 9.666059163939805, 3.8920275390430676]",[1.8892166265225692],"[25.471280883768305, 24.747142871495626, 24.784767087025138, 9.979557792418122]"
140,0,434,True,True,1.0,4.99,4,4,True,2,6,32.8333450889728,"[12.118134617975134, 9.98223511382159, 5.497838034180951, 5.235137322995121]",16.80500458469939,"[5.726072501010302, 4.89307169439042, 3.144156833330571, 3.0417035559680974]",37.84896839416661,9.929768411031446,"[4.7072711332141415, 5.222497277817304]",18.76109767372498,5.872609680302263,14.76109767372498,3.872609680302264,"[6.560371139822727, 2.1154378295937044, 6.07524688511204, 4.010041819196509]","[2.835835741953515, 3.0367739383487486]","[5.560371139822727, 1.1154378295937044, 5.07524688511204, 3.010041819196509]","[1.8358357419535152, 2.0367739383487486]","[14.25736189698135, 2.860096998958216, 13.01345355156933, 7.718055946657715]"
140,0,435,True,True,1.0,4.99,5,5,True,5,10,48.856033163690064,"[14.630757891176282, 12.344657593791739, 11.438265508029748, 6.106479776884926, 4.33587239380737]",24.053852933839124,"[6.70599557755875, 5.814416461578778, 5.460923548131602, 3.3815271129851214, 2.6909902335848743]",61.57882858727485,57.85634186577114,"[15.842609986803867, 8.773115767156918, 9.79041729715591, 3.8201734772758393, 19.630025337378616]",29.015743149037192,27.56397332765075,24.015743149037192,22.56397332765075,"[5.055362174914284, 8.297914970584257, 6.785271967197344, 4.97757951135173, 3.8996145249895777]","[7.178617894853508, 4.421515149191198, 4.818262745890805, 2.4898676561375774, 8.65570988157766]","[4.055362174914284, 7.297914970584257, 5.785271967197344, 3.9775795113517303, 2.8996145249895777]","[6.178617894853508, 3.4215151491911984, 3.818262745890805, 1.4898676561375774, 7.6557098815776605]","[10.398364551062265, 18.712602488677582, 14.834030685121395, 10.198921823978795, 7.434909038434815]"
140,0,436,True,False,,0.0,3,3,,0,3,35.00333359179021,"[2.602694519232507, 18.460011060054878, 13.94062801250282]",16.65130010079818,"[2.0150508625006776, 8.199404313421404, 6.4368449248761]",44.96059319938716,0.0,[],20.534631347760993,0.0,0.0,0.0,"[4.0030958691307905, 10.485853571847638, 6.045681906782566]",[],"[0.0, 0.0, 0.0]",[],"[7.7002458182840785, 24.322701466275994, 12.93764591482709]"
140,0,437,True,False,,0.0,3,3,,0,3,24.045296287773702,"[6.469933931980987, 8.148790262479595, 9.426572093313117]",12.377665552231743,"[3.523274233472585, 4.178028202367042, 4.676363116392116]",34.51133314922947,0.0,[],16.459419928199495,0.0,0.0,0.0,"[1.975, 4.284603779878671, 10.199816148320824]",[],"[0.0, 0.0, 0.0]",[],"[2.5, 8.422060974047874, 23.589272175181602]"
140,0,438,True,True,1.0,4.99,5,5,True,2,7,56.85502988144708,"[5.612430870019058, 9.160996054654273, 14.676894154138205, 8.658495225159863, 18.746213577475682]",27.173461653764363,"[3.188848039307433, 4.572788461315167, 6.7239887201139, 4.376813137812347, 8.311023295215517]",62.16441415283124,15.011817009127018,"[7.057886116031143, 7.953930893095874]",29.244121519604185,7.854608633559536,24.244121519604185,5.854608633559536,"[2.027690286623994, 3.9577505710821907, 4.241062849112088, 14.76640978171554, 4.251208031070375]","[3.7525755852521456, 4.102033048307391]","[1.027690286623994, 2.9577505710821907, 3.2410628491120876, 13.76640978171554, 3.2512080310703744]","[2.7525755852521456, 3.102033048307391]","[2.6351032990358823, 7.583975823287668, 8.310417561825865, 35.29848661978343, 8.336430848898395]"
140,0,439,True,True,1.0,4.99,5,5,True,0,5,48.139782701173104,"[12.317836925302124, 7.618708440663271, 5.609319978590066, 17.692734712589356, 4.901182644028286]",23.774515253457512,"[5.803956400867829, 3.9712962918586756, 3.187634791650126, 7.90016653790985, 2.9114612311710317]",40.551761039597544,0.0,[],20.815186805443037,0.0,15.815186805443041,0.0,"[5.305351555407153, 3.647408429144127, 6.663916298593612, 2.0870939781422013, 3.111416544155948]",[],"[4.305351555407153, 2.647408429144127, 5.663916298593612, 1.0870939781422015, 2.111416544155948]",[],"[11.039362962582445, 6.788226741395197, 14.522862304086182, 2.7874204567748757, 5.413888574758841]"
140,0,440,True,False,,0.0,3,3,,0,3,41.356703199968216,"[5.6742260675689185, 26.443115253390967, 9.23936187900833]",19.129114247987605,"[3.2129481663518784, 11.312814948822478, 4.603351132813248]",18.344271067366435,0.0,[],10.15426571627291,0.0,0.0,0.0,"[3.591395149009272, 4.046812215138502, 2.516058352125137]",[],"[0.0, 0.0, 0.0]",[],"[6.64460294617762, 7.812339013175644, 3.8873291080131716]"
140,0,441,True,True,1.0,4.99,4,4,True,0,4,23.228536928877652,"[2.8899086982978015, 10.600713502958538, 2.5, 7.237914727621311]",13.059129402262283,"[2.1270643923361425, 5.13427826615383, 1.975, 3.822786743772311]",48.55735722658999,0.0,[],22.937369318370095,0.0,18.937369318370095,0.0,"[7.461264587571355, 4.17789293739111, 7.323294487478915, 3.9749173059287175]",[],"[6.461264587571355, 3.1778929373911096, 6.323294487478915, 2.9749173059287175]",[],"[16.56734509633681, 8.148443429207973, 16.213575608920294, 7.627993092124917]"
140,0,442,True,True,1.0,4.99,4,4,True,0,4,40.75275394422938,"[12.11915766072178, 11.254693626842489, 8.441072678637026, 8.937829978028086]",19.89357403824946,"[5.726471487681494, 5.389330514468571, 4.29201834466844, 4.485753691430954]",24.599016862287122,0.0,[],13.593616576291979,0.0,9.593616576291977,0.0,"[4.027536215571655, 2.3194631551360376, 2.5419036923909237, 4.7047135131933615]",[],"[3.027536215571655, 1.3194631551360376, 1.541903692390924, 3.704713513193361]",[],"[7.762913373260654, 3.3832388593231735, 3.9535992112587794, 9.499265418444516]"
140,0,443,True,False,,0.0,1,1,,0,1,11.658079958301427,[11.658079958301427],5.5466511837375565,[5.5466511837375565],8.824119698191046,0.0,[],4.441406682294508,0.0,0.0,0.0,[4.441406682294508],[],[0.0],[],[8.824119698191046]
140,0,444,True,True,1.0,4.99,4,2,,1,5,24.565655708760957,"[6.474339661741279, 18.091316047019678]",11.580605726416774,"[3.524992468079099, 8.055613258337676]",20.28860394965953,18.932446030009693,[18.932446030009693],9.912555540367219,8.383653951703781,7.912555540367218,7.3836539517037805,"[3.4185931431571905, 6.493962397210027]",[8.383653951703781],"[2.4185931431571905, 5.493962397210027]",[7.3836539517037805],"[6.201520879890232, 14.0870830697693]"
140,0,445,True,False,,0.0,3,3,,0,3,15.46634074137428,"[9.16120446491247, 3.2845212070162972, 3.0206150694455123]",9.031872889135968,"[4.572869741315864, 2.280963270736356, 2.1780398770837497]",23.17510548500487,0.0,[],12.0382911391519,0.0,0.0,0.0,"[4.145608932677912, 3.1809174626778054, 4.7117647437961825]",[],"[0.0, 0.0, 0.0]",[],"[8.065663929943364, 5.592096058148218, 9.517345496913288]"
140,0,446,True,True,1.0,4.99,5,5,True,1,6,43.91542831562089,"[10.41077426009683, 7.386026586340676, 5.381820683317546, 15.534143570865394, 5.202663215000449]",22.12701704309215,"[5.060201961437763, 3.8805503686728637, 3.098910066493843, 7.058315992637504, 3.0290386538501752]",36.52403201524834,2.5471495924265115,[2.5471495924265115],19.244372485946855,1.9933883410463396,14.244372485946855,0.9933883410463396,"[3.375626138897409, 4.1823884576007, 4.017606362788307, 2.7606867444790284, 4.908064782181408]",[1.9933883410463396],"[2.375626138897409, 3.1823884576007004, 3.0176063627883063, 1.7606867444790286, 3.908064782181408]",[0.9933883410463396],"[6.091349074095921, 8.15997040410436, 7.7374522122777085, 4.514581396100073, 10.020678928670277]"
140,0,447,True,True,1.0,4.99,5,5,True,3,8,45.795259820785546,"[8.124194951091331, 13.945511433316007, 7.883203146288295, 2.5, 13.342350290089911]",22.860151330106362,"[4.168436030925619, 6.438749458993243, 4.074449227052435, 1.975, 6.203516613135066]",52.88345270846229,21.634364659498978,"[6.436810393484861, 9.250028186284649, 5.947526079729468]",25.6245465563003,11.437402217204603,20.6245465563003,8.437402217204601,"[5.977586631118077, 3.747937424996477, 3.621536952106368, 7.117634758571393, 5.15985078950798]","[3.510356053459096, 4.607510992651013, 3.3195351710944925]","[4.977586631118077, 2.747937424996477, 2.621536952106368, 6.117634758571393, 4.15985078950798]","[2.510356053459096, 3.607510992651013, 2.3195351710944925]","[12.763042643892506, 7.045993397426864, 6.721889620785558, 15.68624297069588, 10.666284075661487]"
140,0,448,True,True,1.0,4.99,5,5,True,3,8,39.9124505169825,"[12.464867940753347, 10.46609412806343, 3.748623293789657, 5.7932011484274035, 7.4396640059486705]",20.565855701623178,"[5.861298496893806, 5.081776709944738, 2.4619630845779663, 3.2593484478866874, 3.9014689623199814]",55.53940164302918,36.290941888071465,"[3.489353835931597, 29.444610100049147, 3.3569779520907232]",26.660366640781383,17.153467336347873,21.660366640781383,14.153467336347873,"[4.164848584374979, 4.07841954606823, 7.166740125871984, 6.894782354693182, 4.355576029773007]","[2.360847996013323, 12.483397939019168, 2.309221401315382]","[3.1648485843749787, 3.07841954606823, 6.166740125871984, 5.894782354693182, 3.3555760297730073]","[1.3608479960133228, 11.483397939019168, 1.309221401315382]","[8.114996370192253, 7.893383451457, 15.812154168902522, 15.114826550495337, 8.60404110198207]"
140,0,449,True,True,1.0,4.99,6,6,True,1,7,44.644389486068974,"[5.731337151649548, 6.026064619635925, 6.927913859710795, 14.833586929286469, 6.598166364068667, 4.527320561717565]",23.411311899566897,"[3.2352214891433237, 3.350165201658011, 3.70188640528721, 6.785098902421723, 3.57328488198678, 2.7656550190698503]",43.477825297268105,10.926269980061157,[10.926269980061157],22.95635186593456,5.261245292223851,16.95635186593456,4.261245292223851,"[2.3041366394686342, 2.4666829413096463, 2.914387929677188, 4.827204251558548, 3.7001776776977366, 6.743762426222809]",[5.261245292223851],"[1.304136639468634, 1.4666829413096463, 1.914387929677188, 3.827204251558548, 2.7001776776977366, 5.743762426222809]",[4.261245292223851],"[3.3439401012016257, 3.7607254905375544, 4.908686999172277, 9.813344234765507, 6.923532506917273, 14.72759596467387]"
140,0,450,True,True,1.0,4.99,12,12,True,1,13,116.04538465792089,"[6.158849302629367, 16.97538892929212, 2.5, 11.676641672334313, 14.941701001217268, 12.23581971490725, 8.376438620363222, 8.626977498909776, 8.859493690917681, 9.064454450166767, 14.129619777183116, 2.5]",57.25770001658914,"[3.401951228025453, 7.6204016824239265, 1.975, 5.553890252210382, 6.827263390474735, 5.771969688813828, 4.266811061941657, 4.364521224574813, 4.455202539457895, 4.535137235565039, 6.510551713101416, 1.975]",137.55027962571307,4.767422438005312,[4.767422438005312],65.64460905402811,2.8592947508220714,53.64460905402811,1.8592947508220716,"[7.732568980558253, 4.100800546471625, 4.638587503471485, 2.4268082049851007, 4.848669728292302, 9.188634237332565, 6.4969670862049425, 6.998382867475162, 1.975, 3.610354657762836, 7.150270723959013, 6.477564517514827]",[2.8592947508220714],"[6.732568980558253, 3.1008005464716253, 3.638587503471485, 1.4268082049851007, 3.848669728292302, 8.188634237332565, 5.4969670862049425, 5.998382867475162, 0.9750000000000001, 2.610354657762836, 6.150270723959013, 5.477564517514827]",[1.8592947508220716],"[17.262997386046802, 7.950770631978526, 9.329711547362782, 3.6584825768848734, 9.86838391869821, 20.996498044442472, 14.094787400525494, 15.380468890961954, 2.5, 6.6932170711867585, 15.769924933228237, 14.04503722439699]"
140,0,451,True,False,,0.0,3,3,,0,3,37.34931737477659,"[8.492581266207322, 7.82276025737011, 21.03397585119916]",17.56623377616287,"[4.312106693820856, 4.050876500374343, 9.203250581967673]",31.64080998932429,0.0,[],15.339915895836473,0.0,0.0,0.0,"[7.400355572271758, 4.461451500612316, 3.478108822952399]",[],"[0.0, 0.0, 0.0]",[],"[16.41116813403015, 8.875516668236708, 6.354125187057433]"
140,0,452,True,False,,0.0,3,3,,0,3,22.226753927709076,"[6.341119288151221, 10.034103605148195, 5.8515310344096605]",11.66843403180654,"[3.473036522378976, 4.913300406007796, 3.2820971034197677]",34.57431413233884,0.0,[],16.483982511612147,0.0,0.0,0.0,"[3.600011212928048, 7.398205677753078, 5.485765620931024]",[],"[0.0, 0.0, 0.0]",[],"[6.666695417764226, 16.40565558398225, 11.501963130592367]"
140,0,453,True,False,,0.0,3,3,,0,3,24.176055463130115,"[6.729461550589244, 14.946593912540871, 2.5]",12.428661630620745,"[3.624490004729805, 6.82917162589094, 1.975]",12.685591848893306,0.0,[],7.947380821068389,0.0,0.0,0.0,"[1.975, 3.99738082106839, 1.975]",[],"[0.0, 0.0, 0.0]",[],"[2.5, 7.685591848893307, 2.5]"
140,0,454,True,False,,0.0,1,1,,0,1,7.627675135201009,[7.627675135201009],3.9747933027283935,[3.9747933027283935],10.7690376307065,0.0,[],5.199924675975535,0.0,0.0,0.0,[5.199924675975535],[],[0.0],[],[10.7690376307065]
140,0,455,True,False,,0.0,1,1,,0,1,5.60103893644955,[5.60103893644955],3.1844051852153243,[3.1844051852153243],8.892131779470436,0.0,[],4.46793139399347,0.0,0.0,0.0,[4.46793139399347],[],[0.0],[],[8.892131779470436]
140,0,456,True,False,,0.0,1,1,,0,1,3.910673793421313,[3.910673793421313],2.525162779434312,[2.525162779434312],12.04067284802419,0.0,[],5.695862410729434,0.0,0.0,0.0,[5.695862410729434],[],[0.0],[],[12.04067284802419]
140,0,457,True,False,,0.0,2,2,,0,2,19.219504389547797,"[13.250740088615803, 5.968764300931993]",9.49560671192364,"[6.167788634560163, 3.3278180773634776]",27.826932422058576,0.0,[],12.852503644602844,0.0,0.0,0.0,"[4.026098939837862, 8.826404704764983]",[],"[0.0, 0.0]",[],"[7.759228050866314, 20.067704371192264]"
140,0,458,True,False,,0.0,2,2,,0,2,17.244625344208355,"[7.057093219917099, 10.187532124291256]",8.725403884241258,"[3.7522663557676688, 4.97313752847359]",16.28970631645107,0.0,[],8.352985463415918,0.0,0.0,0.0,"[5.053677469557056, 3.2993079938588616]",[],"[0.0, 0.0]",[],"[10.394044793736041, 5.89566152271503]"
140,0,459,True,False,,0.0,2,2,,0,2,16.79697691657323,"[8.612279118592287, 8.18469779798094]",8.550820997463559,"[4.358788856250992, 4.192032141212566]",7.340666485240508,0.0,[],4.862859929243799,0.0,0.0,0.0,"[2.0998552782355833, 2.763004651008215]",[],"[0.0, 0.0]",[],"[2.820141739065598, 4.520524746174909]"
140,0,460,True,False,,0.0,3,3,,0,3,22.29429257301767,"[3.1259986625477474, 16.668293910469924, 2.5]",11.694774103476892,"[2.219139478393622, 7.50063462508327, 1.975]",36.421484111954875,0.0,[],17.2043788036624,0.0,0.0,0.0,"[7.905046279556963, 6.5768024693224, 2.7225300547830393]",[],"[0.0, 0.0, 0.0]",[],"[17.70524687065888, 14.299493511083078, 4.416743730212921]"
140,0,461,True,False,,0.0,2,2,,0,2,8.478625984420939,"[2.9338969476756995, 5.544729036745239]",5.306664133924166,"[2.1442198095935225, 3.1624443243306435]",22.721197078832134,0.0,[],10.861266860744532,0.0,0.0,0.0,"[5.884364845750948, 4.976902014993584]",[],"[0.0, 0.0]",[],"[12.52401242500243, 10.197184653829702]"
140,0,462,True,False,,0.0,1,1,,0,1,11.742065800018105,[11.742065800018105],5.579405662007061,[5.579405662007061],3.2490701832657503,0.0,[],2.267137371473643,0.0,0.0,0.0,[2.267137371473643],[],[0.0],[],[3.2490701832657503]
140,0,463,True,True,1.0,4.99,4,4,True,0,4,62.20519666999274,"[7.530370442917695, 19.60412270063574, 8.444637670445859, 26.626065855993446]",28.26002670129717,"[3.936844472737901, 8.64560785324794, 4.293408691473886, 11.384165683837445]",48.55565863873717,0.0,[],22.9367068691075,0.0,18.936706869107496,0.0,"[2.7450565549023658, 6.983079683068488, 9.86371265994921, 3.344857971187433]",[],"[1.745056554902366, 5.983079683068488, 8.86371265994921, 2.344857971187433]",[],"[4.474503986929143, 15.341229956585867, 22.727468358844128, 6.012456336378033]"
140,0,464,True,False,,0.0,2,2,,0,2,14.31496488149169,"[6.598424689321167, 7.716540192170524]",7.58283630378176,"[3.573385628835255, 4.009450674946505]",32.41026458792361,0.0,[],14.640003189290208,0.0,0.0,0.0,"[9.441833117896072, 5.198170071394137]",[],"[0.0, 0.0]",[],"[21.645725943323264, 10.764538644600352]"
140,0,465,True,False,,0.0,3,3,,0,3,20.607533366102654,"[11.463928875133291, 5.92156193871642, 3.2220425522529426]",11.036938012780036,"[5.470932261301984, 3.3094091560994037, 2.2565965953786478]",17.32154998457335,0.0,[],9.755404493983606,0.0,0.0,0.0,"[2.686615379161018, 4.070694402664305, 2.9980947121582835]",[],"[0.0, 0.0, 0.0]",[],"[4.3246548183615845, 7.873575391446934, 5.12331977476483]"
140,0,466,True,False,,0.0,1,1,,0,1,13.23875133213275,[13.23875133213275],6.163113019531773,[6.163113019531773],17.28220461601141,0.0,[],7.74005980024445,0.0,0.0,0.0,[7.74005980024445],[],[0.0],[],[17.28220461601141]
140,0,467,True,False,,0.0,1,1,,0,1,8.559600023034315,[8.559600023034315],4.3382440089833825,[4.3382440089833825],13.212350782439144,0.0,[],6.152816805151266,0.0,0.0,0.0,[6.152816805151266],[],[0.0],[],[13.212350782439144]
140,0,468,True,False,,0.0,2,2,,0,2,18.13560954475265,"[14.583509125900946, 3.5521004188517042]",9.072887722453533,"[6.687568559101369, 2.3853191633521647]",18.12344064221849,0.0,[],9.068141850465214,0.0,0.0,0.0,"[4.36041916992269, 4.707722680542522]",[],"[0.0, 0.0]",[],"[8.61645941005818, 9.506981232160312]"
140,0,469,True,False,,0.0,3,3,,0,3,47.79288171444125,"[13.988315153968195, 28.719454452490755, 5.085112107982298]",21.639223868632087,"[6.455442910047596, 12.200587236471394, 2.9831937221130964]",23.56977594602496,0.0,[],12.192212618949734,0.0,0.0,0.0,"[2.5826738261888718, 5.810430287893552, 3.7991085048673106]",[],"[0.0, 0.0, 0.0]",[],"[4.058138015868901, 12.334436635624492, 7.1772012945315655]"
140,0,470,True,True,1.0,4.99,4,4,True,4,8,41.8493306272817,"[11.457730281900126, 12.942148228469248, 10.557252385708592, 6.892199731203729]",20.321238944639862,"[5.468514809941049, 6.047437809103007, 5.117328430426351, 3.6879578951694545]",34.152899106230564,35.55162111920767,"[5.40998258166149, 17.429193143372412, 7.3024628125122755, 5.40998258166149]",17.31963065142992,17.86513223649099,13.31963065142992,13.86513223649099,"[4.095399844681264, 3.6290675798285608, 7.148780747565456, 2.446382479354638]","[3.109893206847981, 7.797385325915241, 3.8479604968797876, 3.109893206847981]","[3.095399844681264, 2.6290675798285608, 6.148780747565456, 1.446382479354638]","[2.109893206847981, 6.797385325915241, 2.8479604968797876, 2.109893206847981]","[7.936922678669908, 6.741198922637335, 15.766104480937067, 3.7086730239862513]"
140,0,471,True,False,,0.0,1,1,,0,1,11.7879456908565,[11.7879456908565],5.597298819434035,[5.597298819434035],9.430886363203827,0.0,[],4.678045681649493,0.0,0.0,0.0,[4.678045681649493],[],[0.0],[],[9.430886363203827]
140,0,472,True,True,1.0,4.99,4,4,True,1,5,35.42516567576113,"[7.717405094117872, 10.277935560861941, 13.183895724013366, 4.245929296767945]",17.815814613546838,"[4.00978798670597, 5.008394868736157, 6.141719332365213, 2.6559124257394986]",34.232971389144076,9.249832119584482,[9.249832119584482],17.35085884176619,4.607434526637949,13.35085884176619,3.6074345266379484,"[1.975, 2.132115422804906, 6.857185133913659, 6.386558285047624]",[4.607434526637949],"[0.9750000000000001, 1.132115422804906, 5.857185133913659, 5.386558285047624]",[3.6074345266379484],"[2.5, 2.9028600584741175, 15.018423420291434, 13.811687910378522]"
140,0,473,True,False,,0.0,2,2,,0,2,8.733390276751878,"[4.6279528475428044, 4.105437429209074]",5.4060222079332325,"[2.8049016105416937, 2.601120597391539]",22.541704911661334,0.0,[],10.79126491554792,0.0,0.0,0.0,"[4.618428786124244, 6.172836129423677]",[],"[0.0, 0.0]",[],"[9.278022528523701, 13.263682383137635]"
140,0,474,True,True,1.0,4.99,4,4,True,0,4,28.490410321232986,"[9.356963658483677, 4.2149519044996016, 6.6359206395997745, 8.282574118649931]",15.111260025280863,"[4.649215826808634, 2.6438312427548447, 3.588009049443912, 4.2302039062734735]",40.77907193304882,0.0,[],19.903838053889043,0.0,15.903838053889043,0.0,"[4.673912279780055, 5.772855983284102, 5.393848274058627, 4.063221516766259]",[],"[3.6739122797800547, 4.772855983284102, 4.393848274058627, 3.0632215167662586]",[],"[9.420287896871935, 12.23809226483103, 11.26627762579135, 7.854414145554509]"
140,0,475,True,False,,0.0,3,3,,0,3,28.690527762666473,"[4.077304662494426, 18.49775888980049, 6.115464210371557]",14.189305827439926,"[2.5901488183728265, 8.214125967022191, 3.3850310420449072]",41.65887137648456,0.0,[],19.246959836828978,0.0,0.0,0.0,"[10.007696057215906, 4.035847794310008, 5.203415985303065]",[],"[0.0, 0.0, 0.0]",[],"[23.09665655696386, 7.784225113615406, 10.777989705905293]"
140,0,476,True,True,1.0,4.99,5,5,True,2,7,42.09911511728447,"[13.755205247217933, 4.002735714072095, 8.75057419468106, 4.7407043718063795, 10.849895589507]",21.418654895740943,"[6.364530046414994, 2.561066928488117, 4.412723935925613, 2.848874705004488, 5.23145927990773]",57.06137827310947,9.753996026266474,"[6.5276821927954165, 3.2263138334710577]",27.253937526512694,5.804058450243925,22.253937526512694,3.804058450243925,"[8.451004456036518, 5.606460684509785, 2.9177693841134014, 4.315809247653844, 5.962893754199145]","[3.5457960551902126, 2.2582623950537126]","[7.451004456036519, 4.606460684509785, 1.9177693841134011, 3.315809247653844, 4.962893754199145]","[2.5457960551902126, 1.2582623950537126]","[19.10513963086287, 11.811437652589191, 4.917357395162567, 8.502074993984214, 12.725368600510627]"
140,0,477,True,True,1.0,4.99,6,6,True,1,7,78.50306891814277,"[15.540408085528746, 7.730150272221407, 6.204323911434709, 5.157732007352654, 19.43052893489562, 24.439925706709634]",36.616196878075684,"[7.060759153356211, 4.014758606166349, 3.4196863254595367, 3.011515482867535, 8.577906284609291, 10.531571025616758]",45.87735012979146,16.21283648226341,[16.21283648226341],23.892166550618672,7.32300622808273,17.892166550618672,6.32300622808273,"[1.975, 7.311857250441032, 4.449362418740836, 2.086427253894499, 6.0945196275423035, 1.975]",[7.32300622808273],"[0.9750000000000001, 6.311857250441032, 3.4493624187408356, 1.086427253894499, 5.0945196275423035, 0.9750000000000001]",[6.32300622808273],"[2.5, 16.18424936010521, 8.844519022412399, 2.7857109074217923, 13.06287083985206, 2.5]"
140,0,478,True,True,1.0,4.99,5,5,True,3,8,51.466521743472796,"[9.312160356603647, 10.024113646615332, 13.948909842282319, 12.622226595946499, 5.5591113020249985]",25.07194347995439,"[4.631742539075422, 4.909404322179979, 6.440074838490105, 5.9226683724191345, 3.1680534077897495]",32.44472482567926,10.410247567042369,"[3.5078729619708398, 3.5237769143059183, 3.3785976907656106]",17.653442682014912,7.059996551146524,12.653442682014912,4.059996551146524,"[3.16253912171969, 3.132700356381412, 3.4465911777790845, 3.999996554583446, 3.9116154715512796]","[2.3680704551686276, 2.3742729965793083, 2.317653099398588]","[2.16253912171969, 2.132700356381412, 2.4465911777790845, 2.999996554583446, 2.9116154715512796]","[1.3680704551686276, 1.3742729965793081, 1.3176530993985882]","[5.544972106973564, 5.468462452260031, 6.273310712254062, 7.692298857906272, 7.465680696285332]"
140,0,479,True,False,,0.0,2,2,,0,2,22.32961368355094,"[10.490868765635335, 11.838744917915605]",10.708549336584866,"[5.091438818597781, 5.617110517987086]",18.1161635636416,0.0,[],9.065303789820224,0.0,0.0,0.0,"[4.8264160953708775, 4.238887694449346]",[],"[0.0, 0.0]",[],"[9.811323321463789, 8.30484024217781]"
140,0,480,True,False,,0.0,3,3,,0,3,26.92088704728078,"[4.72186959658213, 10.417241818690053, 11.781775632008596]",13.499145948439505,"[2.8415291426670306, 5.062724309289121, 5.594892496483353]",28.00784960953886,0.0,[],13.923061347720154,0.0,0.0,0.0,"[2.5509005030282994, 4.785591893718546, 6.586568950973309]",[],"[0.0, 0.0, 0.0]",[],"[3.9766679564828196, 9.706645881329607, 14.324535771726431]"
140,0,481,True,False,,0.0,2,2,,0,2,11.344484240741325,"[5.283029186588033, 6.061455054153292]",6.424348853889118,"[3.060381382769333, 3.3639674711197842]",13.611073508868074,0.0,[],7.308318668458549,0.0,0.0,0.0,"[5.2313807740108675, 2.0769378944476817]",[],"[0.0, 0.0]",[],"[10.849694292335558, 2.761379216532517]"
140,0,482,True,False,,0.0,3,3,,0,3,24.996249142635712,"[7.9751915891985465, 9.315644562671208, 7.705412990765959]",12.748537165627928,"[4.1103247197874335, 4.633101379441771, 4.005111066398724]",29.580556108700705,0.0,[],14.536416882393276,0.0,0.0,0.0,"[5.837820527796854, 3.193666207332559, 5.504930147263862]",[],"[0.0, 0.0, 0.0]",[],"[12.404668019991933, 5.624785147006561, 11.55110294170221]"
140,0,483,True,False,,0.0,1,1,,0,1,7.316345018972093,[7.316345018972093],3.8533745573991163,[3.8533745573991163],8.130675841211504,0.0,[],4.170963578072486,0.0,0.0,0.0,[4.170963578072486],[],[0.0],[],[8.130675841211504]
140,0,484,True,False,,0.0,2,2,,0,2,28.053995954954516,"[7.789776538784617, 20.2642194161699]",12.941058422432262,"[4.038012850126, 8.903045572306262]",14.794063576098388,0.0,[],7.769684794678371,0.0,0.0,0.0,"[4.364569460885613, 3.4051153337927587]",[],"[0.0, 0.0]",[],"[8.62710118175798, 6.166962394340406]"
140,0,485,True,True,1.0,4.99,4,4,True,2,6,51.14712941928849,"[14.475315130272902, 18.25275180643811, 9.508366154539345, 8.910696328038139]",23.947380473522514,"[6.645372900806432, 8.118573204510863, 4.7082628002703455, 4.475171567934874]",19.028244827166098,12.369409667455333,"[10.572400505008108, 1.7970091624472238]",11.421015482594779,6.82406977030758,7.421015482594779,4.82406977030758,"[2.3588465061622417, 1.975, 3.8519373796240672, 3.2352315968084695]","[5.123236196953163, 1.7008335733544173]","[1.358846506162242, 0.9750000000000001, 2.8519373796240672, 2.2352315968084695]","[4.123236196953163, 0.7008335733544173]","[3.4842218106724148, 2.5, 7.312659947754018, 5.7313630687396655]"
140,0,486,True,True,1.0,4.99,6,6,True,4,10,42.6944963680894,"[4.229031750734724, 2.5, 10.44580892090497, 9.651334073692324, 11.292640093240392, 4.575681529516988]",22.650853583554863,"[2.6493223827865426, 1.975, 5.073865479152938, 4.7640202887400065, 5.404129636363753, 2.7845157965116254]",77.78563501795905,33.211992691705014,"[5.1848281319179375, 12.854942356699272, 6.515704975233948, 8.656517227853856]",36.336397657004035,16.952677149764956,30.336397657004035,12.952677149764956,"[3.684900365201305, 4.339643145029106, 11.696932851338364, 11.465379604681774, 2.2982548644182303, 2.851286826335257]","[3.0220829714479955, 6.0134275191127164, 3.54112494034124, 4.376041718863004]","[2.684900365201305, 3.3396431450291053, 10.696932851338364, 10.465379604681774, 1.2982548644182306, 1.851286826335257]","[2.0220829714479955, 5.0134275191127164, 2.54112494034124, 3.376041718863004]","[6.884359910772577, 8.56318755135668, 27.42803295214965, 26.83430667867121, 3.3288586267134117, 4.746889298295531]"
140,0,487,True,True,1.0,4.99,5,5,True,1,6,29.325875891762156,"[5.768695579890556, 2.63255391835302, 5.977922046563954, 7.28500575581311, 7.661698591141516]",16.43709159778724,"[3.249791276157317, 2.026696028157678, 3.331389598159942, 3.841152244767113, 3.988062450545191]",63.01655801099879,5.852552696124383,[5.852552696124383],29.576457624289528,3.2824955514885095,24.576457624289528,2.2824955514885095,"[3.7770101983348656, 5.261791653576823, 3.5740222607208034, 12.200374217526075, 4.763259294130961]",[3.2824955514885095],"[2.7770101983348656, 4.261791653576823, 2.5740222607208034, 11.200374217526075, 3.763259294130961]",[2.2824955514885095],"[7.120538970089399, 10.92767090660724, 6.60005707877129, 28.71890825006686, 9.649382805464002]"
140,0,488,True,False,,0.0,3,3,,0,3,41.63808676590913,"[7.5536311395075195, 16.419367469871172, 17.665088156530437]",19.23885383870456,"[3.9459161444079327, 7.403553313249757, 7.889384381046871]",21.444261728042555,0.0,[],11.363262073936596,0.0,0.0,0.0,"[6.127390829783408, 2.961215892428743, 2.274655351724445]",[],"[0.0, 0.0, 0.0]",[],"[13.14715597380361, 5.028758698535238, 3.2683470557037064]"
140,0,489,True,False,,0.0,1,1,,0,1,2.5,[2.5],1.975,[1.975],7.393292891003718,0.0,[],3.88338422749145,0.0,0.0,0.0,[3.88338422749145],[],[0.0],[],[7.393292891003718]
140,0,490,True,False,,0.0,2,2,,0,2,28.413794280476854,"[14.246619353248747, 14.167174927228107]",13.081379769385974,"[6.556181547767012, 6.525198221618962]",16.902742183976418,0.0,[],8.592069451750804,0.0,0.0,0.0,"[5.828047059282208, 2.7640223924685956]",[],"[0.0, 0.0]",[],"[12.379607844313353, 4.523134339663065]"
140,0,491,True,False,,0.0,1,1,,0,1,7.229618956249104,[7.229618956249104],3.819551392937151,[3.819551392937151],7.927504508657013,0.0,[],4.091726758376235,0.0,0.0,0.0,[4.091726758376235],[],[0.0],[],[7.927504508657013]
140,0,492,True,False,,0.0,3,3,,0,3,20.856095535922144,"[2.5, 9.087711436480015, 9.26838409944213]",11.133877259009637,"[1.975, 4.544207460227206, 4.614669798782431]",25.209958269911237,0.0,[],12.831883725265383,0.0,0.0,0.0,"[4.115536257040248, 4.907416833477074, 3.8089306347480605]",[],"[0.0, 0.0, 0.0]",[],"[7.988554505231406, 10.019017521736085, 7.202386242943745]"
140,0,493,True,False,,0.0,2,2,,0,2,15.276278012871035,"[7.228033093122258, 8.048244919748777]",7.9577484250197035,"[3.8189329063176807, 4.138815518702023]",26.903700201916436,0.0,[],12.49244307874741,0.0,0.0,0.0,"[5.120148109666665, 7.372294969080746]",[],"[0.0, 0.0]",[],"[10.564482332478628, 16.33921786943781]"
140,0,494,True,False,,0.0,3,3,,0,3,31.998567437499723,"[6.229155715406186, 21.686659175735457, 4.082752546358079]",15.479441300624892,"[3.4293707290084128, 9.457797078536828, 2.592273493079651]",16.188156363412183,0.0,[],9.313380981730752,0.0,0.0,0.0,"[2.3534179314073254, 4.888148332292156, 2.0718147180312707]",[],"[0.0, 0.0, 0.0]",[],"[3.470302388223911, 9.969611108441425, 2.748242866746848]"
140,0,495,True,False,,0.0,2,2,,0,2,29.507019002501277,"[16.253228295671736, 13.253790706829541]",13.507737410975498,"[7.338759035311977, 6.168978375663521]",19.178902368837463,0.0,[],9.479771923846611,0.0,0.0,0.0,"[3.550127633192473, 5.929644290654138]",[],"[0.0, 0.0]",[],"[6.5387888030576224, 12.64011356577984]"
140,0,496,True,True,1.0,4.99,4,4,True,6,10,43.18034811573829,"[9.902794617594353, 15.458614645920385, 3.9183748761641057, 13.900563976059448]",20.840335765137933,"[4.862089900861798, 7.02885971190895, 2.528166201704001, 6.421219950663185]",36.75676357583332,45.024170325030944,"[5.595758292574855, 19.413330134784527, 4.583919651443349, 3.999675748434685, 7.929604090141786, 3.501882407651744]",18.335137794574997,23.55942642676207,14.335137794574996,17.55942642676207,"[3.616655813456321, 5.737303341224635, 4.1784905949516205, 4.802688044942419]","[3.1823457341041936, 8.571198752565966, 2.7877286640629064, 2.5598735418895275, 4.092545595155297, 2.3657341389841804]","[2.616655813456321, 4.737303341224635, 3.178490594951621, 3.802688044942419]","[2.1823457341041936, 7.571198752565966, 1.7877286640629062, 1.5598735418895273, 3.0925455951552965, 1.3657341389841802]","[6.709373880657234, 12.146931644165731, 8.149975884491335, 9.750482166519022]"
140,0,497,True,False,,0.0,1,1,,0,1,3.1587585443406856,[3.1587585443406856],2.2319158322928674,[2.2319158322928674],2.5,0.0,[],1.975,0.0,0.0,0.0,[1.975],[],[0.0],[],[2.5]
140,0,498,True,False,,0.0,3,3,,0,3,30.602102707264457,"[11.136710709479686, 8.09903301332044, 11.366358984464332]",14.93482005583314,"[5.343317176697078, 4.158622875194972, 5.43288000394109]",24.523264673351026,0.0,[],12.5640732226069,0.0,0.0,0.0,"[3.2508530386339114, 6.171289894109151, 3.1419302898638377]",[],"[0.0, 0.0, 0.0]",[],"[5.771418047779259, 13.25971767720295, 5.492128948368815]"
140,0,499,True,False,,0.0,3,3,,0,3,41.46613889450735,"[19.22031653224582, 14.48814951237948, 7.757672849882053]",19.171794168857872,"[8.495923447575871, 6.650378309827997, 4.025492411454001]",41.60237923096362,0.0,[],19.224927900075812,0.0,0.0,0.0,"[5.998735891627939, 7.856133362646118, 5.3700586458017545]",[],"[0.0, 0.0, 0.0]",[],"[12.817271516994717, 17.579829134990046, 11.205278578978858]"
140,0,500,True,False,,0.0,1,1,,0,1,17.53671859602579,[17.53671859602579],7.839320252450058,[7.839320252450058],9.35866618881129,0.0,[],4.649879813636403,0.0,0.0,0.0,[4.649879813636403],[],[0.0],[],[9.35866618881129]
140,0,501,True,True,1.0,4.99,4,4,True,2,6,48.1432726097676,"[5.518299779666247, 13.763919137030236, 20.07533935281776, 8.785714340253357]",22.775876317809363,"[3.1521369140698363, 6.367928463441792, 8.829382347598926, 4.426428592698809]",36.22528808317342,15.13562280018725,"[3.8311233572534498, 11.3044994429338]",18.12786235243763,7.902892892073028,14.127862352437631,5.902892892073028,"[6.593357463495954, 5.1314448792187495, 4.428060009722929, 1.975]","[2.4941381093288455, 5.408754782744182]","[5.593357463495954, 4.1314448792187495, 3.428060009722928, 0.9750000000000001]","[1.4941381093288455, 4.408754782744182]","[14.341942214092189, 10.593448408253204, 8.789897460828021, 2.5]"
140,0,502,True,False,,0.0,3,3,,0,3,40.57712649406599,"[7.088994164374128, 22.816017212959352, 10.672115116732511]",18.825079332685736,"[3.76470772410591, 9.898246713054148, 5.16212489552568]",42.37064563269783,0.0,[],19.524551796752156,0.0,0.0,0.0,"[7.661462803162761, 3.2022049416503027, 8.66088405193909]",[],"[0.0, 0.0, 0.0]",[],"[17.08067385426349, 5.646679337564878, 19.643292440869462]"
140,0,503,True,True,1.0,4.99,4,4,True,2,6,38.685703225172134,"[9.32390190989193, 6.788271789231304, 3.3350008222287695, 19.238528703820126]",19.08742425781713,"[4.636321744857852, 3.647425997800209, 2.30065032066922, 8.503026194489848]",42.67270310202866,12.35757699288629,"[7.09669235361761, 5.2608846392686806]",20.64235420979118,6.819455027225653,16.64235420979118,4.819455027225653,"[1.975, 2.200071037005878, 10.403894073134524, 6.063389099650778]","[3.767710017910868, 3.0517450093147853]","[0.9750000000000001, 1.2000710370058776, 9.403894073134524, 5.063389099650778]","[2.767710017910868, 2.0517450093147853]","[2.5, 3.0771052230919937, 24.112548905473137, 12.983048973463534]"
140,0,504,True,False,,0.0,3,3,,0,3,28.765614229682363,"[12.407766403396371, 5.883734863132897, 10.474112963153098]",14.218589549576125,"[5.839028897324585, 3.29465659662183, 5.084904055629709]",36.072663394216,0.0,[],17.06833872374424,0.0,0.0,0.0,"[5.817980141738531, 4.5896778532649805, 6.660680728740729]",[],"[0.0, 0.0, 0.0]",[],"[12.353795235227002, 9.204302187858923, 14.514565971130075]"
140,0,505,True,False,,0.0,1,1,,0,1,8.286229860495672,[8.286229860495672],4.231629645593312,[4.231629645593312],10.812501005649644,0.0,[],5.216875392203361,0.0,0.0,0.0,[5.216875392203361],[],[0.0],[],[10.812501005649644]
140,0,506,True,True,1.0,4.99,5,5,True,1,6,71.07392889659454,"[36.98546824596797, 9.139495476876075, 11.511084135002847, 8.253770219365961, 5.184110819381683]",32.71883226967187,"[15.42433261592751, 4.564403235981669, 5.48932281265111, 4.2189703855527245, 3.0218032195588562]",82.28571848317776,10.947144276192999,[10.947144276192999],37.09143020843933,5.269386267715269,32.09143020843933,4.269386267715269,"[2.784879884568537, 8.985518714638296, 7.999125871864715, 9.402844620798712, 7.919061116569068]",[5.269386267715269],"[1.7848798845685372, 7.985518714638296, 6.999125871864715, 8.402844620798712, 6.919061116569068]",[4.269386267715269],"[4.576615088637275, 20.475689011893067, 17.94647659452491, 21.545755437945417, 17.741182350177098]"
140,0,507,True,True,1.0,4.99,4,4,True,2,6,32.74363762968442,"[11.760242130715344, 7.030323168405153, 4.913699988405295, 9.039372342158627]",16.77001867557692,"[5.586494430978984, 3.74182603567801, 2.916342995478065, 4.525355213441864]",24.430032951103726,20.016387722561984,"[18.165367745016464, 1.8510199775455207]",13.527712850930456,9.806391211799173,9.527712850930454,7.806391211799174,"[3.106605326574569, 2.8918830243040814, 2.9498100438604418, 4.579414456191363]","[8.08449342055642, 1.721897791242753]","[2.106605326574569, 1.8918830243040814, 1.9498100438604415, 3.579414456191363]","[7.084493420556421, 0.7218977912427531]","[5.401552119421971, 4.8509821136002085, 4.999512932975491, 9.177985785106058]"
140,0,508,True,True,1.0,4.99,5,5,True,0,5,49.01920410946205,"[17.718665129858397, 5.972416945231917, 5.060452443584859, 2.5, 17.767669590786877]",24.1174896026902,"[7.910279400644775, 3.3292426086404476, 2.9735764529980955, 1.975, 7.929391140406882]",53.81965575694202,0.0,[],25.989665745207386,0.0,20.989665745207386,0.0,"[5.131946147615553, 5.504440440873532, 2.2422515522899715, 9.17829982984702, 3.9327277745813105]",[],"[4.131946147615553, 4.504440440873532, 1.2422515522899715, 8.17829982984702, 2.9327277745813105]",[],"[10.59473371183475, 11.549847284291108, 3.185260390487106, 20.969999563710306, 7.5198148066187445]"
140,0,509,True,False,,0.0,2,2,,0,2,6.5519346877998785,"[4.0519346877998785, 2.5]",4.555254528241953,"[2.5802545282419524, 1.975]",21.39267395794584,0.0,[],10.343142843598878,0.0,0.0,0.0,"[6.412770345405445, 3.9303724981934334]",[],"[0.0, 0.0]",[],"[13.878898321552422, 7.513775636393419]"
140,0,510,True,False,,0.0,1,1,,0,1,12.234090902965963,[12.234090902965963],5.771295452156726,[5.771295452156726],3.74315580486164,0.0,[],2.4598307638960395,0.0,0.0,0.0,[2.4598307638960395],[],[0.0],[],[3.74315580486164]
140,0,511,True,True,1.0,4.99,4,4,True,0,4,36.84231761304626,"[6.527474926459378, 10.496881827251146, 15.878861279480658, 3.9390995798550827]",18.368503869088045,"[3.5457152213191576, 5.093783912627947, 7.192755898997457, 2.536248836143482]",43.165857588946814,0.0,[],20.834684459689257,0.0,16.83468445968926,0.0,"[4.166010116701695, 6.262251545290007, 5.682800256157995, 4.7236225415395605]",[],"[3.166010116701696, 5.262251545290007, 4.682800256157995, 3.723622541539561]",[],"[8.117974658209477, 13.492952680230786, 12.007180143994859, 9.547750106511694]"
140,0,512,True,True,1.0,4.99,8,8,True,2,10,57.199648238706594,"[4.538789740676188, 4.60449723471109, 8.974496852744094, 10.184146972032009, 5.946030086963309, 5.798239079380026, 9.85073875992642, 7.302709512273454]",30.30786281309557,"[2.7701279988637135, 2.795753921537325, 4.5000537725701975, 4.971817319092484, 3.3189517339156906, 3.26131324095821, 4.841788116371304, 3.848056709786647]",62.4734057805957,13.942105706883567,"[8.238235389081588, 5.703870317801979]",32.364628254432326,7.4374212256845915,24.364628254432326,5.4374212256845915,"[4.339138871032249, 3.6558305601806214, 4.923458227375658, 4.560422774487046, 2.7093983367886674, 4.46329340109161, 2.4728931892218773, 5.240192894254595]","[4.21291180174182, 3.224509423942772]","[3.3391388710322496, 2.6558305601806214, 3.923458227375658, 3.5604227744870456, 1.7093983367886671, 3.4632934010916103, 1.4728931892218773, 4.240192894254595]","[3.2129118017418192, 2.224509423942772]","[8.561894541108332, 6.80982194918108, 10.060149300963225, 9.129289165351398, 4.3830726584324795, 8.880239489978488, 3.7766492031330188, 10.87228947244768]"
140,0,513,True,False,,0.0,2,2,,0,2,19.28655479966058,"[10.870352277892403, 8.416202521768177]",9.521756371867626,"[5.239437388378037, 4.282318983489589]",11.447192601497445,0.0,[],6.464405114584004,0.0,0.0,0.0,"[3.635643864930627, 2.828761249653377]",[],"[0.0, 0.0]",[],"[6.758061192129813, 4.689131409367633]"
140,0,514,True,False,,0.0,3,3,,0,3,24.898568838910638,"[3.998516238864045, 13.637297048700033, 7.2627555513465625]",12.71044184717515,"[2.5594213331569775, 6.318545848993013, 3.8324746650251593]",29.46116300004769,0.0,[],14.489853570018598,0.0,0.0,0.0,"[6.368789690457213, 3.841574447085224, 4.279489432476161]",[],"[0.0, 0.0, 0.0]",[],"[13.76612741142875, 7.286088325859549, 8.408947262759389]"
140,0,515,True,False,,0.0,2,2,,0,2,15.802221823022753,"[10.25661993190914, 5.545601891113613]",8.162866510978875,"[5.000081773444565, 3.162784737534309]",9.908435109715782,0.0,[],5.864289692789155,0.0,0.0,0.0,"[1.975, 3.889289692789155]",[],"[0.0, 0.0]",[],"[2.5, 7.408435109715782]"
140,0,516,True,True,1.0,4.99,6,6,True,0,6,48.96088466092764,"[11.261696089699505, 5.785367848619414, 7.793304127349436, 5.351064488802659, 6.042874596800665, 12.72657750965596]",25.094745017761777,"[5.392061474982807, 3.2562934609615715, 4.03938860966628, 3.086915150633037, 3.3567210927522595, 5.9633652287658245]",63.94316254870671,0.0,[],30.937833393995618,0.0,24.937833393995618,0.0,"[8.641237595959753, 3.9584530686006323, 5.21634893347478, 9.093662055704296, 1.975, 2.0531317402561573]",[],"[7.641237595959753, 2.9584530686006323, 4.21634893347478, 8.093662055704296, 0.9750000000000001, 1.053131740256157]",[],"[19.592916912717314, 7.5857770989759805, 10.811151111473794, 20.752979630011016, 2.5, 2.7003377955286076]"
140,0,517,True,False,,0.0,2,2,,0,2,33.52400172218054,"[22.509870523418048, 11.014131198762497]",15.074360671650412,"[9.778849504133039, 5.295511167517374]",16.73960893927712,0.0,[],8.528447486318075,0.0,0.0,0.0,"[5.874294370284139, 2.654153116033937]",[],"[0.0, 0.0]",[],"[12.498190693036255, 4.2414182462408645]"
140,0,518,True,True,1.0,4.99,4,4,True,3,7,45.21946480369205,"[2.8635688431566884, 14.054304315766743, 6.051666575418391, 22.249925069350226]",21.6355912734399,"[2.1167918488311086, 6.48117868314903, 3.3601499644131727, 9.677470777046588]",36.254364447883304,18.48552049337049,"[9.387801151705819, 3.5726756845350853, 5.5250436571295864]",18.13920213467449,10.209352992414493,14.13920213467449,7.209352992414491,"[5.143968686200465, 3.8391912534145827, 5.083921728712377, 4.072120466347064]","[4.66124244916527, 2.3933435169686836, 3.1547670262805387]","[4.143968686200465, 2.8391912534145827, 4.083921728712377, 3.072120466347064]","[3.6612424491652695, 1.3933435169686834, 2.1547670262805387]","[10.625560733847347, 7.279977572857904, 10.471594176185581, 7.877231964992472]"
140,0,519,True,False,,0.0,2,2,,0,2,29.83311909339161,"[12.25665917799782, 17.57645991539379]",13.634916446422729,"[5.78009707941915, 7.854819367003579]",20.041804169791064,0.0,[],9.816303626218517,0.0,0.0,0.0,"[4.812565764346942, 5.003737861871574]",[],"[0.0, 0.0]",[],"[9.775809652171645, 10.26599451761942]"
140,0,520,True,True,1.0,4.99,4,4,True,1,5,26.420220737111244,"[4.02954464237244, 6.461041483053908, 7.911866999661388, 8.01776761202351]",14.303886087473387,"[2.571522410525252, 3.519806178391024, 4.085628129867942, 4.126929368689169]",27.272600533039473,2.5843431257982257,[2.5843431257982257],14.636314207885396,2.007893819061308,10.636314207885396,1.007893819061308,"[4.4039142483828275, 4.187539421981928, 1.975, 4.069860537520642]",[2.007893819061308],"[3.403914248382827, 3.1875394219819277, 0.9750000000000001, 3.069860537520641]",[1.007893819061308],"[8.72798525226366, 8.173178005081866, 2.5, 7.8714372756939515]"
140,0,521,True,True,1.0,4.99,4,4,True,4,8,34.36616459898222,"[10.78228416786914, 12.343315438977296, 2.7543848232589756, 8.486180168876817]",17.40280419360307,"[5.2050908254689645, 5.813893021201146, 2.0742100810710005, 4.309610265861959]",45.41006122651359,26.710140229864045,"[4.811439298867233, 8.97749459769617, 3.6570315851818913, 9.264174748118753]",21.7099238783403,14.416954689646978,17.7099238783403,10.416954689646978,"[3.1204360049147866, 6.202858982725863, 5.216260111798044, 7.170368778901609]","[2.8764613265582213, 4.501222893101506, 2.426242318220938, 4.613028151766314]","[2.1204360049147866, 5.202858982725863, 4.216260111798044, 6.170368778901609]","[1.876461326558221, 3.5012228931015064, 1.4262423182209376, 3.613028151766314]","[5.437015397217401, 13.340664058271443, 10.810923363584727, 15.821458407440023]"
140,0,522,True,True,1.0,4.99,6,6,True,1,7,53.09730149228586,"[6.1654207346968875, 19.88287712926366, 6.355651205369989, 7.569238823952914, 9.940931455840886, 3.1831821431615244]",26.707947581991487,"[3.404514086531786, 8.754322080412829, 3.478703970094296, 3.9520031413416365, 4.8769632677779455, 2.2414410358329944]",82.4332040775982,5.367436634361296,[5.367436634361296],38.14894959026331,3.0933002874009055,32.14894959026331,2.0933002874009055,"[8.955027427758516, 4.190774292885165, 4.913298529329856, 4.927086021177882, 8.800364096530107, 6.3623992225817805]",[3.0933002874009055],"[7.955027427758516, 3.1907742928851652, 3.913298529329856, 3.9270860211778813, 7.800364096530106, 5.3623992225817805]",[2.0933002874009055],"[20.397506225021836, 8.181472545859398, 10.034098793153477, 10.069451336353541, 20.000933580846425, 13.749741596363538]"
140,0,523,True,False,,0.0,3,3,,0,3,33.20653242240223,"[5.75326632012182, 16.478061706408923, 10.975204395871488]",15.95054764473687,"[3.2437738648475096, 7.42644406549948, 5.280329714389881]",31.244915847590523,0.0,[],15.185517180560305,0.0,0.0,0.0,"[8.170274625647874, 3.3864178543526684, 3.6288247005597625]",[],"[0.0, 0.0, 0.0]",[],"[18.385319552943265, 6.119020139365816, 6.740576155281442]"
140,0,524,True,False,,0.0,2,2,,0,2,11.396772042116261,"[2.5, 8.896772042116261]",6.444741096425341,"[1.975, 4.4697410964253415]",15.840937015418708,0.0,[],8.177965436013295,0.0,0.0,0.0,"[4.80482641158526, 3.3731390244280357]",[],"[0.0, 0.0]",[],"[9.755965157910925, 6.084971857507783]"
140,0,525,True,True,1.0,4.99,5,5,True,2,7,49.23930692128737,"[6.872738873357872, 9.102281455375223, 9.828964003425282, 13.557968023417201, 9.877354565711792]",24.203329699302074,"[3.68036816060957, 4.549889767596337, 4.83329596133586, 6.287607529132709, 4.852168280627599]",35.409654089387615,21.075553248754733,"[15.026525983863817, 6.049027264890916]",18.809765094861174,10.219465767014347,13.809765094861172,8.219465767014347,"[3.3009961076554193, 4.029642646295402, 5.532761936992614, 3.926811041074868, 2.0195533628428692]","[6.860345133706889, 3.3591206333074575]","[2.3009961076554193, 3.0296426462954016, 4.532761936992614, 2.926811041074868, 1.0195533628428692]","[5.860345133706889, 2.3591206333074575]","[5.89999001962928, 7.768314477680517, 11.622466505109266, 7.504643695063763, 2.6142393919047926]"
140,0,526,True,False,,0.0,1,1,,0,1,13.037521608724417,[13.037521608724417],6.084633427402522,[6.084633427402522],5.462618431214281,0.0,[],3.1304211881735697,0.0,0.0,0.0,[3.1304211881735697],[],[0.0],[],[5.462618431214281]
140,0,527,True,True,1.0,4.99,5,4,,1,6,31.426921721908062,"[12.375770134088487, 8.06592855162393, 4.66345000537693, 6.321773030818716]",16.256499471544146,"[5.82655035229451, 4.1457121351333335, 2.818745502097003, 3.4654914820192992]",23.435947685698274,12.653509277889409,[12.653509277889409],13.140019597422327,5.9348686183768695,9.140019597422327,4.9348686183768695,"[2.653730148114861, 3.062881101691211, 3.0725557511424926, 4.3508525964737625]",[5.9348686183768695],"[1.653730148114861, 2.062881101691211, 2.0725557511424926, 3.350852596473763]",[4.9348686183768695],"[4.240333713115028, 5.289438722285157, 5.314245515749981, 8.59192973454811]"
140,0,528,True,False,,0.0,2,2,,0,2,16.722569818050193,"[6.167905682696691, 10.554664135353502]",8.521802229039576,"[3.4054832162517097, 5.116319012787866]",35.91205449477838,0.0,[],16.00570125296357,0.0,0.0,0.0,"[12.136123493316248, 3.869577759647321]",[],"[0.0, 0.0]",[],"[28.554162803374993, 7.357891691403387]"
140,0,529,True,True,1.0,4.99,6,6,True,3,9,67.86993930969177,"[19.291449498423347, 5.4502683900517965, 14.510400973526675, 4.009784113692331, 17.644046201187912, 6.963990132809698]",32.469276330779785,"[8.523665304385105, 3.125604672120201, 6.659056379675404, 2.5638158043400088, 7.881178018463286, 3.7159561517957824]",46.11571599626458,27.650411865572224,"[3.342668447509386, 10.359361287990714, 13.948382130072124]",23.985129238543188,13.783660627573168,17.98512923854319,10.783660627573168,"[2.114897223173304, 3.310487081729659, 6.205975444330747, 4.056407298996665, 3.9036451240732926, 4.393717066239523]","[2.303640694528661, 5.040150902316379, 6.439869030728128]","[1.114897223173304, 2.310487081729659, 5.205975444330747, 3.056407298996665, 2.9036451240732926, 3.3937170662395233]","[1.3036406945286607, 4.040150902316379, 5.439869030728128]","[2.8587108286494973, 5.92432585058887, 13.348654985463453, 7.8369417922991405, 7.445243907880237, 8.701838631383392]"
140,0,530,True,False,,0.0,3,3,,0,3,39.68847336444872,"[2.877774204798169, 29.212153976404682, 7.59854518324587]",18.478504612135,"[2.122331939871286, 12.392740050797826, 3.9634326214658895]",13.666244315275453,0.0,[],8.329835282957426,0.0,0.0,0.0,"[3.414716133960285, 1.975, 2.940119148997142]",[],"[0.0, 0.0, 0.0]",[],"[6.191579830667397, 2.5, 4.9746644846080565]"
140,0,531,True,False,,0.0,2,2,,0,2,8.228432554266542,"[4.488699740924284, 3.739732813342257]",5.209088696163951,"[2.7505928989604707, 2.45849579720348]",11.704904595801318,0.0,[],6.564912792362514,0.0,0.0,0.0,"[4.3455987865377725, 2.2193140058247414]",[],"[0.0, 0.0]",[],"[8.57845842701993, 3.1264461687813885]"
140,0,532,True,False,,0.0,3,3,,0,3,26.294810989777197,"[8.59872061861112, 5.257261328378869, 12.438829042787209]",13.254976286013108,"[4.353501041258337, 3.050331918067759, 5.851143326687011]",17.301754816446447,0.0,[],9.747684378414114,0.0,0.0,0.0,"[2.9664348870875945, 3.2016925656018884, 3.5795569257246314]",[],"[0.0, 0.0, 0.0]",[],"[5.042140736122037, 5.645365552825354, 6.614248527499054]"
140,0,533,True,True,1.0,4.99,5,5,True,3,8,40.54817915824372,"[5.417714146532681, 9.917066286551723, 9.185630741314887, 9.34969659502947, 6.678071388814956]",20.81378987171505,"[3.112908517147746, 4.867655851755172, 4.582395989112806, 4.646381672061494, 3.604447841637833]",57.87869432933446,29.20186185766083,"[9.742286781008131, 14.85805118203606, 4.6015238946166415]",27.572690788440436,14.388726124487725,22.572690788440436,11.388726124487725,"[5.522114981484265, 3.6553698429900945, 7.80096634129455, 5.237612762786414, 5.356626859885115]","[4.799491844593171, 6.794639960994064, 2.79459431890049]","[4.522114981484265, 2.6553698429900945, 6.80096634129455, 4.237612762786414, 4.356626859885115]","[3.799491844593171, 5.794639960994064, 1.7945943189004903]","[11.595166619190422, 6.808640623051524, 17.43837523408859, 10.865673750734395, 11.170838102269526]"
140,0,534,True,False,,0.0,3,3,,0,3,15.448578862470473,"[5.8728875381306525, 5.868664136186838, 3.7070271881529835]",9.024945756363485,"[3.2904261398709544, 3.2887790131128667, 2.4457406033796634]",26.7252378008142,0.0,[],13.422842742317538,0.0,0.0,0.0,"[3.7964383090461724, 2.9803423620856044, 6.646062071185761]",[],"[0.0, 0.0, 0.0]",[],"[7.170354638579929, 5.077800928424627, 14.477082233809643]"
140,0,535,True,False,,0.0,2,2,,0,2,20.972987782291227,"[2.5, 18.472987782291227]",10.179465235093579,"[1.975, 8.20446523509358]",27.030484520638872,0.0,[],12.54188896304916,0.0,0.0,0.0,"[5.001381174657411, 7.540507788391749]",[],"[0.0, 0.0]",[],"[10.259951729890796, 16.770532790748074]"
140,0,536,True,True,1.0,4.99,6,6,True,3,9,43.298012597779305,"[8.461243787811682, 12.127077724069665, 8.766294802067037, 3.2301287163002743, 5.314278314155999, 5.39898925337465]",22.886224913133933,"[4.2998850772465556, 5.72956031238717, 4.418854972806145, 2.259750199357107, 3.0725685425208398, 3.105605808816114]",72.62906301569055,37.7716187295747,"[12.001640002464626, 20.953522882755518, 4.8164558443545475]",34.325334576119324,17.73093130453413,28.32533457611932,14.730931304534131,"[8.029313470135692, 6.902198590800237, 5.970098509597617, 7.413817936903756, 4.034906068682017, 1.975]","[5.680639600961205, 9.171873924274653, 2.8784177792982737]","[7.029313470135692, 5.902198590800237, 4.970098509597617, 6.413817936903756, 3.034906068682017, 0.9750000000000001]","[4.680639600961205, 8.171873924274653, 1.8784177792982737]","[18.02388069265562, 15.133842540513426, 12.74384233230158, 16.44568701770194, 7.781810432517992, 2.5]"
140,0,537,True,False,,0.0,3,3,,0,3,24.963228030905526,"[10.588998380507036, 7.00953477528688, 7.364694875111612]",12.735658932053155,"[5.129709368397744, 3.7337185623618834, 3.8722310012935286]",12.68016574267153,0.0,[],7.945264639641897,0.0,0.0,0.0,"[3.431351199452869, 2.1297426111372864, 2.384170829051741]",[],"[0.0, 0.0, 0.0]",[],"[6.234233844750946, 2.896775925993042, 3.549155971927542]"
140,0,538,True,False,,0.0,1,1,,0,1,16.917504913601356,[16.917504913601356],7.597826916304529,[7.597826916304529],5.410989761200765,0.0,[],3.1102860068682987,0.0,0.0,0.0,[3.1102860068682987],[],[0.0],[],[5.410989761200765]
140,0,539,True,True,1.0,4.99,5,5,True,1,6,36.4393562188166,"[6.060244543630558, 9.545156547890782, 12.996716978591119, 3.4093349766577776, 4.4279031720463635]",19.211348925338477,"[3.363495372015918, 4.722611053677405, 6.068719621650536, 2.3296406408965336, 2.726882237098082]",59.4822416399956,3.2557684753103717,[3.2557684753103717],28.198074239598284,2.269749705371045,23.198074239598284,1.269749705371045,"[8.04267953458635, 2.006991750958459, 9.500684531516969, 6.390175447338165, 2.2575429751983416]",[2.269749705371045],"[7.04267953458635, 1.006991750958459, 8.500684531516969, 5.390175447338165, 1.2575429751983416]",[1.269749705371045],"[18.058152652785513, 2.5820301306627154, 21.79662700388966, 13.820962685482474, 3.2244691671752346]"
140,0,540,True,False,,0.0,2,2,,0,2,28.9608027721455,"[10.734730483218502, 18.226072288926996]",13.294713081136745,"[5.186544888455216, 8.108168192681529]",30.966632843000966,0.0,[],14.076986808770378,0.0,0.0,0.0,"[9.258718294651043, 4.818268514119334]",[],"[0.0, 0.0]",[],"[21.176200755515495, 9.790432087485472]"
140,0,541,True,True,1.0,4.99,4,4,True,2,6,58.278348571307774,"[21.802282490429942, 11.865308085274414, 4.885075543327634, 19.725682452275795]",26.728555942810036,"[9.502890171267678, 5.627470153257022, 2.9051794618977773, 8.69301615638756]",32.105758598587805,12.770304472403836,"[8.377286945001831, 4.393017527402004]",16.521245853449244,6.980418744237496,12.521245853449246,4.980418744237496,"[1.975, 6.628789328194664, 5.360985607476939, 2.5564709177776423]","[4.267141908550714, 2.7132768356867816]","[0.9750000000000001, 5.628789328194664, 4.360985607476939, 1.5564709177776426]","[3.2671419085507143, 1.7132768356867818]","[2.5, 14.432793149217085, 11.182014378145997, 3.9909510712247243]"
140,0,542,True,False,,0.0,1,1,,0,1,9.347496291235327,[9.347496291235327],4.645523553581778,[4.645523553581778],11.762110421797964,0.0,[],5.587223064501206,0.0,0.0,0.0,[5.587223064501206],[],[0.0],[],[11.762110421797964]
140,0,543,True,False,,0.0,2,2,,0,2,20.543119848117335,"[17.552828096925662, 2.990291751191675]",10.011816740765763,"[7.845602957801009, 2.1662137829647534]",12.253096166462708,0.0,[],6.778707504920456,0.0,0.0,0.0,"[4.667928191865274, 2.1107793130551826]",[],"[0.0, 0.0]",[],"[9.404944081705828, 2.848152084756879]"
140,0,544,True,True,1.0,4.99,6,6,True,2,8,48.15514413907228,"[6.104568525175334, 6.538084889353136, 16.266301528109615, 5.411833727814704, 10.856919947037127, 2.977435521582363]",24.780506214238194,"[3.3807817248183802, 3.549853106847723, 7.34385759596275, 3.1106151538477347, 5.23419877934448, 2.1611998534171217]",58.762203704475965,14.104122706029422,"[9.08890935623586, 5.015213349793562]",28.917259444745632,7.5006078553514755,22.917259444745632,5.5006078553514755,"[5.5762785872480025, 2.8727986548854645, 2.2044041765118854, 4.0738819854835535, 6.698581220217348, 7.491314820399376]","[4.544674648931986, 2.9559332064194894]","[4.5762785872480025, 1.8727986548854645, 1.2044041765118854, 3.0738819854835535, 5.698581220217348, 6.491314820399376]","[3.5446746489319856, 1.9559332064194894]","[11.734047659610262, 4.802047833039652, 3.0882158372099626, 7.8817486807270605, 14.611746718506021, 16.644396975383014]"
140,0,545,True,False,,0.0,2,2,,0,2,20.687840428731764,"[9.739816593666776, 10.948023835064989]",10.068257767205388,"[4.798528471530043, 5.269729295675345]",30.049296960965442,0.0,[],13.719225814776523,0.0,0.0,0.0,"[2.436529744862191, 11.282696069914332]",[],"[0.0, 0.0]",[],"[3.6834096022107463, 26.365887358754698]"
140,0,546,True,True,1.0,4.99,7,7,True,1,8,73.19628936468752,"[17.864445699514356, 9.538825269210227, 19.336497638042665, 3.2744347769234823, 11.43850080710563, 4.754608365915693, 6.988976807975459]",35.54655285222813,"[7.967133822810599, 4.720141854991988, 8.54123407883664, 2.2770295630001582, 5.4610153147711955, 2.85429726270712, 3.725700955110429]",42.99299552710893,7.8279913645796695,[7.8279913645796695],23.767268255572482,4.052916632186071,16.767268255572482,3.0529166321860712,"[5.908315771385584, 2.5917896810020284, 3.344717238108525, 2.4413179563949496, 3.3430359322699306, 1.975, 4.163091676411463]",[4.052916632186071],"[4.908315771385584, 1.5917896810020287, 2.344717238108525, 1.4413179563949496, 2.3430359322699306, 0.9750000000000001, 3.163091676411464]",[3.0529166321860712],"[12.585425054834829, 4.081512002569304, 6.012095482329551, 3.695687067679358, 6.007784441717771, 2.5, 8.110491477978112]"
140,0,547,True,False,,0.0,1,1,,0,1,13.352538645625737,[13.352538645625737],6.207490071794037,[6.207490071794037],24.691916129715896,0.0,[],10.6298472905892,0.0,0.0,0.0,[10.6298472905892],[],[0.0],[],[24.691916129715896]
140,0,548,True,False,,0.0,1,1,,0,1,6.898957987137948,[6.898957987137948],3.6905936149837997,[3.6905936149837997],4.44280953212571,0.0,[],2.732695717529027,0.0,0.0,0.0,[2.732695717529027],[],[0.0],[],[4.44280953212571]
140,0,549,True,False,,0.0,2,2,,0,2,25.82437459395784,"[10.48375823282078, 15.340616361137064]",12.07150609164356,"[5.088665710800104, 6.982840380843455]",28.775087500285736,0.0,[],13.222284125111436,0.0,0.0,0.0,"[7.6010687424489, 5.621215382662536]",[],"[0.0, 0.0]",[],"[16.925817288330514, 11.84927021195522]"
140,0,550,True,False,,0.0,1,1,,0,1,22.323189961658628,[22.323189961658628],9.706044085046866,[9.706044085046866],11.12401347680472,0.0,[],5.338365255953841,0.0,0.0,0.0,[5.338365255953841],[],[0.0],[],[11.12401347680472]
140,0,551,True,False,,0.0,2,2,,0,2,22.311003090644245,"[18.304981909243544, 4.0060211814007]",10.701291205351255,"[8.138942944604983, 2.562348260746273]",27.39137559616377,0.0,[],12.68263648250387,0.0,0.0,0.0,"[6.812831740473068, 5.869804742030802]",[],"[0.0, 0.0]",[],"[14.904696770443763, 12.486678825720006]"
140,0,552,True,False,,0.0,1,1,,0,1,5.134262241082886,[5.134262241082886],3.0023622740223255,[3.0023622740223255],5.210743940800419,0.0,[],3.0321901369121633,0.0,0.0,0.0,[3.0321901369121633],[],[0.0],[],[5.210743940800419]
140,0,553,True,False,,0.0,3,3,,0,3,31.321376058430367,"[7.293641039382897, 14.123446821684983, 9.904288197362488]",15.215336662787845,"[3.84452000535933, 6.508144260457144, 4.862672396971371]",32.191179670277165,0.0,[],15.554560071408094,0.0,0.0,0.0,"[4.569236976061709, 6.572465691665065, 4.41285740368132]",[],"[0.0, 0.0, 0.0]",[],"[9.151889682209509, 14.288373568371961, 8.750916419695693]"
140,0,554,True,True,1.0,4.99,4,4,True,2,6,35.93901704752091,"[4.623973395181531, 7.676822855460824, 16.509388546022556, 7.128832250855997]",18.016216648533153,"[2.8033496241207976, 3.9939609136297216, 7.438661532948797, 3.780244577833839]",31.776323199349264,15.423498457432117,"[2.210989701020778, 13.21250875641134]",16.392766047746214,8.015164398398525,12.392766047746216,6.015164398398526,"[6.682177733440487, 1.975, 3.6073262701585156, 4.1282620441472115]","[1.8622859833981034, 6.152878415000423]","[5.682177733440487, 0.9750000000000001, 2.6073262701585156, 3.1282620441472115]","[0.8622859833981035, 5.152878415000423]","[14.569686496001248, 2.5, 6.685451974765424, 8.021184728582593]"
140,0,555,True,True,1.0,4.99,4,4,True,2,6,41.26928920334121,"[7.821655996008399, 6.784401937234262, 15.699177897442866, 10.964053372655682]",20.095022789303073,"[4.0504458384432755, 3.645916755521362, 7.122679380002718, 5.275980815335716]",44.022345170123664,37.39199526416466,"[25.945429572415502, 11.44656569174916]",21.16871461634823,16.582878153024218,17.16871461634823,14.582878153024218,"[4.20319869082653, 7.337219879076577, 4.520151570947481, 5.108144475497643]","[11.118717533242046, 5.464160619782173]","[3.2031986908265297, 6.337219879076577, 3.5201515709474807, 4.108144475497643]","[10.118717533242046, 4.464160619782173]","[8.213329976478281, 16.249281741221992, 9.026029669096104, 10.53370378332729]"
140,0,556,True,True,1.0,4.99,6,6,True,1,7,50.71185102826916,"[13.257844996166188, 8.676803080305495, 9.947184449898613, 2.6882064761057465, 8.336001117046038, 7.805810908747074]",25.77762190102497,"[6.170559548504814, 4.383953201319143, 4.879401935460459, 2.048400525681241, 4.251040435647955, 4.044266254411359]",42.262548989699084,7.0317943060744685,[7.0317943060744685],22.482394105982642,3.742399779369043,16.482394105982642,2.742399779369043,"[4.108697240724801, 3.429650519502553, 5.084980264911006, 2.921058318555696, 4.482273456253449, 2.4557343060351364]",[3.742399779369043],"[3.1086972407248012, 2.429650519502553, 4.084980264911006, 1.9210583185556958, 3.4822734562534494, 1.4557343060351362]",[2.742399779369043],"[7.971018565961029, 6.229873126929623, 10.474308371566682, 4.92579056039922, 8.928906298085767, 3.7326520667567595]"
140,0,557,True,False,,0.0,1,1,,0,1,4.1418272240960645,[4.1418272240960645],2.615312617397465,[2.615312617397465],5.3587564167346855,0.0,[],3.0899150025265274,0.0,0.0,0.0,[3.0899150025265274],[],[0.0],[],[5.3587564167346855]
140,0,558,True,True,1.0,4.99,7,7,True,1,8,77.67002246228925,"[7.060147572013327, 17.268178030620245, 12.202472683312024, 2.8560650218501413, 15.221151524389555, 10.085601221282454, 12.976406408821498]",37.29130876029281,"[3.7534575530851977, 7.734589431941895, 5.758964346491689, 2.113865358521555, 6.936249094511926, 4.933384476300157, 6.060798499440384]",40.159029683404505,5.631624645501408,[5.631624645501408],22.662021576527756,3.1963336117455494,15.662021576527756,2.1963336117455494,"[2.9763558113207567, 2.6938911218313235, 1.9888650282193345, 2.0379287781971076, 4.9863359145684285, 4.651804661337325, 3.3268402610534795]",[3.1963336117455494],"[1.9763558113207567, 1.6938911218313235, 0.9888650282193345, 1.0379287781971078, 3.986335914568429, 3.651804661337325, 2.3268402610534795]",[2.1963336117455494],"[5.067579003386555, 4.343310568798265, 2.53555135440855, 2.6613558415310457, 10.221374139919048, 9.363601695736731, 5.966257079624306]"
140,0,559,True,False,,0.0,1,1,,0,1,6.475928669746622,[6.475928669746622],3.5256121812011827,[3.5256121812011827],17.351853222828577,0.0,[],7.767222756903145,0.0,0.0,0.0,[7.767222756903145],[],[0.0],[],[17.351853222828577]
140,0,560,True,False,,0.0,2,2,,0,2,7.813117237060856,"[5.188508300975091, 2.624608936085766]",5.047115722453734,"[3.0235182373802854, 2.0235974850734486]",16.424092353201452,0.0,[],8.405396017748567,0.0,0.0,0.0,"[4.9646499021127735, 3.4407461156357932]",[],"[0.0, 0.0]",[],"[10.165768979776342, 6.258323373425111]"
140,0,561,True,True,1.0,4.99,5,5,True,4,9,56.709204806500786,"[13.927856936165217, 17.445130604461887, 5.311325108155897, 15.56480215170069, 4.4600900060170945]",27.116589874535308,"[6.431864205104435, 7.803600935740136, 3.0714167921807998, 7.070272839163269, 2.739435102346667]",51.199260313998636,34.95943414713841,"[5.962002827411562, 4.442534024055239, 12.659471607964168, 11.89542568770744]",24.967711522459467,17.634179317383982,19.96771152245947,13.63417931738398,"[2.749094495570217, 2.138616202528847, 8.67210395455557, 7.133138748424568, 4.274758121380266]","[3.3251811026905096, 2.7325882693815435, 5.9371939271060254, 5.639216018205902]","[1.7490944955702168, 1.1386162025288469, 7.672103954555571, 6.133138748424568, 3.2747581213802657]","[2.3251811026905096, 1.7325882693815433, 4.9371939271060254, 4.639216018205902]","[4.484857680949274, 2.919528724432941, 19.67206142193736, 15.725996790832227, 8.396815695846835]"
140,0,562,True,False,,0.0,3,3,,0,3,33.7334272233827,"[10.056080896104397, 12.131402089056486, 11.545944238221814]",16.156036617119252,"[4.921871549480715, 5.73124681473203, 5.5029182529065075]",24.30255095063358,0.0,[],12.477994870747096,0.0,0.0,0.0,"[2.1176204057691423, 4.406559669207152, 5.9538147957708025]",[],"[0.0, 0.0, 0.0]",[],"[2.8656933481260065, 8.73476838258244, 12.702089219925135]"
140,0,563,True,False,,0.0,3,3,,0,3,20.461864063537217,"[7.358614181503021, 8.163268731104987, 4.939981150929211]",10.980126984779515,"[3.869859530786178, 4.183674805130945, 2.9265926488623926]",17.189178022309726,0.0,[],9.703779428700791,0.0,0.0,0.0,"[1.975, 5.156009557063996, 2.5727698716367966]",[],"[0.0, 0.0, 0.0]",[],"[2.5, 10.656434761702554, 4.032743260607171]"
140,0,564,True,False,,0.0,3,3,,0,3,42.62014764617466,"[13.712805558675829, 21.66220770693216, 7.24513438056667]",19.62185758200812,"[6.347994167883574, 9.448261005703543, 3.8256024084210014]",17.001578043350847,0.0,[],9.630615436906831,0.0,0.0,0.0,"[3.6360201760271766, 2.8346665597613647, 3.15992870111829]",[],"[0.0, 0.0, 0.0]",[],"[6.7590260923773755, 4.704273230157344, 5.538278720816128]"
140,0,565,True,False,,0.0,3,3,,0,3,38.063148963569105,"[8.781358465436035, 16.269683362324074, 13.012107135808998]",17.844628095791954,"[4.424729801520054, 7.345176511306389, 6.07472178296551]",21.110502320505724,0.0,[],11.233095904997233,0.0,0.0,0.0,"[2.2554523835182563, 3.385913381818574, 5.591730139660402]",[],"[0.0, 0.0, 0.0]",[],"[3.2191086756878358, 6.117726620047626, 11.773667024770262]"
140,0,566,True,False,,0.0,2,2,,0,2,12.640705562448751,"[7.966723299277447, 4.673982263171304]",6.929875169355014,"[4.107022086718205, 2.822853082636809]",6.709270551021067,0.0,[],4.616615514898216,0.0,0.0,0.0,"[1.975, 2.6416155148982163]",[],"[0.0, 0.0]",[],"[2.5, 4.209270551021067]"
140,0,567,True,False,,0.0,1,1,,0,1,7.802118530582226,[7.802118530582226],4.042826226927069,[4.042826226927069],13.673226976080606,0.0,[],6.332558520671436,0.0,0.0,0.0,[6.332558520671436],[],[0.0],[],[13.673226976080606]
140,0,568,True,False,,0.0,2,2,,0,2,25.208111681806948,"[11.406838906087623, 13.801272775719326]",11.83116355590471,"[5.448667173374173, 6.382496382530538]",22.167889134733663,0.0,[],10.64547676254613,0.0,0.0,0.0,"[4.276748107084444, 6.368728655461686]",[],"[0.0, 0.0]",[],"[8.401918223293444, 13.765970911440219]"
140,0,569,True,True,1.0,4.99,5,5,True,3,8,51.13060612846083,"[17.02873098244131, 15.842678743031895, 8.090429979897673, 3.517555920227816, 6.651210502862142]",24.940936390099726,"[7.641205083152111, 7.178644709782439, 4.155267692160093, 2.371846808888848, 3.5939720961162354]",26.356259116098762,30.354133886885812,"[6.23646122548779, 12.536581788135742, 11.581090873262278]",15.27894105527852,14.838112215885467,10.278941055278517,11.838112215885467,"[2.9548285226073245, 3.03307134301236, 2.6845843215611387, 3.0873492447009756, 3.519107623396719]","[3.432219877940238, 5.88926689737294, 5.516625440572288]","[1.9548285226073243, 2.03307134301236, 1.684584321561139, 2.0873492447009756, 2.519107623396719]","[2.432219877940238, 4.88926689737294, 4.516625440572288]","[5.0123808271982675, 5.213003443621436, 4.319446978361895, 5.3521775505153215, 6.459250316401844]"
140,0,570,True,False,,0.0,3,3,,0,3,38.13708337111828,"[6.127011365937317, 13.28889453906774, 18.721177466113218]",17.87346251473613,"[3.389534432715554, 6.182668870236419, 8.301259211784156]",45.15233358019684,0.0,[],20.60941009627677,0.0,0.0,0.0,"[7.163419708800412, 9.427442495147906, 4.01854789232845]",[],"[0.0, 0.0, 0.0]",[],"[15.803640278975417, 21.608826910635656, 7.739866390585769]"
140,0,571,True,True,1.0,4.99,4,4,True,0,4,36.06134748322887,"[11.08491825780101, 6.034719643953752, 16.441709581474104, 2.5]",18.06392551845926,"[5.323118120542395, 3.353540661141963, 7.4122667367749004, 1.975]",44.25132796762373,0.0,[],21.258017907373254,0.0,17.258017907373258,0.0,"[7.998073872285749, 4.4381241859438445, 5.126842519572628, 3.694977329571035]",[],"[6.998073872285749, 3.4381241859438445, 4.126842519572628, 2.694977329571035]",[],"[17.94377915970705, 8.815703040881653, 10.581647486083662, 6.910198280951372]"
140,0,572,True,True,1.0,4.99,4,4,True,1,5,33.24027054490621,"[8.411637883361715, 11.271395866493062, 4.436912989703903, 9.120323805347525]",16.96370551251342,"[4.280538774511069, 5.395844387932295, 2.7303960659845226, 4.5569262840855345]",35.67534749313234,18.226617003261886,[18.226617003261886],17.91338552232161,8.108380631272135,13.913385522321612,7.108380631272135,"[4.420507588322507, 3.4008578902025985, 5.779656075531612, 4.312363968264894]",[8.108380631272135],"[3.420507588322507, 2.4008578902025985, 4.779656075531612, 3.3123639682648944]",[7.108380631272135],"[8.770532277750018, 6.156045872314355, 12.255528398799006, 8.49324094426896]"
140,0,573,True,True,1.0,4.99,5,5,True,2,7,76.15435698791325,"[12.830754066399727, 13.58196329928903, 11.982459136833675, 21.975524866231325, 15.78365561915949]",34.70019922528617,"[6.003994085895894, 6.2969656867227215, 5.673159063365134, 9.570454697830217, 7.155625691472201]",50.607654283448866,17.9567207261477,"[7.282179206973187, 10.674541519174515]",24.73698517054506,9.003121083197604,19.73698517054506,7.003121083197604,"[6.355752857307489, 1.975, 2.100747149768711, 3.135973423371382, 11.169511740097477]","[3.840049890719543, 5.163071192478061]","[5.355752857307489, 0.9750000000000001, 1.100747149768711, 2.135973423371382, 10.169511740097477]","[2.840049890719543, 4.163071192478061]","[13.732699634121765, 2.5, 2.8224285891505407, 5.476854931721492, 26.075671128455067]"
140,0,574,True,False,,0.0,2,2,,0,2,23.49154064762505,"[9.805982852182265, 13.685557795442788]",11.16170085257377,"[4.824333312351083, 6.3373675402226874]",17.063128202303567,0.0,[],8.654619998898392,0.0,0.0,0.0,"[6.679619998898392, 1.975]",[],"[0.0, 0.0]",[],"[14.563128202303568, 2.5]"
140,0,575,True,False,,0.0,3,3,,0,3,23.758125596747888,"[3.3185252735368667, 8.217195340506946, 12.222404982704077]",12.265668982731677,"[2.294224856679378, 4.204706182797709, 5.76673794325459]",14.5971613310431,0.0,[],8.692892919106809,0.0,0.0,0.0,"[2.4813085983870278, 2.431042554542577, 3.7805417661772047]",[],"[0.0, 0.0, 0.0]",[],"[3.7982271753513532, 3.669339883442504, 7.129594272249243]"
140,0,576,True,True,1.0,4.99,6,4,,7,13,36.93424393107245,"[3.0193475196089015, 7.052177830513149, 19.730409505543705, 7.1323090754066945]",18.404355133118255,"[2.1775455326474713, 3.7503493539001282, 8.694859707162045, 3.7816005394086107]",30.539164473516415,54.37864280211186,"[3.484993994395164, 7.10300725152848, 6.70107828250785, 10.920976980069566, 16.447273537756015, 3.484993994395164, 6.23631876145963]",15.910274144671401,28.207670692823633,11.910274144671401,21.20767069282363,"[3.053650126101628, 2.912714827553825, 2.234808236138427, 7.709100954877521]","[2.3591476578141144, 3.7701728280961073, 3.6134205301780615, 5.259181022227131, 7.414436679724846, 2.3591476578141144, 3.432164316969256]","[2.053650126101628, 1.9127148275538246, 1.2348082361384272, 6.709100954877521]","[1.3591476578141142, 2.7701728280961073, 2.6134205301780615, 4.259181022227131, 6.414436679724846, 1.3591476578141142, 2.432164316969256]","[5.265769554106738, 4.904396993727755, 3.1661749644575057, 17.202822961224413]"
140,0,577,True,True,1.0,4.99,7,7,True,3,10,85.06757869614071,"[5.465437596132948, 5.129458899359952, 16.554637498159718, 17.481626776144065, 14.275718476267043, 17.11693855604251, 9.043760894034483]",40.176355691494884,"[3.13152066249185, 3.0004889707503817, 7.45630862428229, 7.817834442696186, 6.567530205744147, 7.675606036856578, 4.527066748673448]",49.49009664411555,21.76866950979086,"[5.738591384588118, 10.74980577998805, 5.2802723452146925]",26.301137691205064,11.489781108818436,19.301137691205067,8.489781108818436,"[4.721320986028349, 1.975, 2.9029798501024686, 5.564910506424957, 3.9108642103676465, 2.5640007216597303, 4.662061416621912]","[3.2380506399893663, 5.192424254195339, 3.05930621463373]","[3.7213209860283496, 0.9750000000000001, 1.9029798501024688, 4.564910506424957, 2.9108642103676465, 1.5640007216597305, 3.662061416621912]","[2.2380506399893663, 4.192424254195339, 2.05930621463373]","[9.541848682123973, 2.5, 4.879435513083253, 11.704898734422967, 7.463754385558068, 4.010258260665975, 9.389901068261313]"
140,0,578,True,False,,0.0,3,3,,0,3,16.98290559451165,"[10.205673072892886, 3.112097552670331, 3.6651349689484323]",9.623333181859543,"[4.980212498428226, 2.2137180455414294, 2.4294026378898885]",18.544703485542662,0.0,[],10.232434359361637,0.0,0.0,0.0,"[3.8400176440988925, 2.5747651791723682, 3.817651536090377]",[],"[0.0, 0.0, 0.0]",[],"[7.282096523330494, 4.037859433775303, 7.224747528436864]"
140,0,579,True,True,1.0,4.99,5,5,True,3,8,35.97674794709525,"[3.3053820866917487, 6.23560014050215, 11.949313276400769, 11.986452443500578, 2.5]",19.030931699367148,"[2.289099013809782, 3.4318840547958387, 5.6602321777963, 5.674716452965225, 1.975]",34.40950376036995,17.846916717705287,"[4.896523075877427, 8.215685754392275, 4.734707887435586]",18.419706466544284,9.960297519905062,13.419706466544282,6.960297519905063,"[2.1322630385703234, 3.3888963598686175, 3.2342664740921565, 4.863214549583633, 4.801066044429552]","[2.9096439995921966, 4.204117444212987, 2.846536076099879]","[1.1322630385703234, 2.3888963598686175, 2.2342664740921565, 3.8632145495836325, 3.8010660444295516]","[1.9096439995921968, 3.2041174442129874, 1.8465360760998786]","[2.9032385604367263, 6.125375281714404, 5.728888395108093, 9.905678332265724, 9.746323190845004]"
140,0,580,True,True,1.0,4.99,6,6,True,1,7,68.25289232901633,"[11.713820235077556, 12.769973406285835, 7.745260236371415, 4.3941222110542135, 14.641658803711564, 16.988057436515742]",32.61862800831637,"[5.568389891680247, 5.980289628451476, 4.020651492184852, 2.713707662311143, 6.71024693344751, 7.62534240024114]",51.26596241341785,8.56381828074881,[8.56381828074881],25.99372534123296,4.339889129492036,19.99372534123296,3.339889129492036,"[1.975, 7.9612297808245645, 2.503932700568854, 5.461886781408578, 2.440940480935152, 5.650735597495813]",[4.339889129492036],"[0.9750000000000001, 6.9612297808245645, 1.5039327005688539, 4.461886781408578, 1.440940480935152, 4.650735597495813]",[3.339889129492036],"[2.5, 17.849307130319396, 3.856237693766292, 11.440735336945071, 3.6947191818850054, 11.924963070502084]"
140,0,581,True,False,,0.0,3,3,,0,3,36.16958540702956,"[8.727145155423251, 23.743739750435676, 3.6987005011706318]",17.106138308741528,"[4.4035866106150685, 10.260058502669914, 2.4424931954565468]",27.665200710461882,0.0,[],13.789428277080134,0.0,0.0,0.0,"[5.341409963640036, 4.059964321873169, 4.388053991566929]",[],"[0.0, 0.0, 0.0]",[],"[11.131820419589834, 7.846062363777356, 8.687317927094691]"
140,0,582,True,True,1.0,4.99,5,5,True,4,9,52.46663794987515,"[16.09284410585286, 13.024723212067329, 3.5726653133653885, 12.582025425913464, 7.194379892676112]",25.46198880045131,"[7.276209201282615, 6.079642052706259, 2.3933394722125017, 5.906989916106252, 3.805808158143684]",38.53092795205217,49.06057247069585,"[14.739850130286804, 11.52742463448201, 15.209936783856033, 7.583360922071]",20.02706190130035,23.133623263571383,15.027061901300348,19.133623263571383,"[5.134552760769753, 3.748481036048861, 3.3887910775203913, 4.824793261865064, 2.930443765096278]","[6.748541550811854, 5.495695607447984, 6.931875345703853, 3.95751075960769]","[4.134552760769753, 2.748481036048861, 2.3887910775203913, 3.824793261865064, 1.9304437650962778]","[5.748541550811854, 4.495695607447984, 5.931875345703853, 2.95751075960769]","[10.60141733530706, 7.047387271920157, 6.125105326975362, 9.80716220991042, 4.949855807939174]"
140,0,583,True,True,1.0,4.99,4,4,True,2,6,46.639106068610154,"[9.807794189574027, 11.147203621372249, 23.18410825766388, 2.5]",22.189251366757965,"[4.82503973393387, 5.347409412335177, 10.041802220488913, 1.975]",23.65897894503161,32.03727921795447,"[16.913742718785382, 15.123536499169088]",13.227001788562326,14.494538895002243,9.227001788562328,12.494538895002243,"[5.036070655605633, 2.8949409511788122, 2.3200219791777457, 2.9759682026001366]","[7.596359660326299, 6.898179234675944]","[4.036070655605633, 1.8949409511788122, 1.3200219791777459, 1.9759682026001368]","[6.596359660326299, 5.898179234675944]","[10.34889911693752, 4.858822951740544, 3.3846717414814, 5.066585134872145]"
140,0,584,True,False,,0.0,3,3,,0,3,37.838255404981524,"[6.785286357084448, 8.569727894267094, 22.48324115362998]",17.756919607942795,"[3.6462616792629348, 4.342193878764167, 9.768464049915693]",31.34992982673309,0.0,[],15.226472632425905,0.0,0.0,0.0,"[5.289289128627098, 6.092977250171019, 3.844206253627787]",[],"[0.0, 0.0, 0.0]",[],"[10.998177252889995, 13.058916026079537, 7.292836547763557]"
140,0,585,True,True,1.0,4.99,4,4,True,0,4,27.801363382007146,"[9.497046928098326, 6.3988938872510746, 7.47292923464682, 4.432493332010924]",14.842531718982787,"[4.703848301958347, 3.4955686160279194, 3.91444240151226, 2.7286723994842603]",44.66217860366575,0.0,[],21.418249655429644,0.0,17.418249655429644,0.0,"[5.616052549990386, 4.4046904581777735, 5.885694248508029, 5.511812398753454]",[],"[4.616052549990386, 3.404690458177774, 4.885694248508029, 4.511812398753454]",[],"[11.83603217946253, 8.729975533789164, 12.527421150020587, 11.568749740393471]"
140,0,586,True,True,1.0,4.99,6,6,True,2,8,57.30693938026638,"[11.474140685086283, 13.33477250434592, 8.09414377334661, 12.537754448582021, 3.4174648978742868, 8.448663071031254]",28.349706358303884,"[5.47491486718365, 6.200561276694909, 4.156716071605178, 5.889724234946988, 2.332811310170972, 4.294978597702189]",40.317098881273054,13.087092850730976,"[5.664250607194711, 7.422842243536264]",21.72366856369649,7.103966211785081,15.723668563696492,5.103966211785081,"[2.121128871790017, 4.568896602132005, 3.5050446985997956, 4.956518665507316, 3.051242231894817, 3.5208374937725404]","[3.2090577368059376, 3.894908474979143]","[1.1211288717900172, 3.568896602132005, 2.5050446985997956, 3.956518665507316, 2.051242231894817, 2.5208374937725404]","[2.2090577368059376, 2.894908474979143]","[2.874689414846198, 9.151016928543603, 6.423191534871271, 10.144919655146964, 5.259595466396966, 6.463685881468052]"
140,0,587,True,False,,0.0,1,1,,0,1,4.7036891745297,[4.7036891745297],2.834438778066583,[2.834438778066583],9.357538660497012,0.0,[],4.649440077593835,0.0,0.0,0.0,[4.649440077593835],[],[0.0],[],[9.357538660497012]
140,0,588,True,False,,0.0,1,1,,0,1,5.317082469830752,[5.317082469830752],3.0736621632339935,[3.0736621632339935],8.300155602890607,0.0,[],4.237060685127337,0.0,0.0,0.0,[4.237060685127337],[],[0.0],[],[8.300155602890607]
140,0,589,True,True,1.0,4.99,7,7,True,1,8,71.64699419273393,"[8.166901274881473, 18.08415543765448, 6.885325569754207, 6.012115015769361, 6.466621124258521, 10.314463079847027, 15.717412690568848]",34.94232773516623,"[4.185091497203775, 8.052820620685248, 3.6852769722041407, 3.3447248561500507, 3.521982238460823, 5.02264060114034, 7.129790949321851]",92.9375610710702,12.256940327004871,[12.256940327004871],43.24564881771738,5.7802067275319,36.24564881771738,4.7802067275319,"[5.9906529424777775, 5.563062773733879, 3.8014405307708565, 12.49196585802836, 3.4082684352765598, 4.84146390577969, 7.148794371650255]",[5.7802067275319],"[4.9906529424777775, 4.563062773733879, 2.8014405307708565, 11.49196585802836, 2.4082684352765598, 3.8414639057796904, 6.148794371650255]",[4.7802067275319],"[12.796546006353275, 11.700160958291997, 7.183180848130402, 29.46657912314964, 6.175047269939896, 9.849907450717154, 15.766139414487833]"
140,0,590,True,True,1.0,4.99,4,4,True,1,5,38.10302960982374,"[10.868148807268156, 11.711081923507479, 7.699269604119758, 7.824529274928352]",18.86018154783126,"[5.238578034834581, 5.5673219501679165, 4.002715145606706, 4.051566417222057]",27.561618576582564,8.231555484840003,[8.231555484840003],14.749031244867197,4.210306639087602,10.749031244867199,3.210306639087601,"[1.975, 4.333480647892028, 4.680990022832662, 3.759560574142509]",[4.210306639087602],"[0.9750000000000001, 3.333480647892028, 3.6809900228326624, 2.759560574142509]",[3.210306639087601],"[2.5, 8.547386276646225, 9.438435955981186, 7.075796343955151]"
140,0,591,True,True,1.0,4.99,4,4,True,0,4,48.13253331761213,"[10.14280717847143, 8.226046064949005, 11.97935979925667, 17.784320274935023]",22.77168799386873,"[4.955694799603858, 4.208157965330112, 5.671950321710102, 7.93588490722466]",52.015846015214905,0.0,[],24.286179945933817,0.0,20.286179945933817,0.0,"[10.235380381090353, 3.1318854757478953, 5.132595724078152, 5.786318365017415]",[],"[9.235380381090353, 2.1318854757478953, 4.132595724078152, 4.786318365017415]",[],"[23.680462515616288, 5.466373014738193, 10.596399292508082, 12.272611192352347]"
140,0,592,True,False,,0.0,3,3,,0,3,27.43375543595773,"[7.955721110055194, 5.071840214402037, 14.406194111500497]",13.699164620023515,"[4.102731232921526, 2.9780176836167946, 6.618415703485194]",16.904490726879054,0.0,[],9.592751383482831,0.0,0.0,0.0,"[2.9468803140509374, 3.0091808403437788, 3.6366902290881145]",[],"[0.0, 0.0, 0.0]",[],"[4.992000805258813, 5.151745744471228, 6.760744177149011]"
140,0,593,True,False,,0.0,2,2,,0,2,12.763072317459535,"[2.5478223903492854, 10.21524992711025]",6.97759820380922,"[1.9936507322362214, 4.983947471572998]",24.86451881103409,0.0,[],11.697162336303293,0.0,0.0,0.0,"[3.875703445940926, 7.821458890362368]",[],"[0.0, 0.0]",[],"[7.373598579335708, 17.49092023169838]"
140,0,594,True,True,1.0,4.99,4,4,True,2,6,56.16276741284647,"[10.077279732150425, 7.561282565780037, 27.172971014067784, 11.351234100848226]",25.903479291010125,"[4.9301390955386655, 3.9489002006542147, 11.597458695486436, 5.426981299330808]",27.314537902826878,11.880411252338584,"[6.07458116381109, 5.805830088527494]",14.652669782102482,6.633360388412048,10.652669782102482,4.633360388412048,"[2.0400632442365656, 4.185762324538214, 3.5939941595851748, 4.832850053742528]","[3.3690866538863253, 3.2642737345257227]","[1.0400632442365656, 3.185762324538213, 2.5939941595851748, 3.8328500537425283]","[2.3690866538863253, 2.2642737345257227]","[2.6668288313758093, 8.168621344969777, 6.651267075859423, 9.827820650621867]"
140,0,595,True,True,1.0,4.99,5,2,,1,6,29.388952651826784,"[18.236081437867917, 11.15287121395887]",13.461691534212445,"[8.112071760768487, 5.349619773443959]",8.648068079952626,3.4304355380622447,[3.4304355380622447],5.372746551181525,2.3378698598442753,3.3727465511815247,1.3378698598442755,"[2.4313865294802404, 2.9413600217012843]",[2.3378698598442753],"[1.4313865294802404, 1.9413600217012843]",[1.3378698598442755],"[3.6702218704621545, 4.9778462094904725]"
140,0,596,True,False,,0.0,3,3,,0,3,25.111603659177945,"[7.425261774698846, 6.436602846873587, 11.24973903760551]",12.793525427079398,"[3.89585209213255, 3.510275110280699, 5.387398224666149]",28.14460681255537,0.0,[],13.976396656896593,0.0,0.0,0.0,"[3.629112369160778, 8.372284287735816, 1.975]",[],"[0.0, 0.0, 0.0]",[],"[6.741313767078918, 18.903293045476453, 2.5]"
140,0,597,True,True,1.0,4.99,4,2,,2,6,25.501769998425313,"[5.429484052506946, 20.072285945918367]",11.945690299385872,"[3.117498780477709, 8.828191518908163]",21.177030152046214,14.701092051578318,"[3.0180678384941695, 11.683024213084147]",10.259041759298025,7.733425900115543,8.259041759298025,5.733425900115543,"[7.976844944967048, 2.2821968143309768]","[2.177046457012726, 5.556379443102817]","[6.976844944967048, 1.2821968143309765]","[1.1770464570127261, 4.556379443102817]","[17.88934601273602, 3.287684139310196]"
140,0,598,True,False,,0.0,2,2,,0,2,12.7268474889276,"[4.544647935540403, 8.182199553387198]",6.963470520681764,"[2.7724126948607575, 4.191057825821007]",28.203163398959475,0.0,[],12.999233725594197,0.0,0.0,0.0,"[6.557054834576922, 6.442178891017274]",[],"[0.0, 0.0]",[],"[14.248858550197236, 13.954304848762241]"
140,0,599,True,False,,0.0,3,3,,0,3,21.75885440683698,"[11.82255475548605, 3.953199646258968, 5.983100005091962]",11.485953218666422,"[5.61079635463956, 2.5417478620409977, 3.3334090019858653]",40.95615394277915,0.0,[],18.97290003768387,0.0,0.0,0.0,"[7.212866669238729, 7.527999004982131, 4.232034363463011]",[],"[0.0, 0.0, 0.0]",[],"[15.930427357022381, 16.73845898713367, 8.287267598623107]"
140,0,600,True,False,,0.0,1,1,,0,1,4.403996474643109,[4.403996474643109],2.7175586251108124,[2.7175586251108124],10.419348533991906,0.0,[],5.063545928256843,0.0,0.0,0.0,[5.063545928256843],[],[0.0],[],[10.419348533991906]
140,0,601,True,True,1.0,4.99,5,5,True,3,8,46.58766391355671,"[18.078081746512947, 6.553011840055081, 4.449950861987758, 9.757631524804653, 7.7489879401962725]",23.169188926287116,"[8.050451881140049, 3.5556746176214817, 2.735480836175226, 4.805476294673815, 4.022105296676546]",39.50280220682207,29.402566357458888,"[11.358038793984234, 7.67987029163015, 10.364657271844505]",20.406092860660607,14.467000879408968,15.406092860660607,11.467000879408968,"[2.2686480086466423, 2.5683861768976426, 7.006829571482441, 3.6532220705463256, 4.909007033087556]","[5.429635129653851, 3.9951494137357586, 5.042216336019357]","[1.2686480086466423, 1.5683861768976426, 6.006829571482441, 2.6532220705463256, 3.9090070330875557]","[4.429635129653851, 2.9951494137357586, 4.042216336019357]","[3.2529436119144672, 4.021503017686263, 15.402127106365231, 6.803133514221347, 10.023094956634758]"
140,0,602,True,True,1.0,4.99,4,4,True,2,6,28.66935611644805,"[9.408986314421908, 9.939337348843663, 4.806635171637684, 4.514397281544797]",15.18104888541474,"[4.669504662624544, 4.876341566049029, 2.874587716938697, 2.760614939802471]",67.13610113312188,14.419953071832776,"[9.723064069799587, 4.696889002033188]",30.183079441917535,7.623781698014783,26.183079441917535,5.623781698014783,"[14.36933350523865, 6.903191617493797, 4.0648718493441915, 4.845682469840896]","[4.791994987221839, 2.8317867107929438]","[13.36933350523865, 5.903191617493797, 3.0648718493441915, 3.845682469840896]","[3.7919949872218393, 1.8317867107929435]","[34.28034232112474, 15.136388762804607, 7.858645767549209, 9.860724281643323]"
140,0,603,True,False,,0.0,1,1,,0,1,13.213550043079856,[13.213550043079856],6.153284516801144,[6.153284516801144],5.246726820140521,0.0,[],3.046223459854803,0.0,0.0,0.0,[3.046223459854803],[],[0.0],[],[5.246726820140521]
140,0,604,True,False,,0.0,2,2,,0,2,15.737555164775106,"[4.748245325307216, 10.989309839467891]",8.137646514262292,"[2.851815676869814, 5.285830837392478]",16.8851981762256,0.0,[],8.585227288727983,0.0,0.0,0.0,"[3.919984284917098, 4.665243003810886]",[],"[0.0, 0.0]",[],"[7.487139192095123, 9.398058984130477]"
140,0,605,True,False,,0.0,2,2,,0,2,15.8750105999356,"[13.3750105999356, 2.5]",8.191254133974883,"[6.216254133974884, 1.975]",15.686362550276964,0.0,[],8.117681394608017,0.0,0.0,0.0,"[5.01183318322721, 3.1058482113808066]",[],"[0.0, 0.0]",[],"[10.286751751864639, 5.399610798412325]"
140,0,606,True,True,1.0,4.99,4,4,,3,7,38.27035811712449,"[2.5, 8.88595377635847, 4.595412179674231, 22.288992161091784]",18.92543966567855,"[1.975, 4.465521972779803, 2.7922107500729503, 9.692706942825795]",47.391526903184044,39.30862619627878,"[15.55549720407721, 13.42290652777221, 10.330222464429363]",22.482695492241778,18.330364216548727,18.482695492241778,15.330364216548727,"[11.186648910148259, 4.06337950509338, 5.2576670770001375, 1.975]","[7.066643909590112, 6.234933545831161, 5.028786761127452]","[10.186648910148259, 3.0633795050933794, 4.2576670770001375, 0.9750000000000001]","[6.066643909590112, 5.234933545831161, 4.028786761127452]","[26.11961259012374, 7.854819243829178, 10.917095069231122, 2.5]"
140,0,607,True,False,,0.0,3,3,,0,3,32.51931883946661,"[4.541077500524622, 23.197592009209885, 4.7806493297321015]",15.682534347391979,"[2.7710202252046026, 10.047060883591856, 2.8644532385955195]",24.121725205104084,0.0,[],12.407472829990592,0.0,0.0,0.0,"[4.468530846524805, 4.940828314875317, 2.99811366859047]",[],"[0.0, 0.0, 0.0]",[],"[8.893668837243089, 10.104687986859787, 5.123368381001206]"
140,0,608,True,True,1.0,4.99,4,4,True,0,4,42.014977816342025,"[9.865669989728653, 2.7993087396603276, 12.349211062859322, 17.000788024093723]",20.38584134837339,"[4.8476112959941755, 2.091730408467528, 5.816192314515136, 7.630307329396552]",22.591048809185377,0.0,[],12.810509035582296,0.0,8.810509035582296,0.0,"[4.7306320567267885, 2.014258980646801, 4.090617998208707, 1.975]",[],"[3.7306320567267885, 1.0142589806468012, 3.090617998208707, 0.9750000000000001]",[],"[9.56572322237638, 2.6006640529405156, 7.92466153386848, 2.5]"
140,0,609,True,False,,0.0,2,2,,0,2,15.285570104449716,"[11.468120371350956, 3.8174497330987607]",7.96137234073539,"[5.472566944826873, 2.488805395908517]",11.472282202748174,0.0,[],6.474190059071788,0.0,0.0,0.0,"[2.5930042590021993, 3.8811858000695887]",[],"[0.0, 0.0]",[],"[4.0846263051338445, 7.387655897614329]"
140,0,610,True,False,,0.0,1,1,,0,1,11.798525826665472,[11.798525826665472],5.601425072399534,[5.601425072399534],6.244598417328692,0.0,[],3.43539338275819,0.0,0.0,0.0,[3.43539338275819],[],[0.0],[],[6.244598417328692]
140,0,611,True,False,,0.0,2,2,,0,2,25.052439980967645,"[11.434189784931649, 13.618250196035996]",11.77045159257738,"[5.459334016123343, 6.311117576454039]",25.20506024516787,0.0,[],11.82997349561547,0.0,0.0,0.0,"[5.792456921336157, 6.037516574279312]",[],"[0.0, 0.0]",[],"[12.28835108034912, 12.91670916481875]"
140,0,612,True,False,,0.0,2,2,,0,2,12.10429624450374,"[2.943193804719354, 9.161102439784386]",6.72067553535646,"[2.147845583840548, 4.572829951515911]",17.05607415624949,0.0,[],8.651868920937302,0.0,0.0,0.0,"[3.9235965182307333, 4.728272402706568]",[],"[0.0, 0.0]",[],"[7.496401328796752, 9.559672827452738]"
140,0,613,True,True,1.0,4.99,5,5,True,2,7,38.36906271555614,"[4.8898712472625885, 19.529511177823522, 2.668926440363852, 7.62989213943261, 3.650861710673568]",19.963934459066895,"[2.9070497864324096, 8.616509359351173, 2.0408813117419022, 3.975657934378718, 2.4238360671626915]",36.12651860200365,17.79631821197568,"[13.237900134044992, 4.558418077930691]",19.08934225478142,8.940564102670516,14.089342254781421,6.940564102670516,"[3.022137694446402, 4.610558954931175, 3.1303638503348155, 2.5688870461378324, 5.757394708931198]","[6.162781052277547, 2.7777830503929692]","[2.022137694446402, 3.610558954931175, 2.1303638503348155, 1.5688870461378321, 4.757394708931198]","[5.162781052277547, 1.7777830503929695]","[5.184968447298466, 9.2578434741825, 5.462471411114912, 4.022787297789313, 12.198447971618457]"
140,0,614,True,True,1.0,4.99,4,4,True,2,6,37.79159564778398,"[8.341733517668755, 10.718068603944012, 11.907155745896025, 6.82463778027518]",18.73872230263575,"[4.253276071890815, 5.180046755538164, 5.64379074089945, 3.66160873430732]",61.27501522320439,21.706462271043137,"[8.259001894645456, 13.447460376397682]",27.897255937049717,10.465520285706823,23.897255937049717,8.465520285706823,"[5.688734152387329, 6.122570947210686, 9.018277366489803, 7.067673470961895]","[4.221010738911728, 6.244509546795096]","[4.688734152387329, 5.122570947210686, 8.018277366489803, 6.067673470961895]","[3.221010738911728, 5.244509546795096]","[12.022395262531612, 13.134797300540221, 20.559685555102057, 15.5581371050305]"
140,0,615,True,False,,0.0,1,1,,0,1,5.123467914792248,[5.123467914792248],2.998152486768977,[2.998152486768977],9.603262427707712,0.0,[],4.745272346806008,0.0,0.0,0.0,[4.745272346806008],[],[0.0],[],[9.603262427707712]
140,0,616,True,True,1.0,4.99,6,6,True,0,6,60.87283201640993,"[13.21469462395715, 8.185622969020748, 7.302618746116657, 9.911770904040456, 14.234069421729686, 8.024055351545226]",29.74040448639987,"[6.1537309033432885, 4.192392957918091, 3.8480213109854966, 4.8655906525757775, 6.551287074474578, 4.129381587102638]",60.43870008713337,0.0,[],29.571093033982013,0.0,23.571093033982013,0.0,"[2.596873509494448, 2.956145413854477, 5.269968767317335, 6.585610258800839, 7.6854833949649475, 4.477011689549965]",[],"[1.5968735094944477, 1.9561454138544772, 4.269968767317335, 5.585610258800839, 6.6854833949649475, 3.477011689549965]",[],"[4.094547460242174, 5.015757471421736, 10.948637864916245, 14.322077586668819, 17.142265115294737, 8.915414588589654]"
140,0,617,True,True,1.0,4.99,5,5,True,2,7,38.22665787509452,"[7.260483345258933, 11.128772163362738, 6.481451295722974, 6.072536775201013, 7.2834142955488606]",19.90839657128686,"[3.831588504650984, 5.340221143711468, 3.52776600533196, 3.3682893423283953, 3.840531575264056]",45.469792902929406,10.795454299550103,"[4.335134170445754, 6.460320129104349]",22.733219232142467,6.2102271768245405,17.733219232142467,4.2102271768245405,"[4.370036893467249, 2.690693903844864, 5.391094998251949, 5.927605557571813, 4.353787879006594]","[2.6907023264738443, 3.519524850350696]","[3.3700368934672493, 1.6906939038448638, 4.391094998251949, 4.927605557571813, 3.3537878790065943]","[1.6907023264738443, 2.519524850350696]","[8.641120239659614, 4.335112573961189, 11.259217944235766, 12.63488604505593, 8.599456100016909]"
140,0,618,True,True,1.0,4.99,5,5,True,0,5,51.563933538706344,"[7.842870639298521, 5.389326119788656, 8.073821448999889, 13.008181021469746, 17.24973430914953]",25.10993408009547,"[4.058719549326423, 3.101837186717576, 4.1487903651099565, 6.073190598373201, 7.727396380568317]",44.642701156423556,0.0,[],22.41065345100519,0.0,17.41065345100519,0.0,"[4.373616060886327, 2.7368921924616654, 3.690235586050782, 5.961740394702898, 5.648169216903517]",[],"[3.3736160608863277, 1.7368921924616656, 2.690235586050782, 4.961740394702898, 4.648169216903517]",[],"[8.650297592016225, 4.453569724260681, 6.898039964232774, 12.722411268468967, 11.918382607444915]"
140,0,619,True,False,,0.0,3,3,,0,3,31.26419930566031,"[4.4636077533948555, 21.024480192177023, 5.776111360088431]",15.193037729207521,"[2.7408070238239937, 9.199547274949039, 3.2526834304344883]",16.02874530415688,0.0,[],9.251210668621184,0.0,0.0,0.0,"[3.03181000196577, 3.3267071661389758, 2.8926935005164385]",[],"[0.0, 0.0, 0.0]",[],"[5.2097692358096666, 5.965915810612758, 4.853060257734457]"
140,0,620,True,False,,0.0,2,2,,0,2,23.289916968495376,"[18.593526050546085, 4.696390917949289]",11.083067617713198,"[8.251475159712975, 2.8315924580002227]",29.673654130270492,0.0,[],13.572725110805491,0.0,0.0,0.0,"[11.597725110805492, 1.975]",[],"[0.0, 0.0]",[],"[27.173654130270492, 2.5]"
140,0,621,True,True,1.0,4.99,4,4,True,2,6,38.853714138830725,"[6.050630136452927, 12.259882253755947, 14.09248542044062, 6.450716328181227]",19.152948514143983,"[3.3597457532166417, 5.78135407896482, 6.496069313971842, 3.5157793679906786]",61.942918466448575,17.699420084193147,"[6.455980523978729, 11.243439560214417]",28.157738201914945,8.902773832835328,24.157738201914945,6.902773832835328,"[6.692323858387921, 9.890513505326833, 6.118916271063631, 5.45598456713656]","[3.5178324043517044, 5.384941428483623]","[5.692323858387921, 8.890513505326833, 5.118916271063631, 4.45598456713656]","[2.5178324043517044, 4.384941428483623]","[14.595702200994669, 22.796188475197006, 13.125426336060592, 11.425601454196308]"
140,0,622,True,False,,0.0,2,2,,0,2,13.260280199946422,"[7.247858591238568, 6.012421608707853]",7.171509277979105,"[3.826664850583042, 3.3448444273960627]",15.26300353358906,0.0,[],7.952571378099734,0.0,0.0,0.0,"[2.6180670085103044, 5.334504369589429]",[],"[0.0, 0.0]",[],"[4.148889765411037, 11.114113768178024]"
140,0,623,True,True,1.0,4.99,7,7,True,0,7,64.74632854494023,"[19.996810011061342, 2.6633702731826268, 8.281161799010818, 7.334302446573512, 5.289187935026689, 7.95211520757289, 13.229380872512351]",32.25106813252669,"[8.798755904313925, 2.0387144065412244, 4.229653101614219, 3.8603779541636696, 3.062783294660409, 4.101324930953427, 6.159458540279817]",47.88863554734794,0.0,[],25.676567863465692,0.0,18.676567863465692,0.0,"[1.975, 2.186417459375393, 6.547793169652524, 2.3352882661564807, 2.3996888656900106, 5.999761611944553, 4.232618490646734]",[],"[0.9750000000000001, 1.186417459375393, 5.547793169652524, 1.3352882661564807, 1.3996888656900106, 4.999761611944553, 3.2326184906467343]",[],"[2.5, 3.0420960496804943, 14.225110691416726, 3.4238160670678988, 3.5889458094615656, 12.819901569088598, 8.288765360632652]"
140,0,624,True,True,1.0,4.99,6,2,,3,9,18.68809727509605,"[2.5, 16.18809727509605]",9.28835793728746,"[1.975, 7.31335793728746]",29.237858419290376,38.34502214831633,"[32.88421055241712, 2.9019810434569724, 2.558830552442238]",13.402764783523248,17.95455863784337,11.402764783523248,14.95455863784337,"[6.932196172013366, 6.470568611509882]","[13.824842115442678, 2.1317726069482195, 1.9979439154524727]","[5.932196172013366, 5.470568611509882]","[12.824842115442678, 1.1317726069482192, 0.9979439154524729]","[15.210759415418885, 14.027099003871491]"
140,0,625,True,False,,0.0,2,2,,0,2,33.65738560155274,"[10.221378566371744, 23.436007035180996]",15.126380384605568,"[4.98633764088498, 10.140042743720588]",17.712073396521937,0.0,[],8.907708624643556,0.0,0.0,0.0,"[3.849316967169068, 5.0583916574744885]",[],"[0.0, 0.0]",[],"[7.3059409414591485, 10.40613245506279]"
140,0,626,True,True,1.0,4.99,4,4,True,3,7,64.52110786675009,"[16.510888896280967, 17.105232924047296, 8.517459969499383, 22.387526076922445]",29.163232068032535,"[7.439246669549577, 7.671040840378446, 4.321809388104759, 9.731135169999753]",27.994502691246876,18.679707143463546,"[2.767489095737494, 5.914300646186347, 9.997917401539707]",14.917856049586282,10.285085785950784,10.917856049586282,7.285085785950784,"[6.7657191483304855, 1.975, 2.6594019473220563, 3.5177349539337404]","[2.0793207473376225, 3.3065772520126755, 4.899187786600486]","[5.7657191483304855, 0.9750000000000001, 1.659401947322056, 2.5177349539337404]","[1.0793207473376225, 2.3065772520126755, 3.899187786600486]","[14.783895252129449, 2.5, 4.254876788005272, 6.455730651112154]"
140,0,627,True,True,1.0,4.99,6,6,True,2,8,60.60476154455897,"[6.3313539960492005, 8.172271486617502, 16.731752169854694, 12.104195799317848, 12.685969546840006, 4.579218545879718]",29.635857002377996,"[3.4692280584591884, 4.1871858797808255, 7.525383346243331, 5.720636361733961, 5.9475281232676025, 2.78589523289309]",75.29712448737543,21.579307288669312,"[14.175594834028692, 7.4037124546406226]",35.36587855007642,10.415929842581033,29.365878550076417,8.415929842581033,"[4.357265714609806, 5.6625656557503845, 4.508885400185283, 11.107127647467548, 5.180593710424336, 4.549440421639057]","[6.52848198527119, 3.887447857309843]","[3.3572657146098064, 4.6625656557503845, 3.508885400185284, 10.107127647467548, 4.180593710424336, 3.5494404216390567]","[5.52848198527119, 2.887447857309843]","[8.608373627204632, 11.955296553206114, 8.997142051757137, 25.915711916583458, 10.719471052370093, 9.101129286253991]"
140,0,628,True,False,,0.0,1,1,,0,1,7.449306601751992,[7.449306601751992],3.9052295746832772,[3.9052295746832772],17.299643313455363,0.0,[],7.746860892247591,0.0,0.0,0.0,[7.746860892247591],[],[0.0],[],[17.299643313455363]
140,0,629,True,True,1.0,4.99,7,7,True,2,9,69.4342724098023,"[6.2877131508420625, 12.453317016818286, 9.550884360409768, 7.9280158627909065, 5.793586682146606, 22.60230249710122, 4.818452839693467]",34.0793662398229,"[3.4522081288284046, 5.856793636559131, 4.724844900559809, 4.091926186488454, 3.2594988060371763, 9.814897973869476, 2.879196607480452]",45.431846665180885,15.497871164293038,"[9.959491602658645, 5.538379561634392]",24.718420199420542,8.044169754074284,17.718420199420546,6.044169754074284,"[2.800059168592325, 6.632676108135353, 2.161395480979434, 2.391228305540942, 4.54101759965424, 3.3392513159221515, 2.8527922205960987]","[4.8842017250368714, 3.159968029037413]","[1.800059168592325, 5.632676108135353, 1.1613954809794338, 1.3912283055409418, 3.54101759965424, 2.3392513159221515, 1.852792220596099]","[3.8842017250368714, 2.159968029037413]","[4.61553632972391, 14.442759251629111, 2.977937130716497, 3.567252065489594, 9.079532306805744, 5.998080297236285, 4.750749283579741]"
140,0,630,True,True,1.0,4.99,7,7,True,1,8,64.28108736216146,"[4.380160847430298, 7.6245569448365025, 15.068222868328105, 5.275000841939622, 5.116016871255055, 7.589358740050665, 19.227770248321217]",32.06962407124297,"[2.7082627304978164, 3.973577208486236, 6.876606918647961, 3.057250328356453, 2.9952465797894714, 3.9598499086197596, 8.498830396845275]",66.52129228681683,6.303969364739857,[6.303969364739857],32.94330399185857,3.4585480522485446,25.943303991858567,2.4585480522485446,"[7.571453438808292, 5.048228788985466, 3.2716080629699036, 4.758562169373301, 5.710481264661862, 2.7694123386088085, 3.8135579284509338]",[3.4585480522485446],"[6.571453438808292, 4.048228788985466, 2.2716080629699036, 3.758562169373301, 4.710481264661862, 1.7694123386088083, 2.8135579284509338]",[2.4585480522485446],"[16.849880612328953, 10.380073817911452, 5.824636058897188, 9.637338895828977, 12.07815708887657, 4.53695471438156, 7.214251098592138]"
140,0,631,True,False,,0.0,3,3,,0,3,25.577448690694894,"[6.084766303761836, 13.708785246855257, 5.7838971400778]",12.975204989371008,"[3.3730588584671164, 6.34642624627355, 3.255719884630342]",17.55286461496036,0.0,[],9.84561719983454,0.0,0.0,0.0,"[1.975, 3.751429889353698, 4.119187310480843]",[],"[0.0, 0.0, 0.0]",[],"[2.5, 7.054948434240251, 7.997916180720108]"
140,0,632,True,True,1.0,4.99,4,3,,2,6,21.646947559464703,"[5.49529683778267, 10.467191858516083, 5.6844588631659505]",11.442309548191234,"[3.1431657667352413, 5.082204824821273, 3.2169389566347206]",31.953978504474215,42.093070784933474,"[23.972196068172025, 18.120874716761445]",15.462051616744944,18.416297606124054,12.462051616744942,16.416297606124054,"[5.027315957108149, 8.459735659636795, 1.975]","[10.34915646658709, 8.067141139536965]","[4.027315957108149, 7.459735659636794, 0.9750000000000001]","[9.34915646658709, 7.067141139536964]","[10.326451172072177, 19.127527332402035, 2.5]"
140,0,633,True,False,,0.0,2,2,,0,2,16.197519326434268,"[8.057313627976336, 8.14020569845793]",8.317032537309364,"[4.142352314910772, 4.174680222398592]",9.316320720381595,0.0,[],5.633365080948822,0.0,0.0,0.0,"[2.326275218896009, 3.307089862052813]",[],"[0.0, 0.0]",[],"[3.4007056894769465, 5.9156150309046485]"
140,0,634,True,False,,0.0,3,3,,0,3,26.365364056359724,"[3.809706202553965, 12.045513388508057, 10.5101444652977]",13.282491981980293,"[2.4857854189960467, 5.697750221518143, 5.098956341466103]",26.211291567429537,0.0,[],13.222403711297519,0.0,0.0,0.0,"[3.0827414443988332, 6.931708633995644, 3.207953632903042]",[],"[0.0, 0.0, 0.0]",[],"[5.340362677945726, 15.209509317937549, 5.6614195715462605]"
140,0,635,True,False,,0.0,3,3,,0,3,39.15365402708663,"[13.005170641067998, 10.437397474681175, 15.711085911337456]",18.269925070563787,"[6.07201655001652, 5.070585015125658, 7.127323505421608]",37.47147035475118,0.0,[],17.61387343835296,0.0,0.0,0.0,"[5.901343813980902, 4.015511443433512, 7.697018180938548]",[],"[0.0, 0.0, 0.0]",[],"[12.567548240976672, 7.732080624188493, 17.17184148958602]"
140,0,636,True,True,1.0,4.99,4,4,True,0,4,29.102735325478015,"[5.802214324121181, 11.465846955909901, 7.088274121182095, 4.746399924264836]",15.350066776936425,"[3.2628635864072604, 5.471680312804862, 3.7644269072610173, 2.8510959704632857]",28.552467876997408,0.0,[],15.13546247202899,0.0,11.13546247202899,0.0,"[3.641760604692957, 5.360362103495625, 2.1061279308784666, 4.027211832961942]",[],"[2.641760604692957, 4.360362103495625, 1.1061279308784664, 3.027211832961942]",[],"[6.7737451402383515, 11.180415649988781, 2.8362254637909396, 7.762081622979338]"
140,0,637,True,False,,0.0,1,1,,0,1,3.917779984277295,[3.917779984277295],2.527934193868145,[2.527934193868145],11.87986032217848,0.0,[],5.633145525649607,0.0,0.0,0.0,[5.633145525649607],[],[0.0],[],[11.87986032217848]
140,0,638,True,False,,0.0,3,3,,0,3,17.892098376217255,"[9.017781700958489, 6.374316675258765, 2.5]",9.977918366724728,"[4.516934863373811, 3.4859835033509183, 1.975]",24.213894161020043,0.0,[],12.443418722797816,0.0,0.0,0.0,"[4.332905233615062, 3.4324149429329815, 4.678098546249774]",[],"[0.0, 0.0, 0.0]",[],"[8.545910855423234, 6.23696139213585, 9.431021913460958]"
140,0,639,True,True,1.0,4.99,6,6,True,2,8,60.23050543097316,"[6.626512856414798, 7.802913608529235, 3.3394561718643057, 15.393297152710929, 9.074045774106414, 17.994279867347473]",29.489897118079533,"[3.5843400140017714, 4.043136307326401, 2.302387907027079, 7.003385889557262, 4.538877851901502, 8.017769148265515]",46.70836112378146,13.09815028182097,"[4.000783094310014, 9.097367187510956]",24.216260838274778,7.108278609910179,18.216260838274774,5.108278609910179,"[5.254494794601594, 5.096777807398318, 3.7145565160352714, 4.131810793547988, 4.043620926691601, 1.975]","[2.5603054067809055, 4.547973203129273]","[4.254494794601594, 4.096777807398318, 2.7145565160352714, 3.131810793547988, 3.0436209266916006, 0.9750000000000001]","[1.5603054067809057, 3.5479732031292732]","[10.908961011798958, 10.504558480508509, 6.960401323167362, 8.030284086020481, 7.804156222286155, 2.5]"
140,0,640,True,True,1.0,4.99,4,4,True,1,5,49.57473779873588,"[22.443389556130025, 6.026160722171927, 3.597378207325397, 17.507809313108535]",23.334147741506996,"[9.75292192689071, 3.3502026816470516, 2.4029775008569048, 7.828045632112329]",39.364575332910285,5.225362035629222,[5.225362035629222],19.35218437983501,3.0378911938953967,15.35218437983501,2.0378911938953967,"[5.730224365259522, 2.913690717651019, 5.147103216554244, 5.561166080370226]",[3.0378911938953967],"[4.730224365259522, 1.913690717651019, 4.147103216554244, 4.561166080370226]",[2.0378911938953967],"[12.128780423742363, 4.906899276028254, 10.633597991164729, 11.695297641974937]"
140,0,641,True,False,,0.0,1,1,,0,1,6.52863298029225,[6.52863298029225],3.5461668623139775,[3.5461668623139775],8.858943761937955,0.0,[],4.454988067155803,0.0,0.0,0.0,[4.454988067155803],[],[0.0],[],[8.858943761937955]
140,0,642,True,False,,0.0,3,3,,0,3,19.439758553116874,"[2.7467556631021797, 11.606407485717689, 5.086595404297007]",10.581505835715582,"[2.0712347086098504, 5.526498919429899, 2.983772207675833]",33.563921025359974,0.0,[],16.089929199890392,0.0,0.0,0.0,"[9.230352226803994, 4.884576973086396, 1.975]",[],"[0.0, 0.0, 0.0]",[],"[21.103467248215367, 9.960453777144606, 2.5]"
140,0,643,True,True,1.0,4.99,4,4,True,5,9,42.374375026790176,"[6.712911984965672, 7.819055812377508, 11.396134839106072, 16.446272390340926]",20.52600626044817,"[3.618035674136612, 4.049431766827228, 5.444492587251368, 7.414046232232962]",25.2711267314383,52.07044957489083,"[9.053192310326878, 2.7020958656584306, 23.183965750406397, 9.753864351030925, 7.377331297468194]",13.855739425260937,25.307475334207425,9.855739425260937,20.307475334207425,"[3.4225829215346564, 4.500782752103867, 2.656843537487619, 3.2755302141347946]","[4.530745001027483, 2.053817387606788, 10.041746642658495, 4.804007096902061, 3.8771592060125957]","[2.4225829215346564, 3.5007827521038672, 1.6568435374876194, 2.2755302141347946]","[3.5307450010274826, 1.053817387606788, 9.041746642658495, 3.804007096902061, 2.8771592060125957]","[6.211751080858093, 8.976366031035557, 4.248316762788767, 5.834692856755884]"
140,0,644,True,True,1.0,4.99,7,7,True,1,8,60.56873094059553,"[15.7447848927279, 4.087702155202707, 7.070019828088991, 6.301165785390515, 16.203199937518026, 3.6519943333936133, 7.509864008273784]",30.62180506683226,"[7.140466108163881, 2.5942038405290555, 3.7573077329547067, 3.457454656302301, 7.31924797563203, 2.4242777900235093, 3.9288469632267757]",53.49929158022261,22.80595650290136,[22.80595650290136],27.864723716286818,9.89432303613153,20.864723716286818,8.89432303613153,"[3.159362314608038, 1.975, 3.8232114072694166, 5.943327654836518, 7.1483722730758235, 3.5165387553860055, 2.2989113111110164]",[9.89432303613153],"[2.159362314608038, 0.9750000000000001, 2.8232114072694166, 4.943327654836518, 6.1483722730758235, 2.5165387553860055, 1.2989113111110162]",[8.89432303613153],"[5.536826447712918, 2.5, 7.239003608383119, 12.675199114965432, 15.76505711045083, 6.452663475348732, 3.33054182336158]"
140,0,645,True,False,,0.0,1,1,,0,1,8.644693009975981,[8.644693009975981],4.371430273890633,[4.371430273890633],8.71026326312727,0.0,[],4.397002672619635,0.0,0.0,0.0,[4.397002672619635],[],[0.0],[],[8.71026326312727]
140,0,646,True,False,,0.0,1,1,,0,1,3.949187764497033,[3.949187764497033],2.5401832281538432,[2.5401832281538432],7.6803915148143105,0.0,[],3.9953526907775814,0.0,0.0,0.0,[3.9953526907775814],[],[0.0],[],[7.6803915148143105]
140,0,647,True,True,1.0,4.99,6,6,True,3,9,56.853267983736025,"[7.701895492155143, 6.625367332000704, 6.493358250371111, 15.229464588375118, 7.275461322004353, 13.527720998829592]",28.172774513657046,"[4.003739241940506, 3.583893259480275, 3.5324097176447333, 6.939491189466296, 3.8374299155816978, 6.275811189543541]",71.0859082635225,18.428323418535648,"[8.687601438433243, 6.14103872353159, 3.5996832565708163]",33.72350422277377,10.187046133228904,27.723504222773773,7.187046133228904,"[5.100062123901138, 7.384473502992751, 7.153944258542139, 1.975, 5.718591904069701, 6.391432433268044]","[4.388164560988965, 3.39500510217732, 2.4038764700626185]","[4.100062123901138, 6.384473502992751, 6.153944258542139, 0.9750000000000001, 4.718591904069701, 5.391432433268044]","[3.388164560988965, 2.39500510217732, 1.4038764700626185]","[10.51297980487471, 16.370444879468593, 15.77934425267215, 2.5, 12.09895360017872, 13.824185726328317]"
140,0,648,True,True,1.0,4.99,5,5,True,5,10,34.185533362155475,"[2.5, 6.016070855207347, 7.757142768187959, 5.279818039544797, 12.632501699215375]",18.332358011240636,"[1.975, 3.346267633530865, 4.0252856795933045, 3.059129035422471, 5.926675662693996]",28.077325515450227,39.618939576582626,"[8.343098850069868, 9.327837722842578, 7.767741968613553, 7.334810779638885, 6.845450255417744]",15.950156951025587,20.451386434867224,10.950156951025589,15.451386434867224,"[2.4298556485387692, 4.880783806937143, 2.3430463358921507, 1.975, 4.321471159657525]","[4.253808551527248, 4.637856711908605, 4.029419367759285, 3.860576204059165, 3.6697255996129203]","[1.429855648538769, 3.880783806937143, 1.3430463358921507, 0.9750000000000001, 3.3214711596575257]","[3.2538085515272486, 3.637856711908605, 3.0294193677592856, 2.860576204059165, 2.6697255996129203]","[3.6662965347147924, 9.950727710095238, 3.4437085535696172, 2.5, 8.516592717070578]"
140,0,649,True,False,,0.0,3,3,,0,3,32.82997308936831,"[7.587613278411206, 9.11259992192012, 16.129759889036983]",15.80368950485364,"[3.9591691785803707, 4.553913969548847, 7.290606356724424]",21.008310291058493,0.0,[],11.19324101351281,0.0,0.0,0.0,"[3.3582174308939625, 3.031821190959725, 4.8032023916591235]",[],"[0.0, 0.0, 0.0]",[],"[6.046711361266571, 5.209797925537756, 9.751801004254164]"
140,0,650,True,False,,0.0,3,3,,0,3,15.864490702788824,"[7.338528561999531, 3.2407472681954603, 5.2852148725938335]",9.187151374087641,"[3.862026139179817, 2.2638914345962293, 3.0612338003115953]",36.55883373478976,0.0,[],17.257945156568006,0.0,0.0,0.0,"[11.172300480965422, 2.6027376126776964, 3.4829070629248857]",[],"[0.0, 0.0, 0.0]",[],"[26.082821746065186, 4.109583622250503, 6.366428366474066]"
140,0,651,True,False,,0.0,2,2,,0,2,10.184676742637798,"[7.684676742637797, 2.5]",5.972023929628741,"[3.997023929628741, 1.975]",19.871045603598958,0.0,[],9.749707785403594,0.0,0.0,0.0,"[4.332080876176421, 5.417626909227174]",[],"[0.0, 0.0]",[],"[8.543797118401079, 11.327248485197881]"
140,0,652,True,True,1.0,4.99,7,7,True,0,7,59.37411505750502,"[7.963299817491141, 7.333491159947653, 8.09175896298671, 5.942257890814794, 8.14974653261028, 2.5, 19.39356069365445]",30.155904872426962,"[4.1056869288215445, 3.8600615523795847, 4.155785995564816, 3.31748057741777, 4.178401147718009, 1.975, 8.563488670525235]",82.75865094971056,0.0,[],39.275873870387116,0.0,32.275873870387116,0.0,"[6.412454227206278, 3.3971462105364725, 4.736203705222259, 7.79139912837465, 6.361214260868801, 5.661254738511427, 4.916201599667231]",[],"[5.412454227206278, 2.3971462105364725, 3.7362037052222594, 6.79139912837465, 5.361214260868801, 4.661254738511427, 3.9162015996672306]",[],"[13.878087762067379, 6.146528744965313, 9.580009500569895, 17.413843918909357, 13.746703232996925, 11.951935226952376, 10.041542563249308]"
140,0,653,True,False,,0.0,1,1,,0,1,11.578523236525948,[11.578523236525948],5.51562406224512,[5.51562406224512],10.54386791792413,0.0,[],5.112108487990411,0.0,0.0,0.0,[5.112108487990411],[],[0.0],[],[10.54386791792413]
140,0,654,True,True,1.0,4.99,4,4,True,0,4,39.3559429127943,"[7.401802627825358, 3.465193935629576, 12.371579678751514, 16.11736667058785]",19.348817735989776,"[3.8867030248518897, 2.3514256348955347, 5.824916074713091, 7.285773001529261]",20.553684740295253,0.0,[],12.01593704871515,0.0,8.01593704871515,0.0,"[2.665333792443133, 1.975, 1.975, 5.400603256272017]",[],"[1.6653337924431328, 0.9750000000000001, 0.9750000000000001, 4.400603256272017]",[],"[4.270086647290084, 2.5, 2.5, 11.283598093005171]"
140,0,655,True,True,1.0,4.99,4,4,True,1,5,24.29603033192384,"[6.558568971254175, 4.738079163757074, 6.350665278260777, 6.6487169186518145]",13.475451829450298,"[3.5578418987891283, 2.8478508738652586, 3.476759458521703, 3.592999598274208]",27.542299174397947,3.796648847106687,[3.796648847106687],14.7414966780152,2.480693050371608,10.7414966780152,1.4806930503716078,"[2.9021833238218946, 2.0913719286046453, 4.653789618082271, 5.094151807506389]",[2.480693050371608],"[1.9021833238218944, 1.091371928604645, 3.6537896180822713, 4.094151807506389]",[1.4806930503716078],"[4.877393138004857, 2.798389560524731, 9.36869132841608, 10.497825147452279]"
140,0,656,True,True,1.0,4.99,4,4,True,1,5,39.05980511210216,"[2.6602731515743887, 13.532306141871908, 14.449312736641923, 8.417913082013937]",19.233323993719843,"[2.0375065291140118, 6.277599395330045, 6.63523196729035, 4.282986101985436]",42.55088371601805,11.172322433002833,[11.172322433002833],20.59484464924704,5.357205748871105,16.59484464924704,4.357205748871105,"[4.117469816738554, 2.308560310179897, 10.803813418391945, 3.3650011039366454]",[5.357205748871105],"[3.1174698167385535, 1.3085603101798968, 9.803813418391945, 2.3650011039366454]",[4.357205748871105],"[7.993512350611676, 3.35528284661512, 25.13798312408191, 6.0641053947093475]"
140,0,657,True,False,,0.0,1,1,,0,1,8.22285724274412,[8.22285724274412],4.2069143246702065,[4.2069143246702065],17.624738886846142,0.0,[],7.873648165869995,0.0,0.0,0.0,[7.873648165869995],[],[0.0],[],[17.624738886846142]
140,0,658,True,False,,0.0,3,3,,0,3,16.151937625691755,"[7.6387096827209096, 3.4108225469535705, 5.102405396017276]",9.299255674019784,"[3.9790967762611547, 2.3302207933118924, 2.989938104446738]",20.1191649068788,0.0,[],10.846474313682732,0.0,0.0,0.0,"[4.0696375461687175, 3.389178540378059, 3.3876582271359554]",[],"[0.0, 0.0, 0.0]",[],"[7.870865502996711, 6.126098821482202, 6.122200582399886]"
140,0,659,True,False,,0.0,1,1,,0,1,16.242707058495633,[16.242707058495633],7.334655752813297,[7.334655752813297],9.62284920289548,0.0,[],4.752911189129238,0.0,0.0,0.0,[4.752911189129238],[],[0.0],[],[9.62284920289548]
140,0,660,True,True,1.0,4.99,4,4,True,3,7,20.12774319203011,"[2.5, 6.348942809302582, 5.641330590480331, 5.637469792247198]",11.849819844891744,"[1.975, 3.4760876956280073, 3.200118930287329, 3.198613218976407]",53.4235002103495,35.53013048971003,"[9.655192553073384, 10.861704639089542, 15.013233297547107]",24.83516508203631,16.856750890986913,20.83516508203631,13.856750890986913,"[3.5241244389532413, 6.585931890288879, 10.36428820993106, 4.360820542863128]","[4.76552509569862, 5.236064809244922, 6.855160986043372]","[2.5241244389532413, 5.585931890288879, 9.36428820993106, 3.360820542863128]","[3.76552509569862, 4.236064809244922, 5.855160986043372]","[6.472113946033952, 14.322902282791995, 24.01099541007964, 8.617488571443918]"
140,0,661,True,True,1.0,4.99,4,4,True,3,7,38.075565380865015,"[11.485691653002984, 6.696433612717191, 3.13097346111681, 16.762466654028028]",18.849470498537357,"[5.479419744671164, 3.6116091089597044, 2.221079649835556, 7.537361995070931]",56.36398574961879,24.849247306364642,"[7.19939095478682, 13.187391397785628, 4.462464953792196]",25.98195444235133,12.691206449482213,21.98195444235133,9.691206449482213,"[5.441123099291006, 2.2642641631235114, 10.160205075636604, 8.11636210430021]","[3.8077624723668597, 6.143082645136396, 2.7403613319789564]","[4.441123099291006, 1.2642641631235114, 9.160205075636604, 7.11636210430021]","[2.8077624723668597, 5.143082645136396, 1.7403613319789566]","[11.387495126387194, 3.2417029823679777, 23.48770532214514, 18.247082318718487]"
140,0,662,True,True,1.0,4.99,5,5,True,1,6,46.13703059132148,"[4.7489667800445075, 9.167578551530887, 8.800983489445704, 16.220926019277538, 7.19857575102285]",22.99344193061538,"[2.852097044217358, 4.575355635097046, 4.4323835608838245, 7.32616114751824, 3.8074445428989114]",29.179850171971157,13.69638946416513,[13.69638946416513],16.38014156706875,6.3415918910244,11.380141567068751,5.3415918910244,"[1.975, 2.6375773655637866, 6.228819188634331, 3.312040670445129, 2.2267043424255046]",[6.3415918910244],"[0.9750000000000001, 1.6375773655637869, 5.228819188634331, 2.312040670445129, 1.2267043424255049]",[5.3415918910244],"[2.5, 4.198916321958428, 13.407228688805976, 5.928309411397766, 3.1453957498089866]"
140,0,663,True,False,,0.0,2,2,,0,2,20.044542003233545,"[7.528184246424321, 12.516357756809223]",9.817371381261083,"[3.9359918561054856, 5.881379525155597]",17.156320769081933,0.0,[],8.690965099941954,0.0,0.0,0.0,"[4.821392427056459, 3.869572672885495]",[],"[0.0, 0.0]",[],"[9.798442120657587, 7.357878648424347]"
140,0,664,True,False,,0.0,2,2,,0,2,10.652481891247927,"[7.188215917678487, 3.4642659735694403]",6.154467937586691,"[3.80340420789461, 2.3510637296920818]",15.959335446292068,0.0,[],8.224140824053908,0.0,0.0,0.0,"[6.109529677048413, 2.114611147005494]",[],"[0.0, 0.0]",[],"[13.101358146277981, 2.8579773000140865]"
140,0,665,True,False,,0.0,3,3,,0,3,30.023271799770566,"[6.042219823195158, 14.721876070730799, 9.25917590584461]",14.709076001910521,"[3.3564657310461117, 6.741531667585011, 4.611078603279399]",31.7874773658598,0.0,[],15.397116172685323,0.0,0.0,0.0,"[6.3038444855418705, 6.7135354776789695, 2.3797362094644825]",[],"[0.0, 0.0, 0.0]",[],"[13.599601244979155, 14.650090968407614, 3.537785152473032]"
140,0,666,True,True,1.0,4.99,4,4,True,1,5,21.246533101775047,"[5.668385181800223, 6.390161305423835, 2.5, 6.687986614550991]",12.286147909692268,"[3.2106702209020868, 3.4921629091152955, 1.975, 3.6083147796748865]",64.70278482713987,11.73407287114123,[11.73407287114123],29.23408608258455,5.5762884197450795,25.23408608258455,4.5762884197450795,"[6.579440199206455, 9.50339903640537, 8.277602675503683, 4.873644171469042]",[5.5762884197450795],"[5.579440199206455, 8.50339903640537, 7.277602675503683, 3.873644171469042]",[4.5762884197450795],"[14.306256921042191, 21.803587272834278, 18.660519680778673, 9.932420952484723]"
140,0,667,True,False,,0.0,1,1,,0,1,9.142707762576773,[9.142707762576773],4.565656027404941,[4.565656027404941],5.165243544215613,0.0,[],3.0144449822440893,0.0,0.0,0.0,[3.0144449822440893],[],[0.0],[],[5.165243544215613]
140,0,668,True,False,,0.0,1,1,,0,1,4.022587988081317,[4.022587988081317],2.5688093153517135,[2.5688093153517135],7.744785917250017,0.0,[],4.020466507727507,0.0,0.0,0.0,[4.020466507727507],[],[0.0],[],[7.744785917250017]
140,0,669,True,False,,0.0,3,3,,0,3,17.11843370728845,"[3.016099894313661, 8.47267778922452, 5.629656023750267]",9.676189145842496,"[2.176278958782328, 4.304344337797563, 3.1955658492626045]",18.195754096708495,0.0,[],10.096344097716312,0.0,0.0,0.0,"[2.8650471866889653, 5.147437059998898, 2.083859851028449]",[],"[0.0, 0.0, 0.0]",[],"[4.78217227356145, 10.634453999997175, 2.779127823149868]"
140,0,670,True,False,,0.0,2,2,,0,2,22.208428835140047,"[9.155698250697608, 13.052730584442441]",10.66128724570462,"[4.570722317772067, 6.090564927932553]",27.628519594215025,0.0,[],12.77512264174386,0.0,0.0,0.0,"[3.5703168043044298, 9.20480583743943]",[],"[0.0, 0.0]",[],"[6.590555908472897, 21.037963685742127]"
140,0,671,True,True,1.0,4.99,4,4,True,0,4,38.711157851157594,"[11.143794315331181, 2.5, 8.78236567618521, 16.284997859641205]",19.097351561951463,"[5.346079782979161, 1.975, 4.425122613712231, 7.35114916526007]",33.398297850684386,0.0,[],17.025336161766912,0.0,13.025336161766912,0.0,"[6.236007745213522, 3.0131391381787576, 2.4160351718740554, 5.360154106500576]",[],"[5.236007745213522, 2.0131391381787576, 1.4160351718740554, 4.360154106500576]",[],"[13.425660885162877, 5.161895226099379, 3.63085941506168, 11.17988232436045]"
140,0,672,True,True,1.0,4.99,4,4,True,3,7,32.18086909594527,"[4.857304040266257, 3.417061550558282, 4.998458912988648, 18.908044592132082]",16.550538947418655,"[2.89434857570384, 2.33265400471773, 2.9493989760655728, 8.374137390931512]",21.258613649448503,38.19567160191024,"[6.095546029934422, 8.50598868247132, 23.5941368895045]",12.290859323284916,17.896311924744996,8.290859323284916,14.896311924744996,"[4.89757753897139, 2.4874917513800794, 2.930790032933447, 1.975]","[3.3772629516744246, 4.317335586163815, 10.201713386906755]","[3.89757753897139, 1.4874917513800792, 1.930790032933447, 0.9750000000000001]","[2.3772629516744246, 3.317335586163815, 9.201713386906755]","[9.993788561465102, 3.8140814137950745, 4.950743674188326, 2.5]"
140,0,673,True,False,,0.0,1,1,,0,1,4.189039161827825,[4.189039161827825],2.6337252731128515,[2.6337252731128515],17.578518041334235,0.0,[],7.8556220361203515,0.0,0.0,0.0,[7.8556220361203515],[],[0.0],[],[17.578518041334235]
140,0,674,True,False,,0.0,2,2,,0,2,34.18474696380019,"[17.29059035519496, 16.894156608605226]",15.332051315882072,"[7.743330238526035, 7.5887210773560385]",12.742646496427604,0.0,[],6.9696321336067655,0.0,0.0,0.0,"[2.781054603821456, 4.188577529785309]",[],"[0.0, 0.0]",[],"[4.566806676465272, 8.17583981996233]"
140,0,675,True,False,,0.0,1,1,,0,1,3.1156634458042323,[3.1156634458042323],2.2151087438636505,[2.2151087438636505],11.264571213370026,0.0,[],5.39318277321431,0.0,0.0,0.0,[5.39318277321431],[],[0.0],[],[11.264571213370026]
140,0,676,True,True,1.0,4.99,4,4,True,1,5,20.12497075584268,"[9.499460342636345, 3.594592004884399, 2.5, 4.530918408321935]",11.848738594778645,"[4.704789533628174, 2.4018908819049156, 1.975, 2.767058179245555]",34.32768717262226,23.51144528176465,[23.51144528176465],17.387797997322682,10.169463659888214,13.387797997322684,9.169463659888214,"[6.2846736267910295, 3.7130322743804642, 4.2899029385328316, 3.1001891576183573]",[10.169463659888214],"[5.2846736267910295, 2.7130322743804642, 3.2899029385328316, 2.1001891576183573]",[9.169463659888214],"[13.550445196900075, 6.956493011231959, 8.435648560340594, 5.385100404149634]"
140,0,677,True,True,1.0,4.99,4,4,True,2,6,37.39270185361042,"[2.5, 11.838300780242742, 9.550038540991023, 13.504362532376653]",18.583153722908065,"[1.975, 5.6169373042946695, 4.724515030986499, 6.266701387626895]",49.309271659917066,24.911596199695502,"[13.12786874693126, 11.783727452764241]",23.23061594736766,11.715522517881245,19.23061594736766,9.715522517881245,"[4.633979785102099, 6.606836218627335, 3.2905421278187674, 8.699257815819456]","[6.119868811303191, 5.595653706578054]","[3.633979785102099, 5.606836218627335, 2.2905421278187674, 7.699257815819456]","[5.119868811303191, 4.595653706578054]","[9.317896884877177, 14.376503124685474, 5.873184943125044, 19.741686707229373]"
140,0,678,True,False,,0.0,2,2,,0,2,19.155326230217934,"[5.665777922220825, 13.48954830799711]",9.470577229784995,"[3.209653389666122, 6.260923840118873]",24.775658082390688,0.0,[],11.662506652132368,0.0,0.0,0.0,"[4.0962442013403475, 7.5662624507920215]",[],"[0.0, 0.0]",[],"[7.93908769574448, 16.83657038664621]"
140,0,679,True,False,,0.0,1,1,,0,1,2.5,[2.5],1.975,[1.975],5.466176737961147,0.0,[],3.1318089278048475,0.0,0.0,0.0,[3.1318089278048475],[],[0.0],[],[5.466176737961147]
140,0,680,True,False,,0.0,3,3,,0,3,17.745730504896887,"[9.39377574024356, 5.851954764653327, 2.5]",9.920834896909787,"[4.663572538694989, 3.2822623582147976, 1.975]",17.444412940985462,0.0,[],9.80332104698433,0.0,0.0,0.0,"[2.3378941559351833, 4.8566782662972585, 2.6087486247518887]",[],"[0.0, 0.0, 0.0]",[],"[3.4304978357312397, 9.888918631531432, 4.124996473722791]"
140,0,681,True,False,,0.0,1,1,,0,1,7.542108153948998,[7.542108153948998],3.9414221800401092,[3.9414221800401092],6.556119979300135,0.0,[],3.556886791927053,0.0,0.0,0.0,[3.556886791927053],[],[0.0],[],[6.556119979300135]
140,0,682,True,True,1.0,4.99,4,4,True,0,4,38.82707077096414,"[16.516019839586683, 12.773316693849582, 2.979257166575446, 6.558477070952435]",19.142557600676017,"[7.441247737438807, 5.981593510601337, 2.161910294964424, 3.5578060576714496]",25.682862748761995,0.0,[],14.016316472017179,0.0,10.016316472017179,0.0,"[3.1515101412272686, 2.2075719916009056, 5.735101481463459, 2.922132857725545]",[],"[2.1515101412272686, 1.2075719916009056, 4.735101481463459, 1.9221328577255454]",[],"[5.5166926698135095, 3.096338440002322, 12.141285849906303, 4.92854578903986]"
140,0,683,True,False,,0.0,2,2,,0,2,16.22351969519203,"[2.7747341015692686, 13.448785593622762]",8.327172681124893,"[2.082146299612015, 6.2450263815128775]",32.7030601737177,0.0,[],14.754193467749904,0.0,0.0,0.0,"[6.916804052916721, 7.837389414833184]",[],"[0.0, 0.0]",[],"[15.171292443376206, 17.531767730341496]"
140,0,684,True,False,,0.0,1,1,,0,1,4.5739140075781,[4.5739140075781],2.783826462955459,[2.783826462955459],15.704736047711581,0.0,[],7.124847058607517,0.0,0.0,0.0,[7.124847058607517],[],[0.0],[],[15.704736047711581]
140,0,685,True,True,1.0,4.99,4,4,True,2,6,31.951468751253472,"[5.3855679769471765, 11.244310869575834, 8.346762593560372, 6.974827311170088]",16.461072812988853,"[3.100371511009399, 5.385281239134575, 4.255237411488546, 3.7201826513563345]",39.67369128867852,9.297982976577604,"[6.074153342616465, 3.2238296339611394]",19.472739602584625,5.6262133608652665,15.472739602584625,3.6262133608652656,"[8.29910416889071, 5.0604583752988015, 3.2107513047766973, 2.902425753618416]","[3.3689198036204213, 2.2572935572448447]","[7.299104168890709, 4.0604583752988015, 2.2107513047766973, 1.9024257536184161]","[2.3689198036204213, 1.2572935572448445]","[18.715651715104382, 10.411431731535387, 5.668593089171019, 4.878014752867734]"
140,0,686,True,False,,0.0,2,2,,0,2,33.28685305925136,"[29.8609446077515, 3.4259084514998595]",14.98187269310803,"[12.645768397023085, 2.336104296084945]",29.778383382571693,0.0,[],13.613569519202962,0.0,0.0,0.0,"[6.457253196657998, 7.156316322544963]",[],"[0.0, 0.0]",[],"[13.992956914507687, 15.785426468064006]"
140,0,687,True,True,1.0,4.99,4,4,True,1,5,58.046969119503316,"[5.084930489241345, 9.40160592859128, 25.876437002945, 17.6839956987257]",26.638317956606297,"[2.9831228908041245, 4.6666263121505995, 11.09181043114855, 7.896758322503023]",27.39582891958723,4.699991399070992,[4.699991399070992],14.684373278639018,2.832996645637687,10.684373278639018,1.832996645637687,"[4.555275853430539, 2.9716685288520983, 2.754271764115991, 4.403157132240391]",[2.832996645637687],"[3.555275853430539, 1.971668528852098, 1.7542717641159913, 3.4031571322403913]",[1.832996645637687],"[9.116091931873177, 5.055560330389995, 4.498132728502542, 8.726043928821516]"
140,0,688,True,True,1.0,4.99,4,4,True,1,5,43.23364709797248,"[8.124001957659942, 21.63957876143221, 9.312005569146697, 4.1580608097336285]",20.86112236820927,"[4.168360763487378, 9.439435716958563, 4.631682171967212, 2.6216437157961154]",34.62478012633515,4.391041693697681,[4.391041693697681],17.503664249270713,2.7125062605420958,13.503664249270711,1.7125062605420958,"[4.695448986639323, 5.122019048599925, 2.811046001185659, 4.875150212845805]",[2.7125062605420958],"[3.695448986639323, 4.122019048599925, 1.8110460011856586, 3.8751502128458046]",[1.7125062605420958],"[9.47551022215211, 10.569279611794679, 4.6437076953478424, 9.936282597040524]"
140,0,689,True,True,1.0,4.99,7,7,True,1,8,66.1494076824201,"[11.489060691845324, 6.772439958909718, 13.454839947864807, 11.530863796484807, 11.42439766234422, 2.943597598263532, 8.5342080267077]",32.79826899614385,"[5.480733669819677, 3.6412515839747903, 6.247387579667275, 5.497036880629075, 5.455515088314246, 2.1480030633227774, 4.328341130416003]",71.39694742811163,12.882611993620976,[12.882611993620976],34.844809496963535,6.024218677512181,27.844809496963535,5.024218677512181,"[4.287637688183776, 4.076029420270251, 2.79228284154612, 5.502088845675983, 3.2265872304920347, 9.792054092145742, 5.168129378649631]",[6.024218677512181],"[3.287637688183776, 3.0760294202702503, 1.79228284154612, 4.502088845675983, 2.2265872304920347, 8.792054092145742, 4.168129378649631]",[5.024218677512181],"[8.429840226112246, 7.887254923769873, 4.595597029605436, 11.54381755301534, 5.709198026902653, 22.543728441399338, 10.687511227306747]"
140,0,690,True,False,,0.0,3,3,,0,3,10.147710840915915,"[4.798337274646139, 2.849373566269776, 2.5]",6.957607227957206,"[2.871351537111994, 2.111255690845213, 1.975]",22.763427453252163,0.0,[],11.877736706768344,0.0,0.0,0.0,"[3.714445214412556, 5.875474397381466, 2.287817094974322]",[],"[0.0, 0.0, 0.0]",[],"[6.960115934391169, 12.50121640354222, 3.302095115318774]"
140,0,691,True,False,,0.0,2,2,,0,2,38.90121306348702,"[9.267570143167667, 29.633642920319353]",17.17147309475994,"[4.61435235583539, 12.557120738924548]",10.826606345376101,0.0,[],6.222376474696679,0.0,0.0,0.0,"[1.975, 4.247376474696679]",[],"[0.0, 0.0]",[],"[2.5, 8.326606345376101]"
140,0,692,True,False,,0.0,2,2,,0,2,24.684548381229863,"[19.947064452647243, 4.737483928582619]",11.626973868679647,"[8.779355136532425, 2.8476187321472217]",8.331888673739945,0.0,[],5.2494365827585785,0.0,0.0,0.0,"[2.8230377231487433, 2.4263988596098356]",[],"[0.0, 0.0]",[],"[4.674455700381393, 3.6574329733585524]"
140,0,693,True,True,1.0,4.99,4,4,True,2,6,38.835138560293444,"[22.53170757792644, 6.354070546074164, 2.5, 7.449360436292839]",19.145704038514445,"[9.787365955391312, 3.478087512968924, 1.975, 3.905250570154207]",79.01365291281452,13.161118196529253,"[3.7738114357713806, 9.387306760757873]",34.81532463599767,7.132836096646409,30.815324635997666,5.132836096646409,"[12.177521631271205, 5.390096688803872, 8.50723164868554, 8.740474667237049]","[2.4717864599508386, 4.661049636695571]","[11.177521631271205, 4.390096688803872, 7.507231648685541, 7.740474667237049]","[1.4717864599508386, 3.6610496366955707]","[28.66031187505437, 11.256658176420185, 19.249311919706514, 19.847370941633457]"
140,0,694,True,False,,0.0,3,3,,0,3,30.23878246097711,"[13.6461560842767, 6.755605485604216, 9.837020891096191]",14.793125159781072,"[6.322000872867913, 3.634686139385644, 4.836438147527515]",38.37666028022933,0.0,[],17.96689750928944,0.0,0.0,0.0,"[4.820303974346086, 6.960378940299366, 6.186214594643989]",[],"[0.0, 0.0, 0.0]",[],"[9.795651216272015, 15.283022923844527, 13.29798614011279]"
140,0,695,True,True,1.0,4.99,5,5,True,1,6,57.59731707750542,"[12.463518118039664, 13.863169789213396, 12.559853017647056, 7.221013376095951, 11.489762776509352]",27.462953660227114,"[5.860772066035469, 6.406636217793225, 5.8983426768823515, 3.816195216677421, 5.481007482838647]",54.07981724975164,3.3792918495087703,[3.3792918495087703],26.091128727403138,2.3179238213084203,21.091128727403138,1.3179238213084203,"[8.280283636500489, 2.0762407841063357, 2.5083761952839074, 4.916045169917092, 8.310182941595315]",[2.3179238213084203],"[7.2802836365004895, 1.0762407841063357, 1.5083761952839072, 3.916045169917093, 7.310182941595314]",[1.3179238213084203],"[18.667393939744844, 2.7595917541188095, 3.8676312699587365, 10.041141461325878, 18.744058824603368]"
140,0,696,True,False,,0.0,1,1,,0,1,9.743662539713961,[9.743662539713961],4.800028390488444,[4.800028390488444],5.07151578912255,0.0,[],2.977891157757795,0.0,0.0,0.0,[2.977891157757795],[],[0.0],[],[5.07151578912255]
140,0,697,True,True,1.0,4.99,5,5,True,2,7,48.386843245924105,"[16.473193326073254, 2.7899728822358463, 14.629917352653871, 5.646864119435461, 8.84689556552567]",23.8708688659104,"[7.424545397168569, 2.0880894240719803, 6.70566776753501, 3.20227700657983, 4.450289270555012]",85.38015405468651,11.928733178413784,"[5.55590275530987, 6.372830423103914]",38.29826008132774,6.652205939581377,33.29826008132774,4.652205939581377,"[6.523943945956601, 6.26397368667459, 10.03654371139152, 6.85153544615415, 8.622263291150881]","[3.1668020745708496, 3.4854038650105266]","[5.523943945956601, 5.26397368667459, 9.03654371139152, 5.85153544615415, 7.622263291150881]","[2.1668020745708496, 2.4854038650105266]","[14.163958835786156, 13.497368427370743, 23.170624901003897, 15.003937041420897, 19.544264849104824]"
140,0,698,True,False,,0.0,1,1,,0,1,3.436845973381722,[3.436845973381722],2.3403699296188716,[2.3403699296188716],6.7685320878530035,0.0,[],3.6397275142626713,0.0,0.0,0.0,[3.6397275142626713],[],[0.0],[],[6.7685320878530035]
140,0,699,True,False,,0.0,1,1,,0,1,4.13801394678429,[4.13801394678429],2.613825439245873,[2.613825439245873],2.5,0.0,[],1.975,0.0,0.0,0.0,[1.975],[],[0.0],[],[2.5]
140,0,700,True,True,1.0,4.99,4,4,True,0,4,34.043128150768666,"[6.120364870272483, 12.411776158213446, 13.010987122282735, 2.5]",17.27681997879978,"[3.3869422994062686, 5.840592701703244, 6.074284977690267, 1.975]",30.469630841890158,0.0,[],15.883156028337163,0.0,11.883156028337163,0.0,"[2.5459951638064937, 5.1701132008488, 4.4111300257226205, 3.7559176379592487]",[],"[1.5459951638064937, 4.1701132008488, 3.411130025722621, 2.7559176379592487]",[],"[3.964090163606394, 10.69259795089436, 8.746487245442617, 7.066455481946791]"
140,0,701,True,False,,0.0,1,1,,0,1,21.316657169423518,[21.316657169423518],9.313496296075172,[9.313496296075172],10.842662647193215,0.0,[],5.228638432405354,0.0,0.0,0.0,[5.228638432405354],[],[0.0],[],[10.842662647193215]
140,0,702,True,False,,0.0,3,3,,0,3,26.243364620862287,"[2.5, 15.41375517505996, 8.329609445802326]",13.234912202136293,"[1.975, 7.011364518273385, 4.248547683862908]",24.162131543440754,0.0,[],12.423231301941897,0.0,0.0,0.0,"[4.9796497384346115, 4.301178307167555, 3.142403256339729]",[],"[0.0, 0.0, 0.0]",[],"[10.204230098550287, 8.464559761968088, 5.493341682922382]"
140,0,703,True,True,1.0,4.99,7,7,True,1,8,67.09042255909702,"[8.286601375590484, 2.8240961188178706, 6.275965791862437, 2.6020543942786674, 5.603005277751698, 26.842074958878506, 14.656624641917361]",33.16526479804784,"[4.231774536480289, 2.1013974863389695, 3.4476266588263504, 2.0148012137686804, 3.185172058323162, 11.468409233962618, 6.716083610347771]",72.7394901434067,12.958506444354217,[12.958506444354217],35.36840115592862,6.053817513298145,28.368401155928623,5.053817513298145,"[6.682312740892431, 6.1241223692353195, 6.871437762832478, 4.390466150237387, 4.478930260159035, 2.8129325522849027, 4.008199320287068]",[6.053817513298145],"[5.682312740892431, 5.1241223692353195, 5.871437762832478, 3.3904661502373865, 3.478930260159035, 1.8129325522849027, 3.0081993202870683]",[5.053817513298145],"[14.570032668954951, 13.138775305731588, 15.05496862264738, 8.693502949326632, 8.920334000407781, 4.6485450058587245, 7.713331590479662]"
140,0,704,True,False,,0.0,3,3,,0,3,39.94003111530057,"[6.522904181510701, 24.834103973226583, 8.583022960563286]",18.576612134967224,"[3.5439326307891736, 10.685300549558368, 4.347378954619682]",15.664450692365468,0.0,[],9.109135770022533,0.0,0.0,0.0,"[1.975, 2.284129453937043, 4.850006316085489]",[],"[0.0, 0.0, 0.0]",[],"[2.5, 3.2926396254795978, 9.87181106688587]"
140,0,705,True,False,,0.0,2,2,,0,2,10.92445351912088,"[2.9481384664275114, 7.9763150526933675]",6.260536872457143,"[2.1497740019067297, 4.110762870550413]",28.575314904423905,0.0,[],13.144372812725322,0.0,0.0,0.0,"[9.13587534592643, 4.008497466798893]",[],"[0.0, 0.0]",[],"[20.861218835708794, 7.714096068715111]"
140,0,706,True,False,,0.0,1,1,,0,1,16.853851232734126,[16.853851232734126],7.57300198076631,[7.57300198076631],18.42435168944966,0.0,[],8.185497158885369,0.0,0.0,0.0,[8.185497158885369],[],[0.0],[],[18.42435168944966]
140,0,707,True,False,,0.0,2,2,,0,2,15.053782250681689,"[4.149342139594611, 10.904440111087078]",7.870975077765859,"[2.6182434344418986, 5.252731643323961]",14.599541516417858,0.0,[],7.693821191402964,0.0,0.0,0.0,"[2.8591119223113686, 4.834709269091595]",[],"[0.0, 0.0]",[],"[4.766953646952227, 9.83258786946563]"
140,0,708,True,False,,0.0,2,2,,0,2,15.840289164307354,"[8.65865324624876, 7.181635918058594]",8.177712774079868,"[4.376874766037016, 3.8008380080428514]",22.55019336401213,0.0,[],10.794575411964733,0.0,0.0,0.0,"[5.771653562273452, 5.022921849691279]",[],"[0.0, 0.0]",[],"[12.235009134034492, 10.315184229977639]"
140,0,709,True,True,1.0,4.99,4,4,True,0,4,59.20727858061548,"[11.772699609020773, 19.480619282738264, 16.20686369690535, 11.747095991951092]",27.090838646440037,"[5.591352847518102, 8.597441520267923, 7.320676841793087, 5.581367436860926]",29.337076611126793,0.0,[],15.44145987833945,0.0,11.44145987833945,0.0,"[3.05841880279654, 5.070923927998445, 3.19868926925842, 4.1134278782860445]",[],"[2.05841880279654, 4.070923927998445, 2.19868926925842, 3.1134278782860445]",[],"[5.2779969302475385, 10.438266482047295, 5.637664792970307, 7.983148405861653]"
140,0,710,True,True,1.0,4.99,4,4,True,1,5,31.059604168109324,"[4.9407519249499146, 8.282884250173781, 8.633845647557576, 9.202122345428052]",16.113245625562637,"[2.926893250730467, 4.2303248575677745, 4.367199802547455, 4.58882771471694]",67.38816808119532,18.283229135134185,[18.283229135134185],30.28138555166617,8.130459362702332,26.281385551666173,7.130459362702332,"[3.1126840368797155, 4.875805072077048, 6.129239335751469, 16.16365710695794]",[8.130459362702332],"[2.1126840368797155, 3.8758050720770485, 5.129239335751469, 15.163657106957938]",[7.130459362702332],"[5.417138556101834, 9.937961723274483, 13.151895732696076, 38.88117206912292]"
140,0,711,True,False,,0.0,2,2,,0,2,8.968295221293584,"[5.26661746939717, 3.701677751896414]",5.497635136304498,"[3.0539808130648964, 2.4436543232396017]",14.26385352593806,0.0,[],7.562902875115844,0.0,0.0,0.0,"[3.334058764992605, 4.228844110123239]",[],"[0.0, 0.0]",[],"[5.984766064083602, 8.279087461854457]"
140,0,712,True,False,,0.0,1,1,,0,1,12.70543788744032,[12.70543788744032],5.955120776101725,[5.955120776101725],12.156696574001439,0.0,[],5.741111663860561,0.0,0.0,0.0,[5.741111663860561],[],[0.0],[],[12.156696574001439]
140,0,713,True,False,,0.0,3,3,,0,3,32.55093966463886,"[12.219649533441135, 6.405955671150679, 13.925334460047049]",15.694866469209156,"[5.765663318042043, 3.4983227117487647, 6.430880439418349]",16.16415967218044,0.0,[],9.304022272150371,0.0,0.0,0.0,"[4.378194442321616, 1.975, 2.9508278298287554]",[],"[0.0, 0.0, 0.0]",[],"[8.662037031593888, 2.5, 5.002122640586553]"
140,0,714,True,False,,0.0,3,3,,0,3,44.64059085000507,"[11.553770572890356, 14.191186908787367, 18.895633368327346]",20.409830431501977,"[5.505970523427239, 6.534562894427073, 8.369297013647664]",39.665332342147074,0.0,[],18.46947961343736,0.0,0.0,0.0,"[6.715956765154179, 4.659599004210163, 7.093923844073017]",[],"[0.0, 0.0, 0.0]",[],"[14.656299397831228, 9.38358719028247, 15.625445754033377]"
140,0,715,True,True,1.0,4.99,5,2,,1,6,14.578614622659082,"[9.012136509487872, 5.566478113171209]",7.685659702837041,"[4.51473323870027, 3.170926464136772]",19.840241998180943,4.769645225194692,[4.769645225194692],9.737694379290568,2.8601616378259296,7.737694379290568,1.8601616378259298,"[4.487050688777783, 5.250643690512785]",[2.8601616378259296],"[3.4870506887777837, 4.250643690512785]",[1.8601616378259298],"[8.941155612250727, 10.899086385930216]"
140,0,716,True,False,,0.0,2,2,,0,2,37.15589584690242,"[18.079938778926607, 19.07595706797581]",16.490799380291946,"[8.051176123781378, 8.439623256510567]",33.00998743911893,0.0,[],14.873895101256382,0.0,0.0,0.0,"[7.612592396242177, 7.261302705014205]",[],"[0.0, 0.0]",[],"[16.955365118569684, 16.054622320549242]"
140,0,717,True,False,,0.0,2,2,,0,2,18.50870172677558,"[5.359986094090842, 13.14871563268474]",9.218393673442478,"[3.0903945766954286, 6.127999096747049]",18.667890111256277,0.0,[],9.280477143389948,0.0,0.0,0.0,"[1.975, 7.305477143389949]",[],"[0.0, 0.0]",[],"[2.5, 16.167890111256277]"
140,0,718,True,True,1.0,4.99,4,4,True,2,6,34.19841754907817,"[6.557771038084855, 2.5, 7.916763022860278, 17.223883488133037]",17.33738284414049,"[3.5575307048530935, 1.975, 4.087537578915509, 7.717314560371885]",34.09888341001922,17.397854759532798,"[5.491526071807073, 11.906328687725726]",17.298564529907495,8.785163356217792,13.298564529907496,6.785163356217792,"[9.01045677084354, 2.9645178639504692, 2.2605996427037707, 3.0629902524097172]","[3.1416951680047585, 5.643468188213033]","[8.01045677084354, 1.9645178639504695, 1.2605996427037707, 2.0629902524097172]","[2.1416951680047585, 4.643468188213033]","[20.539632745752666, 5.037225292180691, 3.2323067761635147, 5.289718595922351]"
140,0,719,True,False,,0.0,2,2,,0,2,10.533826272845918,"[3.349014701480679, 7.184811571365239]",6.108192246409908,"[2.3061157335774647, 3.8020765128324436]",12.578049955326245,0.0,[],6.905439482577236,0.0,0.0,0.0,"[1.975, 4.930439482577236]",[],"[0.0, 0.0]",[],"[2.5, 10.078049955326245]"
140,0,720,True,False,,0.0,2,2,,0,2,22.00097638535554,"[5.417204397061628, 16.58377198829391]",10.580380790288661,"[3.112709714854035, 7.467671075434626]",18.345801949337762,0.0,[],9.154862760241727,0.0,0.0,0.0,"[4.1881408400082805, 4.9667219202334465]",[],"[0.0, 0.0]",[],"[8.174720102585335, 10.171081846752427]"
140,0,721,True,False,,0.0,1,1,,0,1,4.602994899940703,[4.602994899940703],2.795168010976874,[2.795168010976874],2.5,0.0,[],1.975,0.0,0.0,0.0,[1.975],[],[0.0],[],[2.5]
140,0,722,True,False,,0.0,3,3,,0,3,28.936880502632548,"[16.32486648412018, 2.5, 10.112014018512369]",14.285383396026694,"[7.36669792880687, 1.975, 4.943685467219824]",23.088232569712147,0.0,[],12.004410702187737,0.0,0.0,0.0,"[4.254986790938044, 4.5162642869058205, 3.2331596243438736]",[],"[0.0, 0.0, 0.0]",[],"[8.346119976764214, 9.016062274117488, 5.726050318830445]"
140,0,723,True,False,,0.0,2,2,,0,2,19.247274096264007,"[7.953432120904182, 11.293841975359825]",9.506436897542963,"[4.101838527152632, 5.404598370390332]",8.111743047995631,0.0,[],5.163579788718296,0.0,0.0,0.0,"[3.1885797887182963, 1.975]",[],"[0.0, 0.0]",[],"[5.611743047995631, 2.5]"
140,0,724,True,True,1.0,4.99,7,7,True,5,12,54.63434357969313,"[7.306900675281463, 9.751912752893857, 6.150733311888255, 8.599922939416563, 11.742159996369, 4.527509121253844, 6.5552047825901445]",28.307393996080318,"[3.849691263359771, 4.803245973628604, 3.3987859916364194, 4.35396994637246, 5.57944239858391, 2.765728557288999, 3.5565298652101562]",74.41011267669138,39.73342139754559,"[7.63984886193116, 5.408508534483147, 5.197976358225402, 7.715871286399418, 13.771216356506466]",36.01994394390964,20.49603434504278,29.01994394390964,15.496034345042782,"[2.965783696288118, 4.309558985796324, 9.993507475987439, 5.6263439825375645, 4.753026692189803, 3.7594582586942877, 4.612264852416103]","[3.9795410561531526, 3.1093183284484276, 3.027210779707907, 4.009189801695773, 6.370774379037522]","[1.9657836962881177, 3.309558985796324, 8.993507475987439, 4.6263439825375645, 3.753026692189803, 2.7594582586942877, 3.6122648524161027]","[2.9795410561531526, 2.1093183284484276, 2.027210779707907, 3.009189801695773, 5.370774379037522]","[5.040471016123378, 8.486048681529036, 23.06027557945497, 11.862420468045038, 9.623145364589238, 7.07553399665202, 9.262217570297699]"
140,0,725,True,True,1.0,4.99,5,5,True,2,7,52.401884581693416,"[19.450636206148786, 7.4749048359359485, 9.274952102466797, 10.34644089145954, 5.85495054568235]",25.436734986860436,"[8.585748120398026, 3.91521288601502, 4.617231319962051, 5.035111947669221, 3.2834307128161164]",50.33403459199872,27.12430352318777,"[9.341578733259423, 17.78272478992835]",24.630273490879496,12.57847837404323,19.6302734908795,10.57847837404323,"[9.664257372544348, 2.8677433134535137, 5.651747474456462, 3.9502496056678034, 2.496275724757373]","[4.6432157059711745, 7.935262668072056]","[8.664257372544348, 1.867743313453514, 4.651747474456462, 2.9502496056678034, 1.4962757247573728]","[3.643215705971175, 6.935262668072056]","[22.216044544985508, 4.789085419111574, 11.92755762681144, 7.564742578635393, 3.836604422454802]"
140,0,726,True,False,,0.0,2,2,,0,2,9.639599155550403,"[5.327360083682816, 4.312239071867587]",5.759443670664657,"[3.0776704326362982, 2.6817732380283594]",34.708196865375214,0.0,[],15.536196777496336,0.0,0.0,0.0,"[2.6115649572920274, 12.924631820204308]",[],"[0.0, 0.0]",[],"[4.132217839210327, 30.57597902616489]"
140,0,727,True,False,,0.0,2,2,,0,2,23.160684999404705,"[16.984817364417587, 6.175867634987117]",11.032667149767835,"[7.624078772122859, 3.4085883776449757]",16.28175158251769,0.0,[],8.3498831171819,0.0,0.0,0.0,"[5.143047334927208, 3.2068357822546916]",[],"[0.0, 0.0]",[],"[10.623198294685148, 5.658553287832542]"
140,0,728,True,False,,0.0,2,2,,0,2,15.076676791538876,"[8.257977497862553, 6.818699293676322]",7.879903948700161,"[4.220611224166396, 3.6592927245337656]",23.85596703254717,0.0,[],11.303827142693397,0.0,0.0,0.0,"[6.546435438408044, 4.757391704285353]",[],"[0.0, 0.0]",[],"[14.221629329251394, 9.634337703295776]"
140,0,729,True,False,,0.0,1,1,,0,1,7.256580473833651,[7.256580473833651],3.830066384795124,[3.830066384795124],10.038387399622975,0.0,[],4.91497108585296,0.0,0.0,0.0,[4.91497108585296],[],[0.0],[],[10.038387399622975]
140,0,730,True,False,,0.0,2,2,,0,2,12.028018572523646,"[5.501831994812438, 6.526186577711207]",6.6909272432842215,"[3.145714477976851, 3.5452127653073706]",14.923517605599624,0.0,[],7.820171866183854,0.0,0.0,0.0,"[3.8731674076119202, 3.9470044585719335]",[],"[0.0, 0.0]",[],"[7.367095916953642, 7.556421688645983]"
140,0,731,True,True,1.0,4.99,5,5,True,2,7,49.17574960653247,"[13.625919964916045, 9.062794128418354, 6.371429293025697, 11.4738232949484, 8.641782925223971]",24.178542346547662,"[6.314108786317258, 4.534489710083157, 3.484857424280022, 5.474791085029876, 4.370295340837349]",40.43098346167282,14.265236349568175,"[6.237221224545779, 8.028015125022396]",20.768083550052403,7.563442176331589,15.7680835500524,5.563442176331589,"[2.3410955427619893, 6.517736210495867, 3.0957177339561133, 4.874238927609266, 3.9392951352291643]","[3.432516277572854, 4.1309258987587345]","[1.341095542761989, 5.517736210495867, 2.0957177339561133, 3.874238927609266, 2.9392951352291643]","[2.432516277572854, 3.1309258987587345]","[3.438706519902536, 14.148041565374019, 5.373635215272085, 9.933945968228887, 7.536654192895293]"
140,0,732,True,False,,0.0,2,2,,0,2,14.550515846969436,"[6.930709528593759, 7.619806318375677]",7.67470118031808,"[3.702976716151566, 3.971724464166514]",11.511793222918728,0.0,[],6.489599356938304,0.0,0.0,0.0,"[3.9569768180163454, 2.5326225389219585]",[],"[0.0, 0.0]",[],"[7.581991841067552, 3.9298013818511763]"
140,0,733,True,False,,0.0,3,3,,0,3,18.49470948772037,"[5.857889948872861, 6.147145462127781, 6.489674076719729]",10.212936700210944,"[3.284577080060416, 3.3973867302298344, 3.5309728899206942]",12.284972638355613,0.0,[],7.79113932895869,0.0,0.0,0.0,"[3.0377903523161853, 1.975, 2.778348976642504]",[],"[0.0, 0.0, 0.0]",[],"[5.225103467477398, 2.5, 4.5598691708782155]"
140,0,734,True,False,,0.0,3,3,,0,3,30.982589219277003,"[11.22564765862962, 14.229476452896515, 5.527465107750868]",15.083209795518032,"[5.378002586865552, 6.549495816629641, 3.155711392022839]",29.49185650709793,0.0,[],14.501824037768193,0.0,0.0,0.0,"[4.786616583455775, 5.505296877542296, 4.209910576770122]",[],"[0.0, 0.0, 0.0]",[],"[9.709273290912241, 11.552043275749478, 8.230539940436211]"
140,0,735,True,True,1.0,4.99,4,4,True,1,5,32.722254008332264,"[9.509304450675348, 12.642148725732712, 6.162907651127583, 4.407893180796618]",16.761679063249584,"[4.708628735763385, 5.930438003035758, 3.403533983939757, 2.719078340510681]",32.253896163114405,11.303156830578414,[11.303156830578414],16.579019503614617,5.408231163925582,12.579019503614619,4.408231163925582,"[5.8673553825839795, 2.91598384547001, 3.043697402428823, 4.751982873131807]",[5.408231163925582],"[4.8673553825839795, 1.91598384547001, 2.043697402428823, 3.7519828731318072]",[4.408231163925582],"[12.480398416881998, 4.912779090948743, 5.240249749817495, 9.620468905466172]"
140,0,736,True,False,,0.0,2,2,,0,2,20.768634490472273,"[2.5, 18.268634490472273]",10.099767451284185,"[1.975, 8.124767451284185]",20.494758201154376,0.0,[],9.992955698450206,0.0,0.0,0.0,"[5.803665833776215, 4.189289864673992]",[],"[0.0, 0.0]",[],"[12.317091881477474, 8.177666319676902]"
140,0,737,True,False,,0.0,3,3,,0,3,54.722472825613465,"[32.50642093275885, 10.181110954955223, 12.034940937899389]",24.34176440198925,"[13.677504163775952, 4.970633272432536, 5.693626965780762]",28.373602173805153,0.0,[],14.06570484778401,0.0,0.0,0.0,"[4.315014360843142, 3.291466453288013, 6.4592240336528555]",[],"[0.0, 0.0, 0.0]",[],"[8.500036822674723, 5.875555008430803, 13.99801034269963]"
140,0,738,True,False,,0.0,1,1,,0,1,20.65791961267643,[20.65791961267643],9.056588648943809,[9.056588648943809],13.577206047447696,0.0,[],6.295110358504601,0.0,0.0,0.0,[6.295110358504601],[],[0.0],[],[13.577206047447696]
140,0,739,True,False,,0.0,2,2,,0,2,21.067821206924854,"[8.017372625571747, 13.050448581353107]",10.216450270700694,"[4.126775323972982, 6.089674946727712]",16.04590585271128,0.0,[],8.257903282557399,0.0,0.0,0.0,"[3.707607022941104, 4.550296259616295]",[],"[0.0, 0.0]",[],"[6.942582110105395, 9.103323742605884]"
140,0,740,True,False,,0.0,3,3,,0,3,46.209711721238946,"[19.589555860009497, 13.122574094141209, 13.497581767088239]",21.02178757128319,"[8.639926785403704, 6.117803896715071, 6.264056889164413]",26.04301192937753,0.0,[],13.156774652457237,0.0,0.0,0.0,"[3.4053475566534797, 7.588547434633373, 2.1628796611703844]",[],"[0.0, 0.0, 0.0]",[],"[6.167557837573025, 16.893711370854803, 2.981742720949704]"
140,0,741,True,False,,0.0,1,1,,0,1,3.599491454088593,[3.599491454088593],2.4038016670945512,[2.4038016670945512],2.5,0.0,[],1.975,0.0,0.0,0.0,[1.975],[],[0.0],[],[2.5]
140,0,742,True,False,,0.0,1,1,,0,1,16.503705468583185,[16.503705468583185],7.436445132747442,[7.436445132747442],7.820343592879169,0.0,[],4.049934001222876,0.0,0.0,0.0,[4.049934001222876],[],[0.0],[],[7.820343592879169]
140,0,743,True,True,1.0,4.99,4,4,True,2,6,39.88167681034071,"[15.042998660051513, 6.505127920439813, 15.83355022984938, 2.5]",19.553853956032878,"[6.86676947742009, 3.5369998889715273, 7.1750845896412585, 1.975]",24.39039739677675,24.12202362513891,"[12.51867277243147, 11.603350852707441]",13.512254984742933,11.407589213804176,9.512254984742933,9.407589213804176,"[2.9638287968167396, 3.2105415049331287, 1.975, 5.362884682993064]","[5.882282381248274, 5.525306832555902]","[1.9638287968167396, 2.2105415049331287, 0.9750000000000001, 4.362884682993064]","[4.882282381248274, 4.525306832555902]","[5.035458453376255, 5.668055140854176, 2.5, 11.186883802546317]"
140,0,744,True,False,,0.0,3,3,,0,3,24.112427326493428,"[6.312982827644315, 6.943670379610147, 10.855774119238966]",12.403846657332437,"[3.462063302781283, 3.7080314480479575, 5.233751906503197]",27.815740506674224,0.0,[],13.848138797602946,0.0,0.0,0.0,"[6.457920858342181, 4.808724527703474, 2.5814934115572923]",[],"[0.0, 0.0, 0.0]",[],"[13.994668867544053, 9.765960327444805, 4.055111311685365]"
140,0,745,True,False,,0.0,2,2,,0,2,28.333431950149,"[14.25598173063129, 14.077450219517708]",13.05003846055811,"[6.559832874946204, 6.490205585611906]",20.0286287278423,0.0,[],9.811165203858497,0.0,0.0,0.0,"[5.696242491314025, 4.114922712544473]",[],"[0.0, 0.0]",[],"[12.041647413625704, 7.986981314216596]"
140,0,746,True,True,1.0,4.99,6,6,True,0,6,62.40354026097968,"[4.796200256515724, 18.9220335344683, 10.795830964751673, 4.09004028833881, 7.570898188520478, 16.228537028384686]",30.33738070178207,"[2.8705181000411324, 8.379593078442639, 5.210374076253153, 2.595115712452136, 3.9526502935229866, 7.329129441070028]",48.306462691839386,0.0,[],24.839520449817364,0.0,18.83952044981736,0.0,"[6.926253254758433, 4.194268901520241, 5.779275648649316, 2.2192482829357454, 3.745201748678131, 1.975272613275496]",[],"[5.926253254758433, 3.1942689015202412, 4.779275648649316, 1.2192482829357452, 2.745201748678131, 0.9752726132754962]",[],"[15.195521166047264, 8.190433080821132, 12.254552945254655, 3.1262776485531925, 7.038978842764438, 2.500699008398708]"
140,0,747,True,True,1.0,4.99,7,7,True,4,11,67.61319127334411,"[15.769563262663835, 3.8257632968151785, 8.031764219634121, 6.072443390006305, 10.162407452617817, 10.052836740964995, 13.698412910641862]",33.36914459660421,"[7.150129672438896, 2.4920476857579197, 4.132388045657308, 3.3682529221024593, 4.963338906520949, 4.920606328976348, 6.342381035150327]",59.06985087258728,61.8201783175294,"[9.197080504922658, 14.613434137489172, 15.893833343758434, 22.11583033135914]",30.03724184030904,28.109869543836467,23.03724184030904,24.109869543836467,"[3.256006171099182, 3.033622705329508, 5.996859726984682, 5.822373898799327, 2.703500571595937, 3.3333033876055453, 5.891575378894859]","[4.586861396919836, 6.699239313620777, 7.19859500406579, 9.625173829230064]","[2.256006171099182, 2.033622705329508, 4.996859726984682, 4.822373898799327, 1.703500571595937, 2.3333033876055453, 4.891575378894859]","[3.586861396919837, 5.699239313620777, 6.19859500406579, 8.625173829230064]","[5.784631207946621, 5.214417193152584, 12.812460838422261, 12.365061278972634, 4.3679501835793255, 5.982829198988577, 12.542500971525278]"
140,0,748,True,False,,0.0,2,2,,0,2,22.251169679905942,"[14.792366324003593, 7.458803355902351]",10.677956175163319,"[6.769022866361402, 3.9089333088019167]",12.583431037554416,0.0,[],6.907538104646222,0.0,0.0,0.0,"[4.298430511825131, 2.6091075928210907]",[],"[0.0, 0.0]",[],"[8.457514132884953, 4.125916904669463]"
140,0,749,True,True,1.0,4.99,5,5,True,0,5,36.62124545006857,"[5.677081107055038, 4.994069623058647, 13.271804322024757, 8.078083225019373, 4.60020717291076]",19.282285725526744,"[3.214061631751465, 2.9476871529928723, 6.176003685589655, 4.150452457757556, 2.794080797435196]",81.3804806484275,0.0,[],36.73838745288673,0.0,31.738387452886723,0.0,"[5.002527235830963, 11.049749958022499, 4.691837202116158, 7.656445688003082, 8.33782736891402]",[],"[4.002527235830963, 10.049749958022499, 3.6918372021161576, 6.656445688003082, 7.337827368914021]",[],"[10.262890348284522, 25.768589635955124, 9.466249236195276, 17.067809456418157, 18.814941971574413]"
140,0,750,True,False,,0.0,1,1,,0,1,11.525122029846058,[11.525122029846058],5.494797591639963,[5.494797591639963],11.107340906454546,0.0,[],5.331862953517273,0.0,0.0,0.0,[5.331862953517273],[],[0.0],[],[11.107340906454546]
140,0,751,True,True,1.0,4.99,5,5,True,1,6,56.053725309775146,"[2.5, 8.71362436271204, 23.61912892304256, 14.576881332342555, 6.644090691677985]",26.860952870812305,"[1.975, 4.398313501457695, 10.211460279986598, 6.684983719613597, 3.5911953697544146]",56.90250874195658,6.38330215485646,[6.38330215485646],27.191978409363067,3.4894878403940193,22.191978409363063,2.4894878403940193,"[5.791346968985915, 4.016319184428745, 7.830576608017781, 6.205728336943056, 3.348007310987566]",[3.4894878403940193],"[4.791346968985915, 3.0163191844287454, 6.830576608017781, 5.205728336943056, 2.348007310987566]",[2.4894878403940193],"[12.285505048681834, 7.734151754945501, 17.514298994917386, 13.348021376777067, 6.020531566634784]"
140,0,752,True,True,1.0,4.99,4,4,True,3,7,46.51335767001102,"[26.14425556386206, 6.423217792905064, 3.969668491915222, 9.97621582132867]",22.140209491304297,"[11.196259669906205, 3.505054939232975, 2.5481707118469368, 4.890724170318181]",26.44272178918559,22.887451097892253,"[4.806667673109962, 8.51674575119463, 9.56403767358766]",14.312661497782381,11.926105928177979,10.312661497782381,8.926105928177979,"[5.990589570888034, 3.0868242829345753, 2.8319440174139063, 2.403303626545865]","[2.8746003925128853, 4.321530842965906, 4.729974692699187]","[4.990589570888034, 2.0868242829345753, 1.8319440174139063, 1.403303626545865]","[1.8746003925128851, 3.321530842965906, 3.7299746926991872]","[12.79638351509752, 5.350831494704039, 4.697292352343349, 3.5982144270406793]"
140,0,753,True,False,,0.0,3,3,,0,3,25.729981661499917,"[2.5, 8.216833447778852, 15.013148213721065]",13.034692847984967,"[1.975, 4.204565044633752, 6.855127803351215]",32.51646860572306,0.0,[],15.681422756231996,0.0,0.0,0.0,"[4.290268644474423, 4.4019390128815195, 6.989215098876051]",[],"[0.0, 0.0, 0.0]",[],"[8.436586267883138, 8.72292054585005, 15.356961791989875]"
140,0,754,True,True,1.0,4.99,7,7,True,0,7,60.5554677023937,"[10.09114442271855, 6.360595963410451, 2.818434940617088, 2.5, 12.490229625134141, 3.803971026398655, 22.49109172411481]",30.616632403933544,"[4.935546324860235, 3.480632425730076, 2.0991896268406647, 1.975, 5.871189553802315, 2.4835487002954757, 9.771525772404775]",53.373136244425204,0.0,[],27.81552313532583,0.0,20.81552313532583,0.0,"[3.385177131196068, 4.041420738649168, 3.3932945563005252, 2.6325477854415613, 5.767830621459713, 4.850532267426739, 3.744720034852055]",[],"[2.385177131196068, 3.041420738649168, 2.3932945563005252, 1.632547785441561, 4.767830621459713, 3.850532267426739, 2.744720034852055]",[],"[6.115838797938635, 7.798514714485046, 6.1366527084628855, 4.186019962670669, 12.22520672169157, 9.873159660068561, 7.037743679107834]"
140,0,755,True,False,,0.0,1,1,,0,1,5.688768687841604,[5.688768687841604],3.2186197882582257,[3.2186197882582257],2.5,0.0,[],1.975,0.0,0.0,0.0,[1.975],[],[0.0],[],[2.5]
140,0,756,True,False,,0.0,1,1,,0,1,8.63682323786962,[8.63682323786962],4.368361062769152,[4.368361062769152],15.02580152447527,0.0,[],6.860062594545355,0.0,0.0,0.0,[6.860062594545355],[],[0.0],[],[15.02580152447527]
140,0,757,True,False,,0.0,2,2,,0,2,13.616042253187178,"[8.572966688421992, 5.043075564765187]",7.310256478743,"[4.343457008484577, 2.966799470258423]",6.885263094476288,0.0,[],4.6852526068457525,0.0,0.0,0.0,"[2.7102526068457524, 1.975]",[],"[0.0, 0.0]",[],"[4.385263094476288, 2.5]"
140,0,758,True,True,1.0,4.99,4,4,True,2,6,34.211181427802096,"[6.275731695970638, 5.264611855758419, 17.820422276213062, 4.85041559985998]",17.34236075684282,"[3.447535361428549, 3.0531986237457835, 7.949964687723094, 2.891662083945392]",35.12872668352539,10.198437571812967,"[5.817765265632038, 4.380672306180929]",17.700203406574904,5.977390653007058,13.700203406574904,3.977390653007057,"[3.9584233964907503, 2.9227327475011204, 3.9646801082820247, 6.854367154301008]","[3.268928453596495, 2.7084621994105627]","[2.9584233964907503, 1.9227327475011204, 2.9646801082820247, 5.854367154301008]","[2.268928453596495, 1.7084621994105624]","[7.5857010166429495, 4.930083967951591, 7.601743867389806, 15.011197831541047]"
140,0,759,True,False,,0.0,3,3,,0,3,27.89429771526813,"[6.969463282801178, 15.469452053421481, 5.455382379045469]",13.87877610895457,"[3.71809068029246, 7.033086300834378, 3.127599127827733]",19.382468180776005,0.0,[],10.559162590502641,0.0,0.0,0.0,"[2.4546448544815327, 2.964546001814954, 5.1399717342061555]",[],"[0.0, 0.0, 0.0]",[],"[3.729858601234699, 5.037297440551164, 10.615312138990141]"
140,0,760,True,True,1.0,4.99,7,7,True,1,8,60.37490980900841,"[11.644129857987501, 3.4853650132827094, 2.5, 27.24970019069906, 3.2568139038159054, 7.388737024069285, 4.85016381915395]",30.54621482551328,"[5.541210644615125, 2.3592923551802567, 1.975, 11.627383074372633, 2.270157422488203, 3.8816074393870212, 2.8915638894700404]",68.92283202827156,6.473702647621654,[6.473702647621654],33.87990449102591,3.5247440325724453,26.87990449102591,2.5247440325724453,"[3.177616369031842, 3.786735815679037, 3.1294018723190886, 6.044336841720415, 5.894593910319758, 7.871601309902573, 3.975618372053199]",[3.5247440325724453],"[2.177616369031842, 2.786735815679037, 2.1294018723190886, 5.044336841720415, 4.894593910319758, 6.871601309902573, 2.975618372053199]",[2.5247440325724453],"[5.583631715466261, 7.145476450459069, 5.460004800818176, 12.934197030052344, 12.550240795691685, 17.619490538211725, 7.629790697572304]"
140,0,761,True,True,1.0,4.99,6,6,True,1,7,84.22511007542565,"[20.60122885895786, 9.235415163132192, 7.7333723253410085, 15.613357401561643, 13.268861362833697, 17.77287496359924]",38.847792929416,"[9.034479254993565, 4.601811913621555, 4.016015206882994, 7.089209386609041, 6.1748559315051414, 7.931421235803704]",80.21676331933241,6.820573951086365,[6.820573951086365],37.284537694539644,3.6600238409236825,31.284537694539644,2.6600238409236825,"[8.576756802123718, 4.133187820578051, 7.568831231023532, 5.403248676685367, 4.596580886262046, 7.005932277866932]",[3.6600238409236825],"[7.576756802123717, 3.133187820578051, 6.568831231023532, 4.403248676685367, 3.5965808862620468, 6.005932277866932]",[2.6600238409236825],"[19.427581543906967, 8.033814924559104, 16.84315700262444, 11.29038122227017, 9.222002272466787, 15.399826353504952]"
140,0,762,True,True,1.0,4.99,6,6,True,2,8,44.488208954067844,"[6.0405784571008425, 16.21873090002764, 6.992291155486303, 4.613210241920505, 4.603392973636944, 6.020005225895606]",23.35040149208646,"[3.3558255982693286, 7.32530505101078, 3.726993550639658, 2.799151994348997, 2.7953232597184083, 3.347802038099286]",62.44480810689569,10.181056455954177,"[7.722557644492224, 2.458498811461953]",30.353475161689325,5.97061201782213,24.353475161689325,3.9706120178221296,"[4.740245615222884, 7.271030930918684, 4.685789607281495, 4.404894777284504, 3.3679222895930985, 5.88359194138866]","[4.011797481351968, 1.9588145364701617]","[3.7402456152228845, 6.271030930918684, 3.685789607281495, 3.404894777284504, 2.3679222895930985, 4.88359194138866]","[3.0117974813519677, 0.9588145364701617]","[9.59037337236637, 16.079566489535086, 9.450742582773064, 8.730499428934625, 6.071595614341278, 12.522030618945282]"
140,0,763,True,False,,0.0,2,2,,0,2,24.578059090584592,"[6.346311519258464, 18.231747571326128]",11.585443045327992,"[3.4750614925108008, 8.110381552817191]",18.386338598687452,0.0,[],9.170672053488108,0.0,0.0,0.0,"[5.367323035461187, 3.8033490180269203]",[],"[0.0, 0.0]",[],"[11.198264193490221, 7.188074405197231]"
140,0,764,True,False,,0.0,2,2,,0,2,12.868428876547103,"[6.18893560458465, 6.679493271962454]",7.018687261853371,"[3.4136848857880135, 3.6050023760653573]",16.87097366389972,0.0,[],8.57967972892089,0.0,0.0,0.0,"[6.118454836997064, 2.4612248919238255]",[],"[0.0, 0.0]",[],"[13.124243171787345, 3.746730492112373]"
140,0,765,True,True,1.0,4.99,8,8,True,1,9,84.56599535109885,"[3.632726464165215, 23.952904862061285, 3.224563983560159, 10.73166903462068, 16.344261524182084, 8.847515561105821, 9.03422529257397, 8.798128628829637]",40.980738186928555,"[2.416763321024434, 10.341632896203901, 2.257579953588462, 5.185350923502066, 7.374261994431013, 4.45053106883127, 4.523347864103848, 4.431270165243559]",53.85070146659869,4.507137158877263,[4.507137158877263],29.00177357197349,2.7577834919621322,21.00177357197349,1.7577834919621325,"[4.460102026118234, 3.0928449383418735, 2.3331298643826823, 4.956338276741011, 2.1048332824064895, 4.51306890167702, 4.20728629528926, 3.3341699870169217]",[2.7577834919621322],"[3.4601020261182343, 2.0928449383418735, 1.3331298643826826, 3.9563382767410107, 1.1048332824064897, 3.51306890167702, 3.2072862952892596, 2.3341699870169217]",[1.7577834919621325],"[8.872056477226241, 5.36626907267147, 3.4182817035453397, 10.144457119848745, 2.8329058523243322, 9.007868978659024, 8.223811013562203, 5.985051248761337]"
140,0,766,True,True,1.0,4.99,4,4,True,1,5,16.792312624749545,"[5.488362115195998, 3.1500040364890043, 4.703876450688956, 3.4500700223755874]",10.549001923652323,"[3.1404612249264394, 2.2285015742307115, 2.8345118157686926, 2.345527308726479]",43.713247954608235,3.6794311416310954,[3.6794311416310954],21.04816670229721,2.434978145236127,17.04816670229721,1.4349781452361272,"[6.810864949727899, 6.2464658766415955, 5.464218319722986, 2.526617556204731]",[2.434978145236127],"[5.810864949727899, 5.2464658766415955, 4.464218319722986, 1.526617556204731]",[1.4349781452361272],"[14.899653717251022, 13.45247660677332, 11.446713640315348, 3.914403990268541]"
140,0,767,True,True,1.0,4.99,4,4,True,2,6,27.3638916092388,"[5.618008661369878, 2.5, 13.488465904404869, 5.757417043464054]",14.671917727603132,"[3.1910233779342523, 1.975, 6.260501702717899, 3.245392646950981]",39.709640824148764,14.499382696737566,"[5.875025467539712, 8.624357229197855]",19.486759921418017,7.6547592517276515,15.486759921418017,5.6547592517276515,"[6.050597452322834, 4.16084064604347, 4.247130854438013, 5.028190968613701]","[3.2912599323404876, 4.363499319387164]","[5.050597452322834, 3.1608406460434693, 3.247130854438013, 4.028190968613701]","[2.2912599323404876, 3.363499319387164]","[12.950249877750856, 8.104719605239664, 8.325976549841059, 10.328694791317181]"
140,0,768,True,False,,0.0,1,1,,0,1,9.108203710459248,[9.108203710459248],4.552199447079107,[4.552199447079107],17.32529081809236,0.0,[],7.75686341905602,0.0,0.0,0.0,[7.75686341905602],[],[0.0],[],[17.32529081809236]
140,0,769,True,False,,0.0,3,3,,0,3,22.87774635104536,"[4.880572808045237, 11.47039220717489, 6.526781335825234]",11.92232107690769,"[2.9034233951376427, 5.473452960798207, 3.545444720971841]",33.31696090474173,0.0,[],15.993614752849272,0.0,0.0,0.0,"[2.2573123411014846, 4.191527409362301, 9.544775002385487]",[],"[0.0, 0.0, 0.0]",[],"[3.2238777976961135, 8.18340361374949, 21.90967949329612]"
140,0,770,True,False,,0.0,2,2,,0,2,27.5470180061427,"[9.1797791577985, 18.3672388483442]",12.743337022395654,"[4.580113871541415, 8.16322315085424]",11.699866084735802,0.0,[],6.562947773046963,0.0,0.0,0.0,"[3.269729647010885, 3.2932181260360776]",[],"[0.0, 0.0]",[],"[5.819819607720218, 5.880046477015584]"
140,0,771,True,False,,0.0,1,1,,0,1,6.182114705331661,[6.182114705331661],3.411024735079348,[3.411024735079348],5.828294339303455,0.0,[],3.273034792328348,0.0,0.0,0.0,[3.273034792328348],[],[0.0],[],[5.828294339303455]
140,0,772,True,False,,0.0,1,1,,0,1,12.44341915456573,[12.44341915456573],5.852933470280635,[5.852933470280635],10.585803264744378,0.0,[],5.128463273250308,0.0,0.0,0.0,[5.128463273250308],[],[0.0],[],[10.585803264744378]
140,0,773,True,True,1.0,4.99,5,5,True,2,7,54.25839462173809,"[15.845475291330297, 15.077244731974469, 2.5, 10.177707099968245, 10.657967498465087]",26.160773902477857,"[7.179735363618816, 6.880125445470043, 1.975, 4.969305768987615, 5.156607324401384]",45.399883942767595,13.135179917935865,"[6.96064109957938, 6.174538818356486]",22.705954737679363,7.122720167994988,17.705954737679363,5.122720167994988,"[4.914296433062045, 8.56794584635794, 2.119668972967901, 2.2495264002201854, 4.854517085071292]","[3.7146500288359583, 3.4080701391590296]","[3.9142964330620447, 7.567945846357941, 1.119668972967901, 1.2495264002201851, 3.854517085071292]","[2.7146500288359583, 2.4080701391590296]","[10.036657520671909, 19.404989349635745, 2.870946084533079, 3.2039138467184234, 9.883377141208442]"
140,0,774,True,False,,0.0,1,1,,0,1,4.406966474647769,[4.406966474647769],2.7187169251126297,[2.7187169251126297],6.917466484867738,0.0,[],3.697811929098418,0.0,0.0,0.0,[3.697811929098418],[],[0.0],[],[6.917466484867738]
140,0,775,True,False,,0.0,1,1,,0,1,14.499454027761471,[14.499454027761471],6.654787070826974,[6.654787070826974],5.133744376781387,0.0,[],3.0021603069447407,0.0,0.0,0.0,[3.0021603069447407],[],[0.0],[],[5.133744376781387]
140,0,776,True,False,,0.0,2,2,,0,2,8.03501450686396,"[5.53501450686396, 2.5]",5.133655657676945,"[3.1586556576769445, 1.975]",16.337393801318576,0.0,[],8.371583582514246,0.0,0.0,0.0,"[6.217745147492741, 2.1538384350215045]",[],"[0.0, 0.0]",[],"[13.37883371151985, 2.9585600897987288]"
140,0,777,True,False,,0.0,2,2,,0,2,12.187761680196555,"[4.873106592675071, 7.314655087521484]",6.753227055276657,"[2.9005115711432774, 3.852715484133379]",15.827329147835847,0.0,[],8.17265836765598,0.0,0.0,0.0,"[3.0687251834030094, 5.103933184252972]",[],"[0.0, 0.0]",[],"[5.304423547187203, 10.522905600648645]"
140,0,778,True,True,1.0,4.99,5,5,True,1,6,27.44994994081523,"[6.774600322503417, 8.440579970807216, 3.2603918882299228, 3.1806960700099274, 5.793681689264746]",15.70548047691794,"[3.6420941257763326, 4.291826188614815, 2.27155283640967, 2.2404714673038715, 3.259535858813251]",41.705437315344355,8.629864958660672,[8.629864958660672],21.265120552984296,4.3656473338776625,16.265120552984296,3.3656473338776625,"[4.624414958272902, 2.584147712215273, 7.365034170788641, 4.05612433996242, 2.635399371745062]",[4.3656473338776625],"[3.6244149582729017, 1.5841477122152734, 6.365034170788641, 3.0561243399624196, 1.635399371745062]",[3.3656473338776625],"[9.293371687879235, 4.061917210808393, 16.32060043791959, 7.836216256313896, 4.193331722423236]"
140,0,779,True,False,,0.0,1,1,,0,1,5.428266515711492,[5.428266515711492],3.117023941127482,[3.117023941127482],4.593827537190346,0.0,[],2.791592739504235,0.0,0.0,0.0,[2.791592739504235],[],[0.0],[],[4.593827537190346]
140,0,780,True,False,,0.0,2,2,,0,2,7.397632812584377,"[2.96319034250436, 4.434442470080017]",4.8850767969079065,"[2.1556442335767003, 2.7294325633312067]",16.473547431330076,0.0,[],8.42468349821873,0.0,0.0,0.0,"[3.5168148293281765, 4.907868668890554]",[],"[0.0, 0.0]",[],"[6.453371357251735, 10.020176074078343]"
140,0,781,True,True,1.0,4.99,5,5,True,3,8,25.845369552477287,"[3.649131258485747, 9.724758477560613, 4.455909359682916, 2.5, 5.515570456748012]",15.079694125466144,"[2.4231611908094415, 4.792655806248639, 2.7378046502763373, 1.975, 3.151072478131725]",41.49000111580512,19.796830696992465,"[12.624008460890716, 2.935914709410455, 4.236907526691295]",21.181100435163998,10.720763971827061,16.181100435163998,7.720763971827061,"[5.234602339429087, 4.839970357131683, 3.2183518981741206, 4.266964980430061, 3.6212108599990454]","[5.923363299747379, 2.1450067366700774, 2.652393935409605]","[4.234602339429087, 3.839970357131684, 2.2183518981741206, 3.2669649804300613, 2.6212108599990454]","[4.923363299747379, 1.1450067366700776, 1.6523939354096049]","[10.857954716484839, 9.84607783879919, 5.6880817901900524, 8.376833283154003, 6.7210534871770395]"
140,0,782,True,True,1.0,4.99,4,4,True,2,6,56.39566647127689,"[27.229825990397497, 6.816961423200826, 15.985608773326394, 6.363270284352173]",25.994309923797985,"[11.619632136255024, 3.6586149550483222, 7.234387421597294, 3.4816754108973473]",26.92945914007148,15.091284425793184,"[8.237011176858838, 6.854273248934347]",14.502489064627877,7.885600926059342,10.502489064627877,5.885600926059342,"[2.578675615576812, 2.9344469938409024, 3.6867012647418553, 5.302665190468308]","[4.212434358974947, 3.6731665670843956]","[1.5786756155768118, 1.9344469938409024, 2.6867012647418553, 4.302665190468308]","[3.2124343589749467, 2.6731665670843956]","[4.047886193786697, 4.960120497027955, 6.888977601902193, 11.032474847354635]"
140,0,783,True,False,,0.0,2,2,,0,2,26.686258759340276,"[13.032623801924558, 13.653634957415717]",12.407640916142707,"[6.082723282750578, 6.32491763339213]",23.89320167985639,0.0,[],11.318348655143993,0.0,0.0,0.0,"[3.1698970314668133, 8.148451623677179]",[],"[0.0, 0.0]",[],"[5.563838542222598, 18.32936313763379]"
140,0,784,True,False,,0.0,1,1,,0,1,9.64626948384884,[9.64626948384884],4.762045098701048,[4.762045098701048],2.5,0.0,[],1.975,0.0,0.0,0.0,[1.975],[],[0.0],[],[2.5]
140,0,785,True,False,,0.0,3,3,,0,3,17.060017887149783,"[2.5, 4.904480767064678, 9.655537120085103]",9.653406975988416,"[1.975, 2.9127474991552242, 4.765659476833191]",23.739833412681865,0.0,[],12.258535030945929,0.0,0.0,0.0,"[3.3971953921548845, 6.0267137514004085, 2.8346258873906356]",[],"[0.0, 0.0, 0.0]",[],"[6.146654851679191, 12.889009618975406, 4.7041689420272705]"
140,0,786,True,True,1.0,4.99,4,4,True,0,4,27.60955221704943,"[5.801312636890735, 4.791238476654486, 12.263386563255258, 4.753614540248949]",14.767725364649278,"[3.262511928387387, 2.8685830058952497, 5.782720759669551, 2.8539096706970906]",47.08279350222426,0.0,[],22.362289465867462,0.0,18.362289465867462,0.0,"[3.624958805117319, 2.6685010251116, 8.780546834828604, 7.28828280080994]",[],"[2.624958805117319, 1.6685010251115997, 7.780546834828604, 6.28828280080994]",[],"[6.73066360286492, 4.27820775669641, 19.95012008930411, 16.12380205335882]"
140,0,787,True,False,,0.0,3,3,,0,3,15.520575682812463,"[5.716800621332961, 7.303775061479502, 2.5]",9.05302451629686,"[3.229552242319855, 3.848472273977006, 1.975]",20.75164846293456,0.0,[],11.093142900544478,0.0,0.0,0.0,"[2.5409554359383533, 5.474165768043162, 3.0780216965629643]",[],"[0.0, 0.0, 0.0]",[],"[3.951167784457316, 11.472219918059388, 5.328260760417857]"
140,0,788,True,False,,0.0,2,2,,0,2,35.476396618789224,"[8.259233598619458, 27.217163020169767]",15.835794681327798,"[4.221101103461589, 11.614693577866209]",12.274670845066712,0.0,[],6.787121629576017,0.0,0.0,0.0,"[2.494488763574035, 4.292632866001982]",[],"[0.0, 0.0]",[],"[3.832022470702654, 8.442648374364058]"
140,0,789,True,False,,0.0,2,2,,0,2,18.257303556575717,"[12.12653120923807, 6.130772347337647]",9.12034838706453,"[5.729347171602847, 3.3910012154616824]",22.1024600882555,0.0,[],10.619959434419645,0.0,0.0,0.0,"[6.020597617817856, 4.59936181660179]",[],"[0.0, 0.0]",[],"[12.87332722517399, 9.229132863081512]"
140,0,790,True,False,,0.0,3,3,,0,3,35.97355096173996,"[14.278149448724257, 4.305745449218291, 17.38965606379741]",17.029684875078583,"[6.568478285002461, 2.6792407251951333, 7.78196586488099]",24.88282602236414,0.0,[],12.704302148722014,0.0,0.0,0.0,"[4.479775824849675, 1.975, 6.24952632387234]",[],"[0.0, 0.0, 0.0]",[],"[8.922502114999165, 2.5, 13.460323907364973]"
140,0,791,True,False,,0.0,1,1,,0,1,13.268461956832011,[13.268461956832011],6.174700163164484,[6.174700163164484],11.977958879288108,0.0,[],5.671403962922362,0.0,0.0,0.0,[5.671403962922362],[],[0.0],[],[11.977958879288108]
140,0,792,True,False,,0.0,1,1,,0,1,7.340707727952398,[7.340707727952398],3.8628760139014355,[3.8628760139014355],2.7360001232067717,0.0,[],2.0670400480506412,0.0,0.0,0.0,[2.0670400480506412],[],[0.0],[],[2.7360001232067717]
140,0,793,True,True,1.0,4.99,4,4,True,2,6,42.233876711589836,"[5.861348700337091, 20.939663383224282, 6.417105860323075, 9.015758767705384]",20.471211917520037,"[3.2859259931314657, 9.16646871945747, 3.5026712855259996, 4.5161459194050995]",46.31589089340343,21.916603523653865,"[13.902533248460438, 8.014070275193427]",22.06319744842734,10.547475374225009,18.06319744842734,8.547475374225007,"[5.508035073366694, 3.5369212002811503, 6.1818970790875785, 6.836344095691915]","[6.421987966899571, 4.125487407325437]","[4.508035073366694, 2.5369212002811503, 5.1818970790875785, 5.836344095691915]","[5.421987966899571, 3.1254874073254366]","[11.55906429068383, 6.504926154567052, 13.286915587404046, 14.964984860748501]"
140,0,794,True,False,,0.0,1,1,,0,1,2.5,[2.5],1.975,[1.975],5.355507041498144,0.0,[],3.088647746184276,0.0,0.0,0.0,[3.088647746184276],[],[0.0],[],[5.355507041498144]
140,0,795,True,False,,0.0,1,1,,0,1,15.613334725972306,[15.613334725972306],7.089200543129199,[7.089200543129199],15.130331420645991,0.0,[],6.900829254051937,0.0,0.0,0.0,[6.900829254051937],[],[0.0],[],[15.130331420645991]
140,0,796,True,True,1.0,4.99,9,9,True,5,14,123.12263604467597,"[23.968709828769892, 14.29602176133505, 20.324505950274574, 3.374521434362891, 2.7555262063184203, 20.80844505421726, 5.30060342910992, 14.43132148252986, 17.8629808977581]",57.01782805742363,"[10.347796833220258, 6.57544848692067, 8.926557320607085, 2.316063359401528, 2.0746552204641837, 9.115293571144731, 3.067235337352869, 6.6282153781866455, 7.966562550125659]",71.5379670068121,90.3433948283195,"[16.95419683061471, 19.893496055482064, 16.466621197749234, 29.349444537322398, 7.679636207151106]",36.89980713265672,40.23392398304461,27.89980713265672,35.23392398304461,"[3.9654623399232865, 4.0987062951680935, 4.910507754467471, 4.134761108022321, 3.4828660520536974, 4.518938022805769, 1.975, 7.336079169283768, 2.477486390932312]","[7.612136763939737, 8.758463461638005, 7.4219822671222015, 12.446283369555736, 3.9950581207889315]","[2.9654623399232865, 3.0987062951680935, 3.9105077544674702, 3.1347611080223206, 2.4828660520536974, 3.518938022805769, 0.9750000000000001, 6.336079169283768, 1.4774863909323122]","[6.612136763939737, 7.758463461638005, 6.4219822671222015, 11.446283369555736, 2.9950581207889315]","[7.603749589546888, 7.9454007568412655, 10.026942960173, 8.037848994929027, 6.366323210394095, 9.02291800719428, 2.5, 16.246356844317354, 3.7884266434161846]"
140,0,797,True,False,,0.0,1,1,,0,1,9.517572581727709,[9.517572581727709],4.711853306873806,[4.711853306873806],15.186671011697719,0.0,[],6.922801694562111,0.0,0.0,0.0,[6.922801694562111],[],[0.0],[],[15.186671011697719]
140,0,798,True,True,1.0,4.99,5,5,True,0,5,35.012604705813644,"[2.5, 10.537560569374245, 2.979323248962043, 7.463246007984987, 11.532474879492373]",18.654915835267325,"[1.975, 5.109648622055955, 2.161936067095197, 3.910665943114145, 5.497665203002025]",43.66041168591106,0.0,[],22.02756055750531,0.0,17.027560557505314,0.0,"[3.062843000985244, 3.7890850254073296, 7.003291770239361, 3.4118220113539874, 4.76051874951939]",[],"[2.062843000985244, 2.7890850254073296, 6.003291770239361, 2.4118220113539874, 3.7605187495193904]",[],"[5.289341028167292, 7.151500065146999, 15.393055821126566, 6.184159003471763, 9.642355767998437]"
140,0,799,True,False,,0.0,1,1,,0,1,9.977962075924237,[9.977962075924237],4.891405209610452,[4.891405209610452],10.0897126610606,0.0,[],4.934987937813634,0.0,0.0,0.0,[4.934987937813634],[],[0.0],[],[10.0897126610606]
140,0,800,True,False,,0.0,2,2,,0,2,14.993511772819879,"[7.157067715087425, 7.836444057732454]",7.847469591399753,"[3.791256408884096, 4.056213182515657]",10.564337735740256,0.0,[],6.120091716938699,0.0,0.0,0.0,"[2.615416337242481, 3.5046753796962187]",[],"[0.0, 0.0]",[],"[4.142093172416618, 6.422244563323638]"
140,0,801,True,True,1.0,4.99,4,4,True,5,9,45.95034566503538,"[18.847093415317925, 6.6992056900283945, 7.219388119130935, 13.184658440558124]",21.920634809363797,"[8.350366431973992, 3.612690219111074, 3.815561366461065, 6.142016791817668]",33.455218303759466,46.3580214406867,"[19.670507685809614, 6.457151355257821, 10.436268111592733, 3.0094815069371017, 6.784612781089431]",17.047535138466195,23.079628361867815,13.047535138466193,18.07962836186781,"[2.8514555888157074, 4.058553194507066, 8.16252635514342, 1.975]","[8.67149799746575, 3.51828902855055, 5.070144563521166, 2.1736977877054695, 3.645998984624878]","[1.8514555888157074, 3.0585531945070663, 7.162526355143419, 0.9750000000000001]","[7.67149799746575, 2.51828902855055, 4.070144563521166, 1.1736977877054697, 2.645998984624878]","[4.7473220226043775, 7.842444088479657, 18.365452192675434, 2.5]"
140,0,802,True,True,1.0,4.99,4,4,True,1,5,24.27432667364607,"[5.732129817367164, 6.40417577332663, 8.28152531228267, 3.856495770669607]",13.46698740272197,"[3.2355306287731938, 3.4976285515973857, 4.229794871790241, 2.504033350561147]",24.71731954434645,8.952033476590064,[8.952033476590064],13.639754622295113,4.491293055870125,9.639754622295115,3.4912930558701247,"[1.975, 2.9404341604899003, 5.9465266629131, 2.7777937988921146]",[4.491293055870125],"[0.9750000000000001, 1.9404341604899005, 4.9465266629131, 1.7777937988921146]",[3.4912930558701247],"[2.5, 4.97547220638436, 12.683401699777178, 4.558445638184909]"
140,0,803,True,True,1.0,4.99,6,6,True,1,7,31.850079638182667,"[4.297903123280245, 7.363377920383016, 3.762956667129356, 2.5, 4.051920538688971, 9.873921388701078]",18.42153105889124,"[2.676182218079296, 3.871717388949376, 2.467553100180449, 1.975, 2.5802490100886986, 4.85082934159342]",80.84927531369432,3.6218950021128586,[3.6218950021128586],37.531217372340784,2.412539050824015,31.531217372340784,1.412539050824015,"[10.066885475667613, 6.270535531633384, 7.169471409617483, 3.058269234788692, 4.471457937594351, 6.494597783039261]",[2.412539050824015],"[9.066885475667613, 5.270535531633384, 6.169471409617483, 2.058269234788692, 3.4714579375943506, 5.494597783039261]",[1.412539050824015],"[23.24842429658362, 13.51419367085483, 15.819157460557648, 5.277613422535108, 8.901174198959874, 14.088712264203233]"
140,0,804,True,True,1.0,4.99,5,5,True,2,7,44.32990699704612,"[6.816616160214545, 12.320343355015577, 10.063266763921469, 5.843647961093435, 9.28603275680109]",22.288663728847986,"[3.6584803024836727, 5.804933908456075, 4.924674037929373, 3.2790227048264398, 4.621552775152425]",43.73324949207829,11.08029104595657,"[3.8817325668596814, 7.198558479096889]",22.05596730191054,6.321313507923062,17.05596730191053,4.321313507923062,"[2.9216116701446984, 11.582601514942471, 2.869442173048234, 1.975, 2.7073119437751316]","[2.5138757010752757, 3.8074378068477865]","[1.9216116701446981, 10.582601514942471, 1.8694421730482338, 0.9750000000000001, 1.7073119437751314]","[1.5138757010752757, 2.8074378068477865]","[4.927209410627431, 27.134875679339668, 4.793441469354446, 2.5, 4.377722932756747]"
140,0,805,True,True,1.0,4.99,5,5,True,2,7,62.94227125810974,"[15.599755590307527, 10.033407104403205, 4.030849049439702, 15.600804060103137, 17.677455453856165]",29.5474857906628,"[7.083904680219936, 4.913028770717251, 2.572031129281484, 7.084313583440224, 7.8942076270039045]",49.61798237476721,17.966885744065852,"[14.094170761975066, 3.8727149820907845]",24.351013126159213,9.007085440185682,19.351013126159213,7.007085440185682,"[4.054603378042749, 3.3073612898687315, 8.745759958581992, 2.915717833436797, 5.327570666228944]","[6.496726597170276, 2.510358843015406]","[3.0546033780427497, 2.3073612898687315, 7.745759958581991, 1.9157178334367968, 4.327570666228944]","[5.496726597170276, 1.510358843015406]","[7.832316353955768, 5.916310999663414, 19.860922970723053, 4.9120970088122995, 11.096335041612676]"
140,0,806,True,False,,0.0,1,1,,0,1,8.903479473324792,[8.903479473324792],4.4723569945966695,[4.4723569945966695],4.697711256003986,0.0,[],2.8321073898415543,0.0,0.0,0.0,[2.8321073898415543],[],[0.0],[],[4.697711256003986]
140,0,807,True,False,,0.0,2,2,,0,2,17.132438715383472,"[7.898059534747777, 9.234379180635695]",8.681651098999554,"[4.080243218551633, 4.601407880447921]",17.07876756816227,0.0,[],8.660719351583285,0.0,0.0,0.0,"[4.437858896658031, 4.222860454925255]",[],"[0.0, 0.0]",[],"[8.815022811943669, 8.263744756218601]"
140,0,808,True,False,,0.0,3,3,,0,3,25.275753038101588,"[12.849613585301341, 5.2097349172946, 7.216404535505646]",12.85754368485962,"[6.011349298267524, 3.0317966177448943, 3.814397768847202]",24.45696636036799,0.0,[],12.538216880543516,0.0,0.0,0.0,"[3.5297486731812446, 2.133446988807843, 6.875021218554428]",[],"[0.0, 0.0, 0.0]",[],"[6.486535059439088, 2.90627433027652, 15.06415697065238]"
140,0,809,True,False,,0.0,3,3,,0,3,25.60049873427608,"[9.015442239951375, 5.5219959357816215, 11.063060558543086]",12.984194506367672,"[4.516022473581036, 3.1535784149548323, 5.314593617831804]",17.908416545973466,0.0,[],9.984282452929653,0.0,0.0,0.0,"[3.441225440440363, 3.0636406331012043, 3.4794163793880855]",[],"[0.0, 0.0, 0.0]",[],"[6.259552411385546, 5.291386238721036, 6.357477895866886]"
140,0,810,True,True,1.0,4.99,4,4,True,3,7,44.58070123779852,"[21.837161198482036, 7.09027571554108, 3.350205400306586, 12.303058923468814]",21.386473482741422,"[9.516492867407994, 3.7652075290610214, 2.3065801061195685, 5.798192980152837]",32.6484362611101,43.49874186792508,"[16.886221552494746, 10.049034789420723, 16.56348552600961]",16.73289014183294,19.96450932849078,12.73289014183294,16.96450932849078,"[4.336839376830115, 5.364116880517992, 2.498789765448918, 4.533144119035915]","[7.585626405472951, 4.919123567874083, 7.459759355143748]","[3.3368393768301146, 4.364116880517992, 1.4987897654489177, 3.533144119035915]","[6.585626405472951, 3.9191235678740823, 6.459759355143748]","[8.555998402128498, 11.190043283379467, 3.8430506806382505, 9.059343894963884]"
140,0,811,True,True,1.0,4.99,5,5,True,1,6,55.899252276512954,"[11.640411948433005, 11.77815433716971, 2.5, 12.040072489517243, 17.940613501392995]",26.800708387840054,"[5.539760659888872, 5.593480191496187, 1.975, 5.695628270911725, 7.996839265543269]",56.18461846973493,7.758217971904887,[7.758217971904887],26.912001203196624,4.025705009042906,21.912001203196624,3.0257050090429063,"[3.0047885708063036, 8.655026464380324, 2.8730424617171613, 7.2774373565091235, 5.101706349783713]",[4.025705009042906],"[2.0047885708063036, 7.655026464380323, 1.8730424617171613, 6.2774373565091235, 4.101706349783713]",[3.0257050090429063],"[5.140483514887958, 19.62827298559057, 4.802672978761952, 16.095993221818265, 10.517195768676187]"
140,0,812,True,True,1.0,4.99,4,4,True,1,5,25.167739696262927,"[3.1125658061360233, 12.728949706723128, 4.745020179972068, 4.58120400343171]",13.815418481542544,"[2.2139006643930492, 5.96429038562202, 2.850557870189107, 2.7866695613383667]",27.475331677793505,8.420662365929827,[8.420662365929827],14.715379354339467,4.2840583227126325,10.715379354339467,3.2840583227126325,"[4.537513840577846, 5.013723616794742, 1.975, 3.189141896966879]",[4.2840583227126325],"[3.5375138405778457, 4.013723616794742, 0.9750000000000001, 2.189141896966879]",[3.2840583227126325],"[9.070548309173963, 10.291599017422415, 2.5, 5.613184351197126]"
140,0,813,True,False,,0.0,1,1,,0,1,6.744577796985377,[6.744577796985377],3.630385340824297,[3.630385340824297],2.5,0.0,[],1.975,0.0,0.0,0.0,[1.975],[],[0.0],[],[2.5]
140,0,814,True,False,,0.0,1,1,,0,1,9.001304547925699,[9.001304547925699],4.510508773691022,[4.510508773691022],7.517878043120762,0.0,[],3.931972436817097,0.0,0.0,0.0,[3.931972436817097],[],[0.0],[],[7.517878043120762]
140,0,815,True,False,,0.0,1,1,,0,1,12.22133483940576,[12.22133483940576],5.766320587368247,[5.766320587368247],7.549236167846826,0.0,[],3.944202105460262,0.0,0.0,0.0,[3.944202105460262],[],[0.0],[],[7.549236167846826]
140,0,816,True,False,,0.0,2,2,,0,2,24.1569334303598,"[19.85941001180657, 4.297523418553228]",11.421204037840322,"[8.745169904604563, 2.676034133235759]",11.962938760838718,0.0,[],6.6655461167271,0.0,0.0,0.0,"[3.87661666613218, 2.78892945059492]",[],"[0.0, 0.0]",[],"[7.375940169569692, 4.586998591269025]"
140,0,817,True,True,1.0,4.99,4,4,True,1,5,35.750301881613986,"[8.88854751147307, 8.256350518229285, 4.283853984710173, 14.321549867201458]",17.942617733829454,"[4.466533529474497, 4.219976702109421, 2.6707030540369674, 6.5854044482085685]",26.184980733306855,9.408250684078512,[9.408250684078512],14.212142485989675,4.66921776679062,10.212142485989675,3.6692177667906196,"[3.056197740722965, 3.7170071624151655, 3.5875552270719955, 3.8513823557795486]",[4.66921776679062],"[2.056197740722965, 2.7170071624151655, 2.5875552270719955, 2.8513823557795486]",[3.6692177667906196],"[5.272301899289653, 6.966685031833757, 6.634756992492296, 7.31123680969115]"
140,0,818,True,False,,0.0,3,3,,0,3,26.46657886155582,"[14.927967877243027, 8.827980097015436, 2.710630887297358]",13.32196575600677,"[6.8219074721247805, 4.44291223783602, 2.0571460460459696]",26.90636504441582,0.0,[],13.49348236732217,0.0,0.0,0.0,"[2.9428767972440877, 3.2724789270519388, 7.278126643026144]",[],"[0.0, 0.0, 0.0]",[],"[4.981735377548943, 5.82686904372292, 16.09776062314396]"
140,0,819,True,False,,0.0,3,3,,0,3,22.193159272009297,"[6.112760127081419, 9.018261663781926, 7.0621374811459505]",11.655332116083626,"[3.3839764495617533, 4.517122048874951, 3.754233617646921]",35.85071172993652,0.0,[],16.98177757467524,0.0,0.0,0.0,"[6.25453308107435, 5.200831554239177, 5.526412939361716]",[],"[0.0, 0.0, 0.0]",[],"[13.473161746344488, 10.771362959587634, 11.606187024004399]"
140,0,820,True,False,,0.0,3,3,,0,3,16.644962958240967,"[6.566483165463204, 2.5, 7.578479792777762]",9.491535553713977,"[3.5609284345306498, 1.975, 3.9556071191833273]",16.329134360153198,0.0,[],9.368362400459748,0.0,0.0,0.0,"[1.9803138556800115, 3.530743717440697, 3.857304827339039]",[],"[0.0, 0.0, 0.0]",[],"[2.513625270974388, 6.489086454976146, 7.326422634202665]"
140,0,821,True,True,1.0,4.99,4,4,True,4,8,30.74837887334033,"[12.001532569060426, 7.909420251313765, 5.9246927533825176, 4.9127332995836195]",15.99186776060273,"[5.680597701933566, 4.084673898012369, 3.310630173819182, 2.9159659868376115]",36.73772469188093,23.98073219917535,"[6.7689065794244145, 5.9873179507460215, 3.0782260624275244, 8.146281606577391]",18.327712629833563,13.352485557678387,14.327712629833563,9.352485557678389,"[4.455889590273745, 3.402519588550445, 5.258217698536521, 5.211085752472852]","[3.6398735659755217, 3.3350540007909486, 2.2005081643467346, 4.177049826565183]","[3.455889590273745, 2.402519588550445, 4.258217698536521, 4.211085752472852]","[2.6398735659755217, 2.3350540007909486, 1.2005081643467346, 3.1770498265651828]","[8.861255359676269, 6.1603066373088335, 10.918506919324413, 10.797655775571414]"
140,0,822,True,False,,0.0,2,2,,0,2,20.796390798618233,"[7.618608185860817, 13.177782612757419]",10.110592411461113,"[3.9712571924857185, 6.139335218975393]",24.91166613170842,0.0,[],11.715549791366284,0.0,0.0,0.0,"[7.820055726536432, 3.8954940648298515]",[],"[0.0, 0.0]",[],"[17.48732237573444, 7.424343755973978]"
140,0,823,True,True,1.0,4.99,4,4,True,3,7,44.41863632283354,"[13.225458190552954, 9.946655213881282, 6.705677803510273, 14.540845114889036]",21.323268165905084,"[6.157928694315652, 4.8791955334137, 3.6152143433690065, 6.670929594806724]",33.732791395656875,32.76031525258695,"[16.8396614841111, 8.54723641534609, 7.373417353129758]",17.15578864430618,15.776522948508912,13.155788644306181,12.776522948508912,"[1.975, 4.066599889421632, 5.226206029211555, 5.887982725672993]","[7.56746797880333, 4.333422201984975, 3.8756327677206057]","[0.9750000000000001, 3.0665998894216324, 4.226206029211555, 4.887982725672993]","[6.56746797880333, 3.333422201984975, 2.8756327677206057]","[2.5, 7.863076639542647, 10.836425715927064, 12.53328904018716]"
140,0,824,True,False,,0.0,2,2,,0,2,25.95119224236996,"[8.440171372068143, 17.511020870301817]",12.120964974524284,"[4.291666835106575, 7.829298139417709]",25.536958363255692,0.0,[],11.95941376166972,0.0,0.0,0.0,"[8.127939644821105, 3.8314741168486157]",[],"[0.0, 0.0]",[],"[18.276768320054114, 7.260190043201579]"
140,0,825,True,True,1.0,4.99,4,4,True,2,6,24.765390806617553,"[8.957188286662001, 4.653760252833229, 2.5, 8.654442267122326]",13.658502414580848,"[4.49330343179818, 2.814966498604959, 1.975, 4.375232484177707]",32.58125147838415,21.261727152954567,"[10.325940865230606, 10.93578628772396]",16.70668807656982,10.292073589652281,12.706688076569817,8.292073589652281,"[3.2007489839565753, 3.3521853268331037, 4.574125509890658, 5.57962825588948]","[5.027116937439937, 5.264956652212344]","[2.2007489839565753, 2.3521853268331037, 3.5741255098906577, 4.57962825588948]","[4.027116937439937, 4.264956652212344]","[5.642946112709167, 6.031244427777189, 9.16442438433502, 11.742636553562768]"
140,0,826,True,True,1.0,4.99,6,6,True,1,7,50.24457069240375,"[10.851205193054055, 14.167110477978207, 3.7588581017325726, 5.986888912904596, 10.629208101304698, 4.851299905429622]",25.59538257003746,"[5.231970025291082, 6.525173086411501, 2.4659546596757034, 3.3348866760327924, 5.145391159508833, 2.8920069631175527]",90.04900947358588,8.869498165666458,[8.869498165666458],41.1191136946985,4.459104284609919,35.1191136946985,3.4591042846099187,"[8.565325338575743, 8.09539426600737, 5.7272391563093565, 3.6558856513578726, 5.049339158250028, 10.025930124198124]",[4.459104284609919],"[7.565325338575743, 7.09539426600737, 4.7272391563093565, 2.6558856513578726, 4.049339158250028, 9.025930124198124]",[3.4591042846099187],"[19.39827009891216, 18.193318630788127, 12.121126041818863, 6.809963208609929, 10.382920918589816, 23.143410574866987]"
140,0,827,True,False,,0.0,1,1,,0,1,6.40504681923497,[6.40504681923497],3.4979682595016386,[3.4979682595016386],19.923734687982485,0.0,[],8.770256528313169,0.0,0.0,0.0,[8.770256528313169],[],[0.0],[],[19.923734687982485]
140,0,828,True,False,,0.0,1,1,,0,1,7.628651279628002,[7.628651279628002],3.975173999054921,[3.975173999054921],2.5,0.0,[],1.975,0.0,0.0,0.0,[1.975],[],[0.0],[],[2.5]
140,0,829,True,True,1.0,4.99,6,6,True,0,6,54.71301052562248,"[4.1736076817563506, 11.905347785007589, 12.999700621023292, 10.160156231755863, 6.0000268340758725, 9.474171372003514]",27.33807410499277,"[2.627706995884977, 5.64308563615296, 6.069883242199084, 4.962460930384786, 3.3400104652895903, 4.694926835081371]",75.16939066721739,0.0,[],35.31606236021479,0.0,29.316062360214783,0.0,"[6.035365322119948, 7.943366819189409, 3.9600214200641553, 7.39516929812068, 3.9408026886607503, 6.041336812059839]",[],"[5.035365322119948, 6.943366819189409, 2.9600214200641553, 6.39516929812068, 2.9408026886607503, 5.041336812059839]",[],"[12.911193133640891, 17.803504664588228, 7.589798512985013, 16.39786999518123, 7.540519714514744, 12.92650464630728]"
140,0,830,True,True,1.0,4.99,4,4,True,1,5,39.88454720404951,"[6.602744568284925, 14.88948263123483, 9.176106399355982, 9.216213605173772]",19.55497340957931,"[3.575070381631121, 6.806898226181584, 4.5786814957488335, 4.594323306017771]",37.941872606562285,5.815715926275277,[5.815715926275277],18.797330316559293,3.268129211247358,14.797330316559293,2.268129211247358,"[4.327661823415863, 3.347972506517659, 4.399684468129111, 6.72201151849666]",[3.268129211247358],"[3.327661823415862, 2.347972506517659, 3.399684468129111, 5.72201151849666]",[2.268129211247358],"[8.532466213886826, 6.020442324404253, 8.717139661869515, 14.671824406401692]"
140,0,831,True,True,1.0,4.99,4,4,True,2,6,36.31327683450942,"[5.152580326319345, 2.5, 15.229027104171116, 13.43166940401896]",18.162177965458675,"[3.009506327264545, 1.975, 6.939320570626736, 6.238351067567395]",17.118613128366093,29.96273958504605,"[12.893439956463498, 17.069299628582556]",10.676259120062776,13.68546843816796,6.676259120062776,11.68546843816796,"[2.399299134740761, 3.734903746234436, 1.975, 2.5670562390875795]","[6.028441583020764, 7.657026855147197]","[1.3992991347407608, 2.734903746234436, 0.9750000000000001, 1.5670562390875795]","[5.028441583020764, 6.657026855147197]","[3.5879464993352843, 7.012573708293425, 2.5, 4.0180929207373834]"
140,0,832,True,False,,0.0,2,2,,0,2,8.293998156344749,"[4.364253953936009, 3.92974420240874]",5.234659280974452,"[2.7020590420350437, 2.5326002389394087]",15.43157847571271,0.0,[],8.018315605527956,0.0,0.0,0.0,"[3.5691162266063063, 4.449199378921651]",[],"[0.0, 0.0]",[],"[6.587477504118734, 8.844100971593976]"
140,0,833,True,True,1.0,4.99,5,5,True,1,6,29.67074723875389,"[9.265173003301522, 8.856217317534329, 2.9770632921256706, 2.5, 6.072293625792371]",16.57159142311402,"[4.613417471287594, 4.453924753838388, 2.1610546839290112, 1.975, 3.3681945140590246]",32.18806258704761,22.567550338274856,[22.567550338274856],17.55334440894857,9.801344631927194,12.553344408948568,8.801344631927194,"[3.7280480314601294, 2.2097312349564726, 3.2987316027067495, 5.8549610144900255, 2.4618725253351927]",[9.801344631927194],"[2.7280480314601294, 1.2097312349564724, 2.2987316027067495, 4.8549610144900255, 1.4618725253351927]",[8.801344631927194],"[6.9949949524618695, 3.101874961426852, 5.894183596683972, 12.44861798587186, 3.748391090603058]"
140,0,834,True,False,,0.0,3,3,,0,3,47.35948834549711,"[19.19715837219992, 17.68821295443527, 10.474117018861929]",21.470200454743875,"[8.486891765157969, 7.898403052229755, 5.084905637356152]",22.629834201410112,0.0,[],11.825635338549944,0.0,0.0,0.0,"[1.975, 5.845118579854034, 4.00551675869591]",[],"[0.0, 0.0, 0.0]",[],"[2.5, 12.423380973984703, 7.706453227425411]"
140,0,835,True,False,,0.0,2,2,,0,2,16.768397630107756,"[14.268397630107756, 2.5]",8.539675075742025,"[6.564675075742025, 1.975]",8.75647821932176,0.0,[],5.4150265055354865,0.0,0.0,0.0,"[3.440026505535487, 1.975]",[],"[0.0, 0.0]",[],"[6.256478219321761, 2.5]"
140,0,836,True,True,1.0,4.99,5,5,True,0,5,55.22157721707019,"[15.189565092545443, 8.448153698805553, 5.859707999429007, 19.0615552874051, 6.66259513888509]",26.536415114657377,"[6.9239303860927235, 4.294779942534166, 3.285286119777313, 8.434006562087989, 3.598412104165185]",24.793888346910745,0.0,[],14.669616455295191,0.0,9.66961645529519,0.0,"[4.263968997184898, 2.74238850148841, 2.2939103608982703, 2.5836455973637955, 2.7857029983598167]",[],"[3.2639689971848984, 1.74238850148841, 1.2939103608982703, 1.5836455973637957, 1.7857029983598165]",[],"[8.369151274833072, 4.467662824329256, 3.3177188740981287, 4.060629736830245, 4.578725636820042]"
140,0,837,True,False,,0.0,3,3,,0,3,19.698451067310586,"[5.192092077480126, 8.26437039966053, 6.241988590169929]",10.682395916251128,"[3.024915910217249, 4.223104455867607, 3.4343755501662723]",25.426077402505538,0.0,[],12.91617018697716,0.0,0.0,0.0,"[6.005483964011359, 2.9281207575494936, 3.9825654654163074]",[],"[0.0, 0.0, 0.0]",[],"[12.83457426669579, 4.943899378332035, 7.647603757477711]"
140,0,838,True,False,,0.0,3,3,,0,3,29.677821699291805,"[15.147012616707094, 11.708891600600756, 2.8219174819839514]",14.574350462723803,"[6.907334920515767, 5.566467724234295, 2.100547817973741]",25.69082556791609,0.0,[],13.019421971487274,0.0,0.0,0.0,"[2.9025160432853854, 7.384714363611135, 2.7321915645907553]",[],"[0.0, 0.0, 0.0]",[],"[4.878246264834321, 16.37106247079778, 4.4415168322839875]"
140,0,839,True,True,1.0,4.99,4,4,True,0,4,46.34277218970662,"[22.014648701606006, 11.506745487726143, 9.32026290175354, 3.5011150986209283]",22.073681153985582,"[9.585712993626343, 5.487630740213196, 4.634902531683881, 2.365434888462162]",21.94640591449464,0.0,[],12.55909830665291,0.0,8.55909830665291,0.0,"[1.975, 3.7019430962084305, 3.659021654693817, 3.2231335557506626]",[],"[0.9750000000000001, 2.7019430962084305, 2.659021654693817, 2.2231335557506626]",[],"[2.5, 6.928059221047258, 6.818004242804659, 5.700342450642724]"
140,0,840,True,False,,0.0,1,1,,0,1,8.87503957716387,[8.87503957716387],4.461265435093909,[4.461265435093909],8.971024583697542,0.0,[],4.498699587642042,0.0,0.0,0.0,[4.498699587642042],[],[0.0],[],[8.971024583697542]
140,0,841,True,False,,0.0,2,2,,0,2,29.770896479619026,"[8.57665369321163, 21.194242786407393]",13.61064962705142,"[4.344894940352535, 9.265754686698884]",26.552666319884636,0.0,[],12.35553986475501,0.0,0.0,0.0,"[8.962597259594133, 3.392942605160875]",[],"[0.0, 0.0]",[],"[20.41691605024137, 6.135750269643268]"
140,0,842,True,False,,0.0,3,3,,0,3,22.739596599956855,"[3.092212191318561, 5.774388908964252, 13.87299549967404]",11.868442673983173,"[2.205962754614239, 3.2520116744960585, 6.410468244872876]",36.85979799277885,0.0,[],17.375321217183753,0.0,0.0,0.0,"[6.501051801870758, 3.2052324774860947, 7.6690369378269]",[],"[0.0, 0.0, 0.0]",[],"[14.10526103043784, 5.654442249964345, 17.100094712376666]"
140,0,843,True,True,1.0,4.99,6,6,True,0,6,41.6678265563038,"[13.211330236240673, 6.428522034036963, 8.600327677153231, 2.5, 5.2011834500526355, 5.726463158820303]",22.250452356958483,"[6.1524187921338624, 3.5071235932744154, 4.35412779408976, 1.975, 3.028461545520528, 3.2333206319399186]",48.52294769446929,0.0,[],24.923949600843024,0.0,18.92394960084302,0.0,"[4.389838971225619, 3.8467615801378034, 2.151999466110853, 3.9990651803122503, 6.56554524454899, 3.970739158507505]",[],"[3.389838971225619, 2.8467615801378034, 1.1519994661108528, 2.9990651803122503, 5.56554524454899, 2.970739158507505]",[],"[8.691894798014408, 7.2993886670200085, 2.9538447848996223, 7.68991071874936, 14.270628832176897, 7.617279893608987]"
140,0,844,True,True,1.0,4.99,5,5,True,2,7,50.26350622446837,"[13.752725969836888, 2.64147181442278, 13.473965103831802, 9.252256479520453, 11.14308685685645]",24.602767427542666,"[6.363563128236387, 2.0301740076248844, 6.254846390494403, 4.608380027012977, 5.345803874174015]",74.75704781157889,14.650560817097766,"[11.562323977271435, 3.088236839826331]",34.15524864651577,7.713718718668129,29.15524864651577,5.713718718668129,"[5.510705430820446, 9.264241960417886, 9.289689614574735, 6.933060192126536, 3.1575514485761644]","[5.5093063511358595, 2.204412367532269]","[4.510705430820446, 8.264241960417886, 8.289689614574735, 5.933060192126536, 2.1575514485761644]","[4.5093063511358595, 1.204412367532269]","[11.565911361078065, 21.1903640010715, 21.255614396345475, 15.212974851606504, 5.532183201477344]"
140,0,845,True,True,1.0,4.99,4,4,True,0,4,50.448836008196054,"[12.716118510349546, 14.573351901580322, 4.3757813939831705, 18.78358420228301]",23.67504604319646,"[5.959286219036323, 6.6836072416163255, 2.7065547436534363, 8.325597838890374]",52.985895885979645,0.0,[],24.66449939553206,0.0,20.66449939553206,0.0,"[4.472597108491399, 8.514831967541983, 6.504408827728452, 5.172661491770228]",[],"[3.4725971084913994, 7.5148319675419835, 5.504408827728452, 4.172661491770228]",[],"[8.904095149977946, 19.268799916774316, 14.113868789047311, 10.69913203018007]"
140,0,846,True,True,1.0,4.99,4,4,True,3,7,19.35716857537788,"[7.4213328923473485, 5.329005764721645, 2.5, 4.106829918308885]",11.549295744397373,"[3.894319828015466, 3.0783122482414416, 1.975, 2.601663668140465]",38.12208462400824,32.29133905627204,"[9.48724951707544, 10.974253468104408, 11.82983607109219]",18.867613003363214,15.593622231946096,14.867613003363214,12.593622231946096,"[3.2303781051304497, 4.058550328958442, 7.436359580948292, 4.142324988326031]","[4.700027311659422, 5.2799588525607195, 5.613636067725954]","[2.2303781051304497, 3.058550328958442, 6.436359580948292, 3.1423249883260307]","[3.700027311659422, 4.2799588525607195, 4.613636067725954]","[5.718918218283204, 7.842436740919083, 16.50348610499562, 8.057243559810335]"
140,0,847,True,True,1.0,4.99,5,5,True,3,8,43.030177614556436,"[9.89947983125452, 16.540972054553233, 7.857957703794293, 5.092400651111528, 3.639367373842869]",21.781769269677014,"[4.860797134189263, 7.450979101275761, 4.064603504479774, 2.986036253933496, 2.419353275798719]",53.44082785264494,28.316108003995247,"[10.00046043384027, 6.094877184105953, 12.22077038604902]",25.841922862531526,14.043282121558146,20.841922862531526,11.043282121558146,"[2.9788735445702414, 5.026733221471542, 6.734795106171769, 5.101051307803084, 6.00046968251489]","[4.9001795691977055, 3.3770021018013217, 5.766100450559118]","[1.9788735445702414, 4.026733221471542, 5.734795106171769, 4.101051307803084, 5.00046968251489]","[3.900179569197706, 2.3770021018013217, 4.766100450559118]","[5.074034729667286, 10.324956978132157, 14.70460283633787, 10.515516173854062, 12.821717134653563]"
140,0,848,True,False,,0.0,2,2,,0,2,8.043749900321142,"[2.5, 5.543749900321142]",5.137062461125246,"[1.975, 3.1620624611252457]",47.920373611642226,0.0,[],20.68894570854047,0.0,0.0,0.0,"[13.661838780007896, 7.027106928532573]",[],"[0.0, 0.0]",[],"[32.46625328207153, 15.4541203295707]"
140,0,849,True,False,,0.0,1,1,,0,1,4.2324722009661775,[4.2324722009661775],2.6506641583768094,[2.6506641583768094],5.469616769815976,0.0,[],3.1331505402282307,0.0,0.0,0.0,[3.1331505402282307],[],[0.0],[],[5.469616769815976]
140,0,850,True,True,1.0,4.99,6,6,True,1,7,41.73203198716706,"[2.5, 5.431900737912325, 11.525730248326894, 6.2561774957850975, 11.021353900841213, 4.996869604301529]",22.275492474995154,"[1.975, 3.1184412877858065, 5.495034796847489, 3.4399092233561883, 5.298328021328073, 2.9487791456775962]",58.10245726288368,15.710216817162587,[15.710216817162587],28.65995833252464,7.126984558693409,22.65995833252464,6.126984558693409,"[2.7673036950485193, 6.171585090506682, 2.7687542986369653, 5.586711808810848, 2.274778538926075, 9.09082490059555]",[7.126984558693409],"[1.7673036950485195, 5.171585090506682, 1.7687542986369655, 4.586711808810848, 1.2747785389260748, 8.09082490059555]",[6.126984558693409],"[4.531547936021845, 13.260474591042772, 4.535267432402476, 11.760799509771404, 3.2686629203232687, 20.74570487332192]"
140,0,851,True,False,,0.0,1,1,,0,1,13.851299730494668,[13.851299730494668],6.402006894892921,[6.402006894892921],17.299794745509764,0.0,[],7.746919950748809,0.0,0.0,0.0,[7.746919950748809],[],[0.0],[],[17.299794745509764]
140,0,852,True,True,1.0,4.99,4,4,True,1,5,33.78877466993962,"[2.5, 17.293758296913122, 6.522838197797549, 7.4721781752289465]",17.17762212127645,"[1.975, 7.744565735796118, 3.5439068971410443, 3.914149488339289]",38.213898364726994,7.2053283216483335,[7.2053283216483335],18.90342036224353,3.8100780454428502,14.903420362243528,2.8100780454428502,"[7.290507776706396, 5.291554524529177, 2.764030679450695, 3.55732738155726]",[3.8100780454428502],"[6.290507776706396, 4.291554524529177, 1.7640306794506946, 2.55732738155726]",[2.8100780454428502],"[16.12950711975999, 11.003985960331223, 4.523155588335114, 6.557249696300666]"
140,0,853,True,False,,0.0,2,2,,0,2,5.78870359668411,"[2.5, 3.28870359668411]",4.257594402706803,"[1.975, 2.282594402706803]",16.464271528881113,0.0,[],8.421065896263634,0.0,0.0,0.0,"[3.105033433717803, 5.316032462545832]",[],"[0.0, 0.0]",[],"[5.397521624917443, 11.066749903963672]"
140,0,854,True,False,,0.0,2,2,,0,2,18.661419698098737,"[10.89171051012572, 7.769709187973018]",9.27795368225851,"[5.247767098949031, 4.030186583309478]",10.628757471121396,0.0,[],6.145215413737344,0.0,0.0,0.0,"[2.3811045554498556, 3.7641108582874887]",[],"[0.0, 0.0]",[],"[3.541293731922707, 7.0874637391986886]"
140,0,855,True,True,1.0,4.99,4,4,True,0,4,33.59984608150197,"[10.866703659787703, 4.336976280425556, 9.688476670515536, 8.707689470773174]",17.10393997178577,"[5.2380144273172045, 2.6914207493659665, 4.77850590150106, 4.395998893601538]",47.882602777196965,0.0,[],22.674215083106816,0.0,18.674215083106816,0.0,"[4.323244207435618, 3.6620191720930717, 7.696658635668119, 6.9922930679100075]",[],"[3.323244207435618, 2.6620191720930717, 6.696658635668119, 5.9922930679100075]",[],"[8.52113899342466, 6.82569018485403, 17.1709195786362, 15.36485402028207]"
140,0,856,True,True,1.0,4.99,6,6,True,2,8,75.29812002812139,"[8.641277080041013, 5.537507029877148, 21.530021339541243, 18.123192678955494, 9.648926049334362, 11.817195850372133]",35.366266810967346,"[4.3700980612159945, 3.1596277416520877, 9.396708322421086, 8.068045144792643, 4.763081159240402, 5.608706381645132]",64.54981722911371,18.83549119087089,"[12.40740221601564, 6.428088974855251]",31.174428719354346,9.345841564439649,25.174428719354346,7.345841564439648,"[10.405072984619567, 2.0337633758696154, 9.62443174563799, 3.625237969892987, 2.2259636377996728, 3.2599590055345162]","[5.8388868642461, 3.506954700193548]","[9.405072984619567, 1.0337633758696154, 8.62443174563799, 2.625237969892987, 1.2259636377996728, 2.2599590055345162]","[4.8388868642461, 2.506954700193548]","[24.115571755434786, 2.6506753227426034, 22.11392755291792, 6.731379409982018, 3.1434965071786483, 5.794766680857734]"
140,0,857,True,False,,0.0,1,1,,0,1,7.818268585152241,[7.818268585152241],4.049124748209374,[4.049124748209374],7.670020364406172,0.0,[],3.9913079421184072,0.0,0.0,0.0,[3.9913079421184072],[],[0.0],[],[7.670020364406172]
140,0,858,True,False,,0.0,1,1,,0,1,4.960676070039407,[4.960676070039407],2.9346636673153688,[2.9346636673153688],11.804808770755582,0.0,[],5.603875420594677,0.0,0.0,0.0,[5.603875420594677],[],[0.0],[],[11.804808770755582]
140,0,859,True,False,,0.0,3,3,,0,3,39.05310679231489,"[18.6328366254001, 13.630861722012533, 6.789408444902268]",18.23071164900281,"[8.266806283906039, 6.316036071584888, 3.6478692935118846]",27.293680262266214,0.0,[],13.644535302283824,0.0,0.0,0.0,"[2.2021618762255057, 6.840598910935855, 4.6017745151224645]",[],"[0.0, 0.0, 0.0]",[],"[3.0824663492961686, 14.975894643425267, 9.23531926954478]"
140,0,860,True,True,1.0,4.99,6,6,True,3,9,71.09271087122632,"[8.447385615768395, 8.592197942718887, 9.920812897551071, 15.547389637470685, 20.72934578108902, 7.8555789966282505]",33.72615723977826,"[4.294480390149674, 4.350957197660366, 4.869117030044918, 7.0634819586135675, 9.084444854624717, 4.0636758086850175]",55.89341774994247,28.180085363441616,"[3.953331378991001, 12.810054640804914, 11.4166993436457]",27.798432922477563,13.990233291742232,21.798432922477563,10.99023329174223,"[4.221274214595773, 3.5980971927858656, 6.907664059635448, 3.952577400424507, 5.475671868133303, 3.643148186902665]","[2.54179923780649, 5.995921309913917, 5.452512744021823]","[3.2212742145957733, 2.5980971927858656, 5.907664059635448, 2.952577400424507, 4.475671868133303, 2.643148186902665]","[1.5417992378064904, 4.995921309913917, 4.452512744021823]","[8.259677473322496, 6.661787673809911, 15.147856563167815, 7.570711283139762, 11.476081713162316, 6.777303043340166]"
140,0,861,True,False,,0.0,2,2,,0,2,15.262920277858939,"[5.994860312052984, 9.268059965805953]",7.952538908364986,"[3.337995521700664, 4.614543386664322]",25.17312313042585,0.0,[],11.817518020866082,0.0,0.0,0.0,"[5.79993096001026, 6.0175870608558215]",[],"[0.0, 0.0]",[],"[12.30751528207759, 12.86560784834826]"
140,0,862,True,False,,0.0,2,2,,0,2,7.555136878990883,"[5.055136878990883, 2.5]",4.946503382806444,"[2.9715033828064445, 1.975]",22.738714019703757,0.0,[],10.868098467684465,0.0,0.0,0.0,"[7.448370384115543, 3.419728083568922]",[],"[0.0, 0.0]",[],"[16.5342830361937, 6.204430983510057]"
140,0,863,True,True,1.0,4.99,4,4,True,2,6,50.69826892749748,"[14.06260083146796, 8.078999544023864, 22.27400168164883, 6.282666870356825]",23.772324881724018,"[6.484414324272504, 4.1508098221693075, 9.686860655843043, 3.450240079439162]",23.58771219703493,22.566598715870583,"[11.168824957462945, 11.397773758407636]",13.199207756843622,10.800973499189528,9.199207756843624,8.800973499189528,"[2.129600940434578, 3.7227688270724593, 2.4973503713986487, 4.849487617937937]","[5.355841733410549, 5.445131765778978]","[1.1296009404345781, 2.7227688270724593, 1.4973503713986487, 3.849487617937937]","[4.355841733410549, 4.445131765778978]","[2.8964126677809694, 6.981458530955023, 3.8393599266632017, 9.870481071635735]"
140,0,864,True,True,1.0,4.99,4,4,True,1,5,38.33300024356385,"[8.829371070196695, 15.542613155389047, 5.97307609600959, 7.98793992196852]",18.949870094989905,"[4.443454717376711, 7.061619130601729, 3.3294996774437404, 4.1152965695677235]",46.10705713580218,4.2238492275257915,[4.2238492275257915],21.98175228296285,2.6473011987350588,17.98175228296285,1.6473011987350588,"[5.790435237194168, 2.2986982836443275, 10.802759322557987, 3.0898594395663683]",[2.6473011987350588],"[4.790435237194168, 1.2986982836443277, 9.802759322557987, 2.0898594395663683]",[1.6473011987350588],"[12.28316727485684, 3.3299955990880195, 25.13528031425125, 5.358613947606072]"
140,0,865,True,True,1.0,4.99,4,4,True,5,9,46.30811901508234,"[4.515957637429117, 11.751891044865168, 15.110178153307624, 14.930092179480429]",22.060166415882115,"[2.7612234785973557, 5.583237507497416, 6.892969479789974, 6.822735949997368]",46.669438352010815,49.831855567231074,"[6.895982945720253, 4.390603181343124, 9.55820698372166, 21.173501316024897, 7.813561140421142]",22.201080957284216,24.434423671220124,18.201080957284216,19.434423671220124,"[3.6363475607369935, 8.149442517798816, 4.36772051506431, 6.047570363684097]","[3.689433348830899, 2.712335240723818, 4.727700723651448, 9.25766551324971, 4.047288844764246]","[2.6363475607369935, 7.149442517798816, 3.36772051506431, 5.047570363684097]","[2.689433348830899, 1.7123352407238184, 3.7277007236514477, 8.25766551324971, 3.0472888447642457]","[6.7598655403512655, 18.331903891791836, 8.635180807857205, 12.942488112010507]"
140,0,866,True,False,,0.0,3,3,,0,3,32.86512549857956,"[8.789413405039102, 19.105381754840188, 4.970330338700272]",15.81739894444603,"[4.42787122796525, 8.451098884387672, 2.9384288320931065]",36.56007434490533,0.0,[],17.258428994513082,0.0,0.0,0.0,"[6.769011810871109, 7.101217551762514, 3.388199631879458]",[],"[0.0, 0.0, 0.0]",[],"[14.792337976592586, 15.64414756862183, 6.123588799690918]"
140,0,867,True,False,,0.0,2,2,,0,2,11.982150825924416,"[9.251576927352545, 2.7305738985718713]",6.673038822110522,"[4.6081150016674925, 2.06492382044303]",13.604565605503712,0.0,[],7.305780586146448,0.0,0.0,0.0,"[3.340630358170338, 3.9651502279761104]",[],"[0.0, 0.0]",[],"[6.001616303000866, 7.602949302502847]"
140,0,868,True,False,,0.0,2,2,,0,2,12.038952098344305,"[3.8958570637728727, 8.143095034571433]",6.695191318354279,"[2.5193842548714205, 4.175807063482859]",45.15131090163571,0.0,[],19.609011251637927,0.0,0.0,0.0,"[9.981082329653718, 9.627928921984209]",[],"[0.0, 0.0]",[],"[23.02841622988133, 22.12289467175438]"
140,0,869,True,False,,0.0,3,3,,0,3,35.201228043766726,"[6.9677606797950835, 11.543651398932798, 16.689815965038843]",16.728478937069024,"[3.7174266651200827, 5.502024045583791, 7.509028226365149]",11.223161010723672,0.0,[],7.377032794182232,0.0,0.0,0.0,"[2.421899675036341, 2.325424432943732, 2.629708686202159]",[],"[0.0, 0.0, 0.0]",[],"[3.645896602657284, 3.39852418703521, 4.178740221031177]"
140,0,870,True,False,,0.0,3,3,,0,3,21.562199726742676,"[9.506310284009892, 7.871532390150017, 4.184357052582768]",11.409257893429645,"[4.707461010763858, 4.069897632158507, 2.6318992505072796]",25.344488732294423,0.0,[],12.884350605594827,0.0,0.0,0.0,"[2.871096156795841, 5.171650409067242, 4.8416040397317435]",[],"[0.0, 0.0, 0.0]",[],"[4.797682453322669, 10.696539510428824, 9.85026676854293]"
140,0,871,True,False,,0.0,2,2,,0,2,23.78996630411355,"[11.76474913990358, 12.02521716420997]",11.278086858604285,"[5.588252164562396, 5.689834694041888]",16.455235768240314,0.0,[],8.417541949613721,0.0,0.0,0.0,"[3.2838778214394733, 5.1336641281742486]",[],"[0.0, 0.0]",[],"[5.856096978049932, 10.59913879019038]"
140,0,872,True,True,1.0,4.99,6,6,True,5,11,55.992791593733735,"[18.06763727718975, 3.8518868694640327, 11.490254946751083, 6.245875102795035, 11.004795316993935, 5.3323420805399016]",27.83718872155616,"[8.046378538104003, 2.502235879090973, 5.481199429232922, 3.4358912900900638, 5.291870173627634, 3.0796134114105618]",67.60072859845195,46.48789176526524,"[4.791833763892466, 7.9857059765213725, 13.571932851519874, 8.782301272315722, 11.356117901015805]",32.36428415339626,23.130277788453444,26.364284153396262,18.130277788453444,"[7.0162866410276, 3.2083989616726827, 6.225873090343693, 7.501278742519136, 4.3943233336292025, 4.018123384203948]","[2.868815167918062, 4.114425330843336, 6.293053812092751, 4.425097496203132, 5.4288859813961645]","[6.0162866410276, 2.2083989616726827, 5.225873090343693, 6.501278742519136, 3.394323333629202, 3.0181233842039474]","[1.8688151679180618, 3.114425330843335, 5.293053812092751, 3.425097496203132, 4.4288859813961645]","[15.426376002634871, 5.662561440186366, 13.399674590624855, 16.66994549363881, 8.7033931631518, 7.7387779082152495]"
140,0,873,True,False,,0.0,2,2,,0,2,12.438959207961911,"[3.5263613750163127, 8.912597832945599]",6.851194091105145,"[2.3752809362563623, 4.475913154848783]",17.516345996088756,0.0,[],8.831374938474616,0.0,0.0,0.0,"[4.62734004938245, 4.204034889092165]",[],"[0.0, 0.0]",[],"[9.300871921493462, 8.215474074595294]"
140,0,874,True,False,,0.0,3,3,,0,3,30.103233370127725,"[13.222293796098231, 12.416713122654526, 4.464226451374968]",14.740261014349812,"[6.156694580478311, 5.842518117835265, 2.7410483160362373]",21.17285947647161,0.0,[],11.257415195823928,0.0,0.0,0.0,"[2.139669031063778, 4.195906267403188, 4.921839897356962]",[],"[0.0, 0.0, 0.0]",[],"[2.922228284778918, 8.194631454879971, 10.055999736812723]"
140,0,875,True,False,,0.0,2,2,,0,2,8.65455843089442,"[5.395225025246059, 3.259333405648361]",5.375277788048824,"[3.104137759845963, 2.271140028202861]",14.840817082469986,0.0,[],7.787918662163296,0.0,0.0,0.0,"[3.1267704359138633, 4.661148226249432]",[],"[0.0, 0.0]",[],"[5.453257527984264, 9.387559554485723]"
140,0,876,True,True,1.0,4.99,6,6,True,1,7,34.694554109705614,"[7.930894104898828, 3.522991933969746, 7.572817307843721, 2.5, 2.6307439460949937, 10.537106816898321]",19.53087610278519,"[4.093048700910543, 2.3739668542482013, 3.9533987500590513, 1.975, 2.025990138977048, 5.109471658590345]",60.8268312236392,4.623870497890786,[4.623870497890786],29.72246417721929,2.803309494177406,23.722464177219287,1.8033094941774064,"[6.116194554000516, 4.46273117123061, 2.3879998614599627, 7.737837359608115, 6.797910976106049, 2.219790254814037]",[2.803309494177406],"[5.116194554000516, 3.4627311712306095, 1.3879998614599625, 6.737837359608115, 5.797910976106049, 1.2197902548140374]",[1.8033094941774064],"[13.118447574360296, 8.87879787495028, 3.5589740037434936, 17.276506050277217, 14.866438400271921, 3.127667320035993]"
140,0,877,True,True,1.0,4.99,8,8,True,2,10,51.46631456927376,"[6.770101938949549, 17.653080864593814, 2.5, 2.5, 3.049377846192404, 2.5, 4.578418285890062, 11.915335633647933]",28.07186268201677,"[3.640339756190324, 7.884701537191588, 1.975, 1.975, 2.189257360015038, 1.975, 2.785583131497124, 5.6469808971226945]",54.63668841737237,34.91679408765158,"[23.366574323301176, 11.550219764350405]",29.308308482775228,15.617549694184117,21.308308482775228,13.617549694184117,"[3.5916624579264687, 2.394345647413904, 2.2889891578313315, 1.975, 6.379752484297132, 3.7160453627352985, 2.5186452790300256, 6.4438680935410675]","[10.11296398608746, 5.504585708096658]","[2.5916624579264687, 1.394345647413904, 1.2889891578313315, 0.9750000000000001, 5.379752484297132, 2.7160453627352985, 1.5186452790300256, 5.4438680935410675]","[9.11296398608746, 4.504585708096658]","[6.6452883536576115, 3.5752452497792406, 3.3051004046957217, 2.5, 13.794237139223416, 6.964218878808457, 3.893962253923142, 13.958636137284788]"
140,0,878,True,True,1.0,4.99,5,5,True,2,7,35.40030404467785,"[6.360059952090126, 5.067309615274705, 6.632654134775947, 7.866394545185898, 9.473885797351176]",18.806118577424364,"[3.4804233813151493, 2.976250749957135, 3.5867351125626197, 4.0678938726225, 4.694815460966959]",51.13553489612828,9.945481074794047,"[2.8328270688340678, 7.112654005959979]",24.942858609490028,5.878737619169678,19.942858609490024,3.8787376191696783,"[5.365981553813688, 6.204655884648708, 3.4229817188603566, 1.975, 7.974239452167275]","[2.1048025568452866, 3.773935062324392]","[4.365981553813688, 5.204655884648708, 2.4229817188603566, 0.9750000000000001, 6.974239452167275]","[1.1048025568452864, 2.773935062324392]","[11.194824496958173, 13.34527149909925, 6.212773638103478, 2.5, 17.88266526196737]"
140,0,879,True,False,,0.0,2,2,,0,2,20.41297127436842,"[5.323237636336471, 15.089733638031948]",9.961058797003684,"[3.076062678171224, 6.8849961188324595]",17.477636347934023,0.0,[],8.816278175694269,0.0,0.0,0.0,"[3.789620407942765, 5.026657767751504]",[],"[0.0, 0.0]",[],"[7.152872840878885, 10.32476350705514]"
140,0,880,True,False,,0.0,2,2,,0,2,19.949876704928155,"[12.23146176980227, 7.718414935125885]",9.780451914921981,"[5.770270090222885, 4.010181824699096]",23.444339611478952,0.0,[],11.143292448476792,0.0,0.0,0.0,"[4.8222457918595065, 6.321046656617286]",[],"[0.0, 0.0]",[],"[9.800630235537197, 13.643709375941757]"
140,0,881,True,False,,0.0,3,3,,0,3,28.72946777571036,"[12.131324387416608, 7.747015360348539, 8.851128027945213]",14.20449243252704,"[5.7312165110924775, 4.02133599053593, 4.451939930898633]",31.2250549544191,0.0,[],15.17777143222345,0.0,0.0,0.0,"[3.019441493177387, 3.118480410697737, 9.039849528348325]",[],"[0.0, 0.0, 0.0]",[],"[5.178055110711249, 5.4320010530711205, 20.614998790636733]"
140,0,882,True,False,,0.0,2,2,,0,2,37.052442172020235,"[11.927494961135547, 25.124947210884685]",16.45045244708789,"[5.651723034842863, 10.798729412245027]",13.726233815394306,0.0,[],7.35323118800378,0.0,0.0,0.0,"[2.9686774381194914, 4.384553749884288]",[],"[0.0, 0.0]",[],"[5.047890866973055, 8.678342948421252]"
140,0,883,True,False,,0.0,3,3,,0,3,40.60972280137837,"[2.6548399365156734, 29.907678973986187, 8.047203890876508]",18.837791892537567,"[2.0353875752411126, 12.663994799854613, 4.138409517441838]",35.34068614238534,0.0,[],16.78286759553028,0.0,0.0,0.0,"[6.510462414004262, 3.5259466545447595, 6.746458526981259]",[],"[0.0, 0.0, 0.0]",[],"[14.129390805139133, 6.476786293704511, 14.73450904354169]"
140,0,884,True,False,,0.0,3,3,,0,3,20.249651157238905,"[2.5, 2.7157581432298863, 15.033893014009019]",10.897363951323173,"[1.975, 2.059145675859656, 6.863218275463518]",19.783848412808055,0.0,[],10.715700880995142,0.0,0.0,0.0,"[2.79802898968405, 4.531380312789794, 3.3862915785212984]",[],"[0.0, 0.0, 0.0]",[],"[4.610330742779614, 9.054821314845624, 6.118696355182816]"
140,0,885,True,False,,0.0,3,3,,0,3,45.79454456861315,"[11.114763274467055, 5.9154343347969265, 28.76434695934916]",20.859872381759125,"[5.334757677042152, 3.3070193905708014, 12.218095314146174]",36.9355714328821,0.0,[],17.40487285882402,0.0,0.0,0.0,"[6.701486077962371, 1.975, 8.728386780861651]",[],"[0.0, 0.0, 0.0]",[],"[14.619195071698385, 2.5, 19.816376361183718]"
140,0,886,True,False,,0.0,2,2,,0,2,22.22865898897716,"[9.467629414354532, 12.76102957462263]",10.669177005701094,"[4.692375471598267, 5.976801534102826]",33.20530206471402,0.0,[],14.950067805238469,0.0,0.0,0.0,"[5.283765957786863, 9.666301847451605]",[],"[0.0, 0.0]",[],"[10.98401527637657, 22.221286788337448]"
140,0,887,True,True,1.0,4.99,8,8,True,4,12,69.35540200899239,"[9.944495857832386, 10.324072605992397, 5.712213358423025, 3.9277984369544456, 9.857084625734927, 10.828113562496243, 11.160466860439847, 7.601156701119115]",35.048606783507026,"[4.8783533845546305, 5.026388316337035, 3.2277632097849795, 2.531841390412234, 4.8442630040366215, 5.222964289373535, 5.35258207557154, 3.964451113436455]",66.07281760279119,36.076498665110606,"[9.299229071775962, 10.813290589811942, 1.6062377615795969, 14.357741241943103]",33.768398865088564,18.069834479393137,25.768398865088564,14.069834479393135,"[5.281722521930789, 4.283406377121529, 7.087694994649706, 1.975, 3.2083304205875502, 6.314083570214094, 2.3179532472719666, 3.300207733312931]","[4.626699337992625, 5.217183330026657, 1.6264327270160428, 6.59951908435781]","[4.281722521930789, 3.283406377121529, 6.087694994649706, 0.9750000000000001, 2.2083304205875502, 5.314083570214094, 1.3179532472719668, 2.300207733312931]","[3.6266993379926253, 4.217183330026657, 0.6264327270160428, 5.59951908435781]","[10.978775697258433, 8.418990710568023, 15.609474345255656, 2.5, 5.662385693814231, 13.625855308241265, 3.379367300697351, 5.897968546956234]"
140,0,888,True,True,1.0,4.99,6,6,True,0,6,51.65015667234801,"[7.215270130653386, 10.595893004501955, 2.5, 19.326089671705294, 7.1429168662932305, 4.869986999194149]",26.143561102215727,"[3.8139553509548207, 5.132398271755762, 1.975, 8.537174971965065, 3.78573757785436, 2.899294929685718]",49.33204302074979,0.0,[],25.239496778092423,0.0,19.23949677809242,0.0,"[4.686608354004989, 2.8895735896107126, 3.3625939418390494, 2.336220418830492, 7.324187415259583, 4.640313058547596]",[],"[3.6866083540049894, 1.8895735896107124, 2.3625939418390494, 1.3362204188304918, 6.324187415259583, 3.6403130585475956]",[],"[9.452841933346127, 4.845060486181314, 6.057933184202691, 3.426206202129466, 16.215865167332264, 9.334136047557937]"
140,0,889,True,True,1.0,4.99,5,5,True,5,10,57.75867245986839,"[5.904150814417007, 14.63736209652447, 7.1443265412826324, 12.88519321648899, 17.187639791155295]",27.525882259348677,"[3.302618817622633, 6.708571217644543, 3.786287351100227, 6.025225354430706, 7.703179518550566]",55.11830899569862,40.34488788325331,"[5.400994125625305, 3.8511347063870094, 10.525502121923223, 8.121630858551155, 12.445626070766618]",26.496140508322462,20.734506274468792,21.496140508322462,15.734506274468792,"[7.9287084199773075, 1.975, 5.906769435295591, 5.182248176198531, 5.503414476851033]","[3.1063877089938687, 2.501942535490934, 5.104945827550057, 4.167436034834951, 5.8537941675989815]","[6.9287084199773075, 0.9750000000000001, 4.906769435295591, 4.182248176198531, 4.503414476851033]","[2.1063877089938687, 1.5019425354909337, 4.104945827550057, 3.167436034834951, 4.8537941675989815]","[17.76591902558284, 2.5, 12.581460090501515, 10.723713272303925, 11.54721660731034]"
140,0,890,True,True,1.0,4.99,4,4,True,1,5,39.12484888245447,"[11.661660389846551, 9.54146611030406, 12.496802006024147, 5.424920376279712]",19.258691064157244,"[5.548047552040155, 4.721171783018583, 5.873752782349418, 3.115718946749088]",36.81608773003686,12.457028146482152,[12.457028146482152],18.358274214714378,5.858240977128039,14.358274214714378,4.858240977128039,"[2.1712558469170458, 6.249406046945711, 5.087901866188762, 4.849710454662859]",[5.858240977128039],"[1.1712558469170458, 5.249406046945711, 4.087901866188762, 3.8497104546628593]",[4.858240977128039],"[3.003220120300117, 13.460015504989002, 10.48179965689426, 9.871052447853485]"
140,0,891,True,True,1.0,4.99,6,6,True,3,9,73.00715460051805,"[21.14047732530385, 16.317420812067553, 9.85933695650526, 4.156445192882615, 11.498778212440397, 10.034696101318367]",34.472790294202035,"[9.244786156868502, 7.363794116706346, 4.845141413037052, 2.62101362522422, 5.484523502851755, 4.913531479514163]",68.13471124312133,22.22030553304039,"[6.827942053629123, 9.19388024762927, 6.198483231781994]",32.572537384817316,11.66591915788575,26.57253738481732,8.665919157885751,"[2.8993362253089296, 8.6494140929251, 5.019873742390654, 4.547398093590665, 7.835831236954256, 3.6206839936477127]","[3.662897400915358, 4.585613296575415, 3.4174084603949777]","[1.8993362253089294, 7.649414092925101, 4.019873742390654, 3.5473980935906657, 6.835831236954256, 2.6206839936477127]","[2.662897400915358, 3.5856132965754153, 2.4174084603949777]","[4.870092885407511, 19.61388228955154, 10.307368570232446, 9.095892547668374, 17.52777240244681, 6.719702547814648]"
140,0,892,True,False,,0.0,3,3,,0,3,23.831872018499578,"[8.97690209367691, 8.450651435643351, 6.404318489179314]",12.294430087214835,"[4.500991816533995, 4.295754059900907, 3.4976842107799326]",25.48994273240037,0.0,[],12.941077665636143,0.0,0.0,0.0,"[3.9805205311402525, 5.393296285036164, 3.5672608494597275]",[],"[0.0, 0.0, 0.0]",[],"[7.642360336257058, 11.264862269323496, 6.582720126819814]"
140,0,893,True,False,,0.0,1,1,,0,1,15.935224749790898,[15.935224749790898],7.21473765241845,[7.21473765241845],13.867779999213383,0.0,[],6.408434199693219,0.0,0.0,0.0,[6.408434199693219],[],[0.0],[],[13.867779999213383]
140,0,894,True,False,,0.0,2,2,,0,2,43.75779661010251,"[27.874494209639852, 15.883302400462657]",19.06554067793998,"[11.871052741759543, 7.194487936180437]",24.243433525374993,0.0,[],11.454939074896247,0.0,0.0,0.0,"[5.7138252401570995, 5.7411138347391475]",[],"[0.0, 0.0]",[],"[12.086731385018204, 12.156702140356789]"
140,0,895,True,False,,0.0,1,1,,0,1,12.381762600987262,[12.381762600987262],5.828887414385032,[5.828887414385032],10.606682183140581,0.0,[],5.136606051424827,0.0,0.0,0.0,[5.136606051424827],[],[0.0],[],[10.606682183140581]
140,0,896,True,False,,0.0,1,1,,0,1,14.723383556144029,[14.723383556144029],6.742119586896171,[6.742119586896171],7.459672258791496,0.0,[],3.9092721809286837,0.0,0.0,0.0,[3.9092721809286837],[],[0.0],[],[7.459672258791496]
140,0,897,True,True,1.0,4.99,4,4,True,1,5,20.151356680116933,"[6.728716692815533, 2.5, 8.359613675463379, 2.5630263118380214]",11.859029105245604,"[3.624199510198058, 1.975, 4.260249333430718, 1.9995802616168286]",53.715923925036684,13.140182040096224,[13.140182040096224],24.94921033076431,6.124670995637528,20.94921033076431,5.124670995637528,"[5.34173201629306, 10.02836644593115, 4.142591338877216, 5.4365205296628805]",[6.124670995637528],"[4.34173201629306, 9.02836644593115, 3.1425913388772164, 4.4365205296628805]",[5.124670995637528],"[11.132646195623229, 23.149657553669616, 8.05792650994158, 11.375693665802258]"
140,0,898,True,False,,0.0,3,3,,0,3,16.39267937104188,"[4.428262957004449, 9.46441641403743, 2.5]",9.393144954706333,"[2.727022553231735, 4.691122401474598, 1.975]",29.082492976226334,0.0,[],14.34217226072827,0.0,0.0,0.0,"[4.093982132287089, 1.9772058897874172, 8.270984238653764]",[],"[0.0, 0.0, 0.0]",[],"[7.933287518684844, 2.505656127660044, 18.643549329881445]"
140,0,899,True,False,,0.0,1,1,,0,1,24.096764750913138,[24.096764750913138],10.397738252856124,[10.397738252856124],4.907416796911504,0.0,[],2.9138925507954867,0.0,0.0,0.0,[2.9138925507954867],[],[0.0],[],[4.907416796911504]
140,0,900,True,False,,0.0,2,2,,0,2,7.71453255598569,"[4.1403096161108115, 3.5742229398748777]",5.008667696834419,"[2.6147207502832166, 2.3939469465512024]",20.202428794024918,0.0,[],9.878947229669718,0.0,0.0,0.0,"[4.8884586556464455, 4.9904885740232725]",[],"[0.0, 0.0]",[],"[9.970406809349859, 10.232021984675058]"
140,0,901,True,True,1.0,4.99,6,6,True,2,8,59.71237141562264,"[7.825732277947949, 8.286428786962489, 19.429543479126206, 4.83409381445226, 11.948763061904096, 7.387809995229635]",29.28782485209283,"[4.052035588399701, 4.23170722691537, 8.57752195685922, 2.8852965876363816, 5.660017594142597, 3.881245898139558]",67.11486358635233,7.6064414293500775,"[3.6820702743817137, 3.9243711549683638]",32.17479679867741,4.96651215744653,26.174796798677413,2.9665121574465303,"[2.108765024093733, 7.648303631500232, 2.8534645029956582, 7.967312327042608, 5.017354828285323, 6.579596484759858]","[2.4360074070088684, 2.530504750437662]","[1.1087650240937328, 6.648303631500232, 1.853464502995658, 6.967312327042608, 4.017354828285323, 5.579596484759858]","[1.4360074070088684, 1.5305047504376619]","[2.8429872412659813, 17.04693238846213, 4.752473084604251, 17.864903402673352, 10.300909816116212, 14.306657653230403]"
140,0,902,True,False,,0.0,3,3,,0,3,24.316647077623024,"[7.079516546566026, 6.080812225433572, 11.156318305623428]",12.48349236027298,"[3.76101145316075, 3.3715167679190934, 5.350964139193137]",21.499114051765638,0.0,[],11.384654480188598,0.0,0.0,0.0,"[4.275988068879208, 3.8031723720634023, 3.305494039245988]",[],"[0.0, 0.0, 0.0]",[],"[8.399969407382583, 7.187621466829237, 5.911523177553816]"
140,0,903,True,False,,0.0,2,2,,0,2,19.084725168732447,"[9.71280806236551, 9.371917106366936]",9.443042815805654,"[4.787995144322549, 4.655047671483105]",21.284620271070164,0.0,[],10.301001905717364,0.0,0.0,0.0,"[8.326001905717364, 1.975]",[],"[0.0, 0.0]",[],"[18.784620271070164, 2.5]"
140,0,904,True,False,,0.0,1,1,,0,1,9.187304121277581,[9.187304121277581],4.583048607298257,[4.583048607298257],11.86795572610877,0.0,[],5.628502733182421,0.0,0.0,0.0,[5.628502733182421],[],[0.0],[],[11.86795572610877]
140,0,905,True,True,1.0,4.99,4,4,True,2,6,45.369895437164715,"[17.294687826276277, 6.9252232387016335, 9.859252272001076, 11.290732100185725]",21.69425922049424,"[7.744928252247749, 3.7008370630936374, 4.845108386080419, 5.403385519072433]",34.77461136662874,23.265185778873203,"[11.039857091063034, 12.225328687810167]",17.56209843298521,11.073422453760548,13.56209843298521,9.073422453760548,"[3.4631093480769217, 6.392725033507511, 3.8558672277153128, 3.8503968236854633]","[5.305544265514583, 5.767878188245965]","[2.4631093480769217, 5.392725033507511, 2.8558672277153128, 2.8503968236854633]","[4.305544265514583, 4.767878188245965]","[6.31566499506903, 13.827500085916695, 7.322736481321314, 7.3087098043217]"
140,0,906,True,False,,0.0,1,1,,0,1,14.874297252380552,[14.874297252380552],6.800975928428415,[6.800975928428415],20.10421253112697,0.0,[],8.840642887139518,0.0,0.0,0.0,[8.840642887139518],[],[0.0],[],[20.10421253112697]
140,0,907,True,False,,0.0,1,1,,0,1,2.8843361084805914,[2.8843361084805914],2.124891082307431,[2.124891082307431],9.879024653242201,0.0,[],4.852819614764458,0.0,0.0,0.0,[4.852819614764458],[],[0.0],[],[9.879024653242201]
140,0,908,True,False,,0.0,3,3,,0,3,11.64883411257938,"[3.3777184178018302, 5.771115694777549, 2.5]",7.5430453039059575,"[2.317310182942714, 3.2507351209632445, 1.975]",27.855350582053084,0.0,[],13.863586727000703,0.0,0.0,0.0,"[4.505712557398488, 2.278882482687302, 7.078991686914913]",[],"[0.0, 0.0, 0.0]",[],"[8.98900655743202, 3.2791858530443636, 15.587158171576698]"
140,0,909,True,False,,0.0,3,3,,0,3,14.007984023241221,"[4.618890879709513, 4.8930581603983985, 4.496034983133311]",8.463113769064076,"[2.80136744308671, 2.908292682555375, 2.753453643421991]",36.66008595492763,0.0,[],17.297433522421777,0.0,0.0,0.0,"[3.7781847172370444, 9.947580259423592, 3.5716685457611392]",[],"[0.0, 0.0, 0.0]",[],"[7.123550557018063, 22.942513485701518, 6.594021912208049]"
140,0,910,True,False,,0.0,1,1,,0,1,6.84267797619923,[6.84267797619923],3.6686444107177,[3.6686444107177],15.400113631243238,0.0,[],7.006044316184863,0.0,0.0,0.0,[7.006044316184863],[],[0.0],[],[15.400113631243238]
140,0,911,True,False,,0.0,2,2,,0,2,30.493436295501894,"[16.189035809386255, 14.30440048611564]",13.89244015524574,"[7.31372396566064, 6.5787161895851]",20.020272460897985,0.0,[],9.807906259750213,0.0,0.0,0.0,"[4.805080895321105, 5.002825364429109]",[],"[0.0, 0.0]",[],"[9.756617680310525, 10.263654780587459]"
140,0,912,True,True,1.0,4.99,5,5,True,1,6,36.70310241063968,"[3.320916809096874, 8.60908644735605, 10.292176951946486, 6.774886123267388, 7.7060360789728835]",19.31420994014948,"[2.295157555547781, 4.35754371446886, 5.01394901125913, 3.6422055880742814, 4.005354070799425]",36.50651355640697,9.956446298937186,[9.956446298937186],19.237540286998723,4.883014056585503,14.237540286998723,3.8830140565855027,"[2.627362303819723, 3.26753508021031, 5.068352573822974, 6.16381677431618, 2.110473554829536]",[4.883014056585503],"[1.627362303819723, 2.26753508021031, 4.068352573822974, 5.16381677431618, 1.1104735548295361]",[3.8830140565855027],"[4.172723855948007, 5.814192513359769, 10.431673266212753, 13.240555831579947, 2.847368089306503]"
140,0,913,True,False,,0.0,1,1,,0,1,10.521953616024293,[10.521953616024293],5.103561910249474,[5.103561910249474],9.25757877496134,0.0,[],4.6104557222349225,0.0,0.0,0.0,[4.6104557222349225],[],[0.0],[],[9.25757877496134]
140,0,914,True,False,,0.0,1,1,,0,1,8.196994451381354,[8.196994451381354],4.196827836038728,[4.196827836038728],13.777833093170427,0.0,[],6.373354906336467,0.0,0.0,0.0,[6.373354906336467],[],[0.0],[],[13.777833093170427]
140,0,915,True,False,,0.0,1,1,,0,1,8.590090699602236,[8.590090699602236],4.350135372844872,[4.350135372844872],11.980571991097268,0.0,[],5.672423076527934,0.0,0.0,0.0,[5.672423076527934],[],[0.0],[],[11.980571991097268]
140,0,916,True,False,,0.0,2,2,,0,2,15.828119963721992,"[4.339646352595808, 11.488473611126185]",8.172966785851578,"[2.6924620775123653, 5.480504708339212]",11.724945381290823,0.0,[],6.572728698703422,0.0,0.0,0.0,"[2.500427409927949, 4.072301288775472]",[],"[0.0, 0.0]",[],"[3.847249769046023, 7.8776956122448]"
140,0,917,True,False,,0.0,1,1,,0,1,5.794530658160645,[5.794530658160645],3.2598669566826515,[3.2598669566826515],9.469620066694423,0.0,[],4.693151826010825,0.0,0.0,0.0,[4.693151826010825],[],[0.0],[],[9.469620066694423]
140,0,918,True,True,1.0,4.99,4,4,True,0,4,39.19961078714206,"[5.223004959969444, 8.472593748206826, 8.690538974831437, 16.813473104134356]",19.287848206985405,"[3.036971934388083, 4.304311561800662, 4.38931020018426, 7.557254510612399]",48.564629095653274,0.0,[],22.940205347304776,0.0,18.940205347304776,0.0,"[5.47765065609283, 5.822345636381132, 7.583459941274784, 4.0567491135560285]",[],"[4.47765065609283, 4.822345636381132, 6.583459941274784, 3.0567491135560285]",[],"[11.481155528443153, 12.36498881123367, 16.88066651608919, 7.837818239887252]"
140,0,919,True,True,1.0,4.99,4,4,True,1,5,35.795215986791725,"[4.000222203659888, 10.991229757515185, 14.631942907422982, 6.171821118193669]",17.960134234848773,"[2.5600866594273564, 5.286579605430923, 6.706457733894963, 3.4070102360955308]",41.75345545802686,6.9146939370764855,[6.9146939370764855],20.283847628630475,3.6967306354598293,16.28384762863048,2.6967306354598293,"[5.342876067701335, 4.04078479958558, 6.492224494197079, 4.407962267146482]",[3.6967306354598293],"[4.342876067701335, 3.04078479958558, 5.492224494197079, 3.4079622671464826]",[2.6967306354598293],"[11.135579660772652, 7.796884101501487, 14.082626908197637, 8.738364787555083]"
140,0,920,True,True,1.0,4.99,5,5,True,1,6,48.273010843878396,"[3.72608543442622, 14.744611821220088, 10.377981424339687, 9.48427667101582, 9.940055492876581]",23.826474229112574,"[2.453173319426226, 6.750398610275835, 5.047412755492478, 4.69886790169617, 4.876621642221867]",41.524551116185,7.92525751633168,[7.92525751633168],21.194574935312154,4.090850431369356,16.194574935312154,3.0908504313693554,"[3.48757081795069, 3.123912413089248, 4.743838932840183, 3.7828779736116274, 6.056374797820403]",[4.090850431369356],"[2.48757081795069, 2.123912413089248, 3.743838932840183, 2.7828779736116274, 5.056374797820403]",[3.0908504313693554],"[6.378386712694077, 5.445929264331404, 9.599587007282521, 7.135584547722122, 12.96506358415488]"
140,0,921,True,True,1.0,4.99,4,4,True,0,4,75.90477012178606,"[20.376586094007077, 13.171822029237138, 26.130736232769983, 16.225625765771863]",33.602860347496566,"[8.94686857666276, 6.1370105914024835, 11.190987130780293, 7.327994048651027]",37.44444921566421,0.0,[],18.603335194109043,0.0,14.603335194109043,0.0,"[3.9760926422450837, 3.5301655092108786, 5.500649742827725, 5.596427299825355]",[],"[2.9760926422450837, 2.5301655092108786, 4.500649742827725, 4.596427299825355]",[],"[7.631006774987394, 6.487603869771483, 11.540127545712116, 11.785711025193217]"
140,0,922,True,False,,0.0,2,2,,0,2,7.6407324288352365,"[3.7887103817819225, 3.852022047053314]",4.979885647245743,"[2.4775970488949497, 2.5022885983507925]",18.74079967090289,0.0,[],9.308911871652128,0.0,0.0,0.0,"[3.197765134852919, 6.111146736799209]",[],"[0.0, 0.0]",[],"[5.635295217571588, 13.105504453331305]"
140,0,923,True,False,,0.0,2,2,,0,2,17.469658017372176,"[14.01058150963395, 3.4590765077382275]",8.81316662677515,"[6.46412678875724, 2.3490398380179087]",20.685433053510465,0.0,[],10.067318890869082,0.0,0.0,0.0,"[5.5006513693748635, 4.566667521494218]",[],"[0.0, 0.0]",[],"[11.540131716345805, 9.145301337164662]"
140,0,924,True,True,1.0,4.99,6,6,True,3,9,41.47788959521331,"[9.176697824159953, 4.475126313309214, 5.722495962818184, 8.859450721813188, 4.915413304724914, 8.32870546838786]",22.17637694213319,"[4.578912151422382, 2.7452992621905934, 3.2317734254990915, 4.455185781507144, 2.917011188842716, 4.248195132671265]",72.91950196883884,24.89728713646611,"[2.5809785387879307, 15.907094769430639, 6.409213828247542]",34.43860576784715,12.709941983221784,28.43860576784715,9.709941983221784,"[2.375330753799121, 9.514346902504464, 4.282827393857353, 5.054941035935911, 8.048619704316046, 5.162539977434255]","[2.006581630127293, 7.2037669600779495, 3.4995933930165415]","[1.375330753799121, 8.514346902504464, 3.2828273938573536, 4.054941035935911, 7.048619704316046, 4.162539977434255]","[1.006581630127293, 6.2037669600779495, 2.4995933930165415]","[3.5264891123054385, 21.83165872437042, 8.417506138095778, 10.397284707527975, 18.07338385722063, 10.673179429318603]"
140,0,925,True,False,,0.0,1,1,,0,1,7.469418858218564,[7.469418858218564],3.91307335470524,[3.91307335470524],6.959152482555701,0.0,[],3.7140694681967235,0.0,0.0,0.0,[3.7140694681967235],[],[0.0],[],[6.959152482555701]
140,0,926,True,False,,0.0,2,2,,0,2,15.375419224591704,"[7.46698842802013, 7.908430796571574]",7.9964134975907655,"[3.912125486927851, 4.084288010662914]",20.41392209088314,0.0,[],9.961429615444425,0.0,0.0,0.0,"[2.779977686878717, 7.181451928565708]",[],"[0.0, 0.0]",[],"[4.56404535097107, 15.849876739912071]"
140,0,927,True,False,,0.0,1,1,,0,1,19.63637392947361,[19.63637392947361],8.65818583249471,[8.65818583249471],11.295815459433665,0.0,[],5.4053680291791295,0.0,0.0,0.0,[5.4053680291791295],[],[0.0],[],[11.295815459433665]
140,0,928,True,False,,0.0,3,3,,0,3,28.90718192995726,"[10.677798376085093, 9.786447645446533, 8.442935908425635]",14.273800952683331,"[5.164341366673186, 4.816714581724147, 4.292745004285997]",25.4529562752204,0.0,[],12.926652947335956,0.0,0.0,0.0,"[5.200085899866541, 2.66465183979267, 5.061915207676746]",[],"[0.0, 0.0, 0.0]",[],"[10.769451025298823, 4.268338050750436, 10.415167199171144]"
140,0,929,True,False,,0.0,1,1,,0,1,7.206596821944834,[7.206596821944834],3.8105727605584856,[3.8105727605584856],20.60880189509518,0.0,[],9.037432739087121,0.0,0.0,0.0,[9.037432739087121],[],[0.0],[],[20.60880189509518]
140,0,930,True,False,,0.0,3,3,,0,3,27.040278280416803,"[9.462462819203735, 8.633421317254578, 8.94439414395849]",13.545708529362553,"[4.690360499489456, 4.3670343137292855, 4.488313716143812]",43.1892015054209,0.0,[],19.84378858711415,0.0,0.0,0.0,"[7.588132601041805, 4.7247213604027145, 7.530934625669633]",[],"[0.0, 0.0, 0.0]",[],"[16.892647694978987, 9.55056759077619, 16.745986219665724]"
140,0,931,True,False,,0.0,2,2,,0,2,35.79639182315141,"[8.985899889879184, 26.81049193327223]",15.96059281102905,"[4.504500957052882, 11.456091853976169]",25.7014167653997,0.0,[],12.023552538505882,0.0,0.0,0.0,"[6.608848575850344, 5.414703962655539]",[],"[0.0, 0.0]",[],"[14.381663015000882, 11.319753750398817]"
140,0,932,True,False,,0.0,2,2,,0,2,14.066461459965716,"[8.40324117290759, 5.663220287058125]",7.485919969386629,"[4.27726405743396, 3.2086559119526687]",22.279141410544725,0.0,[],10.688865150112443,0.0,0.0,0.0,"[4.941990987534327, 5.746874162578116]",[],"[0.0, 0.0]",[],"[10.107669198805965, 12.17147221173876]"
140,0,933,True,True,1.0,4.99,5,5,True,3,8,46.61137650915634,"[10.844694848333459, 10.733834045849854, 14.925062316631216, 6.608446787488742, 3.4993385108530557]",23.178436838570967,"[5.229430990850049, 5.186195277881443, 6.820774303486174, 3.5772942471206095, 2.3647420192326916]",57.913589653486135,15.858828948608787,"[4.624104604322295, 7.226634733191816, 4.008089611094675]",27.586299964859595,9.184943289957427,22.586299964859595,6.1849432899574275,"[4.461942664459032, 3.7019891174445085, 9.226025449816232, 3.9424798192070933, 6.253862913932728]","[2.803400795685695, 3.8183875459448084, 2.5631549483269236]","[3.461942664459032, 2.7019891174445085, 8.226025449816232, 2.9424798192070933, 5.253862913932728]","[1.8034007956856952, 2.8183875459448084, 1.5631549483269234]","[8.876776062715466, 6.928177224216689, 21.092372948246748, 7.5448200492489566, 13.471443369058278]"
140,0,934,True,True,1.0,4.99,5,5,True,0,5,43.13759796130505,"[8.581471615195344, 7.748911324391719, 11.868930650455972, 7.924178916523028, 7.014105454738983]",21.82366320490897,"[4.346773929926185, 4.02207541651277, 5.628882953677829, 4.0904297774439815, 3.7355011273482037]",48.74623812444198,0.0,[],24.011032868532375,0.0,19.011032868532375,0.0,"[4.556304884908823, 6.096702162380369, 6.445618969250288, 3.0090476721827617, 3.903359179810131]",[],"[3.556304884908823, 5.096702162380369, 5.445618969250288, 2.0090476721827617, 2.903359179810131]",[],"[9.118730474125186, 13.068467083026588, 13.963125562180224, 5.1514042876481065, 7.444510717461873]"
140,0,935,True,False,,0.0,2,2,,0,2,10.653798076974546,"[4.525257542420651, 6.128540534553894]",6.1549812500200725,"[2.764850441544054, 3.3901308084760187]",7.204966618390545,0.0,[],4.809936981172312,0.0,0.0,0.0,"[1.975, 2.834936981172312]",[],"[0.0, 0.0]",[],"[2.5, 4.704966618390545]"
140,0,936,True,False,,0.0,2,2,,0,2,15.94939470460644,"[4.733957977290436, 11.215436727316003]",8.220263934796513,"[2.8462436111432705, 5.374020323653242]",19.104903432243024,0.0,[],9.45091233857478,0.0,0.0,0.0,"[6.481991569305949, 2.9689207692688306]",[],"[0.0, 0.0]",[],"[14.056388639246023, 5.048514792997001]"
140,0,937,True,False,,0.0,3,3,,0,3,32.61870090485968,"[17.346092601103134, 7.687060208151779, 7.585548095604761]",15.721293352895275,"[7.7649761144302225, 3.997953481179194, 3.958363757285857]",25.369067608098646,0.0,[],12.89393636715847,0.0,0.0,0.0,"[3.2212343462041546, 5.054252916986528, 4.61844910396779]",[],"[0.0, 0.0, 0.0]",[],"[5.6954726825747555, 10.395520299965455, 9.278074625558435]"
140,0,938,True,True,1.0,4.99,4,4,True,5,9,45.88392882780595,"[12.369509350333153, 15.105176319843043, 5.1114029014971685, 13.297840256132588]",21.89473224284432,"[5.82410864662993, 6.891018764738787, 2.9934471315838955, 6.18615769989171]",26.605779834813934,40.695914973482246,"[9.296147406172256, 10.949259601706371, 2.607553059659831, 14.427611483897813, 3.4153434220459777]",14.376254135577435,20.871406839658082,10.376254135577435,15.871406839658077,"[3.9542467340542586, 2.2960945449862287, 5.027487431516651, 3.0984254250202965]","[4.625497488407181, 5.270211244665485, 2.016945693267334, 6.626768478720147, 2.3319839345979316]","[2.9542467340542586, 1.2960945449862284, 4.027487431516651, 2.0984254250202965]","[3.6254974884071802, 4.270211244665485, 1.0169456932673342, 5.626768478720147, 1.3319839345979314]","[7.57499162578015, 3.3233193461185344, 10.326890850042695, 5.380578012872554]"
140,0,939,True,True,1.0,4.99,4,4,True,4,8,30.677110113592832,"[9.74283740277179, 7.735295822019722, 3.375705123642408, 9.82327176515891]",15.964072944301204,"[4.7997065870809985, 4.016765370587692, 2.3165249982205394, 4.831075988411975]",30.86198541136928,21.427079919385015,"[6.625053123791105, 6.780330150860244, 4.010848322366832, 4.010848322366832]",16.03617431043402,12.356561168560155,12.03617431043402,8.356561168560155,"[1.975, 2.9529408186338886, 5.954437811304251, 5.15379568049588]","[3.5837707182785308, 3.644328758835495, 2.5642308457230643, 2.5642308457230643]","[0.9750000000000001, 1.9529408186338888, 4.954437811304251, 4.15379568049588]","[2.5837707182785308, 2.644328758835495, 1.5642308457230645, 1.5642308457230645]","[2.5, 5.007540560599715, 12.703686695651925, 10.65075815511764]"
140,0,940,True,True,1.0,4.99,5,5,True,3,8,47.23003304701406,"[2.5, 15.17258488853397, 11.71166996973798, 11.27848847955196, 6.567289709190148]",23.419712888335486,"[1.975, 6.917308106528249, 5.567551288197812, 5.398610507025265, 3.561242986584158]",47.23726248500094,20.281108661908487,"[10.20990016948753, 7.742713550665708, 2.3284949417552494]",23.42253236915037,10.909632378144309,18.42253236915037,7.909632378144311,"[5.4961644044416005, 4.534671078086387, 3.3843271780454804, 4.98777595716433, 5.019593751412572]","[4.981861066100137, 4.019658284759626, 1.9081130272845472]","[4.4961644044416005, 3.5346710780863866, 2.3843271780454804, 3.98777595716433, 4.019593751412572]","[3.9818610661001372, 3.0196582847596263, 0.9081130272845473]","[11.528626678055385, 9.063259174580478, 6.113659430885847, 10.225066556831615, 10.30665064464762]"
140,0,941,True,False,,0.0,2,2,,0,2,27.7730379149631,"[5.053098905940625, 22.719939009022475]",12.83148478683561,"[2.970708573316844, 9.860776213518765]",10.526667948324341,0.0,[],6.105400499846493,0.0,0.0,0.0,"[3.186599594855898, 2.918800904990595]",[],"[0.0, 0.0]",[],"[5.606665627835636, 4.920002320488705]"
140,0,942,True,True,1.0,4.99,5,5,True,2,7,56.30366073521031,"[16.424185117706465, 10.238774321384746, 8.648793280641549, 6.793898287467485, 14.198009728010062]",26.95842768673202,"[7.405432195905521, 4.993121985340051, 4.3730293794502035, 3.649620332112319, 6.537223793923924]",57.26430895948011,8.259099980939869,"[3.939219471752237, 4.319880509187632]",27.33308049419724,5.2210489925665495,22.33308049419724,3.221048992566549,"[3.857599163091325, 3.120812410802269, 6.0640040413485305, 9.986705309404874, 4.303959569550246]","[2.5362955939833727, 2.684753398583177]","[2.857599163091325, 2.120812410802269, 5.0640040413485305, 8.986705309404874, 3.303959569550246]","[1.5362955939833725, 1.6847533985831766]","[7.327177341259807, 5.437980540518638, 12.984625747047515, 23.042834126679164, 8.47169120397499]"
140,0,943,True,False,,0.0,1,1,,0,1,8.29126013670921,[8.29126013670921],4.233591453316592,[4.233591453316592],3.6624953081528404,0.0,[],2.428373170179608,0.0,0.0,0.0,[2.428373170179608],[],[0.0],[],[3.6624953081528404]
140,0,944,True,True,1.0,4.99,4,4,True,2,6,43.695538852488056,"[7.914549066786222, 2.5110371747385973, 8.12621229451997, 25.14374031644327]",21.041260152470343,"[4.086674136046627, 1.979304498148053, 4.1692227948627885, 10.806058723412876]",41.533695688673674,7.747107821597117,"[5.432809331346743, 2.3142984902503745]",20.19814131858273,5.021372050422876,16.198141318582735,3.0213720504228756,"[6.998224452808163, 4.183332912607372, 5.671441212728448, 3.34514274043875]","[3.1187956392252296, 1.902576411197646]","[5.998224452808163, 3.183332912607372, 4.671441212728448, 2.34514274043875]","[2.1187956392252296, 0.9025764111976461]","[15.38006269950811, 8.162392083608646, 11.978054391611405, 6.013186513945512]"
140,0,945,True,False,,0.0,2,2,,0,2,15.432171925136782,"[12.682345393144542, 2.7498265319922393]",8.018547050803345,"[5.946114703326372, 2.0724323474769735]",27.503948461234273,0.0,[],12.726539899881368,0.0,0.0,0.0,"[7.524521479074382, 5.202018420806986]",[],"[0.0, 0.0]",[],"[16.729542254036875, 10.7744062071974]"
140,0,946,True,False,,0.0,1,1,,0,1,8.340486142778975,[8.340486142778975],4.252789595683801,[4.252789595683801],6.470108192151095,0.0,[],3.523342194938927,0.0,0.0,0.0,[3.523342194938927],[],[0.0],[],[6.470108192151095]
140,0,947,True,False,,0.0,2,2,,0,2,12.441878776115722,"[8.921154777798208, 3.520723998317515]",6.852332722685132,"[4.479250363341301, 2.3730823593438313]",19.475722729495295,0.0,[],9.595531864503165,0.0,0.0,0.0,"[4.1178274390123715, 5.477704425490795]",[],"[0.0, 0.0]",[],"[7.994429330800951, 11.481293398694346]"
140,0,948,True,True,1.0,4.99,4,4,True,5,9,29.125269162742903,"[13.674107789699063, 7.6745817763491475, 2.8199377927076092, 4.956641803987081]",15.358854973469732,"[6.332902037982635, 3.9930868927761676, 2.0997757391559677, 2.9330903035549616]",37.932307790180936,64.01465756554835,"[22.640092914426848, 10.314276877235608, 7.508295159252211, 14.05249847930166, 9.499494135332016]",18.793600038170567,29.965716450563857,14.793600038170565,24.965716450563853,"[4.814605349360223, 2.598706833210658, 7.232653889066866, 4.147633966532817]","[9.82963623662647, 5.022567982121887, 3.9282351121083625, 6.480474406927647, 4.704802712779486]","[3.8146053493602228, 1.5987068332106582, 6.232653889066866, 3.1476339665328177]","[8.82963623662647, 4.022567982121887, 2.9282351121083625, 5.480474406927647, 3.7048027127794865]","[9.781039357333905, 4.099248290283739, 15.98116381812017, 8.070856324443122]"
140,0,949,True,False,,0.0,2,2,,0,2,12.497693050144985,"[8.566487428961752, 3.9312056211832322]",6.874100289556544,"[4.340930097295083, 2.5331701922614607]",13.798821689866596,0.0,[],7.381540459047972,0.0,0.0,0.0,"[2.439305319091552, 4.94223513995642]",[],"[0.0, 0.0]",[],"[3.6905264592091074, 10.108295230657488]"
140,0,950,True,False,,0.0,1,1,,0,1,5.192162480934685,[5.192162480934685],3.024943367564527,[3.024943367564527],8.77952153369439,0.0,[],4.424013398140813,0.0,0.0,0.0,[4.424013398140813],[],[0.0],[],[8.77952153369439]
140,0,951,True,False,,0.0,3,3,,0,3,22.826242403867866,"[5.153627127357062, 6.255206769543516, 11.41740850696729]",11.90223453750847,"[3.009914579669254, 3.4395306401219714, 5.452789317717243]",25.771834868891766,0.0,[],13.051015598867789,0.0,0.0,0.0,"[5.909589952399043, 2.6643152460892616, 4.477110400379485]",[],"[0.0, 0.0, 0.0]",[],"[12.588692185638571, 4.267474989972466, 8.91566769328073]"
140,0,952,True,False,,0.0,1,1,,0,1,4.4166574983297044,[4.4166574983297044],2.7224964243485847,[2.7224964243485847],17.912271360912438,0.0,[],7.985785830755852,0.0,0.0,0.0,[7.985785830755852],[],[0.0],[],[17.912271360912438]
140,0,953,True,False,,0.0,1,1,,0,1,15.503424272853742,[15.503424272853742],7.04633546641296,[7.04633546641296],17.875322337555275,0.0,[],7.971375711646558,0.0,0.0,0.0,[7.971375711646558],[],[0.0],[],[17.875322337555275]
140,0,954,True,False,,0.0,1,1,,0,1,19.512122194064638,[19.512122194064638],8.609727655685209,[8.609727655685209],3.338139892655963,0.0,[],2.3018745581358253,0.0,0.0,0.0,[2.3018745581358253],[],[0.0],[],[3.338139892655963]
140,0,955,True,False,,0.0,2,2,,0,2,19.888130830928162,"[15.021276122323318, 4.866854708604845]",9.756371024061984,"[6.858297687706094, 2.89807333635589]",8.856573699388488,0.0,[],5.454063742761511,0.0,0.0,0.0,"[3.47906374276151, 1.975]",[],"[0.0, 0.0]",[],"[6.356573699388487, 2.5]"
140,0,956,True,True,1.0,4.99,4,4,True,0,4,44.96470692939146,"[9.197974905577885, 8.31742146231319, 12.847999802521313, 14.601310758979075]",21.53623570246267,"[4.587210213175375, 4.243794370302144, 6.010719922983312, 6.694511196001839]",31.921325092930772,0.0,[],16.449316786243003,0.0,12.449316786243001,0.0,"[4.9157846612177085, 6.445131535319735, 2.6282835359701817, 2.460117053735376]",[],"[3.915784661217709, 5.445131535319735, 1.628283535970182, 1.460117053735376]",[],"[10.040473490301817, 13.961875731589064, 4.175085989667133, 3.743889881372759]"
140,0,957,True,True,1.0,4.99,7,7,True,1,8,72.77896557229036,"[8.32995870300551, 12.864442580488053, 4.712880208756786, 5.112989243161393, 8.707210020160057, 6.286139608865842, 26.76534520785271]",35.38379657319324,"[4.2486838941721485, 6.017132606390341, 2.838023281415147, 2.9940658048329434, 4.395811907862422, 3.4515944474576785, 11.438484631062558]",79.3764169932955,11.651990064649146,[11.651990064649146],37.956802627385244,5.544276125213167,30.956802627385244,4.544276125213167,"[3.2561256303839317, 5.669977416907909, 7.582070622303294, 4.886548108210311, 4.378016120191459, 3.8131868896400802, 8.370877839748262]",[5.544276125213167],"[2.2561256303839317, 4.669977416907909, 6.582070622303294, 3.8865481082103117, 3.3780161201914587, 2.8131868896400802, 7.370877839748262]",[4.544276125213167],"[5.784937513804953, 11.974301068994638, 16.877104159752037, 9.96550796977003, 8.661579795362714, 7.213299717025847, 18.899686768585287]"
140,0,958,True,False,,0.0,3,3,,0,3,20.390686848684222,"[4.876964221599884, 10.866481194869715, 4.647241432214623]",10.952367870986846,"[2.902016046423955, 5.237927665999189, 2.812424158563703]",17.439150347928482,0.0,[],9.801268635692107,0.0,0.0,0.0,"[2.741892843725376, 2.4957362458927315, 4.5636395460740005]",[],"[0.0, 0.0, 0.0]",[],"[4.466391906988142, 3.835221143314696, 9.137537297625643]"
140,0,959,True,False,,0.0,2,2,,0,2,13.460891292252061,"[10.286180440893293, 3.1747108513587676]",7.249747603978303,"[5.011610371948384, 2.2381372320299193]",14.81255272965174,0.0,[],7.776895564564178,0.0,0.0,0.0,"[3.0738782204385906, 4.703017344125588]",[],"[0.0, 0.0]",[],"[5.317636462663053, 9.494916266988687]"
140,0,960,True,False,,0.0,3,3,,0,3,41.82634503039685,"[19.697463357509406, 12.07573940040913, 10.053142272478313]",19.31227456185477,"[8.682010709428669, 5.709538366159561, 4.920725486266543]",27.982828293774666,0.0,[],13.913303034572122,0.0,0.0,0.0,"[2.8522771535140627, 7.278562489384558, 3.7824633916735]",[],"[0.0, 0.0, 0.0]",[],"[4.749428598754007, 16.09887817790912, 7.134521517111539]"
140,0,961,True,True,1.0,4.99,9,2,,1,10,27.900449953176235,"[10.148910041071494, 17.751539912104743]",12.881175481738733,"[4.958074916017883, 7.92310056572085]",25.831224232983708,4.530500877562366,[4.530500877562366],12.074177450863646,2.766895342249323,10.074177450863646,1.7668953422493228,"[5.770623311521528, 6.3035541393421175]",[2.766895342249323],"[4.770623311521528, 5.3035541393421175]",[1.7668953422493228],"[12.232367465439816, 13.598856767543891]"
140,0,962,True,True,1.0,4.99,5,5,True,2,7,49.39703520694226,"[8.937994365927901, 10.848439344057681, 13.117392012286082, 10.399142911886806, 6.094066572783798]",24.264843730707483,"[4.485817802711882, 5.230891344182496, 6.115782884791572, 5.055665735635854, 3.376685963385681]",48.48592390513149,21.05167762989856,"[3.423373017990912, 17.628304611907648]",23.90951032300128,10.21015427566044,18.90951032300128,8.21015427566044,"[2.7325816602124515, 6.15129120496162, 6.152818353533024, 5.263654926161781, 3.609164178132406]","[2.3351154770164557, 7.875038798643983]","[1.7325816602124513, 5.15129120496162, 5.152818353533024, 4.263654926161781, 2.609164178132406]","[1.3351154770164557, 6.875038798643983]","[4.442517077467824, 13.208438987081076, 13.212354752648778, 10.93244852861995, 6.690164559313861]"
140,0,963,True,False,,0.0,3,3,,0,3,24.406140777091657,"[5.139623767058737, 11.950926312925697, 7.3155906971072255]",12.518394903065747,"[3.0044532691529073, 5.660861262041022, 3.853080371871818]",37.9870271992233,0.0,[],17.81494060769709,0.0,0.0,0.0,"[4.9833791142830295, 7.9151019431227905, 4.916459550291267]",[],"[0.0, 0.0, 0.0]",[],"[10.213792600725716, 17.73103062339177, 10.042203975105814]"
140,0,964,True,False,,0.0,2,2,,0,2,5.510379605175252,"[2.5, 3.0103796051752516]",4.149048046018349,"[1.975, 2.1740480460183482]",20.380646019433,0.0,[],9.94845194757887,0.0,0.0,0.0,"[4.357083918039753, 5.591368029539117]",[],"[0.0, 0.0]",[],"[8.607907482153212, 11.772738537279787]"
140,0,965,True,False,,0.0,1,1,,0,1,14.107522169929616,[14.107522169929616],6.50193364627255,[6.50193364627255],8.61746122180577,0.0,[],4.36080987650425,0.0,0.0,0.0,[4.36080987650425],[],[0.0],[],[8.61746122180577]
140,0,966,True,False,,0.0,1,1,,0,1,8.77350107558574,[8.77350107558574],4.421665419478439,[4.421665419478439],8.989723041337792,0.0,[],4.505991986121739,0.0,0.0,0.0,[4.505991986121739],[],[0.0],[],[8.989723041337792]
140,0,967,True,False,,0.0,1,1,,0,1,14.020960124931115,[14.020960124931115],6.468174448723135,[6.468174448723135],3.947667978262135,0.0,[],2.5395905115222326,0.0,0.0,0.0,[2.5395905115222326],[],[0.0],[],[3.947667978262135]
140,0,968,True,False,,0.0,3,3,,0,3,40.50922289556951,"[20.82726867946439, 5.590501296701252, 14.091452919403867]",18.798596929272108,"[9.122634784991112, 3.180295505713488, 6.495666638567508]",38.72693266594309,0.0,[],18.103503739717805,0.0,0.0,0.0,"[3.2708033591457015, 7.792658627357727, 7.040041753214376]",[],"[0.0, 0.0, 0.0]",[],"[5.822572715758209, 17.41707340348135, 15.487286546703528]"
140,0,969,True,False,,0.0,2,2,,0,2,13.682173587645785,"[6.230794492948139, 7.451379094697646]",7.336047699181856,"[3.4300098522497744, 3.9060378469320822]",11.323392923001439,0.0,[],6.416123239970561,0.0,0.0,0.0,"[3.789771718326223, 2.6263515216443385]",[],"[0.0, 0.0]",[],"[7.153260816221084, 4.170132106780355]"
140,0,970,True,False,,0.0,3,3,,0,3,34.96818026762305,"[6.565502283575686, 20.563490992874396, 7.839186991172965]",16.63759030437299,"[3.5605458905945175, 9.019761487221015, 4.057282926557456]",23.723029465999193,0.0,[],12.251981491739684,0.0,0.0,0.0,"[4.4214800584839855, 4.348266896505537, 3.482234536750162]",[],"[0.0, 0.0, 0.0]",[],"[8.773025790984578, 8.585299734629583, 6.364703940385031]"
140,0,971,True,False,,0.0,1,1,,0,1,5.893893124214087,[5.893893124214087],3.298618318443494,[3.298618318443494],2.5,0.0,[],1.975,0.0,0.0,0.0,[1.975],[],[0.0],[],[2.5]
140,0,972,True,False,,0.0,3,3,,0,3,26.847042784295944,"[11.219255647948316, 8.891910842170196, 6.735876294177429]",13.470346685875416,"[5.375509702699843, 4.467845228446377, 3.6269917547291977]",25.048366783619983,0.0,[],12.768863045611795,0.0,0.0,0.0,"[4.882969454776948, 4.029077932619433, 3.856815658215413]",[],"[0.0, 0.0, 0.0]",[],"[9.956331935325508, 7.766866493895981, 7.325168354398494]"
140,0,973,True,False,,0.0,3,3,,0,3,28.002120023248825,"[12.339378267272282, 5.3216864521210425, 10.341055303855502]",13.920826809067043,"[5.81235752423619, 3.0754577163272065, 5.033011568503646]",15.12805911835208,0.0,[],8.899943056157312,0.0,0.0,0.0,"[2.2004324070096777, 3.094940213007985, 3.6045704361396487]",[],"[0.0, 0.0, 0.0]",[],"[3.078031812845328, 5.371641571815346, 6.678385733691407]"
140,0,974,True,False,,0.0,1,1,,0,1,24.070952412556895,[24.070952412556895],10.38767144089719,[10.38767144089719],3.706631189173548,0.0,[],2.445586163777684,0.0,0.0,0.0,[2.445586163777684],[],[0.0],[],[3.706631189173548]
140,0,975,True,False,,0.0,2,2,,0,2,23.07404302230842,"[6.487944923557773, 16.586098098750647]",10.998876778700284,"[3.5302985201875314, 7.4685782585127525]",17.339444450905013,0.0,[],8.762383335852954,0.0,0.0,0.0,"[5.444259551749631, 3.318123784103324]",[],"[0.0, 0.0]",[],"[11.39553731217854, 5.9439071387264715]"
140,0,976,True,False,,0.0,3,3,,0,3,34.10552820092973,"[11.110393335449508, 9.617495909353922, 13.377638956126304]",16.301155998362596,"[5.3330534008253085, 4.750823404648029, 6.217279192889259]",40.64051293634987,0.0,[],18.849800045176448,0.0,0.0,0.0,"[5.746138297964527, 9.625860713468162, 3.47780103374376]",[],"[0.0, 0.0, 0.0]",[],"[12.169585379396223, 22.117591572995288, 6.35333598395836]"
140,0,977,True,False,,0.0,3,3,,0,3,27.125586086443533,"[11.778929590635721, 3.357724074258458, 11.988932421549354]",13.578978573712979,"[5.593782540347932, 2.3095123889607985, 5.675683644404248]",27.988234106070138,0.0,[],13.915411301367353,0.0,0.0,0.0,"[4.558060467995, 5.5033392290460545, 3.8540116043262995]",[],"[0.0, 0.0, 0.0]",[],"[9.12323196921795, 11.547023664220651, 7.317978472631537]"
140,0,978,True,False,,0.0,3,3,,0,3,40.63152426908411,"[2.5, 27.483490647347335, 10.64803362173678]",18.846294464942805,"[1.975, 11.71856135246546, 5.152733112477344]",22.13893371807361,0.0,[],11.634184150048709,0.0,0.0,0.0,"[3.5822943040571475, 5.395650805189435, 2.656239040802125]",[],"[0.0, 0.0, 0.0]",[],"[6.6212674463003784, 11.27089950048573, 4.2467667712875]"
140,0,979,True,False,,0.0,1,1,,0,1,3.010705737056322,[3.010705737056322],2.1741752374519656,[2.1741752374519656],7.518788249837588,0.0,[],3.9323274174366594,0.0,0.0,0.0,[3.9323274174366594],[],[0.0],[],[7.518788249837588]
140,0,980,True,False,,0.0,1,1,,0,1,20.416073122889912,[20.416073122889912],8.962268517927066,[8.962268517927066],5.4483460225408,0.0,[],3.124854948790912,0.0,0.0,0.0,[3.124854948790912],[],[0.0],[],[5.4483460225408]
140,0,981,True,True,1.0,4.99,5,5,True,0,5,45.51770915231268,"[17.275131696502257, 9.465257793704636, 2.5, 5.6691481695577295, 10.608171492548061]",22.751906569401946,"[7.737301361635881, 4.6914505395448085, 1.975, 3.2109677861275148, 5.1371868820937445]",48.6263110698897,0.0,[],23.964261317256984,0.0,18.964261317256984,0.0,"[5.028521558537484, 2.633469716444199, 7.311528174197889, 3.303612645563981, 5.687129222513432]",[],"[4.028521558537484, 1.6334697164441987, 6.311528174197889, 2.303612645563981, 4.687129222513432]",[],"[10.32954245778842, 4.188383888318458, 16.18340557486638, 5.9066990911896955, 12.018280057726749]"
140,0,982,True,False,,0.0,2,2,,0,2,11.042993256078171,"[5.282756577401512, 5.760236678676659]",6.306767369870487,"[3.0602750651865898, 3.246492304683897]",8.623763846016715,0.0,[],5.363267899946519,0.0,0.0,0.0,"[1.975, 3.3882678999465186]",[],"[0.0, 0.0]",[],"[2.5, 6.123763846016714]"
140,0,983,True,False,,0.0,2,2,,0,2,19.581650448854653,"[6.482868300536271, 13.098782148318382]",9.636843675053315,"[3.528318637209146, 6.108525037844169]",29.325311711679788,0.0,[],13.436871567555118,0.0,0.0,0.0,"[2.1102523432567115, 11.326619224298407]",[],"[0.0, 0.0]",[],"[2.846800880145414, 26.478510831534376]"
140,0,984,True,True,1.0,4.99,5,5,True,1,6,30.84164019825552,"[3.3940267898347565, 6.439468121457239, 7.429188684557122, 7.164246022412747, 6.414710579993652]",17.028239677319654,"[2.3236704480355552, 3.5113925673683233, 3.8973835869772775, 3.7940559487409713, 3.5017371261975243]",41.609299735891035,14.58399825446199,[14.58399825446199],21.227626896997506,6.687759319240176,16.227626896997506,5.687759319240176,"[4.852841443204515, 4.10697535984279, 5.875477320567038, 4.417332773383163, 1.975]",[6.687759319240176],"[3.852841443204514, 3.1069753598427896, 4.875477320567038, 3.417332773383163, 0.9750000000000001]",[5.687759319240176],"[9.879080623601318, 7.966603486776383, 12.50122389888984, 8.762391726623495, 2.5]"
140,0,985,True,True,1.0,4.99,5,5,True,2,7,32.05073145453988,"[9.915630638120462, 7.504140505177213, 3.458713766506395, 6.83797255298465, 4.334273991751161]",17.499785267270553,"[4.8670959488669805, 3.926614797019113, 2.348898368937494, 3.6668092956640135, 2.690366856782953]",35.746054532777585,9.16971271497101,"[6.444599340106393, 2.7251133748646157]",18.94096126778326,5.576187958838693,13.940961267783258,3.576187958838694,"[6.982513013471929, 2.687720760556357, 1.975, 2.072414613174193, 5.22331288058078]","[3.5133937426414934, 2.0627942161972]","[5.982513013471929, 1.687720760556357, 0.9750000000000001, 1.072414613174193, 4.22331288058078]","[2.5133937426414934, 1.0627942161972002]","[15.33977695762033, 4.327489129631684, 2.5, 2.7497810594210073, 10.829007386104562]"
140,0,986,True,False,,0.0,1,1,,0,1,4.0602544231666275,[4.0602544231666275],2.583499225034985,[2.583499225034985],11.767671102020277,0.0,[],5.589391729787908,0.0,0.0,0.0,[5.589391729787908],[],[0.0],[],[11.767671102020277]
140,0,987,True,True,1.0,4.99,6,6,True,0,6,76.54320486321565,"[7.594358188019147, 6.637597392920452, 10.44688863848223, 6.53997461716699, 30.59854590147934, 14.725840125147489]",35.8518498966541,"[3.9617996933274675, 3.5886629832389763, 5.07428656900807, 3.550590100695126, 12.933432901576943, 6.743077648807521]",57.98983605359232,0.0,[],28.61603606090101,0.0,22.61603606090101,0.0,"[8.223408818740173, 2.4008399747095677, 5.373888297599358, 5.501827274791511, 2.3784169908512913, 4.737654704209106]",[],"[7.2234088187401735, 1.400839974709568, 4.373888297599358, 4.501827274791511, 1.3784169908512915, 3.7376547042091066]",[],"[18.52156107369275, 3.591897371050174, 11.215098198972711, 11.543146858439771, 3.5344025406443373, 9.58373001079258]"
140,0,988,True,False,,0.0,3,3,,0,3,36.96080294488254,"[13.259234621684634, 13.283623958725236, 10.417944364472667]",17.41471314850419,"[6.171101502457008, 6.180613343902842, 5.06299830214434]",31.127180229781445,0.0,[],15.139600289614766,0.0,0.0,0.0,"[3.6680571540914975, 4.8263251697528755, 6.645217965770391]",[],"[0.0, 0.0, 0.0]",[],"[6.841172189978199, 9.811090178853526, 14.47491786094972]"
140,0,989,True,True,1.0,4.99,4,2,,7,11,28.727257504058016,"[15.634390945268803, 13.092866558789215]",13.203630426582627,"[7.097412468654833, 6.106217957927794]",17.540621231166707,91.12551309604022,"[19.405595138759754, 20.40978930123188, 13.788703729333273, 4.085876086509738, 14.984151538244706, 13.34822379638132, 5.103173505579559]",8.840842280155016,42.53895010745568,6.840842280155016,35.53895010745568,"[3.438693861455662, 5.402148418699354]","[8.568182104116303, 8.959817827480432, 6.3775944544399765, 2.593491673738798, 6.843819099915436, 6.205807280588715, 2.990237667176028]","[2.438693861455662, 4.402148418699354]","[7.568182104116304, 7.959817827480433, 5.3775944544399765, 1.5934916737387979, 5.843819099915436, 5.205807280588715, 1.990237667176028]","[6.253061183219646, 11.28756004794706]"
140,0,990,True,False,,0.0,1,1,,0,1,14.74607341188293,[14.74607341188293],6.750968630634343,[6.750968630634343],26.49419855850547,0.0,[],11.332737437817133,0.0,0.0,0.0,[11.332737437817133],[],[0.0],[],[26.49419855850547]
140,0,991,True,True,1.0,4.99,6,6,True,1,7,68.91584115855662,"[11.740277995197264, 16.59946460944534, 9.878059007242426, 3.9074470703601225, 12.915887098720157, 13.874705377591306]",32.87717805183708,"[5.578708418126933, 7.473791197683683, 4.852443012824546, 2.523904357440448, 6.037195968500861, 6.41113509726061]",30.517046921818185,8.329313344990382,[8.329313344990382],17.901648299509095,4.2484322045462495,11.901648299509093,3.248432204546249,"[2.635351877165914, 1.975, 2.5723419012717, 1.975, 5.7703459360284315, 2.9736085850430483]",[4.2484322045462495],"[1.6353518771659141, 0.9750000000000001, 1.5723419012717001, 0.9750000000000001, 4.7703459360284315, 1.973608585043048]",[3.248432204546249],"[4.1932099414510615, 2.5, 4.031645900696667, 2.5, 12.231656246226747, 5.060534833443713]"
140,0,992,True,False,,0.0,3,3,,0,3,14.349337055252416,"[4.397901164564835, 5.785799726998071, 4.16563616368951]",8.596241451548442,"[2.7151814541802857, 3.2564618935292478, 2.624598103838909]",17.136582080732204,0.0,[],9.68326701148556,0.0,0.0,0.0,"[3.4182777220675464, 4.012623754852081, 2.252365534565932]",[],"[0.0, 0.0, 0.0]",[],"[6.200712107865503, 7.7246762944925145, 3.2111936783741855]"
140,0,993,True,False,,0.0,1,1,,0,1,2.5,[2.5],1.975,[1.975],9.209273214697921,0.0,[],4.591616553732189,0.0,0.0,0.0,[4.591616553732189],[],[0.0],[],[9.209273214697921]
140,0,994,True,True,1.0,4.99,4,4,True,1,5,55.32960293359239,"[21.553120671176902, 8.733308996830296, 20.983514522851014, 4.059658742734181]",25.578545144101035,"[9.405717061758992, 4.405990508763816, 9.183570663911896, 2.5832669096663308]",37.62872056537826,3.6944253091286163,[3.6944253091286163],18.67520102049752,2.44082587056016,14.675201020497521,1.4408258705601604,"[5.545420391576603, 5.789138669780061, 4.049985206600541, 3.290656752540317]",[2.44082587056016],"[4.545420391576603, 4.789138669780061, 3.049985206600541, 2.290656752540317]",[1.4408258705601604],"[11.65492408096565, 12.279842743025798, 7.820474888719335, 5.873478852667479]"
140,0,995,True,True,1.0,4.99,4,4,True,1,5,30.887340324963372,"[11.150679606492574, 7.524346325632684, 5.136262779370965, 7.076051613467148]",16.046062726735713,"[5.348765046532104, 3.934495066996747, 3.0031424839546768, 3.759660129252188]",34.32925495366987,10.518067812211251,[10.518067812211251],17.388409431931247,5.1020464467623885,13.388409431931247,4.1020464467623885,"[3.756421323414146, 7.969012441646595, 1.975, 3.687975666870508]",[5.1020464467623885],"[2.756421323414146, 6.969012441646595, 0.9750000000000001, 2.687975666870508]",[4.1020464467623885],"[7.067746983113195, 17.869262670888705, 2.5, 6.892245299667969]"
140,0,996,True,False,,0.0,2,2,,0,2,25.65382287395974,"[12.900510405199078, 12.753312468760663]",12.0049909208443,"[6.0311990580276404, 5.973791862816659]",10.735008147152028,0.0,[],6.1866531773892905,0.0,0.0,0.0,"[1.995176807333785, 4.191476370055506]",[],"[0.0, 0.0]",[],"[2.5517354034199617, 8.183272743732067]"
140,0,997,True,False,,0.0,1,1,,0,1,11.803913750863185,[11.803913750863185],5.603526362836642,[5.603526362836642],6.045072552623861,0.0,[],3.3575782955233056,0.0,0.0,0.0,[3.3575782955233056],[],[0.0],[],[6.045072552623861]
140,0,998,True,False,,0.0,1,1,,0,1,9.171934696222122,[9.171934696222122],4.577054531526628,[4.577054531526628],4.853621697284199,0.0,[],2.8929124619408375,0.0,0.0,0.0,[2.8929124619408375],[],[0.0],[],[4.853621697284199]
140,0,999,True,False,,0.0,3,3,,0,3,24.707324578192,"[10.802775046289739, 3.615858867388631, 10.288690664513629]",12.63585658549488,"[5.2130822680529985, 2.410184958281566, 5.012589359160315]",34.209880540181594,0.0,[],16.341853410670822,0.0,0.0,0.0,"[3.3958331755083133, 8.789895251473977, 4.15612498368853]",[],"[0.0, 0.0, 0.0]",[],"[6.143161988482855, 19.974090388394814, 8.092628163303923]"
140,0,1000,True,False,,0.0,3,3,,0,3,24.514228142486715,"[6.992262950085491, 5.8860792890624865, 11.635885903338735]",12.56054897556982,"[3.7269825505333416, 3.29557092273437, 5.537995502302107]",27.064898304529656,0.0,[],13.555310338766567,0.0,0.0,0.0,"[7.3218698764526895, 2.8330568405822265, 3.4003836217316508]",[],"[0.0, 0.0, 0.0]",[],"[16.2099227601351, 4.700145745082632, 6.1548297993119245]"
140,0,1001,True,False,,0.0,2,2,,0,2,30.072148350022893,"[26.4385698458665, 3.6335785041563913]",13.728137856508928,"[11.311042239887936, 2.4170956166209927]",9.183582584586553,0.0,[],5.581597207988756,0.0,0.0,0.0,"[3.1031497844415927, 2.4784474235471636]",[],"[0.0, 0.0]",[],"[5.3926917549784426, 3.790890829608111]"
140,0,1002,True,True,1.0,4.99,4,4,True,4,8,62.902123263967,"[18.880154088656038, 11.870102781912841, 14.934566963678598, 17.217299429719514]",28.53182807294713,"[8.363260094575855, 5.6293400849460085, 6.8244811158346534, 7.7147467775906104]",26.044268182910756,50.87827693932362,"[14.372199234162029, 25.359490017275586, 8.406680632731547, 2.7399070551544535]",14.157264591335197,23.842528006336213,10.157264591335197,19.84252800633621,"[4.1056504346222935, 3.347319921896715, 4.1943949854686515, 2.5098992493475367]","[6.605157701323192, 10.890201106737479, 4.278605446765303, 2.068563751510237]","[3.1056504346222935, 2.347319921896715, 3.194394985468651, 1.5098992493475367]","[5.605157701323192, 9.890201106737479, 3.278605446765303, 1.0685637515102369]","[7.963206242621265, 6.018769030504397, 8.19075637299654, 3.8715365367885557]"
140,0,1003,True,True,1.0,4.99,5,5,True,3,8,42.8429168585898,"[2.5, 5.370990846435113, 7.739711464498473, 14.163088082976678, 13.069126464679542]",21.708737574850026,"[1.975, 3.0946864301096944, 4.018487471154405, 6.523604352360905, 6.096959321225022]",42.69782177262411,35.95641589911556,"[21.84286241935963, 8.070267977515181, 6.0432855022407495]",21.652150491323404,17.023002200655068,16.652150491323404,14.02300220065507,"[1.975, 3.2307154221735654, 7.969881720099659, 2.9473379184367112, 5.529215430613468]","[9.518716343550256, 4.147404511230921, 3.356881345873892]","[0.9750000000000001, 2.2307154221735654, 6.969881720099659, 1.9473379184367112, 4.529215430613468]","[8.518716343550256, 3.1474045112309206, 2.356881345873892]","[2.5, 5.719783133778373, 17.871491589999124, 4.993174149837721, 11.613372899008892]"
140,0,1004,True,False,,0.0,3,3,,0,3,12.451056018313816,"[3.853507993237206, 4.2937066782920885, 4.303841346784521]",7.855911847142388,"[2.5028681173625102, 2.6745456045339147, 2.678498125245963]",14.93624265146885,0.0,[],8.825134634072853,0.0,0.0,0.0,"[2.1488891728312307, 4.17803995934585, 2.4982055018957716]",[],"[0.0, 0.0, 0.0]",[],"[2.9458696739262327, 8.148820408579102, 3.8415525689635164]"
140,0,1005,True,True,1.0,4.99,4,4,True,3,7,39.68816749228131,"[10.463287323242904, 8.527681285119813, 12.97323256243854, 7.723966321480049]",19.478385321989713,"[5.080682056064733, 4.325795701196727, 6.059560699351031, 4.01234686537722]",28.48804203630375,33.32408974031877,"[10.62845379418815, 6.178328133478844, 16.517307812651776]",15.110336394158464,15.99639499872432,11.110336394158464,12.99639499872432,"[3.6687681551420916, 5.361670953399122, 2.57014372847993, 3.5097535571373206]","[5.1450969797333785, 3.409547972056749, 7.441750046934192]","[2.6687681551420916, 4.361670953399122, 1.57014372847993, 2.5097535571373206]","[4.1450969797333785, 2.409547972056749, 6.441750046934192]","[6.842995269595106, 11.183771675382362, 4.026009560204948, 6.435265531121335]"
140,0,1006,True,False,,0.0,3,3,,0,3,17.287961249091573,"[5.624493973464357, 6.328306291029814, 5.335160984597401]",9.742304887145714,"[3.1935526496510995, 3.4680394535016275, 3.0807127839929866]",30.169635209822317,0.0,[],14.766157731830704,0.0,0.0,0.0,"[3.4095203736296993, 8.286493518195716, 3.0701438400052887]",[],"[0.0, 0.0, 0.0]",[],"[6.1782573682812805, 18.68331671332235, 5.3080611282186885]"
140,0,1007,True,True,1.0,4.99,6,6,True,0,6,43.69043093371266,"[10.000320302901736, 4.619653448981573, 2.5, 11.013603036817464, 4.9141022676034005, 10.642751877408486]",23.039268064147937,"[4.900124918131677, 2.8016648451028137, 1.975, 5.295305184358812, 2.9164998843653263, 5.15067323218931]",58.0179569802732,0.0,[],28.627003222306545,0.0,22.627003222306545,0.0,"[6.920112463923776, 3.076867909717293, 4.494073630556311, 5.631924443395365, 5.370108996686595, 3.1339157780272067]",[],"[5.920112463923776, 2.076867909717293, 3.4940736305563114, 4.631924443395365, 4.370108996686595, 2.1339157780272067]",[],"[15.179775548522503, 5.325302332608444, 8.959163155272593, 11.876729342039395, 11.20540768381178, 5.471578918018478]"
140,0,1008,True,False,,0.0,1,1,,0,1,6.89185945387549,[6.89185945387549],3.687825187011441,[3.687825187011441],11.599863798216308,0.0,[],5.523946881304361,0.0,0.0,0.0,[5.523946881304361],[],[0.0],[],[11.599863798216308]
140,0,1009,True,True,1.0,4.99,4,4,True,2,6,43.00924536426545,"[10.793354093042526, 4.9318759586477405, 20.19435844680036, 7.089656865774825]",20.773605692063526,"[5.209408096286585, 2.923431623872619, 8.875799794252142, 3.7649661776521817]",34.702715560229564,25.53571186461434,"[10.265009068819644, 15.270702795794694]",17.534059068489526,11.958927627199593,13.534059068489528,9.958927627199593,"[3.172310971771772, 3.640971877812348, 5.894574324302014, 4.826201894603395]","[5.003353536839661, 6.955574090359931]","[2.172310971771772, 2.640971877812348, 4.894574324302014, 3.8262018946033947]","[4.003353536839661, 5.955574090359931]","[5.570028132748133, 6.771722763621405, 12.550190575133369, 9.810774088726653]"
140,0,1010,True,True,1.0,4.99,4,4,True,1,5,47.92167795214837,"[8.082707043715713, 5.14708574675398, 11.044230708617745, 23.647654453060937]",22.68945440133787,"[4.152255747049129, 3.007363441234052, 5.307249976360921, 10.222585236693766]",27.300877412742025,24.667507691798946,[24.667507691798946],14.64734219096939,10.620327999801589,10.64734219096939,9.620327999801589,"[4.612487187340623, 2.6887860725697004, 3.7861923133884177, 3.559876617670649]",[10.620327999801589],"[3.612487187340623, 1.6887860725697004, 2.7861923133884177, 2.559876617670649]",[9.620327999801589],"[9.262787659847751, 4.330220698896667, 7.144082854842096, 6.56378619915551]"
140,0,1011,True,False,,0.0,3,3,,0,3,43.356489790100795,"[15.7721983722203, 5.757115330328902, 21.827176087551596]",19.90903101813931,"[7.1511573651659175, 3.245274978828272, 9.512598674145123]",35.92837913450106,0.0,[],17.012067862455414,0.0,0.0,0.0,"[6.765384641100682, 3.5315079495148733, 6.715175271839857]",[],"[0.0, 0.0, 0.0]",[],"[14.783037541283798, 6.491046024397111, 14.654295568820146]"
140,0,1012,True,False,,0.0,1,1,,0,1,18.682658294260264,[18.682658294260264],8.286236734761502,[8.286236734761502],14.12963122256182,0.0,[],6.51055617679911,0.0,0.0,0.0,[6.51055617679911],[],[0.0],[],[14.12963122256182]
140,0,1013,True,False,,0.0,2,2,,0,2,7.872042422005256,"[2.5447481635893596, 5.327294258415896]",5.07009654458205,"[1.9924517837998503, 3.0776447607821993]",12.245329154005343,0.0,[],6.775678370062083,0.0,0.0,0.0,"[2.8831320792412427, 3.8925462908208406]",[],"[0.0, 0.0]",[],"[4.828543792926264, 7.416785361079079]"
140,0,1014,True,False,,0.0,3,3,,0,3,26.86956090852567,"[9.018943244984257, 3.657456327329186, 14.193161336212228]",13.47912875432501,"[4.51738786554386, 2.4264079676583825, 6.535332921122769]",30.27138234706156,0.0,[],14.805839115354006,0.0,0.0,0.0,"[4.136176738676355, 6.904265690856584, 3.765396685821069]",[],"[0.0, 0.0, 0.0]",[],"[8.04147881711886, 15.139142797068164, 7.090760732874535]"
140,0,1015,True,True,1.0,4.99,6,3,,3,9,41.07568058939995,"[8.691845619622908, 23.45874876174217, 8.925086208034868]",19.01951542986598,"[4.3898197916529345, 10.148912017079446, 4.4807836211335985]",29.28241666639109,12.701672680230718,"[5.434656990671979, 1.9404427449207633, 5.3265729446379755]",14.420142499892524,7.95365234528998,11.420142499892524,4.95365234528998,"[6.597464588354669, 5.179901701809811, 2.642776209728045]","[3.1195162263620717, 1.7567726705190978, 3.0773634484088106]","[5.597464588354669, 4.179901701809811, 1.6427762097280452]","[2.1195162263620717, 0.7567726705190977, 2.0773634484088106]","[14.352473303473511, 10.717696671307207, 4.212246691610372]"
140,0,1016,True,False,,0.0,3,3,,0,3,12.79654489807425,"[5.419515894675542, 3.8874597948113427, 3.489569208587365]",7.9906525102489585,"[3.1136111989234614, 2.5161093199764237, 2.3609319913490725]",18.546073688526945,0.0,[],10.232968738525509,0.0,0.0,0.0,"[4.563045949184391, 2.490267895390987, 3.179654893950131]",[],"[0.0, 0.0, 0.0]",[],"[9.136015254318952, 3.8211997317717614, 5.588858702436234]"
140,0,1017,True,True,1.0,4.99,7,7,True,1,8,70.40966906363542,"[7.069084275726891, 13.331308317084883, 16.30722534638458, 10.84514014488527, 8.736737979777075, 7.642326761702664, 6.477846238074051]",34.45977093481781,"[3.7569428675334877, 6.199210243663105, 7.359817885089987, 5.229604656505256, 4.40732781211306, 3.980507437064039, 3.52636003284888]",60.39751054966357,8.754183960774595,[8.754183960774595],30.555029114368793,4.414131744702092,23.555029114368793,3.4141317447020922,"[5.679147850142692, 4.316966536015659, 2.8249411149683215, 4.398573663051723, 3.0183265420886345, 5.582431287517035, 4.734642120584729]",[4.414131744702092],"[4.679147850142692, 3.3169665360156593, 1.8249411149683215, 3.3985736630517223, 2.0183265420886345, 4.582431287517035, 3.7346421205847284]",[3.4141317447020922],"[11.997815000365875, 8.505042400040152, 4.679336192226465, 8.714291443722365, 5.175196261765729, 11.749823814146243, 9.57600543739674]"
140,0,1018,True,True,1.0,4.99,6,6,True,4,10,55.1609273315853,"[7.762614667356812, 7.009836324189319, 12.095453813756277, 6.689128539594879, 14.089080416358838, 7.514813570329167]",27.512761659318265,"[4.027419720269156, 3.7338361664338344, 5.717226987364948, 3.608760130442003, 6.494741362379947, 3.9307772924283753]",65.2814997846811,60.199091489890264,"[20.342395204996564, 7.145392986751866, 17.522040570458262, 15.18926272768357]",31.459784916025626,27.477645681057204,25.459784916025626,23.477645681057204,"[5.995924848821895, 9.128449294158864, 4.00726004395368, 6.028557696221875, 2.5721598234218535, 3.7274332094474594]","[8.93353412994866, 3.786703264833228, 7.833595822478722, 6.923812463796592]","[4.995924848821895, 8.128449294158864, 3.0072600439536803, 5.028557696221875, 1.5721598234218537, 2.7274332094474594]","[7.93353412994866, 2.786703264833228, 6.833595822478722, 5.923812463796592]","[12.810063714927935, 20.842177677330422, 7.710923189624821, 12.893737682620191, 4.031179034415009, 6.993418485762716]"
140,0,1019,True,False,,0.0,2,2,,0,2,11.129661223415253,"[2.5, 8.629661223415253]",6.340567877131949,"[1.975, 4.365567877131949]",25.887191842156078,0.0,[],12.096004818440871,0.0,0.0,0.0,"[7.8550858489809885, 4.240918969459883]",[],"[0.0, 0.0]",[],"[17.577143202515355, 8.310048639640724]"
140,0,1020,True,False,,0.0,3,3,,0,3,33.766955327051456,"[13.055207073116277, 12.590199528522945, 8.12154872541223]",16.169112577550067,"[6.091530758515348, 5.910177816123949, 4.16740400291077]",36.61646041676451,0.0,[],17.280419562538157,0.0,0.0,0.0,"[3.077106388409781, 7.670319426424482, 6.532993747703896]",[],"[0.0, 0.0, 0.0]",[],"[5.325913816435335, 17.10338314467816, 14.187163455651016]"
140,0,1021,True,False,,0.0,3,3,,0,3,23.92592810331247,"[12.217719071544886, 5.129407699940684, 6.578801331826899]",12.331111960291862,"[5.764910437902506, 3.0004690029768666, 3.5657325194124905]",31.005229619993134,0.0,[],15.092039551797324,0.0,0.0,0.0,"[6.0402882575117305, 4.146437295474426, 4.905313998811168]",[],"[0.0, 0.0, 0.0]",[],"[12.923816044901873, 8.067787937113911, 10.013625637977352]"
140,0,1022,True,True,1.0,4.99,6,6,True,3,9,76.824772517235,"[11.44969498569109, 9.897243205610298, 6.627404431237398, 6.065800968628183, 2.5, 40.284628926068024]",35.961661281721646,"[5.465381044419526, 4.859924850188016, 3.5846877281825855, 3.3656623777649917, 1.975, 16.71100528116653]",42.170269955973,26.48285760553128,"[11.39785634972641, 6.633762984582184, 8.451238271222685]",22.44640528282947,13.328314466157199,16.44640528282947,10.328314466157199,"[3.6961071520786932, 4.842690019812165, 3.523929757805667, 1.975, 3.8485619248871066, 4.560116428245838]","[5.4451639763933, 3.5871675639870517, 4.295982925776848]","[2.6961071520786932, 3.8426900198121654, 2.523929757805667, 0.9750000000000001, 2.8485619248871066, 3.5601164282458377]","[4.4451639763933, 2.5871675639870517, 3.295982925776847]","[6.913095261740239, 9.853051332851706, 6.471614763604274, 2.5, 7.304004935607965, 9.128503662168814]"
140,0,1023,True,False,,0.0,1,1,,0,1,17.754649524708054,[17.754649524708054],7.924313314636141,[7.924313314636141],4.259540669081988,0.0,[],2.6612208609419756,0.0,0.0,0.0,[2.6612208609419756],[],[0.0],[],[4.259540669081988]
140,0,1024,True,False,,0.0,2,2,,0,2,26.095705966023,"[7.823472743613142, 18.27223322240986]",12.17732532674897,"[4.051154370009126, 8.126170956739845]",14.574291895689269,0.0,[],7.683973839318815,0.0,0.0,0.0,"[2.93634056682452, 4.747633272494295]",[],"[0.0, 0.0]",[],"[4.9649758123705645, 9.609316083318705]"
140,0,1025,True,True,1.0,4.99,5,5,True,3,8,46.87155741166179,"[10.669259560094659, 11.734745058598177, 9.850628286564689, 6.964429867934351, 7.652494638469918]",23.2799073905481,"[5.161011228436917, 5.576550572853289, 4.841745031760229, 3.716127648494397, 3.984472909003268]",60.44711148444368,23.144220898727276,"[10.193414653220035, 4.416628325882253, 8.534177919624986]",28.574373478933033,12.026246150503637,23.574373478933033,9.026246150503637,"[6.249840612004491, 5.880230172931715, 6.539104212725852, 3.4069881610790125, 6.498210320191964]","[4.975431714755814, 2.7224850470940787, 4.328329388653744]","[5.249840612004491, 4.880230172931715, 5.539104212725852, 2.4069881610790125, 5.498210320191964]","[3.975431714755814, 1.7224850470940787, 3.3283293886537444]","[13.46112977437049, 12.51341069982491, 14.202831314681672, 6.171764515587211, 14.097975179979393]"
140,0,1026,True,False,,0.0,3,3,,0,3,23.17308827130207,"[14.085419706763004, 2.9970919441055734, 6.090576620433496]",12.037504425807809,"[6.493313685637571, 2.1688658582011735, 3.3753248819690636]",24.78689152995903,0.0,[],12.666887696684022,0.0,0.0,0.0,"[2.8397848056288124, 5.105437432089931, 4.721665458965279]",[],"[0.0, 0.0, 0.0]",[],"[4.717396937509775, 10.526762646384439, 9.542731946064817]"
140,0,1027,True,False,,0.0,2,2,,0,2,14.576837939436796,"[5.88027096177506, 8.696566977661737]",7.684966796380351,"[3.2933056750922733, 4.391661121288077]",20.235372407381554,0.0,[],9.891795238878807,0.0,0.0,0.0,"[7.195066161730293, 2.6967290771485146]",[],"[0.0, 0.0]",[],"[15.884785030077673, 4.350587377303883]"
140,0,1028,True,True,1.0,4.99,7,7,True,0,7,54.924590584444275,"[4.719534626411304, 11.910657555202416, 8.03066535259009, 9.880923198651088, 4.038666245530521, 7.644238192719158, 8.699905413339703]",28.42059032793327,"[2.8406185043004086, 5.645156446528943, 4.1319594875101355, 4.853560047473924, 2.5750798357569034, 3.9812528951604715, 4.3929631112024845]",83.37818190015626,0.0,[],39.51749094106095,0.0,32.51749094106095,0.0,"[6.324064512240843, 2.9458121631985565, 5.207596094456171, 2.5286342146346117, 3.175704975421905, 14.162023666641947, 5.173655314466914]",[],"[5.324064512240843, 1.9458121631985565, 4.207596094456171, 1.528634214634612, 2.175704975421905, 13.162023666641947, 4.173655314466914]",[],"[13.651447467284214, 4.989261956919376, 10.788707934503003, 3.919574909319518, 5.578730706210013, 33.748778632415245, 10.701680293504907]"
140,0,1029,True,False,,0.0,3,3,,0,3,51.30148649956645,"[14.037808788057653, 27.587125998359866, 9.67655171314893]",23.007579734830916,"[6.4747454273424845, 11.758979139360347, 4.773855168128083]",19.347164877384774,0.0,[],10.545394302180062,0.0,0.0,0.0,"[4.12604036619347, 3.801051340380874, 2.618302595605719]",[],"[0.0, 0.0, 0.0]",[],"[8.015488118444793, 7.182182924053523, 4.149493834886458]"
140,0,1030,True,True,1.0,4.99,4,4,True,2,6,38.68602017093694,"[10.024534554684175, 9.33404304653034, 11.209490863060916, 8.117951706661515]",19.08754786666541,"[4.909568476326829, 4.640276788146833, 5.371701436593757, 4.166001165597991]",48.530642449050106,29.43804913429718,"[10.769003824855165, 18.669045309442016]",22.92695055512954,13.4808391623759,18.92695055512954,11.4808391623759,"[4.0985531201527206, 8.080873714377494, 3.4734890888546417, 7.274034631744684]","[5.1999114916935145, 8.280927670682386]","[3.098553120152721, 7.0808737143774945, 2.4734890888546417, 6.274034631744684]","[4.1999114916935145, 7.280927670682386]","[7.945008000391592, 18.15608644712178, 6.342279715011902, 16.08726828652483]"
140,0,1031,True,False,,0.0,1,1,,0,1,10.116537238333644,[10.116537238333644],4.9454495229501205,[4.9454495229501205],6.730983473265963,0.0,[],3.6250835545737257,0.0,0.0,0.0,[3.6250835545737257],[],[0.0],[],[6.730983473265963]
140,0,1032,True,True,1.0,4.99,4,4,True,2,6,37.1072086144192,"[19.38978972069816, 3.371657079818796, 8.630490467492306, 5.715271346409932]",18.471811359623487,"[8.562017991072283, 2.3149462611293306, 4.365891282322, 3.2289558250998738]",36.48472407333473,33.63634378427667,"[7.1765758239758375, 26.459767960300834]",18.229042388600547,15.118174075867902,14.229042388600547,13.118174075867902,"[3.6163349385145924, 8.105908171063692, 3.4102357758403543, 3.0965635031819096]","[3.7988645713505766, 11.319309504517326]","[2.6163349385145924, 7.1059081710636915, 2.4102357758403543, 2.0965635031819096]","[2.7988645713505766, 10.319309504517326]","[6.708551124396391, 18.220277361701772, 6.1800917329239855, 5.375803854312588]"
140,0,1033,True,False,,0.0,1,1,,0,1,16.134326796996017,[16.134326796996017],7.292387450828447,[7.292387450828447],13.855036177637936,0.0,[],6.403464109278795,0.0,0.0,0.0,[6.403464109278795],[],[0.0],[],[13.855036177637936]
140,0,1034,True,True,1.0,4.99,6,6,True,0,6,51.101212918772426,"[6.443516969482875, 7.641759451926811, 16.041345848682752, 9.367346893959049, 9.107243754720932, 2.5]",25.929473038321245,"[3.5129716180983213, 3.9802861862514565, 7.256124880986274, 4.653265288644029, 4.5518250643411635, 1.975]",64.44946502572937,0.0,[],31.135291360034454,0.0,25.135291360034454,0.0,"[2.6165051603468923, 7.847875830298935, 5.420123928945766, 6.137076790857479, 6.191330284357061, 2.922379365228323]",[],"[1.6165051603468925, 6.847875830298935, 4.420123928945766, 5.137076790857479, 5.191330284357061, 1.922379365228323]",[],"[4.144885026530494, 17.558655975125472, 11.333651099860939, 13.17199177142943, 13.311103293223233, 4.929177859559802]"
140,0,1035,True,False,,0.0,3,3,,0,3,13.5291738720584,"[6.595798478126493, 3.7700201911867985, 3.1633552027451084]",8.276377810102776,"[3.5723614064693323, 2.4703078745628515, 2.2337085290705923]",22.195266287668225,0.0,[],11.656153852190606,0.0,0.0,0.0,"[5.210147377240795, 2.807076106167262, 3.6389303687825505]",[],"[0.0, 0.0, 0.0]",[],"[10.795249685232807, 4.633528477351954, 6.7664881250834625]"
140,0,1036,True,True,1.0,4.99,5,5,True,2,7,60.62460293183162,"[10.356302160376288, 16.478507589297482, 9.748061434480947, 21.541731747676902, 2.5]",28.64359514341433,"[5.038957842546752, 7.426617959826018, 4.8017439594475695, 9.401275381593992, 1.975]",58.406754934335254,24.291063421926918,"[15.008714413173253, 9.282349008753664]",27.778634424390756,11.473514734551499,22.778634424390752,9.473514734551499,"[9.757607983352528, 2.6408060494597496, 5.8083645992457384, 5.289926754801609, 4.281929037531127]","[6.853398621137569, 4.620116113413929]","[8.757607983352528, 1.6408060494597498, 4.8083645992457384, 4.289926754801609, 3.2819290375311274]","[5.853398621137569, 3.6201161134139292]","[22.455405085519303, 4.207194998614743, 12.329139998065996, 10.999812191798998, 8.415202660336224]"
140,0,1037,True,False,,0.0,2,2,,0,2,14.560849407211018,"[7.236005728452525, 7.3248436787584925]",7.678731268812298,"[3.822042234096485, 3.8566890347158123]",22.305972979818534,0.0,[],10.699329462129228,0.0,0.0,0.0,"[2.962986479097089, 7.73634298303214]",[],"[0.0, 0.0]",[],"[5.03329866435151, 17.272674315467025]"
140,0,1038,True,False,,0.0,2,2,,0,2,21.3556918877228,"[5.941326294895184, 15.414365592827615]",10.328719836211892,"[3.317117255009122, 7.01160258120277]",21.89329753992751,0.0,[],10.53838604057173,0.0,0.0,0.0,"[6.720865433723933, 3.8175206068477965]",[],"[0.0, 0.0]",[],"[14.668885727497264, 7.224411812430247]"
140,0,1039,True,True,1.0,4.99,5,5,True,0,5,46.43910060354135,"[11.66638075020627, 9.419798039475111, 7.952055396492463, 11.371207253702492, 6.029659163665008]",23.111249235381127,"[5.549888492580446, 4.673721235395293, 4.101301604632061, 5.4347708289439725, 3.3515670738293535]",37.95571408021964,0.0,[],19.80272849128566,0.0,14.80272849128566,0.0,"[1.975, 5.6573594422402635, 3.9831618812752954, 4.0941620689222376, 4.093045098847864]",[],"[0.9750000000000001, 4.6573594422402635, 2.9831618812752954, 3.0941620689222376, 3.093045098847864]",[],"[2.5, 11.941947287795548, 7.649133028911013, 7.933748894672404, 7.9308848688406774]"
140,0,1040,True,False,,0.0,1,1,,0,1,15.022433240397385,[15.022433240397385],6.85874896375498,[6.85874896375498],2.6699322474658027,0.0,[],2.041273576511663,0.0,0.0,0.0,[2.041273576511663],[],[0.0],[],[2.6699322474658027]
140,0,1041,True,True,1.0,4.99,5,5,True,0,5,44.8791610484854,"[13.970075367971598, 7.281608004994815, 10.46544684275364, 2.9635912819816412, 10.198439550783714]",22.50287280890931,"[6.448329393508923, 3.8398271219479776, 5.0815242686739195, 2.15580059997284, 4.977391424805649]",38.41066208171467,0.0,[],19.980158211868723,0.0,14.980158211868723,0.0,"[6.833996837120587, 1.975, 4.0571181486543555, 4.876765352529219, 2.2372778735645618]",[],"[5.833996837120587, 0.9750000000000001, 3.057118148654355, 3.8767653525292194, 1.2372778735645615]",[],"[14.958966249027146, 2.5, 7.838764483729115, 9.940423980844152, 3.1725073681142604]"
140,0,1042,True,True,1.0,4.99,6,6,True,2,8,63.13836135919048,"[4.666281818112466, 14.423273531899781, 11.73327566646733, 7.911836484806391, 8.775246575465824, 15.628447282438689]",30.623960930084287,"[2.819849909063862, 6.625076677440915, 5.575977509922259, 4.085616229074493, 4.422346164431671, 7.0950944401510885]",39.864718369752374,44.986614300007474,"[26.726678433352053, 18.259935866655418]",21.547240164203426,19.544779577002913,15.547240164203426,17.544779577002913,"[3.8064630702789546, 1.975, 7.405916203908197, 3.371600966519341, 2.121159735324631, 2.867100188172302]","[11.423404589007301, 8.121374987995614]","[2.8064630702789546, 0.9750000000000001, 6.405916203908197, 2.371600966519341, 1.1211597353246312, 1.867100188172302]","[10.423404589007301, 7.121374987995614]","[7.196059154561421, 2.5, 16.425426163867172, 6.0810281192803615, 2.8747685521144386, 4.787436379928979]"
140,0,1043,True,False,,0.0,2,2,,0,2,7.547684549148613,"[5.047684549148613, 2.5]",4.94359697416796,"[2.9685969741679594, 1.975]",10.821375017230118,0.0,[],6.220336256719746,0.0,0.0,0.0,"[3.063516976177241, 3.1568192805425053]",[],"[0.0, 0.0]",[],"[5.291069169685233, 5.530305847544885]"
140,0,1044,True,True,1.0,4.99,4,4,True,1,5,34.519479964327545,"[13.620110180572324, 2.963715187284146, 7.140866436060392, 10.79478816041068]",17.46259718608774,"[6.311842970423206, 2.155848923040817, 3.784937910063553, 5.209967382560166]",52.15303363190523,8.480191449261005,[8.480191449261005],24.33968311644304,4.307274665211792,20.33968311644304,3.307274665211792,"[6.248135868444148, 6.04406150882389, 10.003963644407502, 2.043522094767499]",[4.307274665211792],"[5.248135868444148, 5.04406150882389, 9.003963644407502, 1.043522094767499]",[3.307274665211792],"[13.456758637036277, 12.933491048266383, 23.087086267711545, 2.675697678891023]"
140,0,1045,True,False,,0.0,2,2,,0,2,22.05035626684584,"[9.366393799676656, 12.683962467169184]",10.599638944069877,"[4.6528935818738955, 5.9467453621959825]",25.14019798435595,0.0,[],11.80467721389882,0.0,0.0,0.0,"[5.981511051929211, 5.823166161969609]",[],"[0.0, 0.0]",[],"[12.773105261356951, 12.367092722998997]"
140,0,1046,True,False,,0.0,3,3,,0,3,38.276386122185556,"[6.631169798205223, 20.86037031402138, 10.784846009958953]",17.927790587652368,"[3.586156221300037, 9.135544422468339, 5.206089943883992]",22.821906240132453,0.0,[],11.900543433651656,0.0,0.0,0.0,"[5.325609211510921, 4.599934222140735, 1.975]",[],"[0.0, 0.0, 0.0]",[],"[11.091305670540823, 9.23060056959163, 2.5]"
140,0,1047,True,True,1.0,4.99,7,7,True,1,8,68.6186231096242,"[9.610636153017817, 4.835857047484179, 4.271744843276039, 4.164075779638911, 3.3930896140656794, 31.257817220447148, 11.085402451694428]",33.76126301275344,"[4.748148099676948, 2.88598424851883, 2.665980488877655, 2.6239895540591753, 2.323304949485615, 13.190548715974389, 5.323306956160827]",68.91037248656306,4.439360218923644,[4.439360218923644],33.875045269759596,2.7313504853802213,26.875045269759596,1.7313504853802213,"[6.817635422663919, 5.056347492199975, 2.839332996581036, 6.678008592422937, 3.7037105024653054, 3.200063719599493, 5.579946543826926]",[2.7313504853802213],"[5.817635422663919, 4.056347492199975, 1.8393329965810363, 5.678008592422937, 2.7037105024653054, 2.200063719599493, 4.579946543826926]",[1.7313504853802213],"[14.917013904266458, 10.400891005640961, 4.716238452771888, 14.558996390828042, 6.932591031962321, 5.641189024614085, 11.743452676479297]"
140,0,1048,True,True,1.0,4.99,4,4,True,2,6,50.68237391364031,"[13.291354833613799, 15.041426317135269, 16.94721257130372, 5.402380191587527]",23.766125826319723,"[6.183628385109381, 6.866156263682755, 7.609412902808451, 3.106928274719136]",28.985487263957353,25.19563028977414,"[7.305182907938619, 17.89044738183552]",15.304340032943367,11.826295813011914,11.304340032943367,9.826295813011914,"[5.392343940076114, 2.9708790562247387, 2.486546401776836, 4.454570634865679]","[3.8490213340960615, 7.977274478915853]","[4.392343940076114, 1.970879056224739, 1.486546401776836, 3.454570634865678]","[2.8490213340960615, 6.977274478915853]","[11.262420359169523, 5.053536041601895, 3.811657440453425, 8.857873422732508]"
140,0,1049,True,True,1.0,4.99,4,4,True,1,5,42.77322888555226,"[9.473883845548896, 6.283493294289144, 16.694185847370207, 10.321665898344012]",20.681559265365383,"[4.69481469976407, 3.4505623847727662, 7.510732480474381, 5.025449700354165]",38.28726410077346,10.922145386172245,[10.922145386172245],18.93203299930165,5.259636700607175,14.93203299930165,4.259636700607175,"[5.598398518983578, 4.097297758072792, 4.706212867480695, 4.530123854764586]",[5.259636700607175],"[4.598398518983578, 3.0972977580727923, 3.706212867480695, 3.5301238547645863]",[4.259636700607175],"[11.790765433291226, 7.94178912326357, 9.503109916617166, 9.051599627601503]"
140,0,1050,True,False,,0.0,3,3,,0,3,34.255356530940745,"[4.162969777366209, 15.089383993216993, 15.003002760357544]",16.35958904706689,"[2.6235582131728217, 6.8848597573546275, 6.851171076539442]",35.27901757243362,0.0,[],16.758816853249108,0.0,0.0,0.0,"[4.4199495822013946, 8.08017322518078, 4.258694045866937]",[],"[0.0, 0.0, 0.0]",[],"[8.769101492824088, 18.154290320976354, 8.35562575863317]"
140,0,1051,True,False,,0.0,3,3,,0,3,33.384039889110205,"[7.966490249329372, 17.085401252052318, 8.332148387728516]",16.019775556752982,"[4.106931197238455, 7.663306488300404, 4.249537871214121]",23.422029437359033,0.0,[],12.134591480570023,0.0,0.0,0.0,"[2.897463671279361, 4.4938195913219126, 4.74330821796875]",[],"[0.0, 0.0, 0.0]",[],"[4.865291464818874, 8.95851177262029, 9.59822619991987]"
140,0,1052,True,False,,0.0,2,2,,0,2,11.156354034172553,"[4.6674089177285465, 6.488945116444007]",6.350978073327296,"[2.820289477914133, 3.530688595413163]",8.811351710185406,0.0,[],5.436427166972308,0.0,0.0,0.0,"[2.7008451902941024, 2.7355819766782057]",[],"[0.0, 0.0]",[],"[4.361141513574622, 4.450210196610784]"
140,0,1053,True,False,,0.0,2,2,,0,2,11.724831810037589,"[7.989795439253887, 3.735036370783703]",6.572684405914661,"[4.116020221309016, 2.456664184605644]",29.78231334939564,0.0,[],13.6151022062643,0.0,0.0,0.0,"[6.440535322313318, 7.174566883950981]",[],"[0.0, 0.0]",[],"[13.950090570034149, 15.83222277936149]"
140,0,1054,True,False,,0.0,3,3,,0,3,17.74233846012202,"[2.5, 3.033252770394013, 12.209085689728006]",9.91951199944759,"[1.975, 2.1829685804536654, 5.761543418993923]",39.13037708873373,0.0,[],18.260847064606157,0.0,0.0,0.0,"[3.504958025760443, 7.864629375460451, 6.891259663385262]",[],"[0.0, 0.0, 0.0]",[],"[6.422969296821648, 17.601613783231926, 15.105794008680158]"
140,0,1055,True,False,,0.0,1,1,,0,1,9.626848862446204,[9.626848862446204],4.75447105635402,[4.75447105635402],18.653965315594583,0.0,[],8.275046473081886,0.0,0.0,0.0,[8.275046473081886],[],[0.0],[],[18.653965315594583]
140,0,1056,True,False,,0.0,1,1,,0,1,2.5,[2.5],1.975,[1.975],11.38882958212824,0.0,[],5.441643537030014,0.0,0.0,0.0,[5.441643537030014],[],[0.0],[],[11.38882958212824]
140,0,1057,True,True,1.0,4.99,5,5,True,0,5,64.67627395455561,"[4.9983486993073605, 3.8239290372465238, 5.178216664277295, 25.30510378845734, 25.37067576526709]",30.22374684227669,"[2.9493559927298705, 2.4913323245261445, 3.0195044990681454, 10.868990477498363, 10.894563548454165]",38.82726748540478,0.0,[],20.142634319307867,0.0,15.142634319307863,0.0,"[2.9409220601187593, 2.088739692253122, 7.0962054414429465, 3.877783641525943, 4.138983483967094]",[],"[1.9409220601187591, 1.088739692253122, 6.0962054414429465, 2.877783641525943, 3.138983483967094]",[],"[4.976723231073741, 2.7916402365464665, 15.631296003699862, 7.378932414169085, 8.048675599915626]"
140,0,1058,True,True,1.0,4.99,5,5,True,5,10,38.721869094627316,"[3.4856333932860646, 8.35192733403447, 5.623552268880093, 8.387325064212488, 12.8734310342142]",20.101528946904654,"[2.3593970233815655, 4.257251660273443, 3.1931853848632366, 4.2710567750428705, 6.020638103343538]",49.337039996180934,21.300869741391182,"[5.675967524598415, 2.7536374742075456, 5.5116862086777765, 3.2231785941927122, 4.13639993971473]",24.241445598510566,13.307339199142563,19.241445598510566,8.307339199142561,"[3.833157282090707, 4.568030320953996, 9.51803823060098, 2.4118791253388903, 3.9103406395259914]","[3.213627334593382, 2.0739186149409425, 3.149557621384333, 2.257039651735158, 2.6131959764887447]","[2.833157282090707, 3.5680303209539965, 8.51803823060098, 1.4118791253388903, 2.9103406395259914]","[2.213627334593382, 1.0739186149409428, 2.149557621384333, 1.2570396517351579, 1.6131959764887447]","[7.264505851514634, 9.148795694753836, 21.84112366820764, 3.6202028854843338, 7.462411896220491]"
140,0,1059,True,True,1.0,4.99,4,4,True,3,7,38.21833424518317,"[10.5908898682872, 10.549232844900189, 7.665164830248333, 9.41304670174745]",18.905150355621437,"[5.130447048632008, 5.114200809511074, 3.98941428379685, 4.6710882136815055]",62.38617465413817,16.25606793518137,"[3.257356918959057, 5.538279075826657, 7.4604319403956545]",28.33060811511389,9.339866494720734,24.33060811511389,6.339866494720734,"[5.7389270197151205, 6.552748389186131, 5.247241963579445, 10.791690742633191]","[2.2703691983940324, 3.1599288395723963, 3.909568456754305]","[4.7389270197151205, 5.552748389186131, 4.247241963579445, 9.791690742633191]","[1.2703691983940322, 2.1599288395723963, 2.909568456754305]","[12.151094922346463, 14.237816382528539, 10.890364009178064, 25.106899340085107]"
140,0,1060,True,False,,0.0,2,2,,0,2,13.837579851640776,"[9.048779445427483, 4.7888004062132925]",7.396656142139903,"[4.529023983716718, 2.8676321584231843]",21.342739673769287,0.0,[],10.323668472770022,0.0,0.0,0.0,"[5.729287170583518, 4.594381302186504]",[],"[0.0, 0.0]",[],"[12.12637736047056, 9.216362313298728]"
140,0,1061,True,False,,0.0,2,2,,0,2,21.063953404714113,"[13.100506369854315, 7.963447034859797]",10.214941827838505,"[6.109197484243183, 4.105744343595321]",18.63721758457347,0.0,[],9.268514857983654,0.0,0.0,0.0,"[2.919227708597559, 6.349287149386095]",[],"[0.0, 0.0]",[],"[4.92109668871169, 13.716120895861781]"
140,0,1062,True,True,1.0,4.99,4,4,True,1,5,65.5157815256025,"[14.714690818855908, 16.68716136444781, 8.779667577547517, 25.33426176475128]",29.55115479498498,"[6.738729419353804, 7.507992932134647, 4.424070355243532, 10.880362088253]",39.655671771848375,4.943509957555632,[4.943509957555632],19.465711991020864,2.927968883446696,15.465711991020864,1.9279688834466964,"[7.0582507785845126, 3.4840701146006934, 5.481192466629076, 3.442198631206584]",[2.927968883446696],"[6.0582507785845126, 2.4840701146006934, 4.481192466629076, 2.442198631206584]",[1.9279688834466964],"[15.533976355344903, 6.369410550258188, 11.490237093920708, 6.262047772324575]"
140,0,1063,True,True,1.0,4.99,4,4,True,1,5,33.8907579825947,"[3.3207097098488116, 13.808946294603457, 7.646497762294619, 9.11460421584781]",17.217395613211934,"[2.2950767868410367, 6.3854890548953485, 3.9821341272949016, 4.554695644180646]",31.721340250830625,4.87219179604136,[4.87219179604136],16.371322697823942,2.9001548004561304,12.371322697823944,1.9001548004561304,"[3.955014509558891, 2.9053843392550247, 3.39781549621889, 6.113108352791139]",[2.9001548004561304],"[2.955014509558891, 1.9053843392550245, 2.39781549621889, 5.113108352791139]",[1.9001548004561304],"[7.5769602809202325, 4.885600869884678, 6.148244862099718, 13.110534237925997]"
140,0,1064,True,True,1.0,4.99,6,6,True,1,7,56.02185671058318,"[10.078015444910683, 12.653356213357485, 3.804763624016202, 8.223567629791123, 9.469077258686637, 11.79307653982104]",27.848524117127436,"[4.9304260235151665, 5.934808923209419, 2.4838578133663187, 4.207191375618539, 4.692940130887789, 5.599299850530206]",64.85627172663513,5.820408722833609,[5.820408722833609],31.293945973387697,3.269959401905108,25.2939459733877,2.269959401905108,"[2.920520448686017, 5.602171852186004, 4.989406145504136, 3.3440796632570007, 3.54146471895049, 10.896303144804051]",[3.269959401905108],"[1.920520448686017, 4.602171852186004, 3.989406145504136, 2.3440796632570007, 2.54146471895049, 9.896303144804051]",[2.269959401905108],"[4.924411406887223, 11.80044064663078, 10.229246526933682, 6.01046067501795, 6.516576202437154, 25.375136268728333]"
140,0,1065,True,False,,0.0,1,1,,0,1,9.002857469511904,[9.002857469511904],4.511114413109643,[4.511114413109643],10.049379340729867,0.0,[],4.919257942884649,0.0,0.0,0.0,[4.919257942884649],[],[0.0],[],[10.049379340729867]
140,0,1066,True,False,,0.0,1,1,,0,1,3.741374349086394,[3.741374349086394],2.4591359961436936,[2.4591359961436936],13.473745403479217,0.0,[],6.254760707356895,0.0,0.0,0.0,[6.254760707356895],[],[0.0],[],[13.473745403479217]
140,0,1067,True,False,,0.0,1,1,,0,1,7.080926997870235,[7.080926997870235],3.761561529169392,[3.761561529169392],2.5,0.0,[],1.975,0.0,0.0,0.0,[1.975],[],[0.0],[],[2.5]
140,0,1068,True,True,1.0,4.99,5,5,True,2,7,49.63636183565596,"[11.122471072763922, 8.746385752478577, 9.580080988011188, 3.7244014088046615, 16.463022613597616]",24.358181115905825,"[5.337763718377929, 4.411090443466645, 4.736231585324363, 2.452516549433818, 7.420578819303071]",37.32431491841636,18.449741267587704,"[14.025263247843165, 4.424478019744539]",19.556482818182378,9.195399094359205,14.55648281818238,7.195399094359205,"[3.267771509640256, 3.8862677876231313, 5.289429377470921, 2.7683649918939546, 4.3446491515541155]","[6.469852666658834, 2.7255464277003703]","[2.267771509640256, 2.8862677876231313, 4.289429377470921, 1.7683649918939548, 3.344649151554116]","[5.469852666658834, 1.7255464277003703]","[5.814798742667323, 7.400686634931105, 10.998536865310054, 4.534269209984499, 8.576023465523374]"
140,0,1069,True,False,,0.0,2,2,,0,2,26.2917213635074,"[8.866284516082079, 17.42543684742532]",12.253771331767886,"[4.457850961272011, 7.7959203704958755]",17.50209133044646,0.0,[],8.82581561887412,0.0,0.0,0.0,"[3.3575384638091035, 5.468277155065016]",[],"[0.0, 0.0]",[],"[6.044970420023342, 11.45712091042312]"
140,0,1070,True,False,,0.0,1,1,,0,1,6.390963235942825,[6.390963235942825],3.4924756620177018,[3.4924756620177018],10.067170509921445,0.0,[],4.926196498869364,0.0,0.0,0.0,[4.926196498869364],[],[0.0],[],[10.067170509921445]
140,0,1071,True,False,,0.0,3,3,,0,3,38.81499474684266,"[25.826532239121224, 6.130636651205931, 6.8578258565155]",18.137847951268636,"[11.072347573257279, 3.3909482939703133, 3.674552084041045]",18.85724718194517,0.0,[],10.354326400958616,0.0,0.0,0.0,"[3.4903180761536734, 3.217372284409143, 3.6466360403958]",[],"[0.0, 0.0, 0.0]",[],"[6.3854309644965985, 5.685569960023443, 6.7862462574251285]"
140,0,1072,True,False,,0.0,2,2,,0,2,17.944070693440743,"[8.686098535968512, 9.25797215747223]",8.998187570441889,"[4.3875784290277196, 4.610609141414169]",16.990152759355645,0.0,[],8.626159576148702,0.0,0.0,0.0,"[4.318411517993465, 4.307748058155235]",[],"[0.0, 0.0]",[],"[8.508747482034526, 8.481405277321118]"
140,0,1073,True,False,,0.0,2,2,,0,2,17.923701969748947,"[15.140030702254478, 2.783671267494469]",8.99024376820209,"[6.904611973879247, 2.085631794322843]",25.50586595775042,0.0,[],11.947287723522663,0.0,0.0,0.0,"[5.548446748006795, 6.398840975515869]",[],"[0.0, 0.0]",[],"[11.662683969248192, 13.843181988502227]"
140,0,1074,True,False,,0.0,3,3,,0,3,43.84608331273395,"[8.132483568295473, 18.740048546876036, 16.973551197562447]",20.099972491966245,"[4.171668591635235, 8.308618933281654, 7.619684967049355]",17.756916217466802,0.0,[],9.925197324812054,0.0,0.0,0.0,"[4.139661874398632, 3.810535450413422, 1.975]",[],"[0.0, 0.0, 0.0]",[],"[8.050415062560594, 7.20650115490621, 2.5]"
140,0,1075,True,False,,0.0,3,3,,0,3,21.718322263621545,"[2.5, 2.5, 16.718322263621545]",11.470145682812403,"[1.975, 1.975, 7.5201456828124025]",21.489367868486383,0.0,[],11.380853468709688,0.0,0.0,0.0,"[3.3984544589041246, 2.8508216438417886, 5.131577365963776]",[],"[0.0, 0.0, 0.0]",[],"[6.149883227959294, 4.745696522671253, 10.593788117855835]"
140,0,1076,True,True,1.0,4.99,6,6,True,3,9,69.56203868296438,"[11.748643890986436, 7.711742170613096, 9.61265532249195, 16.070184630747047, 11.159241006141379, 13.259571661984479]",33.129195086356106,"[5.58197111748471, 4.007579446539108, 4.74893557577186, 7.267372005991349, 5.352103992395138, 6.171232948173947]",40.93992633198067,18.928769639256796,"[10.135286158801222, 5.431508210798226, 3.3619752696573486]",21.966571269472464,10.382220159310151,15.966571269472464,7.382220159310151,"[2.57886766007407, 3.4206121025007223, 2.369880066672983, 6.92918212343697, 2.990297966855689, 3.6777313499320305]","[4.952761601932476, 3.1182882022113083, 2.3111703551663663]","[1.57886766007407, 2.4206121025007223, 1.3698800666729827, 5.92918212343697, 1.9902979668556886, 2.6777313499320305]","[3.9527616019324765, 2.1182882022113083, 1.311170355166366]","[4.0483786155745385, 6.2066976987198, 3.5125129914691864, 15.20303108573582, 5.103328120142791, 6.865977820338539]"
140,0,1077,True,False,,0.0,2,2,,0,2,36.53137005951273,"[20.961790662593117, 15.569579396919615]",16.247234323209966,"[9.175098358411315, 7.07213596479865]",18.712943906764057,0.0,[],9.298048123637981,0.0,0.0,0.0,"[4.9124203605235195, 4.385627763114462]",[],"[0.0, 0.0]",[],"[10.031847078265436, 8.681096828498621]"
140,0,1078,True,True,1.0,4.99,4,4,True,0,4,50.60841276863066,"[17.55770830696336, 12.550280394770517, 16.232926433584957, 4.267497633311817]",23.737280979765952,"[7.8475062397157105, 5.894609353960502, 7.330841309098133, 2.6643240769916083]",41.603504875618505,0.0,[],20.225366901491213,0.0,16.225366901491217,0.0,"[7.542274669690685, 2.249011839885892, 6.271050654889641, 4.163029737024997]",[],"[6.542274669690685, 1.2490118398858918, 5.271050654889641, 3.163029737024998]",[],"[16.77506325561714, 3.202594461245876, 13.515514499717028, 8.110332659038455]"
140,0,1079,True,False,,0.0,3,3,,0,3,24.769514721045724,"[12.027032275855849, 2.5, 10.242482445189873]",12.660110741207832,"[5.690542587583781, 1.975, 4.994568153624051]",27.10676791089253,0.0,[],13.571639485248085,0.0,0.0,0.0,"[5.293577884867125, 2.899456373570394, 5.378605226810566]",[],"[0.0, 0.0, 0.0]",[],"[11.00917406376186, 4.870400957872804, 11.227192889257863]"
140,0,1080,True,False,,0.0,2,2,,0,2,21.32412264807185,"[18.10574878118923, 3.2183738668826187]",10.316407832748022,"[8.0612420246638, 2.2551658080842216]",21.723899077351106,0.0,[],10.47232064016693,0.0,0.0,0.0,"[5.978667095186967, 4.4936535449799635]",[],"[0.0, 0.0]",[],"[12.765813064581968, 8.958086012769138]"
140,0,1081,True,False,,0.0,1,1,,0,1,10.13096445927435,[10.13096445927435],4.9510761391169975,[4.9510761391169975],16.750073559592582,0.0,[],7.532528688241108,0.0,0.0,0.0,[7.532528688241108],[],[0.0],[],[16.750073559592582]
140,0,1082,True,True,1.0,4.99,4,4,True,1,5,55.11786591485615,"[12.130859876883848, 7.51872264689721, 28.680246893622826, 6.788036497452258]",25.495967706793895,"[5.731035351984701, 3.932301832289912, 12.185296288512902, 3.647334234006381]",33.22229969977803,9.48602178428575,[9.48602178428575],16.95669688291343,4.699548495871443,12.95669688291343,3.6995484958714426,"[6.027797660824075, 3.984709215243885, 4.661389305119981, 2.28280070172549]",[4.699548495871443],"[5.027797660824075, 2.984709215243885, 3.6613893051199806, 1.2828007017254899]",[3.6995484958714426],"[12.891788873907885, 7.653100551907397, 9.388177705435847, 3.289232568526897]"
140,0,1083,True,True,1.0,4.99,5,5,True,1,6,32.36181368478283,"[5.250601696972073, 7.121061914881809, 5.171526910002507, 7.744447302375511, 7.074175860550932]",17.621107337065304,"[3.0477346618191086, 3.7772141468039053, 3.016895494900978, 4.02033444792645, 3.7589285856148638]",55.95579565855978,4.673097086458372,[4.673097086458372],26.822760306838315,2.8225078637187653,21.822760306838315,1.8225078637187653,"[3.7747506492375225, 2.8044734323396794, 5.5266401305736315, 10.234007001903784, 4.482889092783697]",[2.8225078637187653],"[2.7747506492375225, 1.8044734323396794, 4.5266401305736315, 9.234007001903784, 3.482889092783697]",[1.8225078637187653],"[7.114745254455186, 4.6268549547171265, 11.606769565573414, 23.67694103052252, 8.93048485329153]"
140,0,1084,True,False,,0.0,3,3,,0,3,43.00726505423443,"[8.347555413674028, 6.892195608691117, 27.767514031869286]",19.772833371151428,"[4.255546611332871, 3.687956287389536, 11.829330472429023]",52.80964285218704,0.0,[],23.59576071235294,0.0,0.0,0.0,"[9.097482980988195, 10.362527826884861, 4.135749904479889]",[],"[0.0, 0.0, 0.0]",[],"[20.762776874328704, 24.006481607397077, 8.040384370461252]"
140,0,1085,True,False,,0.0,2,2,,0,2,13.663702204584489,"[9.294147614740508, 4.369554589843982]",7.328843859787951,"[4.624717569748798, 2.704126290039153]",9.528344704339775,0.0,[],5.716054434692513,0.0,0.0,0.0,"[3.5820078943791582, 2.1340465403133546]",[],"[0.0, 0.0]",[],"[6.6205330625106615, 2.9078116418291136]"
140,0,1086,True,True,1.0,4.99,6,6,True,1,7,59.89094628217607,"[2.5, 8.988298452994767, 24.470638045372553, 9.986300751685139, 11.33078539603256, 2.614923636091047]",29.35746905004867,"[1.975, 4.505436396667959, 10.543548837695296, 4.894657293157204, 5.419006304452699, 2.0198202180755085]",71.50524562271156,8.176230157942415,[8.176230157942415],33.88704579285751,4.188729761597542,27.88704579285751,3.188729761597542,"[9.878693479637036, 3.6894870955523023, 6.050545571760319, 7.917400759462299, 2.915902491959656, 3.4350163944858996]",[4.188729761597542],"[8.878693479637036, 2.6894870955523023, 5.050545571760319, 6.917400759462299, 1.915902491959656, 2.4350163944858996]",[3.188729761597542],"[22.76588071701804, 6.896120757826416, 12.950116850667483, 17.736925024262305, 4.912570492204246, 6.243631780733075]"
140,0,1087,True,False,,0.0,3,3,,0,3,34.44206285114761,"[14.541243467528671, 5.7416421613644335, 14.159177222254506]",16.432404511947567,"[6.671084952336182, 3.2392404429321293, 6.522079116679257]",26.818270083965864,0.0,[],13.459125332746687,0.0,0.0,0.0,"[3.3369265780659334, 4.303801116189974, 5.818397638490779]",[],"[0.0, 0.0, 0.0]",[],"[5.99211943093829, 8.471284913307626, 12.354865739719948]"
140,0,1088,True,True,1.0,4.99,6,6,True,0,6,61.61202559376823,"[8.550348810591343, 9.021252549162751, 13.550551403737774, 4.881549837546715, 5.3202900470613415, 20.288032945668306]",30.02868998156961,"[4.3346360361306235, 4.518288494173474, 6.284715047457732, 2.903804436643219, 3.074913118353923, 8.912332848810639]",61.84503089405951,0.0,[],30.119562048683207,0.0,24.119562048683207,0.0,"[6.578139964169901, 2.7136897271230342, 5.87148699005558, 3.1696062594727614, 7.266833851631621, 4.519805256230311]",[],"[5.578139964169901, 1.7136897271230342, 4.87148699005558, 2.1696062594727614, 6.266833851631621, 3.5198052562303106]",[],"[14.30292298505103, 4.394076223392395, 12.490992282193794, 5.56309297300708, 16.068804747773388, 9.025141682641822]"
140,0,1089,True,True,1.0,4.99,5,5,True,6,11,55.547793782316916,"[5.134026023684658, 24.553488717797094, 12.248532979228886, 11.111746061606278, 2.5]",26.6636395751036,"[3.0022701492370167, 10.575860599940867, 5.776927861899265, 5.333580964026448, 1.975]",54.13306715827654,33.53223557871706,"[6.279244760077211, 2.915439835862957, 3.860989107605315, 2.915439835862957, 12.553818781932963, 5.007303257375653]",26.11189619172785,19.077571875699654,21.11189619172785,13.077571875699652,"[4.92750067621037, 3.595503512320851, 2.751614510167431, 3.3629578995654796, 11.474319593463719]","[3.4489054564301123, 2.1370215359865536, 2.505785751966073, 2.1370215359865536, 5.895989324953856, 2.9528482703765047]","[3.9275006762103697, 2.595503512320851, 1.751614510167431, 2.3629578995654796, 10.474319593463719]","[2.4489054564301123, 1.1370215359865534, 1.505785751966073, 1.1370215359865534, 4.895989324953856, 1.9528482703765047]","[10.070514554385563, 6.655137211079105, 4.491319256839566, 6.058866409142255, 26.85722972683005]"
140,0,1090,True,True,1.0,4.99,5,5,True,1,6,47.25350875828584,"[10.650294976489912, 12.839932766710376, 2.5, 13.420784749323719, 7.84249626576183]",23.42886841573148,"[5.153615040831066, 6.007573779017047, 1.975, 6.234106052236251, 4.058573543647114]",41.657852343380284,4.6664763974142165,[4.6664763974142165],21.246562413918312,2.819925794991544,16.246562413918312,1.8199257949915444,"[4.85339655451099, 3.6837682514204055, 6.4142547420059595, 4.0449867333261, 2.2501561326548574]",[2.819925794991544],"[3.8533965545109896, 2.6837682514204055, 5.4142547420059595, 3.0449867333261005, 1.2501561326548576]",[1.8199257949915444],"[9.880503985925614, 6.881457054924116, 13.882704466681947, 7.807658290579744, 3.2055285452688653]"
140,0,1091,True,True,1.0,4.99,4,4,True,0,4,26.879018329551712,"[9.103335672036996, 4.483836850680034, 3.2610756944005495, 10.030770112434135]",14.482817148525168,"[4.550300912094428, 2.748696371765213, 2.2718195208162144, 4.9120003438493125]",40.27433368768128,0.0,[],19.7069901381957,0.0,15.7069901381957,0.0,"[5.50484606404792, 7.478690498305185, 1.975, 4.7484535758425945]",[],"[4.50484606404792, 6.478690498305185, 0.9750000000000001, 3.7484535758425945]",[],"[11.550887343712615, 16.612026918731242, 2.5, 9.611419425237422]"
140,0,1092,True,False,,0.0,2,2,,0,2,18.504405920148027,"[7.100911819454108, 11.40349410069392]",9.21671830885773,"[3.769355609587102, 5.447362699270629]",11.011491901265785,0.0,[],6.294481841493656,0.0,0.0,0.0,"[2.6896555013442587, 3.6048263401493976]",[],"[0.0, 0.0]",[],"[4.332450003446818, 6.679041897818968]"
140,0,1093,True,True,1.0,4.99,5,5,True,2,7,42.06761440092752,"[16.37338446241094, 12.497856738187174, 2.5, 4.680136416251147, 6.016236784078261]",21.406369616361733,"[7.385619940340266, 5.874164127892998, 1.975, 2.8252532023379473, 3.346332345790522]",36.82627910256794,25.94012385319862,"[11.894470732195389, 14.045653121003234]",19.362248850001496,12.116648302747464,14.362248850001496,10.116648302747464,"[3.5387841488648535, 3.0021240730464682, 5.422624151630882, 4.480221378948279, 2.9184950975110127]","[5.638843585556202, 6.477804717191261]","[2.5387841488648535, 2.0021240730464682, 4.422624151630882, 3.4802213789482788, 1.9184950975110124]","[4.638843585556202, 5.477804717191261]","[6.509702945807317, 5.1336514693499185, 11.340061927258672, 8.923644561405842, 4.919218198746186]"
140,0,1094,True,False,,0.0,2,2,,0,2,23.334264312548605,"[8.54947034558289, 14.784793966965717]",11.100363081893956,"[4.334293434777328, 6.7660696471166295]",6.156699160828474,0.0,[],4.401112672723105,0.0,0.0,0.0,"[2.4261126727231046, 1.975]",[],"[0.0, 0.0]",[],"[3.656699160828474, 2.5]"
140,0,1095,True,False,,0.0,2,2,,0,2,15.491875531191267,"[3.187847355130882, 12.304028176060385]",8.041831457164594,"[2.243260468501044, 5.79857098866355]",18.73589908975967,0.0,[],9.307000645006273,0.0,0.0,0.0,"[4.814612388578907, 4.492388256427365]",[],"[0.0, 0.0]",[],"[9.781057406612582, 8.95484168314709]"
140,0,1096,True,True,1.0,4.99,4,4,True,1,5,52.82451515546482,"[10.53101785909961, 16.54239799580219, 11.019659265813502, 14.731440034749523]",24.601560910631285,"[5.107096965048848, 7.451535218362855, 5.2976671136672655, 6.745261613552314]",45.12853043874705,4.940217694554888,[4.940217694554888],21.60012687111135,2.926684900876406,17.60012687111135,1.9266849008764064,"[1.975, 7.749839631714146, 8.809886496197109, 3.0654007432000925]",[2.926684900876406],"[0.9750000000000001, 6.749839631714146, 7.80988649619711, 2.0654007432000925]",[1.9266849008764064],"[2.5, 17.307281106959348, 20.025349990248998, 5.295899341538699]"
140,0,1097,True,True,1.0,4.99,5,5,True,0,5,61.545696106196516,"[16.548997536908814, 6.053181167684722, 21.59987528136593, 14.316590840419474, 3.0270512798175804]",29.002821481416646,"[7.454109039394438, 3.3607406553970414, 9.423951359732712, 6.583470427763595, 2.180549999128856]",54.58869384946247,0.0,[],26.289590601290364,0.0,21.289590601290364,0.0,"[5.1539669021391665, 3.9869860418633936, 2.078325585653981, 6.62074815285457, 8.449563918779251]",[],"[4.1539669021391665, 2.9869860418633936, 1.0783255856539808, 5.62074815285457, 7.449563918779251]",[],"[10.651197184972222, 7.658938568880496, 2.764937399112771, 14.412174750909152, 19.101445945587823]"
140,0,1098,True,False,,0.0,1,1,,0,1,11.44995486551085,[11.44995486551085],5.4654823975492315,[5.4654823975492315],8.704110530328123,0.0,[],4.394603106827968,0.0,0.0,0.0,[4.394603106827968],[],[0.0],[],[8.704110530328123]
140,0,1099,True,False,,0.0,1,1,,0,1,8.685556055111249,[8.685556055111249],4.387366861493387,[4.387366861493387],2.971940576059946,0.0,[],2.159056824663379,0.0,0.0,0.0,[2.159056824663379],[],[0.0],[],[2.971940576059946]
140,0,1100,True,True,1.0,4.99,5,5,True,1,6,32.23744279633679,"[4.396141456546833, 2.5, 7.8816520863421005, 10.649764767722083, 6.8098844857257745]",17.572602690571347,"[2.714495168053265, 1.975, 4.073844313673419, 5.153408259411612, 3.6558549494330523]",45.82027862253851,4.418063445562141,[4.418063445562141],22.86990866279002,2.7230447437692353,17.86990866279002,1.723044743769235,"[2.986137161533806, 4.752292890999554, 8.227547114642217, 2.036605585109701, 4.867325910504743]",[2.7230447437692353],"[1.9861371615338062, 3.752292890999554, 7.227547114642217, 1.036605585109701, 3.8673259105047433]",[1.723044743769235],"[5.0926593885482205, 9.621263823075779, 18.532172088826197, 2.657963038742823, 9.916220283345496]"
140,0,1101,True,True,1.0,4.99,4,4,True,5,9,41.9647016421524,"[3.5364395015268757, 14.58733141889045, 10.129625366730176, 13.711305355004896]",20.366233640439432,"[2.3792114055954814, 6.689059253367276, 4.950553893024768, 6.34740908845191]",32.40337803667571,57.64282851116782,"[5.407519357351192, 9.218671656351647, 9.37719934147171, 13.618497075640308, 20.02094108035296]",16.63731743430353,27.480703119355447,12.63731743430353,22.480703119355447,"[5.5391790788891235, 5.233321053167791, 3.0654274437178386, 2.799389858528775]","[3.108932549366965, 4.595281945977143, 4.657107743173967, 6.311213859499721, 8.808167021337654]","[4.5391790788891235, 4.233321053167791, 2.0654274437178386, 1.799389858528775]","[2.108932549366965, 3.595281945977143, 3.657107743173967, 5.311213859499721, 7.808167021337654]","[11.638920715100316, 10.8546693670969, 5.2959678044047145, 4.613820150073782]"
140,0,1102,True,False,,0.0,2,2,,0,2,12.307475899874019,"[3.1151947865261396, 9.19228111334788]",6.799915600950867,"[2.214925966745194, 4.584989634205673]",17.641537566590117,0.0,[],8.880199650970146,0.0,0.0,0.0,"[6.905199650970146, 1.975]",[],"[0.0, 0.0]",[],"[15.141537566590117, 2.5]"
140,0,1103,True,False,,0.0,1,1,,0,1,9.058723453263637,[9.058723453263637],4.532902146772818,[4.532902146772818],10.241132200202268,0.0,[],4.994041558078885,0.0,0.0,0.0,[4.994041558078885],[],[0.0],[],[10.241132200202268]
140,0,1104,True,False,,0.0,1,1,,0,1,9.100916847827916,[9.100916847827916],4.549357570652887,[4.549357570652887],10.456959117712202,0.0,[],5.078214055907759,0.0,0.0,0.0,[5.078214055907759],[],[0.0],[],[10.456959117712202]
140,0,1105,True,False,,0.0,1,1,,0,1,4.984509065654433,[4.984509065654433],2.943958535605229,[2.943958535605229],5.5773406333904445,0.0,[],3.1751628470222735,0.0,0.0,0.0,[3.1751628470222735],[],[0.0],[],[5.5773406333904445]
140,0,1106,True,True,1.0,4.99,4,4,True,1,5,24.87686054704387,"[7.671093675620499, 8.13381926526421, 2.7891493156934537, 6.282798290465708]",13.70197561334711,"[3.991726533491995, 4.172189513453041, 2.087768233120447, 3.4502913332816263]",37.81622133515659,3.3496455167414134,[3.3496455167414134],18.748326320711072,2.3063617515291512,14.748326320711069,1.3063617515291512,"[9.114691890574381, 2.93290321123793, 4.725731218898758, 1.975]",[2.3063617515291512],"[8.114691890574381, 1.9329032112379299, 3.725731218898759, 0.9750000000000001]",[1.3063617515291512],"[20.806902283524053, 4.956162080097256, 9.553156971535278, 2.5]"
140,0,1107,True,True,1.0,4.99,4,4,True,2,6,50.10855326458691,"[4.888084868745356, 11.507465917841884, 9.563045550769251, 24.14995692723042]",23.542335773188896,"[2.9063530988106887, 5.487911707958335, 4.729587764800009, 10.418483201619864]",34.290364200684856,19.072481174363997,"[12.29214845740799, 6.780332716956006]",17.373242038267094,9.438267658001958,13.373242038267094,7.438267658001958,"[7.765696281960317, 2.4292710424776676, 4.618084882464412, 2.5601898313646982]","[5.7939378983891165, 3.6443297596128423]","[6.765696281960317, 1.4292710424776673, 3.618084882464412, 1.5601898313646982]","[4.7939378983891165, 2.6443297596128423]","[17.34793918451363, 3.6647975448145313, 9.277140724267722, 4.00048674708897]"
140,0,1108,True,True,1.0,4.99,7,7,True,2,9,49.8325641268429,"[7.868449471498341, 3.645198976190568, 7.108093391778185, 4.911650341140132, 4.2113549359677425, 5.6871248390492815, 16.400692171218648]",26.43470000946873,"[4.068695293884353, 2.421627600714322, 3.7721564227934925, 2.915543633044652, 2.6424284250274197, 3.2179786872292198, 7.396269946775273]",67.33723823188075,19.54043161568635,"[10.355435474002546, 9.184996141683808]",33.26152291043349,9.620768330117677,26.261522910433495,7.620768330117677,"[5.660776287191232, 4.756868257834219, 5.436854940042434, 2.541909004357215, 3.830658707711295, 2.905029193633217, 8.12942651966388]","[5.0386198348609925, 4.5821484952566855]","[4.660776287191232, 3.756868257834219, 4.436854940042434, 1.541909004357215, 2.830658707711295, 1.905029193633217, 7.1294265196638795]","[4.0386198348609925, 3.582148495256685]","[11.950708428695467, 9.632995532908254, 11.376551128313933, 3.9536128316851666, 7.258099250541782, 4.884690240085172, 18.28058081965097]"
140,0,1109,True,False,,0.0,3,3,,0,3,44.703482291671165,"[7.3395543958937255, 8.954712928038425, 28.409214967739015]",20.434358093751754,"[3.862426214398553, 4.492338041934985, 12.079593837418216]",11.960282793643593,0.0,[],7.664510289521001,0.0,0.0,0.0,"[3.294258894926809, 2.3952513945941925, 1.975]",[],"[0.0, 0.0, 0.0]",[],"[5.8827151151969455, 3.577567678446647, 2.5]"
140,0,1110,True,False,,0.0,1,1,,0,1,2.8414144737379283,[2.8414144737379283],2.1081516447577924,[2.1081516447577924],15.348193399306462,0.0,[],6.9857954257295205,0.0,0.0,0.0,[6.9857954257295205],[],[0.0],[],[15.348193399306462]
140,0,1111,True,False,,0.0,1,1,,0,1,11.207962785289476,[11.207962785289476],5.371105486262896,[5.371105486262896],13.106884496307941,0.0,[],6.111684953560097,0.0,0.0,0.0,[6.111684953560097],[],[0.0],[],[13.106884496307941]
140,0,1112,True,False,,0.0,2,2,,0,2,12.316513964657268,"[5.019514411489981, 7.296999553167288]",6.803440446216335,"[2.9576106204810926, 3.8458298257352426]",13.597936455878676,0.0,[],7.303195217792684,0.0,0.0,0.0,"[2.4758690680329423, 4.827326149759742]",[],"[0.0, 0.0]",[],"[3.784279661622928, 9.813656794255747]"
140,0,1113,True,True,1.0,4.99,4,4,True,1,5,24.701409359480895,"[9.740939291776506, 3.8648791782679357, 8.433501841386212, 2.662089048050242]",13.633549650197551,"[4.798966323792838, 2.507302879524495, 4.289065718140623, 2.0382147287395944]",27.030003058459506,12.136852635451628,[12.136852635451628],14.541701192799207,5.733372527826135,10.541701192799207,4.733372527826135,"[4.3052755205774655, 3.497782003003635, 3.0985309702131327, 3.6401126990049737]",[5.733372527826135],"[3.3052755205774655, 2.497782003003635, 2.0985309702131327, 2.6401126990049737]",[4.733372527826135],"[8.475065437378117, 6.4045692384708595, 5.380848641572135, 6.769519741038394]"
140,0,1114,True,True,1.0,4.99,4,4,True,2,6,34.19393603596718,"[13.451548565079628, 5.18681926128876, 8.894245327494557, 6.66132288210423]",17.3356350540272,"[6.246103940381055, 3.0228595119026167, 4.468755677722878, 3.5979159240206497]",49.550388408055056,17.462968954754068,"[6.628569596273977, 10.834399358480091]",23.32465147914147,8.810557892354087,19.32465147914147,6.810557892354087,"[1.975, 9.154731099102412, 3.8195762017681263, 8.375344178270932]","[3.585142142546851, 5.225415749807236]","[0.9750000000000001, 8.154731099102412, 2.8195762017681263, 7.375344178270932]","[2.585142142546851, 4.225415749807236]","[2.5, 20.909566920775415, 7.229682568636221, 18.911138918643417]"
140,0,1115,True,False,,0.0,2,2,,0,2,18.065813782090387,"[2.5, 15.565813782090386]",9.04566737501525,"[1.975, 7.07066737501525]",14.720397595919305,0.0,[],7.740955062408529,0.0,0.0,0.0,"[2.603910968539723, 5.137044093868806]",[],"[0.0, 0.0]",[],"[4.1125922270249315, 10.607805368894374]"
140,0,1116,True,True,1.0,4.99,4,4,True,2,6,43.77135828037156,"[13.412730958080918, 2.5, 15.796509436864355, 12.06211788542629]",21.070829729344908,"[6.230965073651558, 1.975, 7.160638680377098, 5.704225975316253]",30.593845846138287,26.26142890745699,"[15.051854961287304, 11.209573946169687]",15.931599879993932,12.241957273908227,11.93159987999393,10.241957273908227,"[6.018796075591986, 2.71711683129639, 3.9470870777516907, 3.248599895353864]","[6.870223434902049, 5.371733839006178]","[5.018796075591986, 1.71711683129639, 2.9470870777516907, 2.248599895353864]","[5.870223434902049, 4.371733839006178]","[12.868707886133297, 4.402863669990744, 7.556633532696643, 5.7656407573176]"
140,0,1117,True,False,,0.0,3,3,,0,3,38.34032220951569,"[13.544523565313936, 7.507854131169248, 17.28794451303251]",17.95272566171112,"[6.282364190472435, 3.928063111156007, 7.742298360082679]",21.16751209369719,0.0,[],11.255329716541905,0.0,0.0,0.0,"[1.975, 4.072082942425331, 5.208246774116573]",[],"[0.0, 0.0, 0.0]",[],"[2.5, 7.87713574980854, 10.79037634388865]"
140,0,1118,True,False,,0.0,1,1,,0,1,9.541050759282431,[9.541050759282431],4.721009796120148,[4.721009796120148],5.183865510707407,0.0,[],3.021707549175889,0.0,0.0,0.0,[3.021707549175889],[],[0.0],[],[5.183865510707407]
140,0,1119,True,False,,0.0,2,2,,0,2,18.27771154064278,"[9.128312058105015, 9.149399482537765]",9.128307500850685,"[4.560041702660956, 4.568265798189728]",11.005035956652785,0.0,[],6.291964023094586,0.0,0.0,0.0,"[3.3949295495846252, 2.897034473509961]",[],"[0.0, 0.0]",[],"[6.140844998934936, 4.864190957717849]"
140,0,1120,True,False,,0.0,3,3,,0,3,20.79358503277408,"[14.565887655999298, 2.5, 3.7276973767747807]",11.109498162781891,"[6.680696185839726, 1.975, 2.453801976942165]",24.991333497415958,0.0,[],12.746620063992223,0.0,0.0,0.0,"[3.0446300353769717, 6.1047790716391654, 3.597210956976086]",[],"[0.0, 0.0, 0.0]",[],"[5.242641116351209, 13.08917710676709, 6.6595152742976556]"
140,0,1121,True,True,1.0,4.99,4,4,True,2,6,41.996101470593686,"[8.467421641423789, 10.982156159129142, 14.550326351960258, 7.996197318080495]",20.37847957353154,"[4.302294440155277, 5.283040902060366, 6.674627277264501, 4.118516954051393]",25.730325302151297,9.753563744834718,"[6.398547772701947, 3.3550159721327706]",14.034826867839007,5.8038898604855405,10.034826867839007,3.8038898604855396,"[3.320737208453505, 2.1416844431990207, 4.798305282676935, 3.7740999335095444]","[3.4954336313537593, 2.3084562291317807]","[2.320737208453505, 1.1416844431990207, 3.7983052826769357, 2.7740999335095444]","[2.4954336313537593, 1.3084562291317805]","[5.950608226803858, 2.927396008202617, 9.739244314556245, 7.113076752588575]"
140,0,1122,True,False,,0.0,1,1,,0,1,2.5,[2.5],1.975,[1.975],4.769944878134331,0.0,[],2.860278502472389,0.0,0.0,0.0,[2.860278502472389],[],[0.0],[],[4.769944878134331]
140,0,1123,True,True,1.0,4.99,8,8,True,1,9,99.53167162514583,"[6.912796965029265, 18.08644007498046, 17.350428147055315, 3.391693715223886, 10.136928299988455, 20.757016288537443, 7.172244387198605, 15.724123747132404]",46.817351933806876,"[3.6959908163614132, 8.053711629242379, 7.766666977351573, 2.3227605489373158, 4.953402036995497, 9.095236352529604, 3.797175311007456, 7.132408261381638]",81.9269047976244,5.8310744154504155,[5.8310744154504155],39.95149287107352,3.274119022025662,31.95149287107352,2.274119022025662,"[3.195268956642858, 3.327733865819506, 3.268920526787135, 4.423882018686903, 13.180209493459138, 4.606453025704564, 5.9740249839734165, 1.975]",[3.274119022025662],"[2.195268956642858, 2.327733865819506, 2.268920526787135, 3.4238820186869026, 12.180209493459138, 3.6064530257045635, 4.9740249839734165, 0.9750000000000001]",[2.274119022025662],"[5.628894760622712, 5.968548373896169, 5.817744940479833, 8.77918466329975, 31.231306393484967, 9.247315450524521, 12.753910215316452, 2.5]"
140,0,1124,True,True,1.0,4.99,7,7,True,5,12,62.61214059231903,"[9.520424774826006, 4.951791238283222, 7.621573489206373, 15.402171071317412, 6.8607377189810395, 3.4804724752872747, 14.774969824417703]",31.41873483100442,"[4.7129656621821425, 2.9311985829304565, 3.9724136607904854, 7.006846717813791, 3.6756877104026056, 2.357384265362037, 6.762238231522904]",50.538964321524944,47.13397376103704,"[15.065128099917661, 6.779842590389912, 11.244708622724291, 6.874386912208682, 7.16990753579649]",26.71019608539473,23.382249766804446,19.710196085394728,18.382249766804446,"[3.542065138798725, 3.826959502441988, 3.602215663310148, 2.9162313943508913, 4.026912605976515, 2.9326344596728573, 5.863177320843605]","[6.875399958967888, 3.644138610252066, 5.385436362862474, 3.681010895761386, 3.796263938960631]","[2.542065138798725, 2.826959502441988, 2.602215663310148, 1.9162313943508913, 3.026912605976515, 1.9326344596728573, 4.863177320843605]","[5.875399958967888, 2.644138610252066, 4.385436362862474, 2.681010895761386, 2.796263938960631]","[6.5181157405095504, 7.24861410882561, 6.672347854641405, 4.913413831668952, 7.761314374298756, 4.955472973520147, 12.469685438060527]"
140,0,1125,True,False,,0.0,1,1,,0,1,6.882403098649583,[6.882403098649583],3.6841372084733375,[3.6841372084733375],6.766448688598186,0.0,[],3.6389149885532928,0.0,0.0,0.0,[3.6389149885532928],[],[0.0],[],[6.766448688598186]
140,0,1126,True,False,,0.0,2,2,,0,2,12.421477000734855,"[5.350155419636879, 7.071321581097976]",6.844376030286593,"[3.0865606136583827, 3.757815416628211]",13.622612751375357,0.0,[],7.312818973036389,0.0,0.0,0.0,"[3.8900676527160862, 3.422751320320303]",[],"[0.0, 0.0]",[],"[7.410429878759195, 6.212182872616161]"
140,0,1127,True,True,1.0,4.99,5,5,True,0,5,58.595367957485536,"[12.573949526206391, 9.506038573947121, 19.19464313764329, 12.511676128826236, 4.80906059086249]",27.852193503419358,"[5.903840315220493, 4.707355043839377, 8.485910823680882, 5.879553690242233, 2.8755336304363714]",68.14304266591185,0.0,[],31.57578663970562,0.0,26.57578663970562,0.0,"[5.831026916799884, 6.224068510888237, 6.803325375370138, 8.051633486883198, 4.665732349764163]",[],"[4.831026916799884, 5.224068510888237, 5.803325375370138, 7.051633486883197, 3.665732349764163]",[],"[12.387248504615085, 13.395047463815994, 14.880321475308046, 18.08111150482871, 9.399313717344008]"
140,0,1128,True,False,,0.0,2,2,,0,2,11.564262814839743,"[3.41573647405931, 8.148526340780434]",6.510062497787501,"[2.332137224883131, 4.177925272904369]",36.23312147973974,0.0,[],16.1309173770985,0.0,0.0,0.0,"[10.292671721189066, 5.838245655909432]",[],"[0.0, 0.0]",[],"[23.82736338766427, 12.405758092075468]"
140,0,1129,True,False,,0.0,3,3,,0,3,18.191338123293093,"[2.5, 5.372616059857068, 10.318722063436027]",10.094621868084307,"[1.975, 3.0953202633442563, 5.02430160474005]",29.259281718421263,0.0,[],14.411119870184294,0.0,0.0,0.0,"[2.493400664294243, 2.196683981511697, 9.721035224378353]",[],"[0.0, 0.0, 0.0]",[],"[3.8292324725493416, 3.068420465414608, 22.361628780457313]"
140,0,1130,True,True,1.0,4.99,5,5,True,4,9,59.31985277031437,"[10.64059542445864, 15.081092284003276, 6.958708853220884, 16.521411262668334, 10.118044945963234]",28.134742580422603,"[5.149832215538869, 6.881625990761278, 3.7138964527561447, 7.44335039244065, 4.946037528925661]",41.52814603950542,50.242689958727155,"[9.47334556859682, 10.30122117812868, 21.14666710872157, 9.321456103280086]",21.19597695540712,23.59464908390359,16.195976955407115,19.59464908390359,"[5.623171576909978, 3.9728735372900204, 5.540445859051768, 4.08448598215535, 1.975]","[4.6946047717527595, 5.017476259470185, 9.247200172401412, 4.635367880279234]","[4.623171576909978, 2.9728735372900204, 4.540445859051768, 3.08448598215535, 0.9750000000000001]","[3.69460477175276, 4.017476259470185, 8.247200172401412, 3.635367880279234]","[11.854286094640967, 7.622752659718, 11.642168869363505, 7.9089384157829485, 2.5]"
140,0,1131,True,False,,0.0,2,2,,0,2,12.882584464641937,"[7.912685747791382, 4.969898716850555]",7.0242079412103555,"[4.085947441638639, 2.938260499571716]",8.422884326482642,0.0,[],5.284924887328231,0.0,0.0,0.0,"[2.747549100028462, 2.5373757872997684]",[],"[0.0, 0.0]",[],"[4.4808951282781075, 3.9419891982045345]"
140,0,1132,True,False,,0.0,3,3,,0,3,21.725534997141338,"[6.388250019401403, 5.098146399187797, 10.239138578552138]",11.472958648885122,"[3.4914175075665472, 2.988277095683241, 4.993264045635334]",22.6476733242132,0.0,[],11.832592596443149,0.0,0.0,0.0,"[2.441376100749796, 2.799292352462909, 6.591924143230444]",[],"[0.0, 0.0, 0.0]",[],"[3.695836155768708, 4.6135701345202795, 14.338267033924215]"
140,0,1133,True,True,1.0,4.99,4,4,True,1,5,42.49555375847624,"[13.808205981452852, 16.248561864073736, 9.938785912949653, 2.5]",20.57326596580574,"[6.385200332766613, 7.336939126988757, 4.876126506050365, 1.975]",47.176622915452,4.004675543145616,[4.004675543145616],22.39888293702628,2.5618234618267905,18.39888293702628,1.5618234618267903,"[5.8678270462748365, 3.1559251982645384, 11.400130692486904, 1.975]",[2.5618234618267905],"[4.8678270462748365, 2.1559251982645384, 10.400130692486904, 0.9750000000000001]",[1.5618234618267903],"[12.481607810961119, 5.528013328883432, 26.667001775607446, 2.5]"
140,0,1134,True,False,,0.0,2,2,,0,2,15.482820991738693,"[4.168482860658395, 11.314338131080298]",8.038300186778091,"[2.625708315656774, 5.412591871121316]",17.19064018845912,0.0,[],8.704349673499058,0.0,0.0,0.0,"[1.975, 6.729349673499057]",[],"[0.0, 0.0]",[],"[2.5, 14.69064018845912]"
140,0,1135,True,True,1.0,4.99,5,5,True,2,7,37.520544843451425,"[4.21630173055931, 4.127689559299568, 10.950183729710677, 6.974188479359388, 11.252181344522484]",19.633012488946058,"[2.6443576749181306, 2.6097989281268315, 5.270571654587164, 3.719933506950161, 5.388350724363769]",34.303736553029424,14.975454256664511,"[3.6502390772609914, 11.32521517940352]",18.378457255681475,7.84042716009916,13.378457255681475,5.84042716009916,"[2.5703828786462006, 6.1502944991423645, 3.1639337208025085, 2.143285148728884, 4.3505610083615185]","[2.423593240131787, 5.416833919967373]","[1.5703828786462009, 5.1502944991423645, 2.1639337208025085, 1.143285148728884, 3.350561008361518]","[1.4235932401317868, 4.416833919967373]","[4.026622765759489, 13.205883331134268, 5.548548002057714, 2.9315003813561127, 8.59118207272184]"
140,0,1136,True,True,1.0,4.99,5,5,True,2,7,57.28791508119954,"[17.21161124859451, 10.230263267909603, 12.475208859163619, 14.330334172169437, 3.04049753336238]",27.342286881667825,"[7.71252838695186, 4.9898026744847455, 5.865331455073812, 6.588830327146081, 2.185794038011328]",42.901108834654494,17.838693263697316,"[2.239129586375529, 15.599563677321788]",21.731432445515253,8.957090372841954,16.731432445515253,6.957090372841954,"[4.697759785701243, 2.9648005621023135, 5.881751992400362, 3.202889327840693, 4.984230777470641]","[1.8732605386864565, 7.083829834155497]","[3.697759785701243, 1.9648005621023132, 4.881751992400362, 2.202889327840693, 3.9842307774706405]","[0.8732605386864564, 6.083829834155497]","[9.481435347951905, 5.037950159236701, 12.51731280102657, 5.648434173950495, 10.215976352488822]"
140,0,1137,True,False,,0.0,2,2,,0,2,15.736904126124374,"[2.842070666290361, 12.894833459834013]",8.137392609188506,"[2.108407559853241, 6.028985049335265]",12.346310490816226,0.0,[],6.815061091418329,0.0,0.0,0.0,"[3.598850549582609, 3.2162105418357196]",[],"[0.0, 0.0]",[],"[6.663719357904125, 5.682591132912101]"
140,0,1138,True,False,,0.0,1,1,,0,1,7.733134847783453,[7.733134847783453],4.015922590635547,[4.015922590635547],18.921148100084764,0.0,[],8.379247759033058,0.0,0.0,0.0,[8.379247759033058],[],[0.0],[],[18.921148100084764]
140,0,1139,True,True,1.0,4.99,6,6,True,2,8,44.21867815585619,"[6.919916107415768, 5.767110148304654, 14.258109494711784, 4.35813826569866, 7.712038939110662, 5.203365200614665]",23.245284480783916,"[3.6987672818921493, 3.249172957838815, 6.560662702937596, 2.6996739236224774, 4.007695186253159, 3.0293124282397192]",63.85787324539745,23.204884599224826,"[14.511466390594286, 8.693418208630542]",30.904570565705008,11.049904993697684,24.904570565705008,9.049904993697684,"[4.621067681227771, 3.0467940856558036, 5.954671355718782, 5.3600722328959, 5.2084374018104596, 6.713527808396291]","[6.659471892331772, 4.390433101365911]","[3.6210676812277716, 2.0467940856558036, 4.954671355718782, 4.3600722328959, 4.2084374018104596, 5.713527808396291]","[5.659471892331772, 3.3904331013659115]","[9.284788926225055, 5.248189963220009, 12.704285527484055, 11.179672392040768, 10.790865132847332, 14.650071303580233]"
140,0,1140,True,False,,0.0,3,3,,0,3,17.278490610303585,"[2.5, 2.5, 12.278490610303587]",9.7386113380184,"[1.975, 1.975, 5.788611338018399]",22.4329206512476,0.0,[],11.748839053986563,0.0,0.0,0.0,"[3.9210955583437515, 3.612458648863269, 4.215284846779543]",[],"[0.0, 0.0, 0.0]",[],"[7.489988611137824, 6.698611920162228, 8.244320119947547]"
140,0,1141,True,True,1.0,4.99,4,4,True,1,5,21.252677095004398,"[9.592240471562084, 2.5, 3.4225375127965223, 5.737899110645791]",12.288544067051715,"[4.740973783909213, 1.975, 2.3347896299906434, 3.2377806531518587]",32.48850010261887,4.7353455993239875,[4.7353455993239875],16.670515040021364,2.8467847837363554,12.670515040021362,1.8467847837363551,"[3.0117654793700184, 3.7839752739597303, 4.409990246893795, 5.464784039797818]",[2.8467847837363554],"[2.0117654793700184, 2.7839752739597303, 3.4099902468937944, 4.464784039797818]",[1.8467847837363551],"[5.158373024025688, 7.138398138358283, 8.743564735625114, 11.448164204609789]"
140,0,1142,True,False,,0.0,2,2,,0,2,20.44197016655266,"[5.797005374815792, 14.644964791736868]",9.972368364955537,"[3.260832096178159, 6.711536268777379]",18.624537456326543,0.0,[],9.263569607967353,0.0,0.0,0.0,"[4.421232222146761, 4.842337385820592]",[],"[0.0, 0.0]",[],"[8.772390313196823, 9.852147143129722]"
140,0,1143,True,False,,0.0,2,2,,0,2,26.737450045831153,"[17.10977189466114, 9.627678151170011]",12.427605517874149,"[7.672811038917845, 4.754794478956304]",24.946192664636214,0.0,[],11.729015139208126,0.0,0.0,0.0,"[5.3876008912527436, 6.341414247955382]",[],"[0.0, 0.0]",[],"[11.250258695519854, 13.695933969116362]"
140,0,1144,True,False,,0.0,2,2,,0,2,27.187849345104375,"[8.191849069123064, 18.996000275981313]",12.603261244590708,"[4.194821136957995, 8.408440107632712]",13.162409837137151,0.0,[],7.133339836483489,0.0,0.0,0.0,"[3.8814116145459434, 3.2519282219375456]",[],"[0.0, 0.0]",[],"[7.388234909092162, 5.774174928044989]"
140,0,1145,True,True,1.0,4.99,5,5,True,1,6,67.81838678269591,"[8.232572097249335, 19.42407568935683, 10.846827836464563, 6.57264716431009, 22.742263995315092]",31.44917084525141,"[4.210703117927241, 8.575389518849164, 5.23026285622118, 3.563332394080935, 9.869482958172886]",46.61667784653943,7.52318842182258,[7.52318842182258],23.18050436015038,3.934043484510806,18.180504360150376,2.934043484510806,"[4.323689534386081, 4.309406090583208, 6.644190502065332, 3.848672238568549, 4.054545994547206]",[3.934043484510806],"[3.323689534386081, 3.3094060905832077, 5.644190502065332, 2.848672238568549, 3.0545459945472064]",[2.934043484510806],"[8.522280857400208, 8.485656642521045, 14.472283338629055, 7.304287791201408, 7.832169216787709]"
140,0,1146,True,False,,0.0,2,2,,0,2,15.960131014271072,"[8.420910162200189, 7.539220852070883]",8.224451095565719,"[4.284154963258073, 3.940296132307645]",15.198121083615709,0.0,[],7.927267222610126,0.0,0.0,0.0,"[2.3539295378634053, 5.573337684746721]",[],"[0.0, 0.0]",[],"[3.471614199649757, 11.726506883965952]"
140,0,1147,True,False,,0.0,3,3,,0,3,30.77734273588862,"[10.546758198301236, 6.380686599977257, 13.849897937610127]",15.003163666996562,"[5.113235697337482, 3.4884677739911303, 6.4014601956679495]",13.312603828206207,0.0,[],8.19191549300042,0.0,0.0,0.0,"[4.028973020100114, 2.1879424729003065, 1.975]",[],"[0.0, 0.0, 0.0]",[],"[7.766597487436191, 3.046006340770017, 2.5]"
140,0,1148,True,True,1.0,4.99,7,1,,1,8,4.399813174247315,[4.399813174247315],2.715927137956453,[2.715927137956453],7.967958382214343,3.871642472291905,[3.871642472291905],4.1075037690635945,2.509940564193843,3.107503769063594,1.509940564193843,[4.1075037690635945],[2.509940564193843],[3.107503769063594],[1.509940564193843],[7.967958382214343]
140,0,1149,True,False,,0.0,2,2,,0,2,14.84154174981137,"[7.536704484530474, 7.304837265280895]",7.788201282426434,"[3.939314748966885, 3.8488865334595492]",15.108907411610158,0.0,[],7.892473890527962,0.0,0.0,0.0,"[3.594888373865836, 4.297585516662126]",[],"[0.0, 0.0]",[],"[6.653559932989324, 8.455347478620835]"
140,0,1150,True,True,1.0,4.99,4,4,True,1,5,35.12602671485021,"[9.733183090073616, 8.75330620561349, 6.3419027630818166, 10.297634656081291]",17.699150418791582,"[4.79594140512871, 4.413789420189261, 3.4733420776019086, 5.016077515871704]",35.99632763979887,16.02121253018847,[16.02121253018847],18.03856777952156,7.248272886773504,14.03856777952156,6.248272886773504,"[4.050084228197576, 6.313994298434751, 5.007682211787905, 2.666807041101329]",[7.248272886773504],"[3.050084228197576, 5.313994298434751, 4.007682211787905, 1.666807041101329]",[6.248272886773504],"[7.820728790250195, 13.62562640624295, 10.276108235353602, 4.273864207952125]"
140,0,1151,True,False,,0.0,1,1,,0,1,6.457334070168786,[6.457334070168786],3.5183602873658266,[3.5183602873658266],21.466556107252746,0.0,[],9.371956881828572,0.0,0.0,0.0,[9.371956881828572],[],[0.0],[],[21.466556107252746]
140,0,1152,True,True,1.0,4.99,6,1,,2,8,9.622527663351182,[9.622527663351182],4.7527857887069604,[4.7527857887069604],4.319094336988536,12.426111434321395,"[4.884135563394753, 7.541975870926643]",2.684446791425529,6.846183459385345,1.6844467914255292,4.846183459385345,[2.684446791425529],"[2.904812869723954, 3.941370589661391]",[1.6844467914255292],"[1.9048128697239537, 2.941370589661391]",[4.319094336988536]
140,0,1153,True,False,,0.0,2,2,,0,2,11.800746662382991,"[9.300746662382991, 2.5]",6.602291198329366,"[4.627291198329367, 1.975]",15.515320257059267,0.0,[],8.050974900253115,0.0,0.0,0.0,"[5.9509539521223385, 2.1000209481307763]",[],"[0.0, 0.0]",[],"[12.69475372339061, 2.8205665336686567]"
140,0,1154,True,True,1.0,4.99,4,4,True,4,8,39.943330957421956,"[18.63404188932175, 3.625605612994402, 11.324980464952851, 6.358702990152956]",19.577899073394565,"[8.267276336835483, 2.413986189067817, 5.416742381331612, 3.479894166159653]",37.43900658772678,31.461198297766476,"[8.489197297869017, 4.5249394041369575, 11.322938536925435, 7.124123058835067]",18.601212569213445,16.26986733612893,14.601212569213443,12.269867336128927,"[2.4170057385573314, 10.051897688907887, 1.975, 4.157309141748225]","[4.310786946168917, 2.7647263676134135, 5.41594602940092, 3.778407992945676]","[1.4170057385573314, 9.051897688907887, 0.9750000000000001, 3.1573091417482257]","[3.3107869461689168, 1.7647263676134135, 4.41594602940092, 2.778407992945676]","[3.633348047582901, 23.209994074122786, 2.5, 8.095664466021091]"
140,0,1155,True,False,,0.0,2,2,,0,2,7.520392847328495,"[4.987469870842262, 2.5329229764862324]",4.932953210458113,"[2.9451132496284824, 1.9878399608296307]",21.807241439063027,0.0,[],10.50482416123458,0.0,0.0,0.0,"[5.635849618235054, 4.868974542999528]",[],"[0.0, 0.0]",[],"[11.886793892910394, 9.920447546152634]"
140,0,1156,True,True,1.0,4.99,7,7,True,5,12,52.72129120636812,"[5.004480793119525, 6.11885575216274, 10.050126313515612, 9.95000698447388, 8.761134272068835, 2.5, 10.336687091027526]",27.561303570483567,"[2.951747509316615, 3.3863537433434687, 4.919549262271088, 4.880502723944813, 4.416842366106845, 1.975, 5.031307965500735]",54.12415917431473,56.25212665734539,"[10.97950611173204, 14.203484933274954, 3.90324433807337, 13.52941429013287, 13.63647698413216]",28.108422077982745,26.938329396364708,21.108422077982745,21.938329396364704,"[2.3516932157805126, 4.526495074306224, 4.842646971703568, 3.0725645202328513, 3.3817618810178476, 4.378548294904098, 5.554712120037642]","[5.282007383575496, 6.539359123977232, 2.5222652918486146, 6.276471573151819, 6.318226023811543]","[1.3516932157805126, 3.526495074306224, 3.842646971703567, 2.0725645202328513, 2.3817618810178476, 3.378548294904098, 4.554712120037642]","[4.282007383575496, 5.539359123977232, 1.5222652918486144, 5.276471573151819, 5.318226023811543]","[3.4658800404628525, 9.042295062323651, 9.852940953086069, 5.314268000597054, 6.107081746199609, 8.662944345907944, 11.678749025737545]"
140,0,1157,True,True,1.0,4.99,6,6,True,2,8,38.35043301786991,"[8.468311473724954, 2.5, 8.91009813892659, 9.17923961522482, 3.6491130692639318, 5.643670720729615]",20.956668876969268,"[4.302641474752733, 1.975, 4.474938274181371, 4.57990344993768, 2.4231540970129335, 3.2010315810845498]",55.259199158874246,25.298788195578698,"[8.157416199116923, 17.141371996461775]",27.551087671960953,11.866527396275693,21.551087671960957,9.866527396275693,"[6.981137275922858, 4.568133526412274, 2.6491286077664435, 2.4529124388085943, 4.940863228367883, 5.958912594682903]","[4.1813923176556, 7.6851350786200925]","[5.981137275922858, 3.568133526412274, 1.6491286077664435, 1.452912438808594, 3.9408632283678826, 4.958912594682903]","[3.1813923176556003, 6.6851350786200925]","[15.336249425443226, 9.149060324134036, 4.228534891708829, 3.7254165097656258, 10.104777508635596, 12.71516049918693]"
140,0,1158,True,False,,0.0,1,1,,0,1,10.199524589360587,[10.199524589360587],4.977814589850629,[4.977814589850629],6.971850580553457,0.0,[],3.719021726415848,0.0,0.0,0.0,[3.719021726415848],[],[0.0],[],[6.971850580553457]
140,0,1159,True,True,1.0,4.99,7,7,True,1,8,78.27850315706043,"[3.6815658355680476, 10.552093077347308, 13.93062260218997, 25.258191142761454, 14.781328866648654, 3.7115612854252547, 6.363140347119734]",37.528616231253565,"[2.4358106758715383, 5.115316300165451, 6.432942814854089, 10.850694545676967, 6.764718257992975, 2.4475089013158495, 3.4816247353766965]",66.21432992177398,16.899959290681903,[16.899959290681903],32.823588669491855,7.590984123365942,25.823588669491855,6.590984123365942,"[4.429751209554389, 4.557928419001306, 7.5632649459688315, 4.5625921821836775, 4.405587353074038, 5.0834913570130205, 2.220973202696587]",[7.590984123365942],"[3.42975120955439, 3.557928419001306, 6.5632649459688315, 3.5625921821836775, 3.4055873530740386, 4.0834913570130205, 1.220973202696587]",[6.590984123365942],"[8.794233870652281, 9.122893382054631, 16.828884476843157, 9.134851749188917, 8.732275264292406, 10.470490659007744, 3.1307005197348383]"
140,0,1160,True,False,,0.0,3,3,,0,3,52.73700162888891,"[22.09263543758995, 15.399017895632813, 15.245348295666146]",23.567430635266675,"[9.61612782066008, 7.005616979296797, 6.945685835309797]",17.931347101995264,0.0,[],9.993225369778154,0.0,0.0,0.0,"[3.485309670612192, 2.7470614630585004, 3.7608542361074604]",[],"[0.0, 0.0, 0.0]",[],"[6.3725888990056205, 4.479644777073078, 7.079113425916565]"
140,0,1161,True,True,1.0,4.99,6,6,True,3,9,44.384731217189064,"[3.0602743497791716, 8.69557316273983, 8.195931195413138, 3.703545263601635, 6.493187745397792, 14.236219500257498]",23.31004517470374,"[2.193506996413877, 4.391273533468533, 4.196413166211124, 2.444382652804638, 3.532343220705139, 6.552125605100424]",69.89230350740254,24.332130996006093,"[4.017893644601198, 6.5818562368287115, 13.732381114576185]",33.257998367886984,12.489531088442376,27.25799836788699,9.489531088442376,"[5.844371140070783, 6.868889142611041, 4.189458768309343, 8.440067381346193, 3.4720757665623174, 4.44313616898731]","[2.5669785213944674, 3.5669239323631974, 6.355628634684712]","[4.844371140070783, 5.868889142611041, 3.189458768309343, 7.440067381346193, 2.4720757665623174, 3.443136168987311]","[1.5669785213944674, 2.5669239323631974, 5.355628634684712]","[12.421464461719957, 15.04843369900267, 8.178099405921392, 19.077095849605623, 6.338655811698249, 8.828554279454643]"
140,0,1162,True,True,1.0,4.99,4,4,True,3,7,48.46959682337281,"[7.901517327984763, 12.71865497725128, 12.03197815141448, 15.817446366722283]",22.903142761115397,"[4.081591757914058, 5.960275441127999, 5.6924714790516475, 7.168804083021691]",19.797248397196793,25.731508021156372,"[10.389029256425093, 8.357261658484946, 6.985217106246331]",11.720926874906748,13.035288128250986,7.720926874906748,10.035288128250986,"[2.6896000560701085, 3.3701045299531827, 2.6678323400652295, 2.9933899488182285]","[5.051721410005786, 4.25933204680913, 3.7242346714360695]","[1.6896000560701085, 2.3701045299531827, 1.6678323400652295, 1.9933899488182285]","[4.051721410005786, 3.259332046809129, 2.7242346714360695]","[4.332307836077201, 6.077191102444058, 4.276493179654435, 5.111256279021099]"
140,0,1163,True,True,1.0,4.99,4,4,True,2,6,35.452225314381536,"[4.28935843122679, 4.447980029014369, 10.628524493750685, 16.086362360389693]",17.8263678726088,"[2.672849788178448, 2.734712211315604, 5.145124552562767, 7.27368132055198]",38.73188591860773,19.885348340386148,"[8.828482944659203, 11.056865395726945]",19.105435508257013,9.755285852750598,15.105435508257013,7.755285852750598,"[5.190120352278652, 4.906777518704504, 6.268222143042505, 2.740315494231354]","[4.4431083484170895, 5.312177504333508]","[4.190120352278652, 3.906777518704504, 5.268222143042505, 1.740315494231354]","[3.4431083484170895, 4.312177504333508]","[10.743898339176031, 10.017378253088472, 13.508261905237191, 4.462347421106036]"
140,0,1164,True,False,,0.0,1,1,,0,1,11.890054722415602,[11.890054722415602],5.637121341742085,[5.637121341742085],8.272870946512823,0.0,[],4.226419669140001,0.0,0.0,0.0,[4.226419669140001],[],[0.0],[],[8.272870946512823]
140,0,1165,True,True,1.0,4.99,4,4,True,3,7,36.7884403917766,"[10.141755495972237, 7.92744203994931, 10.932545325072724, 7.786697530782324]",18.347491752792873,"[4.955284643429173, 4.091702395580231, 5.263692676778362, 4.036812037005106]",48.06036052007971,26.97499767791854,"[5.012446184337016, 15.098624934349802, 6.863926559231724]",22.74354060283109,13.52024909438823,18.74354060283109,10.520249094388232,"[4.494707023664872, 2.141499695126439, 9.667076732277978, 6.4402571517617995]","[2.9548540118914364, 6.888463724396423, 3.6769313581003726]","[3.494707023664872, 1.1414996951264391, 8.667076732277978, 5.4402571517617995]","[1.9548540118914361, 5.888463724396423, 2.6769313581003726]","[8.960787240166338, 2.9269222951959977, 22.223273672507634, 13.949377312209743]"
140,0,1166,True,False,,0.0,1,1,,0,1,8.477226820190856,[8.477226820190856],4.306118459874433,[4.306118459874433],10.238008753558638,0.0,[],4.992823413887869,0.0,0.0,0.0,[4.992823413887869],[],[0.0],[],[10.238008753558638]
140,0,1167,True,True,1.0,4.99,4,4,True,1,5,40.63653990595605,"[18.81771863119551, 13.138860486308168, 4.503660975786146, 4.1762998126662225]",19.848250563322857,"[8.338910266166248, 6.124155589660186, 2.756427780556597, 2.6287569269398268]",34.59562503193912,5.310990330386623,[5.310990330386623],17.492293762456256,3.071286228850783,13.492293762456256,2.071286228850783,"[2.4483002331804524, 4.9347527043521895, 1.975, 8.134240824923614]",[3.071286228850783],"[1.4483002331804526, 3.9347527043521895, 0.9750000000000001, 7.134240824923614]",[2.071286228850783],"[3.71359034148834, 10.089109498338948, 2.5, 18.29292519211183]"
140,0,1168,True,False,,0.0,3,3,,0,3,32.351623463972416,"[6.532681530222553, 18.289848572406598, 7.529093361343262]",15.61713315094924,"[3.547745796786796, 8.133040943238573, 3.936346410923872]",14.60017650686787,0.0,[],8.694068837678468,0.0,0.0,0.0,"[2.2112234170479343, 2.328573728721147, 4.154271691909388]",[],"[0.0, 0.0, 0.0]",[],"[3.1057010693536773, 3.4065993044131972, 8.087876133100995]"
140,0,1169,True,False,,0.0,3,3,,0,3,57.761489759516174,"[18.796132184316377, 16.62894094128023, 22.336416633919562]",25.526981006211308,"[8.330491551883387, 7.48528696709929, 9.711202487228629]",22.41429359564727,0.0,[],11.741574502302434,0.0,0.0,0.0,"[7.791574502302435, 1.975, 1.975]",[],"[0.0, 0.0, 0.0]",[],"[17.41429359564727, 2.5, 2.5]"
140,0,1170,True,False,,0.0,1,1,,0,1,10.2670939954296,[10.2670939954296],5.004166658217544,[5.004166658217544],4.941946188328491,0.0,[],2.9273590134481116,0.0,0.0,0.0,[2.9273590134481116],[],[0.0],[],[4.941946188328491]
140,0,1171,True,False,,0.0,1,1,,0,1,7.039559657614061,[7.039559657614061],3.745428266469484,[3.745428266469484],7.994572667297124,0.0,[],4.1178833402458785,0.0,0.0,0.0,[4.1178833402458785],[],[0.0],[],[7.994572667297124]
140,0,1172,True,True,1.0,4.99,5,5,True,2,7,53.96233718770702,"[11.306161591913472, 19.921939993048912, 6.687681458637184, 6.762152337146055, 9.284401806961402]",26.045311503205742,"[5.409403020846255, 8.769556597289077, 3.6081957688685016, 3.6372394114869615, 4.620916704714947]",36.936217848206006,13.70602097770487,"[9.05762647013596, 4.648394507568911]",19.405124960800343,7.3453481813049,14.405124960800343,5.3453481813048995,"[7.532907163660438, 2.6057909359618305, 2.6090759234375516, 3.8520890310756624, 2.805261906664861]","[4.532474323353025, 2.8128738579518755]","[6.532907163660438, 1.6057909359618308, 1.6090759234375516, 2.8520890310756624, 1.805261906664861]","[3.5324743233530245, 1.8128738579518753]","[16.751044009385737, 4.1174126563123865, 4.125835701121927, 7.313048797629904, 4.6288766837560535]"
140,0,1173,True,False,,0.0,3,3,,0,3,32.30480089479013,"[5.902364815788498, 22.958407162900976, 3.4440289161006556]",15.59887234896815,"[3.301922278157514, 9.95377879353138, 2.3431712772792554]",43.49715375056641,0.0,[],19.9638899627209,0.0,0.0,0.0,"[5.926767530456626, 6.8702351040148395, 7.166887328249435]",[],"[0.0, 0.0, 0.0]",[],"[12.632737257581093, 15.051884882089333, 15.812531610895986]"
140,0,1174,True,True,1.0,4.99,4,4,True,1,5,31.38952255147189,"[9.634707544577607, 8.59326604959708, 5.004359575624248, 8.157189381672957]",16.241913795074037,"[4.757535942385267, 4.351373759342861, 2.9517002344934564, 4.181303858852454]",46.077435313613606,11.016558190227643,[11.016558190227643],21.970199772309307,5.296457694188781,17.970199772309307,4.296457694188781,"[4.269517545606796, 2.5406437006231153, 3.9444708617073907, 11.215567664372006]",[5.296457694188781],"[3.269517545606796, 1.540643700623115, 2.9444708617073907, 10.215567664372006]",[4.296457694188781],"[8.383378322068708, 3.950368463136192, 7.549925286429207, 26.193763241979504]"
140,0,1175,True,False,,0.0,2,2,,0,2,21.741955522205686,"[16.03278975443438, 5.7091657677713075]",10.479362653660218,"[7.252788004229408, 3.22657464943081]",18.911324660807367,0.0,[],9.375416617714873,0.0,0.0,0.0,"[3.189078007101046, 6.186338610613827]",[],"[0.0, 0.0]",[],"[5.613020531028322, 13.298304129779044]"
140,0,1176,True,False,,0.0,3,3,,0,3,19.81407527237283,"[5.848563773361384, 2.7203684486387267, 11.245143050372718]",10.727489356225405,"[3.28093987161094, 2.0609436949691036, 5.385605789645361]",33.628391161287894,0.0,[],16.115072552902276,0.0,0.0,0.0,"[9.687934920160421, 2.9767272144815413, 3.450410418260315]",[],"[0.0, 0.0, 0.0]",[],"[22.27675620553954, 5.068531319183439, 6.28310363656491]"
140,0,1177,True,True,1.0,4.99,5,5,True,1,6,27.85379115954372,"[3.211688204802119, 4.81867561222229, 9.450880032162429, 7.24038039344388, 3.132166916913004]",15.862978552222053,"[2.2525583998728265, 2.879283488766693, 4.685843212543348, 3.823748353443113, 2.2215450975960715]",64.37837862097385,7.3308830184384615,[7.3308830184384615],30.107567662179804,3.859044377191,25.107567662179804,2.859044377191,"[4.538877976709379, 5.814354203110713, 8.311064056923083, 8.018329455469182, 3.4249419699674464]",[3.859044377191],"[3.53887797670938, 4.814354203110713, 7.311064056923084, 7.018329455469181, 2.4249419699674464]",[2.859044377191],"[9.074046094126615, 12.344497956694134, 18.746318094674574, 17.995716552485078, 6.217799922993452]"
140,0,1178,True,True,1.0,4.99,7,7,True,0,7,89.10092933551202,"[9.3048581200745, 8.787780057626945, 17.516525105141408, 18.828881465224086, 15.022424074768857, 13.101274062675897, 6.539186450000326]",41.74936244084969,"[4.628894666829055, 4.4272342224745085, 7.83144479100515, 8.343263771437393, 6.858745389159854, 6.1094968844436, 3.5502827155001273]",49.14341746623757,0.0,[],26.16593281183266,0.0,19.165932811832658,0.0,"[5.535419104657213, 3.336386689368885, 4.929578105832052, 4.617611132208573, 2.0766062505591787, 3.443753211936827, 2.2265783172699276]",[],"[4.535419104657213, 2.336386689368885, 3.9295781058320514, 3.6176111322085736, 1.076606250559179, 2.443753211936827, 1.2265783172699278]",[],"[11.629279755531314, 5.990735100945859, 10.07584129700526, 9.275925980021983, 2.760528847587638, 6.266033876761094, 3.1450726083844303]"
140,0,1179,True,False,,0.0,1,1,,0,1,11.597822608258106,[11.597822608258106],5.523150817220661,[5.523150817220661],5.626764152313369,0.0,[],3.194438019402214,0.0,0.0,0.0,[3.194438019402214],[],[0.0],[],[5.626764152313369]
140,0,1180,True,True,1.0,4.99,7,7,True,1,8,76.222712828313,"[7.481841901858445, 12.372418117621562, 12.364095807863652, 14.864639903498844, 8.942511671971847, 9.91378179857744, 10.28342362692122]",36.726858003042075,"[3.9179183417247936, 5.825243065872409, 5.821997365066824, 6.797209562364549, 4.48757955206902, 4.866374901445202, 5.010535214499276]",64.18590384496552,4.578435100926055,[4.578435100926055],32.032502499536555,2.7855896893611614,25.032502499536555,1.7855896893611614,"[2.4140242160997847, 13.461264265749325, 2.2734615025112395, 3.282109756946999, 4.210939149982298, 3.5028341883540537, 2.887869419892854]",[2.7855896893611614],"[1.414024216099785, 12.461264265749325, 1.2734615025112395, 2.282109756946999, 3.210939149982298, 2.5028341883540537, 1.8878694198928543]",[1.7855896893611614],"[3.6257031182045765, 31.951959655767496, 3.2652859038749726, 5.851563479351279, 8.233177307646917, 6.417523559882189, 4.840690820238088]"
140,0,1181,True,False,,0.0,3,3,,0,3,24.77421761798572,"[12.348546844131251, 7.408996863097126, 5.016673910757341]",12.66194487101443,"[5.815933269211188, 3.8895087766078795, 2.956502825195363]",27.76213715123176,0.0,[],13.827233488980387,0.0,0.0,0.0,"[2.327143434622813, 5.292225490362275, 6.207864563995298]",[],"[0.0, 0.0, 0.0]",[],"[3.402931883648238, 11.005706385544295, 13.353498882039226]"
140,0,1182,True,True,1.0,4.99,6,6,True,0,6,41.60959419713947,"[2.5, 13.80167680881827, 11.163594202254101, 4.523784629855285, 3.9667814983578875, 5.653757057853927]",22.227741736884393,"[1.975, 6.3826539554391255, 5.3538017388791, 2.7642760056435614, 2.547044784359576, 3.2049652525630314]",56.37612783761201,0.0,[],27.986689856668686,0.0,21.986689856668686,0.0,"[5.451048078224396, 5.267569013609343, 2.8659736890899574, 3.0437128244728036, 7.962194167089403, 3.396192084182783]",[],"[4.451048078224396, 4.267569013609343, 1.8659736890899574, 2.0437128244728036, 6.962194167089403, 2.396192084182783]",[],"[11.412943790318963, 10.942484650280365, 4.7845479207434805, 5.240289293520009, 17.851779915613854, 6.144082267135341]"
140,0,1183,True,True,1.0,4.99,4,4,True,1,5,34.54296849789544,"[7.0836164979787135, 4.740652350148835, 8.092607649921003, 14.626091999846887]",17.471757714179223,"[3.762610434211698, 2.848854416558046, 4.156116983469191, 6.704175879940286]",56.63713114620745,6.099381683832322,[6.099381683832322],26.088481147020907,3.3787588566946054,22.088481147020907,2.3787588566946054,"[6.45394590022157, 7.883763117138919, 5.647336815925861, 6.103435313734556]",[3.3787588566946054],"[5.45394590022157, 6.883763117138919, 4.647336815925861, 5.103435313734556]",[2.3787588566946054],"[13.984476667234794, 17.650674659330562, 11.916248245963747, 13.085731573678348]"
140,0,1184,True,True,1.0,4.99,6,6,True,2,8,45.139398471437616,"[8.44912584332458, 2.5, 8.45268742339437, 5.3539167117386, 6.09954290483147, 14.284125588148596]",23.60436540386067,"[4.295159078896587, 1.975, 4.2965480951238035, 3.088027517578054, 3.378821732884273, 6.5708089793779525]",52.174531327137714,16.00303988493672,"[10.568813765152326, 5.434226119784393]",26.34806721758371,8.24118555512532,20.34806721758371,6.241185555125321,"[5.332567042268168, 4.27911967616683, 3.3730140802432578, 7.668626006496939, 3.7197404124085174, 1.975]","[5.121837368409407, 3.1193481867159134]","[4.332567042268168, 3.2791196761668298, 2.3730140802432578, 6.668626006496939, 2.7197404124085174, 0.9750000000000001]","[4.121837368409407, 2.1193481867159134]","[11.109146262226071, 8.407999169658538, 6.084651487803225, 17.09904104229984, 6.973693365150044, 2.5]"
140,0,1185,True,True,1.0,4.99,4,4,True,0,4,51.78577017896798,"[7.343512249646307, 14.986516064103753, 11.055512228270699, 18.400229636947227]",24.196450369797514,"[3.8639697773620596, 6.844741265000464, 5.311649769025572, 8.17608955840942]",27.486819791850337,0.0,[],14.719859718821633,0.0,10.719859718821633,0.0,"[3.2270074838530083, 5.053519653812497, 3.368736142094974, 3.0705964390611533]",[],"[2.2270074838530083, 4.053519653812497, 2.368736142094974, 2.0705964390611533]",[],"[5.710275599623098, 10.39364013798076, 6.073682415628139, 5.309221638618341]"
140,0,1186,True,True,1.0,4.99,4,4,True,0,4,28.19328700124432,"[9.070048915572954, 3.4128248391013276, 13.21041324657004, 2.5]",14.995381930485285,"[4.537319077073452, 2.331001687249518, 6.152061166162316, 1.975]",33.90549491471936,0.0,[],17.22314301674055,0.0,13.22314301674055,0.0,"[3.127982500267579, 3.5064950467774665, 6.816678414261054, 3.7719870554344515]",[],"[2.127982500267579, 2.5064950467774665, 5.816678414261054, 2.7719870554344515]",[],"[5.456365385301485, 6.426910376352478, 14.914560036566805, 7.107659116498593]"
140,0,1187,True,False,,0.0,3,3,,0,3,29.52921892283321,"[15.538107462651244, 3.3617468150883996, 10.629364645093569]",14.516395379904953,"[7.059861910433985, 2.311081257884476, 5.145452211586492]",29.03420504872465,0.0,[],14.323339969002614,0.0,0.0,0.0,"[5.306166273331024, 6.102258234260312, 2.9149154614112787]",[],"[0.0, 0.0, 0.0]",[],"[11.04145198290006, 13.082713421180287, 4.910039644644304]"
140,0,1188,True,False,,0.0,2,2,,0,2,17.03953752922234,"[12.345605265766324, 4.693932263456015]",8.645419636396714,"[5.8147860536488665, 2.830633582747846]",20.947432036344807,0.0,[],10.169498494174475,0.0,0.0,0.0,"[5.6007717515180735, 4.568726742656401]",[],"[0.0, 0.0]",[],"[11.796850644918136, 9.15058139142667]"
140,0,1189,True,False,,0.0,3,3,,0,3,15.156140699952921,"[7.443765177579348, 3.1949938435581906, 4.517381678815384]",8.91089487298164,"[3.9030684192559457, 2.2460475989876945, 2.761778854738]",26.011553456367682,0.0,[],13.144505847983398,0.0,0.0,0.0,"[2.7263350312118595, 6.200400071399057, 4.217770745372482]",[],"[0.0, 0.0, 0.0]",[],"[4.426500080030408, 13.334359157433477, 8.2506942189038]"
140,0,1190,True,True,1.0,4.99,4,4,True,2,6,41.019584849038914,"[5.8471014852221606, 15.113978420830762, 4.649593355559788, 15.408911587426202]",19.997638091125175,"[3.2803695792366425, 6.894451584123997, 2.8133414086683173, 7.009475519096219]",30.08409798442789,48.53182737059069,"[24.58073788931718, 23.951089481273506]",15.732798213926879,20.92741267453037,11.732798213926879,18.92741267453037,"[5.323179000467699, 1.975, 5.464196386068727, 2.970422827390452]","[10.586487776833701, 10.340924897696668]","[4.323179000467699, 0.9750000000000001, 4.464196386068727, 1.9704228273904518]","[9.586487776833701, 9.340924897696668]","[11.085074360173587, 2.5, 11.446657400176221, 5.052366224078082]"
140,0,1191,True,True,1.0,4.99,4,4,True,1,5,35.778965926150235,"[7.348041028046592, 4.814038010071859, 12.82315354554395, 10.793733342487835]",17.953796711198592,"[3.865736000938171, 2.877474823928025, 6.001029882762141, 5.209556003570256]",30.2153855851818,7.958995527108353,[7.958995527108353],15.7840003782209,4.104008255572258,11.7840003782209,3.104008255572258,"[3.750455305105433, 3.8048400629883363, 4.358492720778841, 3.8702122893482898]",[4.104008255572258],"[2.750455305105433, 2.8048400629883363, 3.3584927207788415, 2.8702122893482898]",[3.104008255572258],"[7.052449500270341, 7.19189759740599, 8.611519796868825, 7.35951869063664]"
140,0,1192,True,False,,0.0,2,2,,0,2,14.605727476530067,"[9.578260289438523, 5.027467187091543]",7.696233715846726,"[4.735521512881024, 2.960712202965702]",11.56038416823683,0.0,[],6.508549825612364,0.0,0.0,0.0,"[3.0922786901619084, 3.4162711354504554]",[],"[0.0, 0.0]",[],"[5.364817154261303, 6.195567013975526]"
140,0,1193,True,False,,0.0,1,1,,0,1,3.309609932981232,[3.309609932981232],2.2907478738626805,[2.2907478738626805],9.600049856151655,0.0,[],4.744019443899146,0.0,0.0,0.0,[4.744019443899146],[],[0.0],[],[9.600049856151655]
140,0,1194,True,False,,0.0,1,1,,0,1,3.4579246751176758,[3.4579246751176758],2.3485906232958937,[2.3485906232958937],13.40270080694522,0.0,[],6.227053314708636,0.0,0.0,0.0,[6.227053314708636],[],[0.0],[],[13.40270080694522]
140,0,1195,True,True,1.0,4.99,4,4,True,3,7,51.91287598362037,"[14.896068472775653, 23.451660360438396, 10.32121283124156, 3.243934319164758]",24.246021633611942,"[6.809466704382505, 10.146147540570976, 5.025273004184209, 2.2651343844742557]",39.79933987499799,9.08812487370927,"[2.463446756945796, 3.1485284907694653, 3.4761496259940095]",19.52174255124922,6.544368700746615,15.521742551249217,3.544368700746616,"[6.910544258631972, 6.0442841789830934, 4.120848191660831, 2.44606592197332]","[1.9607442352088604, 2.2279261114000914, 2.3556983541376635]","[5.910544258631972, 5.0442841789830934, 3.120848191660831, 1.44606592197332]","[0.9607442352088605, 1.2279261114000914, 1.3556983541376637]","[15.155241688799928, 12.934061997392547, 8.002174850412386, 3.7078613383931285]"
140,0,1196,True,False,,0.0,3,3,,0,3,36.19825832416356,"[8.467146772102447, 15.33668954946122, 12.3944220025999]",17.11732074642379,"[4.302187241119954, 6.981308924289876, 5.833824581013961]",23.237472893610377,0.0,[],12.062614428508047,0.0,0.0,0.0,"[3.9397813203666647, 4.783291484538772, 3.3395416236026096]",[],"[0.0, 0.0, 0.0]",[],"[7.537900821452986, 9.700747396253261, 5.998824675904127]"
140,0,1197,True,False,,0.0,3,3,,0,3,31.03041759677746,"[5.594899030484898, 9.041833641938334, 16.39368492435423]",15.10186286274321,"[3.1820106218891104, 4.52631512035595, 7.3935371204981495]",41.116384527973274,0.0,[],19.035389965909577,0.0,0.0,0.0,"[7.7476158426864385, 6.057617004441012, 5.230157118782127]",[],"[0.0, 0.0, 0.0]",[],"[17.30157908381138, 12.968248729335926, 10.846556714825967]"
140,0,1198,True,True,1.0,4.99,5,5,True,5,10,42.07851115442588,"[13.463579424373288, 7.102238986507974, 7.482856625774493, 10.111764926221639, 3.9180711915484907]",21.410619350226092,"[6.250795975505582, 3.76987320473811, 3.918314084052052, 4.943588321226439, 2.5280477647039117]",47.77289744152507,54.02743100045083,"[17.960442444609725, 10.301729529350846, 7.614787257801092, 4.693043718817065, 13.457428049872105]",23.631430002194776,26.070698090175824,18.631430002194776,21.070698090175824,"[7.301246366267865, 2.723255527541779, 1.975, 8.731676658834601, 2.90025144955053]","[8.004572553397793, 5.01767451644683, 3.969767030542426, 2.8302870503386552, 6.248396939450121]","[6.301246366267865, 1.7232555275417794, 0.9750000000000001, 7.731676658834602, 1.90025144955053]","[7.004572553397793, 4.01767451644683, 2.969767030542426, 1.8302870503386552, 5.248396939450121]","[16.157041964789396, 4.418603916773793, 2.5, 19.82481194572975, 4.872439614232128]"
140,0,1199,True,False,,0.0,1,1,,0,1,5.0039330217313225,[5.0039330217313225],2.9515338784752156,[2.9515338784752156],3.2436745480137916,0.0,[],2.2650330737253785,0.0,0.0,0.0,[2.2650330737253785],[],[0.0],[],[3.2436745480137916]
140,0,1200,True,False,,0.0,3,3,,0,3,32.073793964538055,"[3.620730174462782, 21.992146375888787, 6.460917414186489]",15.508779646169844,"[2.412084768040485, 9.576937086596628, 3.5197577915327307]",24.00017511419918,0.0,[],12.360068294537678,0.0,0.0,0.0,"[5.650600554629619, 3.5434035624009086, 3.166064177507151]",[],"[0.0, 0.0, 0.0]",[],"[11.924616806742614, 6.521547595899766, 5.554010711556798]"
140,0,1201,True,False,,0.0,2,2,,0,2,27.636675043730847,"[11.600621790267178, 16.036053253463667]",12.77830326705503,"[5.5242424982042, 7.25406076885083]",17.879173979983662,0.0,[],8.972877852193628,0.0,0.0,0.0,"[6.034740293033279, 2.9381375591603494]",[],"[0.0, 0.0]",[],"[12.909590494957124, 4.969583485026536]"
140,0,1202,True,False,,0.0,3,3,,0,3,40.717969458432165,"[10.853659673208035, 21.925446049257133, 7.938863735966996]",18.880008088788543,"[5.232927272551134, 9.550923959210282, 4.096156857027129]",30.952483709106996,0.0,[],15.071468646551729,0.0,0.0,0.0,"[3.6208798467936805, 7.941429412188487, 3.5091593875695613]",[],"[0.0, 0.0, 0.0]",[],"[6.720204735368411, 17.798536954329453, 6.433742019409131]"
140,0,1203,True,True,1.0,4.99,4,4,True,1,5,20.183074008019,"[2.5, 5.308426653797674, 3.424801943394006, 8.949845410827319]",11.871398863127409,"[1.975, 3.0702863949810926, 2.3356727579236622, 4.490439710222654]",38.88638352424411,6.720946647782959,[6.720946647782959],19.1656895744552,3.6211691926353544,15.1656895744552,2.6211691926353544,"[5.929941455113508, 2.81102423822311, 4.805993421058579, 5.6187304600600045]",[3.6211691926353544],"[4.929941455113508, 1.8110242382231099, 3.805993421058579, 4.6187304600600045]",[2.6211691926353544],"[12.640875525932072, 4.6436518928797685, 9.758957489893792, 11.842898615538473]"
140,0,1204,True,True,1.0,4.99,4,4,True,3,7,28.468455880962694,"[10.450465261683448, 2.700963353215511, 7.431529937567226, 7.88549732849651]",15.10269779357545,"[5.0756814520565445, 2.053375707754049, 3.8982966756512183, 4.075343958113638]",20.772901090528272,14.406188855654545,"[5.040138816132543, 4.6830250197610015, 4.6830250197610015]",12.101431425306025,8.618413653705273,8.101431425306025,5.618413653705273,"[4.699154832633941, 3.2676637588640185, 2.1596128338080653, 1.975]","[2.9656541382916917, 2.826379757706791, 2.826379757706791]","[3.6991548326339414, 2.2676637588640185, 1.1596128338080656, 0.9750000000000001]","[1.9656541382916917, 1.8263797577067906, 1.8263797577067906]","[9.48501239136908, 5.814522458625689, 2.9733662405335015, 2.5]"
140,0,1205,True,False,,0.0,3,3,,0,3,20.44149559653279,"[4.305637002146766, 7.952458790366819, 8.183399804019201]",10.972183282647787,"[2.679198430837239, 4.101458928243059, 4.191525923567489]",22.07378442228173,0.0,[],11.608775924689875,0.0,0.0,0.0,"[3.2612902874683707, 4.995589350155495, 3.3518962870660096]",[],"[0.0, 0.0, 0.0]",[],"[5.798180224277873, 10.245100897834602, 6.030503300169255]"
140,0,1206,True,True,1.0,4.99,8,8,True,2,10,65.85920063035334,"[10.175807401101004, 10.443558247006852, 7.323296509477487, 3.0920490978188, 5.853793602008322, 13.436245597778424, 5.193257110285792, 10.341193064876666]",33.685088245837804,"[4.968564886429391, 5.072987716332673, 3.85608563869622, 2.205899148149332, 3.2829795047832455, 6.240135783133585, 3.025370273011459, 5.0330652953019]",80.89022943657461,12.417181510640056,"[2.511244444360777, 9.905937066279279]",39.5471894802641,6.842700789149622,31.5471894802641,4.842700789149622,"[10.936921484052972, 4.428341795779921, 3.497259800660302, 5.896459517866221, 3.4556094670872777, 2.986175252981904, 3.3017797236220523, 5.04464243821345]","[1.9793853333007032, 4.863315455848919]","[9.936921484052972, 3.4283417957799207, 2.497259800660302, 4.896459517866221, 2.4556094670872777, 1.9861752529819041, 2.3017797236220523, 4.04464243821345]","[0.9793853333007031, 3.8633154558489187]","[25.47928585654608, 8.790619989179284, 6.4032302581033385, 12.555024404785181, 6.29643453099302, 5.092757058927959, 5.901999291338595, 10.370878046701154]"
140,0,1207,True,True,1.0,4.99,5,5,True,2,7,43.29590325577081,"[6.539664665411173, 11.556808944704253, 2.5, 12.505919441899017, 10.193510203756372]",21.885402269750617,"[3.5504692195103575, 5.507155488434659, 1.975, 5.877308582340617, 4.975468979464985]",45.922578619421756,27.603735214804196,"[13.066934161320995, 14.536801053483202]",22.909805661574488,12.765456733773638,17.909805661574488,10.765456733773638,"[6.927767346680743, 5.651362692295097, 4.787876694659619, 3.5677989279390263, 1.975]","[6.096104322915188, 6.669352410858449]","[5.927767346680743, 4.651362692295097, 3.78787669465962, 2.5677989279390263, 0.9750000000000001]","[5.096104322915188, 5.669352410858449]","[15.199403453027546, 11.926571005884862, 9.712504345281076, 6.584099815228273, 2.5]"
140,0,1208,True,False,,0.0,2,2,,0,2,33.59548295752883,"[19.91487694324575, 13.680606014283075]",15.102238353436242,"[8.766802007865843, 6.3354363455703995]",19.22750240055285,0.0,[],9.498725936215612,0.0,0.0,0.0,"[3.3903924912258003, 6.108333444989812]",[],"[0.0, 0.0]",[],"[6.129211515963591, 13.098290884589261]"
140,0,1209,True,True,1.0,4.99,4,4,True,4,8,24.876690862165034,"[9.718967380979048, 2.7472863620290444, 9.582537036848246, 2.8279000823086964]",13.701909436244364,"[4.790397278581829, 2.0714416811913274, 4.7371894443708165, 2.1028810321003917]",22.411501869932252,49.94517058428257,"[15.50144998681717, 14.829243358572773, 12.583916066294778, 7.0305611725978485]",12.740485729273578,23.4786165278702,8.740485729273578,19.4786165278702,"[3.557961863013719, 3.1794477789777917, 4.028076087282068, 1.975]","[7.045565494858696, 6.783404909843382, 5.907727265854963, 3.741918857313161]","[2.557961863013719, 2.1794477789777917, 3.0280760872820687, 0.9750000000000001]","[6.045565494858696, 5.783404909843382, 4.907727265854963, 2.741918857313161]","[6.558876571830048, 5.588327638404595, 7.764297659697611, 2.5]"
140,0,1210,True,True,1.0,4.99,4,4,True,1,5,32.47496346317355,"[10.958097476976135, 4.868680674321065, 13.483991912183397, 3.1641933996929517]",16.665235750637684,"[5.273658016020693, 2.8987854629852157, 6.258756845751525, 2.2340354258802515]",40.71445403543768,4.224683577883561,[4.224683577883561],19.8786370738207,2.647626595374589,15.878637073820698,1.647626595374589,"[6.255594876717456, 3.3332362966224234, 1.975, 8.314805900480819]",[2.647626595374589],"[5.255594876717456, 2.3332362966224234, 0.9750000000000001, 7.314805900480819]",[1.647626595374589],"[13.475884299275528, 5.982657170826727, 2.5, 18.755912565335432]"
140,0,1211,True,False,,0.0,1,1,,0,1,6.661801350934167,[6.661801350934167],3.598102526864325,[3.598102526864325],6.758280907809061,0.0,[],3.635729554045534,0.0,0.0,0.0,[3.635729554045534],[],[0.0],[],[6.758280907809061]
140,0,1212,True,True,1.0,4.99,4,4,True,0,4,43.38179710782323,"[3.0645022044854295, 5.038709745555788, 31.38695726255021, 3.8916278952318066]",20.918900872051065,"[2.1951558597493177, 2.9650968007667573, 13.240913332394584, 2.517734879140405]",25.85960748715999,0.0,[],14.0852469199924,0.0,10.085246919992398,0.0,"[3.8584779765124737, 2.5439646303095373, 3.061996323735384, 4.620807989435003]",[],"[2.8584779765124737, 1.5439646303095373, 2.061996323735384, 3.6208079894350034]",[],"[7.329430709006343, 3.958883667460352, 5.2871700608599586, 9.284123049833342]"
140,0,1213,True,True,1.0,4.99,4,4,True,4,8,34.33482443093187,"[2.5, 12.201907423828994, 11.966585493318613, 7.666331513784259]",17.39058152806343,"[1.975, 5.758743895293308, 5.666968342394259, 3.9898692903758612]",34.736137772421245,21.988105075462855,"[7.656792939772219, 6.562349778687418, 3.884481178501608, 3.884481178501608]",17.547093731244285,12.575360979430513,13.547093731244285,8.575360979430513,"[3.3064022945387506, 3.3849410889750984, 7.397125486776213, 3.4586248609542247]","[3.986149246511166, 3.559316413688093, 2.5149476596156273, 2.5149476596156273]","[2.3064022945387506, 2.3849410889750984, 6.397125486776213, 2.4586248609542247]","[2.986149246511166, 2.559316413688093, 1.514947659615627, 1.514947659615627]","[5.913852037278847, 6.115233561474611, 16.402885863528752, 6.3041663101390375]"
140,0,1214,True,True,1.0,4.99,4,4,True,5,9,46.27422469529938,"[4.135442468625169, 12.459074590419142, 3.700836119503189, 25.978871516751884]",22.04694763116676,"[2.612822562763816, 5.859039090263465, 2.443326086606244, 11.131759891533235]",32.52937969006352,36.45227802291242,"[19.655194923263217, 6.586284160522142, 3.3494465390512542, 3.3494465390512542, 3.511905861024554]",16.686458079124773,19.216388428935844,12.686458079124773,14.216388428935844,"[4.055864117468374, 4.03917781143644, 4.00686703551119, 4.584549114708769]","[8.665526020072654, 3.5686508226036358, 2.306284150229989, 2.306284150229989, 2.369643285799576]","[3.0558641174683747, 3.0391778114364407, 3.0068670355111897, 3.5845491147087687]","[7.6655260200726545, 2.5686508226036358, 1.3062841502299891, 1.3062841502299891, 1.3696432857995762]","[7.835549019149679, 7.792763619067796, 7.7099154756697175, 9.19115157617633]"
140,0,1215,True,True,1.0,4.99,6,6,True,1,7,56.149881180221534,"[12.18973820906612, 14.571090450441382, 4.415980396756155, 8.669145420840477, 13.803926703117398, 2.5]",27.8984536602864,"[5.7539979015357865, 6.682725275672139, 2.7222323547349006, 4.380966714127786, 6.383531414215786, 1.975]",52.325974870292995,13.277941206339337,[13.277941206339337],26.40713019941427,6.178397070472341,20.40713019941427,5.178397070472341,"[2.443015132987784, 5.158137632470324, 5.722480544182739, 3.835984023472388, 5.707297854493069, 3.540215011807967]",[6.178397070472341],"[1.4430151329877838, 4.158137632470324, 4.722480544182739, 2.835984023472388, 4.707297854493069, 2.540215011807967]",[5.178397070472341],"[3.700038802532779, 10.661891365308522, 12.108924472263432, 7.271753906339455, 12.069994498700176, 6.513371825148633]"
140,0,1216,True,False,,0.0,1,1,,0,1,13.021362365287018,[13.021362365287018],6.0783313224619375,[6.0783313224619375],3.392166061181041,0.0,[],2.322944763860606,0.0,0.0,0.0,[2.322944763860606],[],[0.0],[],[3.392166061181041]
140,0,1217,True,True,1.0,4.99,4,4,True,1,5,24.463193035752948,"[5.949157294098047, 7.014811981846795, 7.261013701913305, 4.238210057894801]",13.54064528394365,"[3.320171344698238, 3.73577667292025, 3.8317953437461894, 2.6529019225789723]",41.15571240082233,2.4364393421371626,[2.4364393421371626],20.050727836320707,1.9502113434334936,16.050727836320707,0.9502113434334934,"[5.27665878540118, 4.585136596386043, 4.133786923595432, 6.055145530938053]",[1.9502113434334936],"[4.27665878540118, 3.585136596386043, 3.1337869235954323, 5.055145530938053]",[0.9502113434334934],"[10.965791757438923, 9.192657939451392, 8.035351086142134, 12.961911617789879]"
140,0,1218,True,False,,0.0,2,2,,0,2,19.150758301494445,"[6.382632200075351, 12.768126101419094]",9.468795737582834,"[3.489226558029387, 5.9795691795534465]",20.959269279333434,0.0,[],10.17411501894004,0.0,0.0,0.0,"[6.913150751811817, 3.260964267128222]",[],"[0.0, 0.0]",[],"[15.161925004645685, 5.797344274687749]"
140,0,1219,True,False,,0.0,3,3,,0,3,42.089316612742344,"[8.883023161141685, 14.792689737845166, 18.413603713755492]",19.414833478969516,"[4.464379032845257, 6.769148997759615, 8.181305448364643]",49.799906885599455,0.0,[],22.421963685383787,0.0,0.0,0.0,"[5.462292651670737, 11.773535406228525, 5.186135627484524]",[],"[0.0, 0.0, 0.0]",[],"[11.441776029924966, 27.62444975956032, 10.733681096114164]"
140,0,1220,True,False,,0.0,2,2,,0,2,11.878471981629472,"[9.378471981629472, 2.5]",6.632604072835495,"[4.657604072835494, 1.975]",40.72234918145491,0.0,[],17.881716180767413,0.0,0.0,0.0,"[5.768819498863829, 12.112896681903585]",[],"[0.0, 0.0]",[],"[12.22774230477905, 28.49460687667586]"
140,0,1221,True,True,1.0,4.99,6,6,True,5,11,77.95827216024995,"[3.286262719787616, 13.512065060307476, 14.202638368097519, 16.482657756644993, 10.323965928463437, 20.15068232694891]",36.40372614249748,"[2.2816424607171704, 6.2697053735199155, 6.5390289635580325, 7.428236525091548, 5.02634671210074, 8.858766107510075]",52.965404932956524,37.89052881801818,"[13.36191759414221, 5.530304407464314, 9.957164651615582, 3.1855594518083974, 5.85558271298768]",26.65650792385304,19.77730623902709,20.65650792385304,14.777306239027093,"[3.255103505058086, 2.0712889691772216, 6.125198566560119, 4.689619779515224, 6.320101483991626, 4.195195619550766]","[6.211147861715462, 3.1568187189110826, 4.883294214130077, 2.242368186205275, 3.283677258065195]","[2.255103505058086, 1.0712889691772216, 5.125198566560119, 3.689619779515224, 5.320101483991626, 3.1951956195507667]","[5.211147861715462, 2.1568187189110826, 3.883294214130077, 1.2423681862052751, 2.283677258065195]","[5.782316679636118, 2.746894792762107, 13.141534786051587, 9.460563537218523, 13.641285856388784, 8.192809280899402]"
140,0,1222,True,True,1.0,4.99,4,4,True,1,5,31.962908379719245,"[2.8728341026049016, 13.271028032304711, 2.5, 13.319046244809634]",16.465534268090508,"[2.1204053000159115, 6.175700932598837, 1.975, 6.194428035475758]",57.2465152507236,6.986481097088452,[6.986481097088452],26.326140947782203,3.7247276278644965,22.326140947782203,2.7247276278644965,"[8.622979036308724, 9.594921844224631, 6.133240067248845, 1.975]",[3.7247276278644965],"[7.622979036308725, 8.594921844224631, 5.133240067248845, 0.9750000000000001]",[2.7247276278644965],"[19.546100093099295, 22.038261139037516, 13.162154018586783, 2.5]"
140,0,1223,True,True,1.0,4.99,4,4,True,0,4,29.783363131227443,"[7.828057637314557, 6.127370294196428, 8.500237729588179, 7.327697470128277]",15.615511621178701,"[4.052942478552677, 3.389674414736607, 4.315092714539389, 3.857802013350028]",42.47317016908071,0.0,[],20.564536365941482,0.0,16.56453636594148,0.0,"[3.0163935413723535, 7.469712116417005, 6.204788296512261, 3.8736424116398602]",[],"[2.0163935413723535, 6.469712116417005, 5.204788296512261, 2.8736424116398602]",[],"[5.170239849672701, 16.58900542671027, 13.345611016698104, 7.368313875999641]"
140,0,1224,True,True,1.0,4.99,5,5,True,4,9,79.49411698202859,"[8.939528255794803, 17.888052733187546, 10.495714447042692, 18.438654565163485, 23.732166980840066]",36.00270562299115,"[4.486416019759973, 7.9763405659431434, 5.09332863434665, 8.19107528041376, 10.255545122527627]",54.44821369546605,39.29983369352634,"[7.595264652976083, 3.793485344198682, 17.08724725529097, 10.823836441060607]",26.23480334123176,19.326935140475275,21.23480334123176,15.326935140475275,"[3.5753432009280117, 4.333713369100459, 5.537458274173351, 4.300963019446866, 8.487325477583074]","[3.9621532146606726, 2.4794592842374863, 7.664026429563478, 5.221296212013637]","[2.5753432009280117, 3.333713369100459, 4.537458274173351, 3.3009630194468658, 7.487325477583073]","[2.9621532146606726, 1.479459284237486, 6.664026429563478, 4.221296212013637]","[6.60344410494362, 8.547982997693484, 11.634508395316283, 8.46400774217145, 19.198270455341213]"
140,0,1225,True,True,1.0,4.99,4,4,True,1,5,20.35829142171458,"[8.351833309534278, 2.64807660385075, 6.315238739179246, 3.043142769150304]",11.939733654468688,"[4.257214990718369, 2.0327498755017928, 3.462943108279906, 2.1868256799686185]",43.57285810196326,4.480555158695595,[4.480555158695595],20.99341465976567,2.747416511891282,16.993414659765673,1.747416511891282,"[4.402851398123193, 3.5130339554768844, 4.905560718609275, 8.17196858755632]",[2.747416511891282],"[3.4028513981231936, 2.5130339554768844, 3.9055607186092742, 7.17196858755632]",[1.747416511891282],"[8.725259995187676, 6.443676808915088, 10.014258252844293, 18.389663045016203]"
140,0,1226,True,False,,0.0,3,3,,0,3,31.55854644361062,"[4.499531372189518, 22.42523178058515, 4.633783290835953]",15.307833113008142,"[2.754817235153912, 9.745840394428209, 2.807175483426022]",30.91760698010114,0.0,[],15.057866722239446,0.0,0.0,0.0,"[7.0865815871136215, 5.773842906218367, 2.197442228907456]",[],"[0.0, 0.0, 0.0]",[],"[15.60661945413749, 12.240622836457351, 3.070364689506298]"
140,0,1227,True,False,,0.0,3,3,,0,3,19.135346979271674,"[6.507504680194765, 7.635765485361349, 4.992076813715561]",10.462785321915954,"[3.5379268252759584, 3.977948539290926, 2.9469099573490687]",28.07945422864081,0.0,[],13.950987149169917,0.0,0.0,0.0,"[5.498897132436513, 2.197095116360582, 6.254994900372822]",[],"[0.0, 0.0, 0.0]",[],"[11.535633672914134, 3.0694746573348257, 13.47434589839185]"
140,0,1228,True,True,1.0,4.99,6,6,True,1,7,53.07779161624505,"[6.572221779604317, 14.96380113929813, 8.04417414039049, 8.119824328155607, 6.080336843987266, 9.29743338480924]",26.70033873033557,"[3.5631664940456838, 6.835882444326271, 4.137227914752291, 4.166731487980687, 3.3713313691550337, 4.625999020075604]",42.383317698346495,10.494427069427509,[10.494427069427509],22.529493902355135,5.092826557076728,16.529493902355135,4.092826557076728,"[3.8180948381676862, 2.9938736012770457, 4.994453234024208, 2.756072269933055, 4.394496663079889, 3.5725032958732514]",[5.092826557076728],"[2.8180948381676862, 1.9938736012770457, 3.9944532340242076, 1.7560722699330549, 3.394496663079889, 2.5725032958732514]",[4.092826557076728],"[7.225884200429964, 5.112496413530886, 10.24218777954925, 4.502749410084756, 8.70383759764074, 6.596162297110901]"
140,0,1229,True,False,,0.0,1,1,,0,1,6.063439432020952,[6.063439432020952],3.3647413784881715,[3.3647413784881715],7.860489511070941,0.0,[],4.065590909317667,0.0,0.0,0.0,[4.065590909317667],[],[0.0],[],[7.860489511070941]
140,0,1230,True,False,,0.0,2,2,,0,2,30.815927925345925,"[21.631842837761308, 9.184085087584618]",14.01821189088491,"[9.43641870672691, 4.581793184158001]",15.532212745845541,0.0,[],8.057562970879761,0.0,0.0,0.0,"[3.0814105957425166, 4.976152375137245]",[],"[0.0, 0.0]",[],"[5.336950245493632, 10.195262500351909]"
140,0,1231,True,False,,0.0,1,1,,0,1,3.878043743176552,[3.878043743176552],2.5124370598388555,[2.5124370598388555],5.065476945965288,0.0,[],2.975536008926462,0.0,0.0,0.0,[2.975536008926462],[],[0.0],[],[5.065476945965288]
140,0,1232,True,False,,0.0,3,3,,0,3,22.751723554749397,"[6.095954526932565, 8.334199154043889, 8.321569873772944]",11.873172186352265,"[3.3774222655037005, 4.2503376700771165, 4.245412250771448]",20.322422505002677,0.0,[],10.925744776951046,0.0,0.0,0.0,"[2.3710563205081465, 2.115894748556096, 6.438793707886802]",[],"[0.0, 0.0, 0.0]",[],"[3.5155290269439656, 2.8612685860412714, 13.945624892017442]"
140,0,1233,True,True,1.0,4.99,4,4,True,2,6,57.29297706693593,"[9.493165200350171, 27.26766576999128, 10.169599444923074, 10.362546651671412]",26.344261056105015,"[4.702334428136567, 11.6343896502966, 4.96614378352, 5.04139319415185]",46.043799727874635,8.668729060843239,"[5.344673401714185, 3.3240556591290544]",21.95708189387111,5.380804333728864,17.95708189387111,3.3808043337288636,"[3.6998255549229992, 4.942720649389553, 6.889590936871901, 6.424944752686657]","[3.084422626668532, 2.2963817070603314]","[2.6998255549229992, 3.942720649389553, 5.889590936871901, 5.424944752686657]","[2.084422626668532, 1.2963817070603312]","[6.92262962800769, 10.109540126639878, 15.101515222748464, 13.910114750478607]"
140,0,1234,True,False,,0.0,1,1,,0,1,21.948523894672434,[21.948523894672434],9.55992431892225,[9.55992431892225],6.905984006603494,0.0,[],3.693333762575363,0.0,0.0,0.0,[3.693333762575363],[],[0.0],[],[6.905984006603494]
140,0,1235,True,False,,0.0,1,1,,0,1,5.7481186422202555,[5.7481186422202555],3.2417662704658996,[3.2417662704658996],12.65262182810472,0.0,[],5.934522512960841,0.0,0.0,0.0,[5.934522512960841],[],[0.0],[],[12.65262182810472]
140,0,1236,True,False,,0.0,3,3,,0,3,20.744358367277123,"[8.822926621653485, 4.399509183040357, 7.5219225625832795]",11.090299763238079,"[4.440941382444859, 2.7158085813857396, 3.933549799407479]",33.456588547516084,0.0,[],16.048069533531272,0.0,0.0,0.0,"[5.123337386347242, 5.979090550030197, 4.945641597153834]",[],"[0.0, 0.0, 0.0]",[],"[10.572659964992926, 12.766898846231273, 10.117029736291883]"
140,0,1237,True,False,,0.0,3,3,,0,3,26.336931918035702,"[10.119261679903264, 6.132200536117768, 10.08546970201467]",13.271403448033924,"[4.946512055162273, 3.3915582090859298, 4.933333183785722]",38.68918920297969,0.0,[],18.08878378916208,0.0,0.0,0.0,"[4.073326515331595, 8.773867321765074, 5.241589952065412]",[],"[0.0, 0.0, 0.0]",[],"[7.880324398286141, 19.932993132730957, 10.875871671962594]"
140,0,1238,True,False,,0.0,1,1,,0,1,13.228192829444632,[13.228192829444632],6.158995203483407,[6.158995203483407],21.654064916350364,0.0,[],9.445085317376643,0.0,0.0,0.0,[9.445085317376643],[],[0.0],[],[21.654064916350364]
140,0,1239,True,False,,0.0,3,3,,0,3,23.779383718797806,"[6.6214310369865, 11.825802553996448, 5.3321501278148595]",12.273959650331145,"[3.5823581044247352, 5.612062996058615, 3.079538549847795]",13.393477822591567,0.0,[],8.22345635081071,0.0,0.0,0.0,"[2.2766965574197293, 1.975, 3.9717597933909823]",[],"[0.0, 0.0, 0.0]",[],"[3.273580916460845, 2.5, 7.619896906130723]"
140,0,1240,True,False,,0.0,3,3,,0,3,23.959608428832784,"[8.933937463881978, 6.496083449921608, 8.529587515029197]",12.344247287244787,"[4.484235610913972, 3.533472545469427, 4.326539130861387]",29.59212092826142,0.0,[],14.540927162021953,0.0,0.0,0.0,"[1.975, 6.211141424646845, 6.354785737375108]",[],"[0.0, 0.0, 0.0]",[],"[2.5, 13.361901088838065, 13.730219839423354]"
140,0,1241,True,True,1.0,4.99,4,4,True,0,4,38.87558277526769,"[4.507256415257666, 12.210369623059913, 12.849852073818525, 9.308104663131584]",19.161477282354397,"[2.7578300019504898, 5.762044152993366, 6.011442308789225, 4.630160818621318]",32.566095545444924,0.0,[],16.70077726272352,0.0,12.70077726272352,0.0,"[6.614907664877449, 3.696933290549556, 3.4606705639833457, 2.928265743313169]",[],"[5.614907664877449, 2.696933290549556, 2.4606705639833457, 1.9282657433131691]",[],"[14.397199140711407, 6.9152135655116815, 6.309411702521399, 4.944271136700434]"
140,0,1242,True,True,1.0,4.99,8,8,True,2,10,59.72124013345101,"[3.866096857135407, 3.2366818733035885, 9.32452311806048, 2.5, 14.951268013088232, 5.221100698960204, 12.086015180229252, 8.535554392673854]",31.291283652045895,"[2.5077777742828085, 2.2623059305883997, 4.636564016043588, 1.975, 6.83099452510441, 3.0362292725944795, 5.713545920289408, 4.328866213142803]",80.58368433264368,10.56398447896138,"[7.776817370978987, 2.7871671079823925]",39.42763688973104,6.119953946794939,31.42763688973104,4.119953946794938,"[3.549999428004153, 5.240591589715496, 4.848564893226167, 5.892717587216302, 3.9106194114008623, 8.44745228958403, 1.975, 5.562691690584032]","[4.032958774681806, 2.0869951721131335]","[2.549999428004153, 4.240591589715496, 3.8485648932261673, 4.892717587216302, 2.9106194114008623, 7.44745228958403, 0.9750000000000001, 4.562691690584032]","[3.032958774681805, 1.0869951721131332]","[6.53846007180552, 10.873311768501273, 9.868115110836326, 12.545429710811028, 7.463126695899646, 19.09603151175392, 2.5, 11.699209463035979]"
140,0,1243,True,True,1.0,4.99,4,4,True,2,6,51.854867393881676,"[11.10660613844089, 3.804579121721097, 7.694421178796741, 29.249260954922946]",24.223398283613854,"[5.331576393991948, 2.483785857471228, 4.000824259730729, 12.407211772419949]",47.85847077838078,19.59546685195893,"[3.180814005992807, 16.41465284596612]",22.664803603568505,9.642232072263983,18.664803603568505,7.642232072263982,"[3.6232290438976587, 5.574922770169707, 11.211760350187365, 2.2548914393137736]","[2.240517462337195, 7.401714609926787]","[2.6232290438976587, 4.574922770169707, 10.211760350187365, 1.2548914393137733]","[1.2405174623371948, 6.401714609926787]","[6.726228317686304, 11.730571205563349, 26.18400089791632, 3.217670357214803]"
140,0,1244,True,True,1.0,4.99,4,4,True,2,6,40.86097688745435,"[12.84307515173982, 15.817447880375106, 8.232345826582508, 3.968108028756918]",19.935780986107197,"[6.00879930917853, 7.168804673346291, 4.210614872367178, 2.547562131215198]",20.309682721838126,22.242342334496012,"[7.8418829163933825, 14.40045941810263]",11.92077626151687,10.674513510453444,7.9207762615168695,8.674513510453444,"[2.150744759466605, 1.975, 5.138102571736398, 2.6569289303138666]","[4.058334337393419, 6.616179173060026]","[1.1507447594666051, 0.9750000000000001, 4.138102571736398, 1.6569289303138668]","[3.0583343373934193, 5.616179173060026]","[2.9506275883759105, 2.5, 10.610519414708712, 4.248535718753504]"
140,0,1245,True,True,1.0,4.99,4,4,True,2,6,29.49096955699236,"[12.344671448845089, 7.079020162545821, 4.51002816120361, 5.557249784397839]",15.501478127227019,"[5.814421865049585, 3.7608178633928704, 2.758910982869408, 3.167327415915157]",37.2056495614311,16.6488765763677,"[7.134207822373454, 9.514668753994249]",18.510203328958134,8.493061864783403,14.510203328958132,6.493061864783404,"[2.4369451888671745, 3.1006924801905336, 6.652217275971406, 6.3203483839290175]","[3.782341050725647, 4.7107208140577566]","[1.4369451888671745, 2.1006924801905336, 5.652217275971406, 5.3203483839290175]","[2.782341050725647, 3.710720814057757]","[3.684474843249165, 5.386390974847522, 14.492864810183091, 13.641918933151326]"
140,0,1246,True,False,,0.0,1,1,,0,1,23.737467992814267,[23.737467992814267],10.257612517197565,[10.257612517197565],6.606746625089506,0.0,[],3.576631183784907,0.0,0.0,0.0,[3.576631183784907],[],[0.0],[],[6.606746625089506]
140,0,1247,True,True,1.0,4.99,6,6,True,3,9,59.70776437745175,"[7.389174534511672, 7.310806019737422, 7.587880653313554, 13.610934138239157, 13.855984105452013, 9.952984926197928]",29.28602810720618,"[3.881778068459552, 3.8512143476975944, 3.959273454792286, 6.308264313913272, 6.403833801126285, 4.881664121217192]",59.24616740246704,25.166890549613285,"[8.359068665579475, 6.6986635569528294, 10.10915832708098]",29.10600528696215,12.815087314349181,23.10600528696215,9.815087314349181,"[5.36785450181118, 6.524510853381168, 6.3801711844137605, 3.8390049147836356, 3.810575701890197, 3.1838881306822104]","[4.260036779575995, 3.6124787872116038, 4.9425717475615825]","[4.36785450181118, 5.524510853381168, 5.3801711844137605, 2.8390049147836356, 2.810575701890197, 2.1838881306822104]","[3.2600367795759952, 2.6124787872116038, 3.9425717475615825]","[11.199626927720972, 14.165412444567096, 13.795310729266053, 7.279499781496501, 7.206604363821018, 5.599713155595412]"
140,0,1248,True,False,,0.0,2,2,,0,2,23.718604528569564,"[16.14691722338454, 7.571687305185025]",11.25025576614213,"[7.297297717119971, 3.95295804902216]",19.36478703087569,0.0,[],9.552266942041518,0.0,0.0,0.0,"[5.28687171159617, 4.265395230445348]",[],"[0.0, 0.0]",[],"[10.991978747682488, 8.3728082831932]"
140,0,1249,True,False,,0.0,2,2,,0,2,15.210321312565927,"[7.267132512925412, 7.943188799640516]",7.932025311900712,"[3.8341816800409108, 4.097843631859801]",8.414809785529158,0.0,[],5.281775816356372,0.0,0.0,0.0,"[2.2779600893335763, 3.003815727022796]",[],"[0.0, 0.0]",[],"[3.276820741880964, 5.1379890436481945]"
140,0,1250,True,False,,0.0,2,2,,0,2,33.09596508293372,"[17.80105677618425, 15.294908306749475]",14.907426382344152,"[7.9424121427118575, 6.965014239632295]",6.680005450457843,0.0,[],4.605202125678559,0.0,0.0,0.0,"[1.975, 2.630202125678559]",[],"[0.0, 0.0]",[],"[2.5, 4.180005450457843]"
140,0,1251,True,False,,0.0,2,2,,0,2,12.811756841856802,"[6.8608628795352935, 5.9508939623215085]",6.9965851683241524,"[3.6757365230187644, 3.3208486453053885]",26.188335830542307,0.0,[],12.213450973911499,0.0,0.0,0.0,"[4.378343590133123, 7.835107383778377]",[],"[0.0, 0.0]",[],"[8.662419461879802, 17.525916368662504]"
140,0,1252,True,False,,0.0,2,2,,0,2,14.730030650548231,"[7.750216952742635, 6.9798136978055965]",7.74471195371381,"[4.022584611569627, 3.7221273421441827]",21.456577197462195,0.0,[],10.368065107010256,0.0,0.0,0.0,"[3.205501921948683, 7.162563185061574]",[],"[0.0, 0.0]",[],"[5.655133133201751, 15.801444064260444]"
140,0,1253,True,True,1.0,4.99,4,4,True,0,4,38.48600925003228,"[5.180035153864693, 18.079910765017758, 8.860677446063285, 6.365385885086543]",19.00954360751259,"[3.0202137100072304, 8.051165198356927, 4.455664203964681, 3.4825004951837517]",36.34098492757632,0.0,[],18.172984121754766,0.0,14.172984121754766,0.0,"[6.09223406490272, 4.302811194489773, 3.6592824779563364, 4.118656384405936]",[],"[5.09223406490272, 3.302811194489773, 2.6592824779563364, 3.1186563844059365]",[],"[13.057010422827487, 8.46874665253788, 6.818673020400862, 7.996554831810093]"
140,0,1254,True,False,,0.0,2,2,,0,2,28.559889503597844,"[8.361054589767667, 20.19883491383018]",13.13835690640316,"[4.26081129000939, 8.877545616393771]",45.574528921211986,0.0,[],19.774066279272674,0.0,0.0,0.0,"[14.084753819956912, 5.6893124593157625]",[],"[0.0, 0.0]",[],"[33.55065082040234, 12.023878100809647]"
140,0,1255,True,True,1.0,4.99,5,5,True,1,6,44.66350964802267,"[5.225383519616918, 15.046379630511252, 10.832922254619833, 9.056658365981493, 4.502165877293172]",22.41876876272884,"[3.0378995726505984, 6.868088055899388, 5.224839679301735, 4.532096762732783, 2.755844692144337]",33.67513456863123,15.855540790224087,[15.855540790224087],18.13330248176618,7.183660908187394,13.13330248176618,6.183660908187394,"[3.3019188003518596, 4.770843665908129, 4.057316926062938, 3.415783016034331, 2.587440073408923]",[7.183660908187394],"[2.3019188003518596, 3.770843665908129, 3.0573169260629376, 2.415783016034331, 1.587440073408923]",[6.183660908187394],"[5.902355898338102, 9.668829912584945, 7.839274169392147, 6.194315425729053, 4.070359162586982]"
140,0,1256,True,False,,0.0,3,3,,0,3,22.347406317763216,"[14.179735984703143, 3.315962031511258, 4.851708301548815]",11.715488463927654,"[6.530097034034226, 2.2932251922893907, 2.892166237604038]",33.96117880708428,0.0,[],16.24485973476287,0.0,0.0,0.0,"[6.912149536725667, 3.3257585107347563, 6.006951687302447]",[],"[0.0, 0.0, 0.0]",[],"[15.159357786476068, 5.963483360858349, 12.838337659749863]"
140,0,1257,True,True,1.0,4.99,4,4,True,2,6,31.809223715119693,"[2.5, 2.5, 15.285937824094589, 11.523285891025104]",16.405597248896683,"[1.975, 1.975, 6.96151575139689, 5.49408149749979]",42.70575777308786,14.462803283310901,"[8.658272193997526, 5.804531089313374]",20.655245531504264,7.640493280491252,16.655245531504267,5.640493280491251,"[2.7005011155940672, 4.999916662427059, 8.874069499984177, 4.080758253498962]","[4.3767261556590356, 3.263767124832216]","[1.7005011155940672, 3.999916662427059, 7.874069499984178, 3.080758253498962]","[3.376726155659035, 2.263767124832216]","[4.360259270754018, 10.256196570325791, 20.189921794831225, 7.899380137176826]"
140,0,1258,True,False,,0.0,2,2,,0,2,11.068063570368619,"[5.828768484049719, 5.239295086318901]",6.316544792443762,"[3.2732197087793904, 3.0433250836643713]",34.87076180600171,0.0,[],15.599597104340667,0.0,0.0,0.0,"[10.38815634711214, 5.211440757228526]",[],"[0.0, 0.0]",[],"[24.072195761826, 10.798566044175708]"
140,0,1259,True,False,,0.0,2,2,,0,2,15.432634162211286,"[12.932634162211286, 2.5]",8.018727323262402,"[6.043727323262402, 1.975]",10.405435365119127,0.0,[],6.058119792396459,0.0,0.0,0.0,"[3.6425988849061635, 2.415520907490296]",[],"[0.0, 0.0]",[],"[6.77589457668247, 3.629540788436657]"
140,0,1260,True,False,,0.0,3,3,,0,3,23.05495310580986,"[2.5, 5.471228903423704, 15.083724202386158]",11.991431711265847,"[1.975, 3.1337792723352447, 6.882652438930601]",29.89346761695966,0.0,[],14.658452370614269,0.0,0.0,0.0,"[2.489887582308894, 8.00971327282561, 4.158851515479764]",[],"[0.0, 0.0, 0.0]",[],"[3.820224570022804, 17.97362377647592, 8.099619270460932]"
140,0,1261,True,False,,0.0,3,3,,0,3,30.851190231616883,"[5.875948143489234, 4.928139821931317, 20.047102266196333]",15.031964190330584,"[3.2916197759608012, 2.9219745305532134, 8.818369883816569]",34.26445602089708,0.0,[],16.36313784814986,0.0,0.0,0.0,"[3.9735764474091355, 4.400782255500659, 7.988779145240067]",[],"[0.0, 0.0, 0.0]",[],"[7.624554993356758, 8.719954501283741, 17.91994652625658]"
140,0,1262,True,True,1.0,4.99,7,7,True,1,8,77.44091336588318,"[7.064124227784328, 24.870946262733792, 13.752781541356288, 2.5, 12.631927114812179, 6.188035599554063, 10.433098619642529]",37.20195621269444,"[3.755008448835888, 10.69966904246618, 6.363584801128953, 1.975, 5.92645157477675, 3.4133338838260845, 5.068908461660587]",73.63801316440168,6.576313419185018,[6.576313419185018],35.71882513411666,3.564762233482157,28.718825134116656,2.564762233482157,"[5.725545084671757, 2.7730085207981396, 5.701422981709973, 2.89413098388599, 6.395743446941806, 5.75670863225176, 6.4722654838572335]",[3.564762233482157],"[4.725545084671757, 1.7730085207981394, 4.701422981709973, 1.8941309838859903, 5.395743446941806, 4.75670863225176, 5.4722654838572335]",[2.564762233482157],"[12.11678226838912, 4.546175694354203, 12.054930722333262, 4.85674611252818, 13.835239607543091, 12.196688800645537, 14.031449958608292]"
140,0,1263,True,False,,0.0,1,1,,0,1,2.950345885750659,[2.950345885750659],2.150634895442757,[2.150634895442757],9.156482216917942,0.0,[],4.571028064597997,0.0,0.0,0.0,[4.571028064597997],[],[0.0],[],[9.156482216917942]
140,0,1264,True,True,1.0,4.99,4,4,True,1,5,33.90895483359552,"[3.029374843840411, 9.997869499559906, 8.453862887756568, 12.427847602438638]",17.224492385102252,"[2.1814561890977604, 4.899169104828363, 4.297006526225061, 5.8468605649510685]",28.66875353536104,15.54067055253522,[15.54067055253522],15.180813878790808,7.060861515488736,11.180813878790808,6.060861515488736,"[2.139612446934989, 3.782180287224808, 4.568624423942276, 4.690396720688734]",[7.060861515488736],"[1.139612446934989, 2.782180287224808, 3.5686244239422757, 3.6903967206887343]",[6.060861515488736],"[2.9220831972692025, 7.133795608268738, 9.150319035749424, 9.462555694073677]"
140,0,1265,True,False,,0.0,2,2,,0,2,19.085161042470492,"[6.3338754817592395, 12.751285560711253]",9.443212806563492,"[3.4702114378861033, 5.973001368677389]",12.510569868124506,0.0,[],6.879122248568557,0.0,0.0,0.0,"[4.186136021919163, 2.6929862266493942]",[],"[0.0, 0.0]",[],"[8.169579543382469, 4.3409903247420365]"
140,0,1266,True,True,1.0,4.99,4,4,True,3,7,47.22569429405536,"[16.161064545823773, 17.863965824236907, 2.5, 10.70066392399468]",22.41802077468159,"[7.302815172871272, 7.966946671452394, 1.975, 5.1732589303579255]",31.738855210542894,27.236246586092307,"[6.15308555273365, 10.686749760526656, 10.396411272832001]",16.378153532111728,13.622136168576002,12.378153532111728,10.622136168576,"[4.978727597402583, 6.8083804759707975, 1.975, 2.6160454587383475]","[3.3997033655661237, 5.167832406605396, 5.0546003964044806]","[3.9787275974025826, 5.8083804759707975, 0.9750000000000001, 1.6160454587383477]","[2.3997033655661237, 4.167832406605396, 4.0546003964044806]","[10.201865634365596, 14.893283271719993, 2.5, 4.143706304457302]"
140,0,1267,True,True,1.0,4.99,10,10,True,2,12,104.26845773674593,"[2.7533945808737905, 14.991430826138393, 5.151470578474617, 7.477901423211583, 19.402871117867523, 21.12825035826951, 15.56066208030946, 2.974186956815041, 8.12680502214767, 6.70148479263835]",50.66469851733092,"[2.0738238865407785, 6.8466580221939735, 3.0090735256051007, 3.9163815550525176, 8.567119735968333, 9.24001763972511, 7.068658211320689, 2.159932913157866, 4.169453958637591, 3.613579069128957]",87.77991439031575,15.19016503728772,"[6.462890099112868, 8.727274938174851]",44.234166612223135,7.92416436454221,34.234166612223135,5.924164364542211,"[2.9468211304884973, 4.630005722994486, 1.975, 2.323151883479446, 2.5350053972258166, 2.5571225745867943, 10.44418215493596, 5.98259193810378, 4.35707040635001, 6.483215404058349]","[3.5205271386540185, 4.4036372258881915]","[1.9468211304884973, 3.6300057229944866, 0.9750000000000001, 1.3231518834794458, 1.5350053972258166, 1.5571225745867943, 9.44418215493596, 4.98259193810378, 3.3570704063500094, 5.483215404058349]","[2.5205271386540185, 3.403637225888192]","[4.991849052534608, 9.307706982037145, 2.5, 3.3926971371267842, 3.9359112749379914, 3.9926219861199854, 24.215851679322977, 12.775876764368665, 8.607872836794895, 14.05952667707269]"
140,0,1268,True,False,,0.0,2,2,,0,2,11.951998657843665,"[3.221561340880589, 8.730437316963076]",6.66127947655903,"[2.2564089229434297, 4.4048705536156]",20.91126157815645,0.0,[],10.155392015481016,0.0,0.0,0.0,"[5.605798419758014, 4.549593595723001]",[],"[0.0, 0.0]",[],"[11.809739537841061, 9.10152204031539]"
140,0,1269,True,False,,0.0,1,1,,0,1,13.755098930847957,[13.755098930847957],6.364488583030703,[6.364488583030703],5.942045181258088,0.0,[],3.317397620690654,0.0,0.0,0.0,[3.317397620690654],[],[0.0],[],[5.942045181258088]
140,0,1270,True,True,1.0,4.99,7,7,True,1,8,57.81556480716896,"[10.671831495193809, 11.161665454914013, 2.5343475095403933, 3.4424487853870875, 7.990191850075758, 9.855890779246376, 12.159188932811524]",29.548070274795897,"[5.162014283125585, 5.353049527416466, 1.9883955287207535, 2.342555026300964, 4.116174821529546, 4.843797403906087, 5.742083683796495]",82.60824072781055,9.620621906981638,[9.620621906981638],39.217213883846114,4.752042543722839,32.217213883846114,3.752042543722839,"[5.650266234729951, 6.600800086231219, 1.975, 9.819082463160873, 4.550963753783892, 2.3885020181302377, 8.232599327809943]",[4.752042543722839],"[4.650266234729951, 5.600800086231219, 0.9750000000000001, 8.819082463160873, 3.550963753783891, 1.3885020181302379, 7.232599327809944]",[3.752042543722839],"[11.923759576230644, 14.361025862131331, 2.5, 22.613031956822752, 9.10503526611254, 3.5602615849493278, 18.54512648156396]"
140,0,1271,True,False,,0.0,1,1,,0,1,3.760110609538343,[3.760110609538343],2.4664431377199536,[2.4664431377199536],19.897912919785337,0.0,[],8.76018603871628,0.0,0.0,0.0,[8.76018603871628],[],[0.0],[],[19.897912919785337]
140,0,1272,True,False,,0.0,1,1,,0,1,6.535199444933352,[6.535199444933352],3.5487277835240074,[3.5487277835240074],7.15308008161305,0.0,[],3.7897012318290897,0.0,0.0,0.0,[3.7897012318290897],[],[0.0],[],[7.15308008161305]
140,0,1273,True,False,,0.0,2,2,,0,2,19.307635304264892,"[11.213602189263124, 8.094033115001768]",9.529977768663308,"[5.373304853812619, 4.15667291485069]",16.981420815709566,0.0,[],8.622754118126732,0.0,0.0,0.0,"[6.038629818569764, 2.584124299556967]",[],"[0.0, 0.0]",[],"[12.919563637358369, 4.061857178351198]"
140,0,1274,True,False,,0.0,2,2,,0,2,10.45619751454727,"[5.655147939049389, 4.801049575497882]",6.077917030673436,"[3.2055076962292617, 2.872409334444174]",12.634419238001948,0.0,[],6.92742350282076,0.0,0.0,0.0,"[2.2902169599246673, 4.637206542896093]",[],"[0.0, 0.0]",[],"[3.3082486151914545, 9.326170622810494]"
140,0,1275,True,False,,0.0,3,3,,0,3,27.33134234163042,"[5.810061269291303, 15.686667947802329, 5.834613124536791]",13.659223513235865,"[3.2659238950236085, 7.117800499642908, 3.2754991185693485]",18.17222888452056,0.0,[],10.087169264963018,0.0,0.0,0.0,"[3.5627383245864883, 2.436369947244814, 4.088060993131716]",[],"[0.0, 0.0, 0.0]",[],"[6.571123909196124, 3.6829998647302933, 7.918105110594144]"
140,0,1276,True,True,1.0,4.99,5,5,True,2,7,30.508734910784298,"[11.59460779777705, 3.844878607191083, 4.564519107919286, 4.033125010004354, 6.471604387892526]",16.89840661520588,"[5.52189704113305, 2.4995026568045224, 2.7801624520885215, 2.572918753901698, 3.5239257112780855]",41.18369685452912,18.190862996048587,"[6.834890004846457, 11.355972991202128]",21.061641773266356,9.09443656845895,16.06164177326636,7.094436568458948,"[2.0870466771525225, 7.766287537673527, 1.975, 3.8618016264228867, 5.371505932017421]","[3.665607101890118, 5.42882946656883]","[1.0870466771525222, 6.766287537673527, 0.9750000000000001, 2.8618016264228867, 4.371505932017421]","[2.665607101890118, 4.42882946656883]","[2.7872991721859544, 17.349455224803915, 2.5, 7.337952888263811, 11.208989569275438]"
140,0,1277,True,False,,0.0,2,2,,0,2,28.28718297415894,"[22.581741237064506, 5.705441737094436]",13.032001359921988,"[9.806879082455158, 3.22512227746683]",18.669348405692485,0.0,[],9.28104587822007,0.0,0.0,0.0,"[5.690914762804725, 3.5901311154153435]",[],"[0.0, 0.0]",[],"[12.027986571294168, 6.6413618343983165]"
140,0,1278,True,False,,0.0,3,3,,0,3,12.283302797192889,"[5.556867450456107, 4.07221996302138, 2.654215383715403]",7.790488090905226,"[3.1671783056778815, 2.588165785578338, 2.0351439996490073]",19.912247086373096,0.0,[],10.765776363685509,0.0,0.0,0.0,"[1.9829457930396939, 2.4231371833684667, 6.359693387277348]",[],"[0.0, 0.0, 0.0]",[],"[2.5203738283069073, 3.6490697009447857, 13.742803557121404]"
140,0,1279,True,False,,0.0,2,2,,0,2,18.806819877050174,"[4.812690695255063, 13.99412918179511]",9.334659752049568,"[2.8769493711494745, 6.457710380900093]",19.07341991408504,0.0,[],9.438633766493165,0.0,0.0,0.0,"[4.7705131658078725, 4.6681206006852936]",[],"[0.0, 0.0]",[],"[9.667982476430442, 9.405437437654598]"
140,0,1280,True,True,1.0,4.99,5,5,True,1,6,49.394682074017595,"[8.684359099189619, 7.187299853450572, 17.496007411342106, 10.163306486355438, 5.863709223679861]",24.263926008866864,"[4.386900048683952, 3.803046942845723, 7.823442890423421, 4.963689529678621, 3.286846597235146]",91.77371025038623,8.525309179458539,[8.525309179458539],40.79174699765063,4.32487057998883,35.79174699765063,3.32487057998883,"[2.065519061014949, 7.674194636055348, 18.852783824252633, 7.512317932469492, 4.686931543858206]",[4.32487057998883],"[1.0655190610149492, 6.674194636055348, 17.852783824252633, 6.512317932469492, 3.6869315438582055]",[3.32487057998883],"[2.732100156448588, 17.113319579629096, 45.77636878013496, 16.698251108896134, 9.45367062527745]"
140,0,1281,True,True,1.0,4.99,7,7,True,5,12,50.73883569470059,"[5.225999181795005, 8.457388267410877, 5.810689213394557, 5.017712115889073, 4.6968329188450415, 12.13832211617739, 9.391891881188647]",26.788145920933232,"[3.038139680900052, 4.298381424290242, 3.266168793223877, 2.9569077251967384, 2.8317648383495664, 5.7339456253091825, 4.6628378336635725]",63.81987189902241,35.02051412729376,"[4.280758708031973, 7.968029569161085, 14.210208434036755, 4.280758708031973, 4.280758708031973]",31.889750040618743,18.658000509644566,24.889750040618743,13.658000509644566,"[3.7748100331386385, 5.02599665156738, 7.908893695067227, 3.0738473476416344, 5.710118786932795, 2.7071415651300645, 3.6889419611410026]","[2.6694958961324695, 4.107531531972823, 6.541981289274334, 2.6694958961324695, 2.6694958961324695]","[2.7748100331386385, 4.02599665156738, 6.908893695067227, 2.0738473476416344, 4.710118786932795, 1.7071415651300648, 2.6889419611410026]","[1.6694958961324695, 3.1075315319728234, 5.541981289274334, 1.6694958961324695, 1.6694958961324695]","[7.114897520868303, 10.323068337352256, 17.715112038633915, 5.317557301645216, 12.077227658802038, 4.377286064436063, 6.894722977284622]"
140,0,1282,True,True,1.0,4.99,4,4,True,0,4,38.972486027599,"[14.134822139815803, 6.4958759687602186, 13.34787425677298, 4.993913662249992]",19.199269550763606,"[6.512580634528163, 3.5333916278164854, 6.205670960141463, 2.947626328277497]",42.8407769230331,0.0,[],20.70790299998291,0.0,16.70790299998291,0.0,"[7.081655239787854, 2.3750469786236743, 3.9571431570735434, 7.294057624497837]",[],"[6.081655239787854, 1.3750469786236743, 2.9571431570735434, 6.294057624497837]",[],"[15.59398779432783, 3.525761483650447, 7.582418351470624, 16.138609293584196]"
140,0,1283,True,False,,0.0,3,3,,0,3,26.243775737765088,"[5.571817474757921, 15.432783112214208, 5.239175150792957]",13.235072537728383,"[3.1730088151555895, 7.018785413763541, 3.043278308809253]",25.086958672183307,0.0,[],12.78391388215149,0.0,0.0,0.0,"[4.243622361388103, 3.4740276354111947, 5.066263885352193]",[],"[0.0, 0.0, 0.0]",[],"[8.316980413815648, 6.3436606036184475, 10.426317654749212]"
140,0,1284,True,True,1.0,4.99,5,5,True,5,10,27.391249130445235,"[2.5, 2.5, 12.884087165316444, 2.5, 7.007161965128791]",15.682587160873641,"[1.975, 1.975, 6.024793994473414, 1.975, 3.7327931664002287]",45.70161245985754,45.16189960783987,"[3.2916529852826044, 9.101836125609557, 8.915281648505207, 6.357619652199807, 17.495509196242693]",22.823628859344442,22.61314084705755,17.823628859344442,17.61314084705755,"[1.975, 3.978161681722521, 2.9931644518792955, 7.626171675047213, 6.251131050695413]","[2.2837446642602157, 4.5497160889877275, 4.476959842917031, 3.479471664357925, 7.823248586534651]","[0.9750000000000001, 2.978161681722521, 1.9931644518792955, 6.626171675047213, 5.251131050695413]","[1.2837446642602157, 3.5497160889877275, 3.4769598429170308, 2.479471664357925, 6.823248586534651]","[2.5, 7.6363120044167205, 5.110678081741783, 16.99018378217234, 13.464438591526699]"
140,0,1285,True,True,1.0,4.99,5,5,True,2,7,45.07318597292526,"[2.5, 10.818161872715507, 5.006745444367887, 7.784404487792442, 18.963874168049422]",22.578542529440853,"[1.975, 5.2190831303590475, 2.952630723303476, 4.035917750239053, 8.395910925539276]",67.42781738441563,14.528493010250099,"[9.907446792145032, 4.621046218105065]",31.2968487799221,7.6661122739975385,26.2968487799221,5.6661122739975385,"[1.9772629011827367, 7.957757774228602, 3.936209041334482, 5.856812119954264, 11.568806943222013]","[4.863904248936563, 2.8022080250609758]","[0.9772629011827367, 6.957757774228602, 2.936209041334482, 4.856812119954264, 10.568806943222013]","[3.8639042489365627, 1.8022080250609755]","[2.505802310724966, 17.840404549304107, 7.528741131626877, 12.453364410139137, 27.099504982620545]"
140,0,1286,True,False,,0.0,2,2,,0,2,21.721775799440437,"[11.196687064083353, 10.525088735357084]",10.471492561781771,"[5.366707954992508, 5.104784606789263]",12.923575815575948,0.0,[],7.04019456807462,0.0,0.0,0.0,"[4.380256168123694, 2.659938399950926]",[],"[0.0, 0.0]",[],"[8.66732350800947, 4.256252307566476]"
140,0,1287,True,False,,0.0,3,3,,0,3,12.463311972989722,"[2.5, 3.3819180996864335, 6.581393873303288]",7.860691669465991,"[1.975, 2.318948058877709, 3.5667436105882824]",19.125397108471407,0.0,[],10.45890487230385,0.0,0.0,0.0,"[6.292110746832407, 2.191794125471442, 1.975]",[],"[0.0, 0.0, 0.0]",[],"[13.56951473546771, 3.0558823730036972, 2.5]"
140,0,1288,True,True,1.0,4.99,6,6,True,2,8,33.88590981792417,"[3.0492477625016052, 4.860499604058245, 9.398945011918883, 9.344701931344167, 3.485489731547172, 3.747025776554098]",19.215504828990426,"[2.189206627375626, 2.895594845582716, 4.665588554648364, 4.6444337532242255, 2.359340995303397, 2.461340052856098]",53.27781094633485,16.592846538317346,"[13.97399501220942, 2.618851526107925]",26.778346269070596,8.471210149943765,20.77834626907059,6.471210149943765,"[4.157293939837046, 3.8867960370608508, 6.027091835473909, 4.760907556326874, 1.975, 5.9712569003719125]","[6.449858054761674, 2.021352095182091]","[3.1572939398370456, 2.8867960370608508, 5.027091835473909, 3.760907556326874, 0.9750000000000001, 4.9712569003719125]","[5.449858054761674, 1.0213520951820907]","[8.095625486761655, 7.402041120668848, 12.889979065317716, 9.643352708530445, 2.5, 12.746812565056185]"
140,0,1289,True,False,,0.0,2,2,,0,2,16.935913768915796,"[7.388497779201765, 9.547415989714029]",8.60500636987716,"[3.8815141338886887, 4.723492235988472]",15.829680796005928,0.0,[],8.173575510442312,0.0,0.0,0.0,"[5.417744447258057, 2.755831063184255]",[],"[0.0, 0.0]",[],"[11.327549864764249, 4.502130931241679]"
140,0,1290,True,False,,0.0,1,1,,0,1,11.515499054125181,[11.515499054125181],5.491044631108821,[5.491044631108821],6.129908371417848,0.0,[],3.3906642648529606,0.0,0.0,0.0,[3.3906642648529606],[],[0.0],[],[6.129908371417848]
140,0,1291,True,False,,0.0,2,2,,0,2,10.858987133994646,"[7.399198327323311, 3.459788806671334]",6.235004982257911,"[3.8856873476560914, 2.34931763460182]",29.98308420086822,0.0,[],13.693402838338606,0.0,0.0,0.0,"[3.4294363532502397, 10.263966485088366]",[],"[0.0, 0.0]",[],"[6.229323982692922, 23.753760218175298]"
140,0,1292,True,True,1.0,4.99,5,5,True,0,5,47.47027815510206,"[4.734375127505962, 11.335799413751742, 5.723335328515735, 13.442552851066916, 12.234215434261706]",23.513408480489804,"[2.8464062997273256, 5.42096177136318, 3.232100778121137, 6.242595611916097, 5.771344019362066]",52.25992523097477,0.0,[],25.381370840080166,0.0,20.381370840080166,0.0,"[1.975, 7.910238676163098, 4.7315908983438515, 3.6924187601911713, 7.072122505382043]",[],"[0.9750000000000001, 6.910238676163098, 3.7315908983438515, 2.6924187601911713, 6.072122505382043]",[],"[2.5, 17.718560708110505, 9.56818179062526, 6.9036378466440285, 15.569544885594983]"
140,0,1293,True,False,,0.0,2,2,,0,2,19.437322244110522,"[14.603400765918265, 4.833921478192257]",9.580555675203104,"[6.695326298708124, 2.88522937649498]",16.418543749683163,0.0,[],8.403232062376434,0.0,0.0,0.0,"[5.181714838356699, 3.221517224019735]",[],"[0.0, 0.0]",[],"[10.72234573937615, 5.696198010307013]"
140,0,1294,True,True,1.0,4.99,4,4,True,0,4,30.036664701044966,"[4.450202120056557, 10.86716801190078, 8.685459262325367, 6.0338353067622625]",15.714299233407537,"[2.7355788268220573, 5.238195524641305, 4.387329112306893, 3.3531957696372823]",62.76926302192679,0.0,[],28.48001257855145,0.0,24.48001257855145,0.0,"[6.185006891618633, 7.614565571621776, 8.003464173091821, 6.676975942219218]",[],"[5.185006891618633, 6.614565571621776, 7.003464173091821, 5.676975942219218]",[],"[13.2948894656888, 16.96042454261994, 17.957600443825182, 14.556348569792867]"
140,0,1295,True,False,,0.0,2,2,,0,2,22.932458966523498,"[5.3202457883035565, 17.612213178219942]",10.943658996944166,"[3.074895857438387, 7.868763139505778]",19.316679899978226,0.0,[],9.53350516099151,0.0,0.0,0.0,"[4.341853723338838, 5.191651437652671]",[],"[0.0, 0.0]",[],"[8.568855700868815, 10.747824199109411]"
140,0,1296,True,True,1.0,4.99,5,5,True,0,5,47.37630988612558,"[12.589842932891495, 7.223488002712807, 11.17503855714776, 13.058471745481288, 3.3294686478922304]",23.476760855588978,"[5.910038743827683, 3.817160321057995, 5.358265037287627, 6.092803980737703, 2.29849277267797]",26.00309544099685,0.0,[],15.141207221988772,0.0,10.141207221988772,0.0,"[2.437338848176982, 1.975, 2.70460758569211, 5.126435590746942, 2.8978251973727374]",[],"[1.437338848176982, 0.9750000000000001, 1.7046075856921103, 4.126435590746942, 1.8978251973727374]",[],"[3.6854842260948253, 2.5, 4.370788681261821, 10.580604078838313, 4.86621845480189]"
140,0,1297,True,False,,0.0,2,2,,0,2,25.365868315781128,"[21.79950857105016, 3.5663597447309665]",11.892688643154639,"[9.501808342709563, 2.390880300445077]",22.22257643953826,0.0,[],10.666804811419922,0.0,0.0,0.0,"[6.309609752333281, 4.35719505908664]",[],"[0.0, 0.0]",[],"[13.614383980341746, 8.608192459196514]"
140,0,1298,True,False,,0.0,2,2,,0,2,21.49119212044043,"[17.644476108498832, 3.8467160119415995]",10.38156492697177,"[7.881345682314545, 2.500219244657224]",21.259729452339876,0.0,[],10.291294486412552,0.0,0.0,0.0,"[6.990910082964353, 3.3003844034481986]",[],"[0.0, 0.0]",[],"[15.361307905036803, 5.898421547303073]"
140,0,1299,True,True,1.0,4.99,4,4,True,0,4,30.90747756369186,"[7.77720569267029, 11.411101046456288, 5.2349946350799526, 6.484176189485329]",16.053916249839826,"[4.033110220141413, 5.450329408117953, 3.0416479076811815, 3.5288287138992787]",33.8189151045753,0.0,[],17.189376890784366,0.0,13.189376890784366,0.0,"[5.084042751283204, 4.66589000032613, 5.108143142028332, 2.3313009971467005]",[],"[4.084042751283204, 3.6658900003261303, 4.108143142028332, 1.3313009971467005]",[],"[10.471904490469754, 9.39971794955418, 10.53370036417521, 3.413592300376155]"
140,0,1300,True,False,,0.0,2,2,,0,2,16.092709384748826,"[10.62062097569482, 5.472088409054006]",8.276156660052042,"[5.1420421805209795, 3.1341144795310623]",13.833970064237567,0.0,[],7.395248325052652,0.0,0.0,0.0,"[3.901015746918302, 3.4942325781343495]",[],"[0.0, 0.0]",[],"[7.438501915175133, 6.3954681490624345]"
140,0,1301,True,True,1.0,4.99,5,5,True,3,8,24.917504375429807,"[3.926998849230951, 2.5, 6.573894873432668, 4.090045351686438, 7.826565301079748]",14.717826706417625,"[2.5315295512000713, 1.975, 3.5638190006387407, 2.595117687157711, 4.052360467421102]",44.38133915102197,12.52366061296448,"[3.7293631332707937, 5.773228791093774, 3.0210686885999127]",22.308722268898567,7.884227639056148,17.308722268898567,4.884227639056148,"[4.5960302025898905, 3.77293860735842, 3.014943744563702, 7.241544272638766, 3.6832654417477895]","[2.4544516219756094, 3.2515592285265718, 2.178216788553966]","[3.59603020258989, 2.77293860735842, 2.014943744563702, 6.241544272638766, 2.6832654417477895]","[1.4544516219756096, 2.2515592285265718, 1.178216788553966]","[9.220590263051, 7.110098993226718, 5.16652242195821, 16.003959673432732, 6.880167799353306]"
140,0,1302,True,True,1.0,4.99,6,6,True,4,10,68.18931657851077,"[16.601202084474547, 23.789458838169324, 10.63890384049378, 5.418302684492561, 2.5, 9.241449130880554]",32.5938334656192,"[7.474468812945074, 10.277888946886037, 5.149172497792574, 3.113138046952099, 1.975, 4.604165161043416]",60.282478290699665,30.890691367632712,"[2.463321743004876, 8.76094497521038, 12.772135972585986, 6.89428867683147]",29.510166533372868,16.047369633376757,23.510166533372868,12.047369633376757,"[2.442867090558803, 9.433372860956348, 2.6017279656714853, 10.322681422324923, 1.975, 2.7345171938613073]","[1.9606954797719016, 4.416768540332049, 5.981133029308535, 3.6887725839642735]","[1.442867090558803, 8.433372860956348, 1.6017279656714851, 9.322681422324923, 0.9750000000000001, 1.7345171938613073]","[0.9606954797719016, 3.4167685403320482, 4.981133029308535, 2.6887725839642735]","[3.699659206561033, 21.62403297681115, 4.106994783773039, 23.904311339294672, 2.5, 4.447479984259762]"
140,0,1303,True,True,1.0,4.99,4,4,True,2,6,61.29496021708442,"[10.634345585483022, 13.394229024465767, 21.533505095795874, 15.732880511339761]",27.905034484662927,"[5.147394778338379, 6.22374931954165, 9.39806698736039, 7.135823399422507]",26.26914645240294,35.430342117033746,"[20.27337029792291, 15.156971819110835]",14.244967116437145,15.817833425643162,10.244967116437145,13.817833425643162,"[2.1718176358300045, 4.575506026878317, 4.521242999180531, 2.976400454548293]","[8.906614416189935, 6.911219009453226]","[1.1718176358300045, 3.575506026878317, 3.5212429991805316, 1.9764004545482932]","[7.906614416189935, 5.911219009453226]","[3.004660604692319, 9.167964171482865, 9.028828203027004, 5.067693473200752]"
140,0,1304,True,False,,0.0,3,3,,0,3,19.46113614614295,"[9.484513088612621, 6.738452981152403, 3.2381700763779273]",10.589843096995752,"[4.698960104558923, 3.6279966626494375, 2.262886329787392]",37.897124410655934,0.0,[],17.779878520155812,0.0,0.0,0.0,"[3.2002672642050194, 8.429316895664215, 6.15029436028658]",[],"[0.0, 0.0, 0.0]",[],"[5.641710933859024, 19.049530501703114, 13.205882975093795]"
140,0,1305,True,True,1.0,4.99,5,5,True,2,7,58.49327570054068,"[6.930737200778572, 13.231923993842067, 3.803028415137587, 23.86442466323613, 10.663161427546331]",27.81237752321087,"[3.7029875083036434, 6.160450357598406, 2.483181081903659, 10.30712561866209, 5.1586329567430695]",35.965679593210844,37.43110963309668,"[23.014095599554505, 14.417014033542177]",19.02661504135223,16.598132756907706,14.026615041352228,14.598132756907706,"[2.6566692669727345, 5.16838792301938, 4.092566758510692, 5.1339910928494215, 1.975]","[9.975497283826257, 6.622635473081449]","[1.6566692669727345, 4.16838792301938, 3.092566758510692, 4.1339910928494215, 0.9750000000000001]","[8.975497283826257, 5.622635473081449]","[4.247869915314704, 10.688174161588154, 7.929658355155621, 10.599977161152363, 2.5]"
140,0,1306,True,True,1.0,4.99,5,5,True,2,7,42.57109663422068,"[8.852532497079142, 4.493990008542086, 8.736325875017737, 7.106450483455859, 13.381797770125857]",21.602727687346064,"[4.452487673860865, 2.7526561033314136, 4.407167091256918, 3.771515688547785, 6.218901130349084]",67.09687627848454,35.08491508390926,"[16.138040361341332, 18.946874722567927]",31.167781748608974,15.683116882724612,26.167781748608974,13.683116882724612,"[5.879217983237942, 3.467638779503228, 8.572819454674729, 7.875555098797568, 5.372550432395507]","[7.29383574092312, 8.389281141801492]","[4.879217983237942, 2.467638779503228, 7.572819454674728, 6.875555098797568, 4.372550432395507]","[6.29383574092312, 7.389281141801492]","[12.51081534163575, 6.327278921803149, 19.417485781217252, 17.6296284584553, 11.211667775373096]"
140,0,1307,True,False,,0.0,3,3,,0,3,23.91214735659912,"[4.348282509240465, 6.324348528194659, 13.239516319163997]",12.325737469073658,"[2.6958301786037815, 3.4664959259959174, 6.1634113644739585]",24.88988784976995,0.0,[],12.70705626141028,0.0,0.0,0.0,"[5.144306102782078, 2.4500214405487992, 5.112728718079402]",[],"[0.0, 0.0, 0.0]",[],"[10.626425904569432, 3.7180036937148695, 10.545458251485647]"
140,0,1308,True,True,1.0,4.99,4,4,True,2,6,51.0397819667094,"[3.656903167917685, 18.299195355770294, 6.889865782199692, 22.193817660821733]",23.90551496701667,"[2.426192235487897, 8.136686188750415, 3.68704765505788, 9.655588887720477]",36.45895055313434,10.322193316541119,"[4.326539009904405, 5.995654306636714]",18.21899071572239,6.025655393451037,14.218990715722393,4.025655393451037,"[4.31173820730805, 3.7927350687959263, 5.6569961619957665, 4.457521277622652]","[2.687350213862718, 3.3383051795883185]","[3.31173820730805, 2.7927350687959263, 4.6569961619957665, 3.4575212776226514]","[1.6873502138627179, 2.3383051795883185]","[8.491636428995, 7.160859150758785, 11.941015799989145, 8.865439173391414]"
140,0,1309,True,True,1.0,4.99,5,5,True,0,5,52.674981868198635,"[17.48050948980715, 6.896707944625404, 5.199080478445633, 16.88569610359087, 6.212987851729572]",25.543242928597465,"[7.817398701024789, 3.6897160984039075, 3.027641386593797, 7.58542148040044, 3.4230652621745334]",48.12485606409099,0.0,[],23.768693864995488,0.0,18.768693864995488,0.0,"[2.1318572919482355, 9.885781559265109, 4.688868214820545, 2.1844198591539934, 4.877766939807604]",[],"[1.1318572919482355, 8.885781559265109, 3.688868214820545, 1.1844198591539936, 3.8777669398076036]",[],"[2.902198184482655, 22.784055280166946, 9.458636448257808, 3.036973997830753, 9.94299215335283]"
140,0,1310,True,False,,0.0,3,3,,0,3,22.53233842138836,"[3.28959089367931, 9.329736015411745, 9.913011512297302]",11.78761198434146,"[2.282940448534931, 4.638597046010581, 4.866074489795948]",18.929927269188987,0.0,[],10.382671634983705,0.0,0.0,0.0,"[2.9684865914185052, 3.2943023653734174, 4.119882678191782]",[],"[0.0, 0.0, 0.0]",[],"[5.047401516457706, 5.882826577880557, 7.999699174850725]"
140,0,1311,True,True,1.0,4.99,4,4,True,2,6,54.66295040925142,"[12.322629186394042, 9.009853268301239, 12.282933718568609, 21.047534235987534]",25.318550659608054,"[5.805825382693676, 4.513842774637483, 5.790344150241758, 9.208538352035138]",37.14441941203752,15.189047896626569,"[7.330190952123679, 7.8588569445028895]",18.486323570694633,7.923728679684363,14.486323570694633,5.923728679684363,"[2.427805375800739, 7.980768632433008, 4.0314301175793705, 4.046319444881517]","[3.858774471328235, 4.064954208356127]","[1.427805375800739, 6.980768632433008, 3.0314301175793705, 3.0463194448815165]","[2.858774471328235, 3.064954208356127]","[3.6610394251300997, 17.899406749828223, 7.772897737383001, 7.811075499696196]"
140,0,1312,True,False,,0.0,3,3,,0,3,13.439684266376338,"[3.8187271933966005, 5.73997381972738, 3.880983253252356]",8.24147686388677,"[2.4893036054246744, 3.238589789693678, 2.513583468768419]",27.288898630282535,0.0,[],13.64267046581019,0.0,0.0,0.0,"[6.1545206456981205, 4.922830169019148, 2.56531965109292]",[],"[0.0, 0.0, 0.0]",[],"[13.216719604354154, 10.058538894920893, 4.013640131007487]"
140,0,1313,True,False,,0.0,2,2,,0,2,10.944537044683733,"[2.5, 8.444537044683733]",6.268369447426656,"[1.975, 4.293369447426656]",12.61526582160438,0.0,[],6.919953670425708,0.0,0.0,0.0,"[4.432259983613415, 2.4876936868122934]",[],"[0.0, 0.0]",[],"[8.80066662464978, 3.814599196954599]"
140,0,1314,True,False,,0.0,2,2,,0,2,14.279335132042714,"[3.4939591573282236, 10.78537597471449]",7.5689407014966585,"[2.362644071358007, 5.2062966301386515]",11.596087012738984,0.0,[],6.522473934968204,0.0,0.0,0.0,"[4.195735559005037, 2.3267383759631675]",[],"[0.0, 0.0]",[],"[8.194193741038555, 3.401893271700429]"
140,0,1315,True,True,1.0,4.99,4,4,True,1,5,36.928072150865475,"[10.04099338328912, 4.658859383845022, 11.463869505456882, 10.764349878274448]",18.401948138837536,"[4.915987419482757, 2.8169551596995586, 5.470909107128184, 5.198096452527035]",32.849390232425456,15.133707952691227,[15.133707952691227],16.81126219064593,6.902146101549579,12.81126219064593,5.902146101549579,"[6.727477159388782, 2.8656979200697146, 1.975, 5.243087111187433]",[6.902146101549579],"[5.727477159388782, 1.8656979200697146, 0.9750000000000001, 4.243087111187433]",[5.902146101549579],"[14.685838870227645, 4.783840820691576, 2.5, 10.879710541506237]"
140,0,1316,True,True,1.0,4.99,5,5,True,4,9,30.813112345909197,"[8.113190296483769, 3.9632423841565583, 5.875147014411619, 7.627171081510072, 5.234361569347181]",17.01711381490459,"[4.16414421562867, 2.5456645298210576, 3.2913073356205316, 3.974596721788928, 3.0414010120454007]",52.71936536789623,29.18045849639585,"[4.934858177021443, 10.806981980510644, 4.934858177021443, 8.503760161842324]",25.560552493479534,15.380378813594383,20.56055249347953,11.380378813594383,"[5.971188413689216, 5.074224218142016, 4.394364964360784, 3.217458615235023, 6.903316282052493]","[2.924594689038363, 5.2147229723991515, 2.924594689038363, 4.316466463118506]","[4.971188413689216, 4.074224218142016, 3.3943649643607836, 2.217458615235023, 5.903316282052493]","[1.924594689038363, 4.2147229723991515, 1.924594689038363, 3.3164664631185063]","[12.746636958177477, 10.446728764466707, 8.703499908617394, 5.685791321115444, 15.136708415519212]"
140,0,1317,True,False,,0.0,3,3,,0,3,28.29190766559135,"[4.689436123836987, 16.113935355482727, 7.488536186271634]",14.033843989580626,"[2.828880088296425, 7.284434788638264, 3.9205291126459376]",42.784442698630556,0.0,[],19.68593265246592,0.0,0.0,0.0,"[4.1666653897850345, 10.006561853897505, 5.512705408783378]",[],"[0.0, 0.0, 0.0]",[],"[8.119654845602652, 23.093748343326936, 11.571039509700968]"
140,0,1318,True,False,,0.0,1,1,,0,1,2.5,[2.5],1.975,[1.975],8.34557736501784,0.0,[],4.254775172356958,0.0,0.0,0.0,[4.254775172356958],[],[0.0],[],[8.34557736501784]
140,0,1319,True,True,1.0,4.99,4,4,True,1,5,28.903466727507137,"[8.689627078125957, 7.064461764511598, 8.663161095136658, 4.486216789732923]",15.272352023727784,"[4.388954560469124, 3.755140088159523, 4.378632827103297, 2.74962454799584]",64.2214950044417,8.63391038098248,[8.63391038098248],29.046383051732267,4.367225048583167,25.046383051732267,3.367225048583167,"[2.1750255954003483, 15.535077020004904, 2.4165008859412493, 8.919779550385766]",[4.367225048583167],"[1.1750255954003481, 14.535077020004904, 1.4165008859412493, 7.919779550385765]",[3.367225048583167],"[3.0128861420521744, 37.26942825642283, 3.6320535536955108, 20.30712705227119]"
140,0,1320,True,False,,0.0,1,1,,0,1,6.871452128867908,[6.871452128867908],3.679866330258484,[3.679866330258484],5.347909568307266,0.0,[],3.0856847316398337,0.0,0.0,0.0,[3.0856847316398337],[],[0.0],[],[5.347909568307266]
140,0,1321,True,False,,0.0,3,3,,0,3,46.54944744598487,"[2.610724798323794, 13.81231229739535, 30.126410350265726]",21.1542845039341,"[2.0181826713462794, 6.386801795984186, 12.749300036603634]",14.319038011828113,0.0,[],8.584424824612963,0.0,0.0,0.0,"[2.927879297842348, 1.9997257352757476, 3.6568197914948684]",[],"[0.0, 0.0, 0.0]",[],"[4.943280250877815, 2.5633993212198654, 6.812358439730431]"
140,0,1322,True,False,,0.0,3,3,,0,3,27.53685012662049,"[4.407857875006704, 10.979202483540481, 12.149789768073305]",13.73937154938199,"[2.7190645712526145, 5.2818889685807875, 5.738418009548589]",26.42307957519128,0.0,[],13.3050010343246,0.0,0.0,0.0,"[2.2151705185846855, 7.453210308074948, 3.6366202076649663]",[],"[0.0, 0.0, 0.0]",[],"[3.1158218425248343, 16.546693097628072, 6.760564635038374]"
140,0,1323,True,True,1.0,4.99,5,5,True,1,6,50.87972649687002,"[7.57792644884343, 9.763458624339084, 8.44951422605503, 22.332972463754245, 2.755854733878227]",24.84309333377931,"[3.9553913150489377, 4.807748863492243, 4.295310548161462, 9.709859260864157, 2.0747833462125085]",48.70953352763592,7.705433879079533,[7.705433879079533],23.996718075778006,4.005119212841018,18.99671807577801,3.005119212841018,"[2.361153367662362, 4.795558184378457, 3.3146038733114684, 5.6794205796494825, 7.845982070776238]",[4.005119212841018],"[1.3611533676623622, 3.7955581843784567, 2.3146038733114684, 4.6794205796494825, 6.845982070776238]",[3.005119212841018],"[3.490136840159903, 9.732200472765273, 5.934881726439663, 11.998514306793545, 17.553800181477534]"
140,0,1324,True,True,1.0,4.99,5,5,True,4,9,42.81923689117405,"[7.4613212889937675, 16.783202918139832, 5.136471098792303, 6.7641618601291515, 6.674079725118992]",21.69950238755788,"[3.9099153027075695, 7.5454491380745345, 3.003223728528998, 3.638023125450369, 3.602891092796407]",49.148129870039696,46.881886953866264,"[14.865591911954946, 20.323233932752167, 3.885771679585664, 7.807289429573488]",24.167770649315486,22.283935912007845,19.167770649315482,18.28393591200784,"[5.692513011721463, 6.668980767459029, 4.7062850061425845, 1.975, 5.124991863992406]","[6.797580845662429, 8.926061233773346, 2.5154509550384088, 4.044842877533661]","[4.692513011721463, 5.668980767459029, 3.7062850061425845, 0.9750000000000001, 4.124991863992406]","[5.797580845662429, 7.926061233773345, 1.515450955038409, 3.0448428775336605]","[12.032084645439648, 14.535848121689817, 9.503294887545088, 2.5, 10.576902215365143]"
140,0,1325,True,True,1.0,4.99,5,5,True,1,6,56.65575192255214,"[9.756798248007883, 14.906855840643624, 16.73890170370497, 5.415164658308936, 9.838031471886726]",27.095743249795333,"[4.805151316723075, 6.8136737778510135, 7.528171664444938, 3.111914216740485, 4.836832274035823]",35.115295943242,4.445671720105773,[4.445671720105773],18.69496541786438,2.7338119708412516,13.694965417864381,1.7338119708412516,"[4.867758544641878, 2.204686838869072, 3.705983469909783, 2.7183433966819184, 5.1981931677617315]",[2.7338119708412516],"[3.8677585446418776, 1.2046868388690721, 2.705983469909783, 1.7183433966819182, 4.1981931677617315]",[1.7338119708412516],"[9.91732960164584, 3.0889406124848002, 6.938419153614828, 4.406008709440815, 10.764597866055722]"
140,0,1326,True,False,,0.0,2,2,,0,2,13.057089352030612,"[7.091876980890736, 5.965212371139876]",7.092264847291939,"[3.765832022547387, 3.326432824744552]",22.37573498957468,0.0,[],10.726536645934127,0.0,0.0,0.0,"[7.184389935038172, 3.542146710895955]",[],"[0.0, 0.0]",[],"[15.857410089841466, 6.5183248997332175]"
140,0,1327,True,False,,0.0,1,1,,0,1,8.8056142036985,[8.8056142036985],4.434189539442415,[4.434189539442415],6.16199267538012,0.0,[],3.403177143398247,0.0,0.0,0.0,[3.403177143398247],[],[0.0],[],[6.16199267538012]
140,0,1328,True,True,1.0,4.99,4,4,True,1,5,61.228244644017025,"[10.791393229817533, 18.690420009028013, 10.351766619695027, 21.39466478547645]",27.87901541116664,"[5.208643359628838, 8.289263803520925, 5.03718898168106, 9.343919266335815]",38.616062482491586,2.839222076658212,[2.839222076658212],19.060264368171723,2.1072966098967028,15.06026436817172,1.1072966098967028,"[3.6880604500190195, 3.617318215820787, 9.62133189784787, 2.133553804484044]",[2.1072966098967028],"[2.6880604500190195, 2.617318215820787, 8.62133189784787, 1.1335538044840436]",[1.1072966098967028],"[6.89246269235646, 6.711072348258428, 22.105979225250948, 2.906548216625753]"
140,0,1329,True,True,1.0,4.99,7,7,True,0,7,62.91374115418464,"[4.077010218422301, 4.786336850355915, 22.52410650025669, 2.9934859842838, 13.19861627376566, 6.905924081880236, 8.428261245220044]",31.536359050132013,"[2.5900339851846974, 2.866671371638807, 9.784401535100109, 2.167459533870682, 6.147460346768607, 3.693310391933292, 4.287021885635817]",52.000763656768825,0.0,[],27.280297826139844,0.0,20.280297826139844,0.0,"[2.7716891878448284, 5.360645820924507, 1.975, 6.061650224354866, 3.421397926075964, 3.697595074727023, 3.992319592212654]",[],"[1.7716891878448284, 4.360645820924507, 0.9750000000000001, 5.061650224354866, 2.421397926075964, 2.697595074727023, 2.992319592212654]",[],"[4.542792789345714, 11.18114313057566, 2.5, 12.978590318858629, 6.20871263096401, 6.916910448018007, 7.672614339006805]"
140,0,1330,True,True,1.0,4.99,4,4,True,2,6,45.29181853389376,"[6.710403748295125, 15.822277217356186, 18.840972523846386, 3.9181650443960594]",21.663809228218568,"[3.6170574618350986, 7.170688114768913, 8.347979284300092, 2.528084367314463]",46.42895946124833,13.103192218960299,"[9.296602505095494, 3.806589713864804]",22.10729418988685,7.110244965394517,18.10729418988685,5.110244965394516,"[7.558782530831427, 7.814011746353644, 4.085494827921817, 2.649005084779965]","[4.625674976987243, 2.484569988407274]","[6.558782530831427, 6.814011746353644, 3.0854948279218166, 1.6490050847799653]","[3.6256749769872427, 1.4845699884072736]","[16.817391104695965, 17.47182499065037, 7.911525199799529, 4.228218166102475]"
140,0,1331,True,False,,0.0,2,2,,0,2,24.313803254708468,"[9.8817260510802, 14.432077203628266]",11.482383269336303,"[4.853873159921278, 6.628510109415024]",26.09257152550993,0.0,[],12.176102894948873,0.0,0.0,0.0,"[8.467133733215917, 3.708969161732955]",[],"[0.0, 0.0]",[],"[19.146496751835684, 6.946074773674244]"
140,0,1332,True,True,1.0,4.99,5,5,True,2,7,31.39126105192731,"[9.706785700404467, 10.569296865457043, 2.5, 6.115178486065801, 2.5]",17.24259181025165,"[4.785646423157742, 5.122025777528247, 1.975, 3.3849196095656624, 1.975]",43.71097955973936,12.58304971624399,"[9.458038214347068, 3.1250115018969216]",22.04728202829835,6.907389389335156,17.04728202829835,4.907389389335156,"[4.601212785697747, 2.8500917293979393, 8.165010696321014, 2.4267347821160543, 4.0042320347655975]","[4.688634903595357, 2.218754485739799]","[3.6012127856977476, 1.8500917293979393, 7.165010696321014, 1.426734782116054, 3.0042320347655975]","[3.6886349035953567, 1.2187544857397994]","[9.233878937686532, 4.743824947174203, 18.37182229825901, 3.658294313118087, 7.703159063501532]"
140,0,1333,True,False,,0.0,1,1,,0,1,21.44843443710185,[21.44843443710185],9.364889430469722,[9.364889430469722],3.5070899119807146,0.0,[],2.3677650656724785,0.0,0.0,0.0,[2.3677650656724785],[],[0.0],[],[3.5070899119807146]
140,0,1334,True,False,,0.0,1,1,,0,1,6.410654311015496,[6.410654311015496],3.5001551812960434,[3.5001551812960434],10.848030504104903,0.0,[],5.230731896600912,0.0,0.0,0.0,[5.230731896600912],[],[0.0],[],[10.848030504104903]
140,0,1335,True,False,,0.0,3,3,,0,3,22.82041226657068,"[3.779392452709493, 14.36686706072963, 4.674152753131557]",11.899960783962566,"[2.4739630565567023, 6.603078153684556, 2.8229195737213075]",19.990768139135003,0.0,[],10.79639957426265,0.0,0.0,0.0,"[2.84129415703043, 5.2470615833939585, 2.7080438338382633]",[],"[0.0, 0.0, 0.0]",[],"[4.721267069308795, 10.889901495881944, 4.379599573944264]"
140,0,1336,True,False,,0.0,1,1,,0,1,8.549272438193913,[8.549272438193913],4.334216250895626,[4.334216250895626],23.109215495690474,0.0,[],10.012594043319286,0.0,0.0,0.0,[10.012594043319286],[],[0.0],[],[23.109215495690474]
140,0,1337,True,True,1.0,4.99,5,5,True,0,5,37.67866224729667,"[2.8953234032280726, 8.243840850545835, 12.44852816949777, 7.886617201952024, 6.204352622072972]",19.694678276445703,"[2.1291761272589484, 4.215097931712876, 5.8549259861041305, 4.07578070876129, 3.419697522608459]",61.36135243745541,0.0,[],28.93092745060761,0.0,23.93092745060761,0.0,"[5.959077276554183, 3.054174534639939, 7.686807603158092, 4.6206393916486785, 7.6102286446067176]",[],"[4.959077276554183, 2.054174534639939, 6.686807603158092, 3.6206393916486785, 6.6102286446067176]",[],"[12.715582760395339, 5.26711419138446, 17.145660520918184, 9.283690747817124, 16.949304216940302]"
140,0,1338,True,False,,0.0,2,2,,0,2,13.856184388715853,"[7.441124934655733, 6.41505945406012]",7.403911911599183,"[3.902038724515736, 3.5018731870834467]",9.427133770249256,0.0,[],5.67658217039721,0.0,0.0,0.0,"[3.422925557001981, 2.2536566133952287]",[],"[0.0, 0.0]",[],"[6.212629633338413, 3.214504136910843]"
140,0,1339,True,False,,0.0,2,2,,0,2,14.718218461454413,"[7.493740533472188, 7.224477927982225]",7.740105199967221,"[3.9225588080541534, 3.817546391913068]",24.680617850473876,0.0,[],11.625440961684813,0.0,0.0,0.0,"[9.217799271971188, 2.407641689713624]",[],"[0.0, 0.0]",[],"[21.071280184541507, 3.6093376659323697]"
140,0,1340,True,True,1.0,4.99,4,4,True,1,5,38.045266635655125,"[5.249258826726919, 12.573133611404558, 4.9701219373313315, 15.252752260192318]",18.8376539879055,"[3.0472109424234985, 5.903522108447778, 2.9383475555592193, 6.948573381475004]",49.206938045385726,4.81213256287217,[4.81213256287217],23.190705837700435,2.876731699520146,19.190705837700435,1.8767316995201464,"[10.784862622579546, 8.098472921210579, 1.975, 2.3323702939103104]",[2.876731699520146],"[9.784862622579546, 7.098472921210579, 0.9750000000000001, 1.3323702939103101]",[1.8767316995201464],"[25.08939133994755, 18.201212618488665, 2.5, 3.4163340869495133]"
140,0,1341,True,False,,0.0,1,1,,0,1,16.839599892784754,[16.839599892784754],7.567443958186054,[7.567443958186054],11.207888148938435,0.0,[],5.37107637808599,0.0,0.0,0.0,[5.37107637808599],[],[0.0],[],[11.207888148938435]
140,0,1342,True,True,1.0,4.99,6,6,True,1,7,56.902275330920006,"[6.872222133810361, 12.782329008061945, 12.216549543701447, 8.152454630921852, 8.372086359511952, 8.506633654912452]",28.191887379058805,"[3.6801666321860407, 5.985108313144159, 5.764454322043565, 4.179457306059522, 4.265113680209661, 4.317587125415857]",56.04977678418416,5.790622117348511,[5.790622117348511],27.859412945831824,3.2583426257659194,21.859412945831824,2.2583426257659194,"[2.886381676089223, 4.449607670650144, 3.091710384430439, 5.537606883815028, 8.450910205591768, 3.4431961252552226]",[3.2583426257659194],"[1.8863816760892227, 3.449607670650144, 2.091710384430439, 4.537606883815028, 7.450910205591768, 2.4431961252552226]",[2.2583426257659194],"[4.836876092536468, 8.845147873461908, 5.363359960078049, 11.634889445679557, 19.104897963055816, 6.2646054493723655]"
140,0,1343,True,True,1.0,4.99,5,5,True,1,6,67.06369419031006,"[7.157019117366662, 7.591808729559594, 8.36339686869357, 19.377217814481668, 24.574251660208564]",31.154840734220922,"[3.791237455772998, 3.9608054045282417, 4.261724778790493, 8.55711494764785, 10.58395814748134]",59.256792820573054,4.4475471227249015,[4.4475471227249015],28.110149200023496,2.7345433778627117,23.110149200023496,1.7345433778627117,"[1.975, 7.01288373333355, 3.1850258011598673, 10.538682028812525, 5.398557636717551]",[2.7345433778627117],"[0.9750000000000001, 6.01288373333355, 2.1850258011598673, 9.538682028812525, 4.398557636717551]",[1.7345433778627117],"[2.5, 15.417650598291154, 5.6026302593842745, 24.458159048237242, 11.278352914660386]"
140,0,1344,True,True,1.0,4.99,6,6,True,2,8,54.35885950400326,"[15.00156131110397, 8.629969162105551, 10.846084260272775, 8.546796199532771, 3.230576664145328, 8.103871906842869]",27.199955206561274,"[6.850608911330548, 4.365687973221165, 5.229972861506383, 4.333250517817781, 2.259924899016678, 4.160510043668719]",73.41184662564181,7.200398333805698,"[3.2010940933229857, 3.9993042404827124]",34.63062018400032,4.808155350184222,28.630620184000314,2.8081553501842222,"[7.850594815729871, 10.93691976859172, 6.454808608460629, 2.6578582964232407, 2.104770879415338, 4.625667815379515]","[2.2484266963959643, 2.559728653788258]","[6.850594815729871, 9.93691976859172, 5.454808608460629, 1.6578582964232405, 1.1047708794153381, 3.6256678153795145]","[1.2484266963959645, 1.559728653788258]","[17.565627732640696, 25.479281457927485, 13.986688739642638, 4.250918708777539, 2.8327458446547134, 9.296584141998755]"
140,0,1345,True,False,,0.0,2,2,,0,2,26.319018299928786,"[11.884308329347741, 14.434709970581043]",12.264417136972227,"[5.6348802484456195, 6.629536888526607]",20.73396324309043,0.0,[],10.086245664805269,0.0,0.0,0.0,"[4.203852955166917, 5.882392709638352]",[],"[0.0, 0.0]",[],"[8.215007577351068, 12.518955665739362]"
140,0,1346,True,False,,0.0,2,2,,0,2,18.12411600279271,"[11.517177460922069, 6.60693854187064]",9.068405241089156,"[5.491699209759607, 3.57670603132955]",16.275078976770494,0.0,[],8.347280800940494,0.0,0.0,0.0,"[3.5570964154737634, 4.7901843854667305]",[],"[0.0, 0.0]",[],"[6.556657475573752, 9.718421501196744]"
140,0,1347,True,False,,0.0,1,1,,0,1,16.279234200829883,[16.279234200829883],7.348901338323655,[7.348901338323655],7.006939090085357,0.0,[],3.7327062451332895,0.0,0.0,0.0,[3.7327062451332895],[],[0.0],[],[7.006939090085357]
140,0,1348,True,True,1.0,4.99,5,5,True,1,6,40.98892849242794,"[13.043865186639572, 12.065280199064595, 2.5, 6.943399712206342, 6.436383394517427]",20.985682112046895,"[6.087107422789433, 5.7054592776351924, 1.975, 3.7079258877604735, 3.5101895238617966]",50.42958943257304,7.349918435143617,[7.349918435143617],24.667539878703487,3.8664681897060107,19.667539878703487,2.8664681897060107,"[4.100313161147891, 3.9388318971119567, 3.2508996908670102, 6.486377654971708, 6.891117474604918]",[3.8664681897060107],"[3.1003131611478913, 2.9388318971119567, 2.2508996908670102, 5.486377654971708, 5.891117474604918]",[2.8664681897060107],"[7.9495209260202335, 7.535466402851171, 5.77153766888977, 14.067635012747969, 15.105429422063892]"
140,0,1349,True,False,,0.0,3,3,,0,3,14.622353665979468,"[2.5, 7.125802000844459, 4.996551665135009]",8.702717929731993,"[1.975, 3.779062780329339, 2.9486551494026534]",15.315011182360042,0.0,[],8.972854361120415,0.0,0.0,0.0,"[2.8054191426393307, 2.7120010048186756, 3.45543421366241]",[],"[0.0, 0.0, 0.0]",[],"[4.629279852921361, 4.389746166201732, 6.295985163236948]"
140,0,1350,True,True,1.0,4.99,4,4,True,2,6,41.28977621012772,"[5.436086173573329, 6.609543087653607, 17.609906510091992, 11.634240438808792]",20.10301272194981,"[3.120073607693598, 3.577721804184907, 7.867863538935877, 5.537353771135429]",31.100617754372394,10.992783289029202,"[7.010402828866755, 3.9823804601624464]",16.129240924205234,6.287185482721389,12.129240924205234,4.287185482721389,"[4.376806575222753, 2.1545222510452753, 5.417493682243245, 4.1804184156939606]","[3.7340571032580345, 2.553128379463354]","[3.3768065752227536, 1.154522251045275, 4.417493682243245, 3.18041841569396]","[2.7340571032580345, 1.5531283794633541]","[8.65847839800706, 2.960313464218654, 11.326906877546783, 8.154919014599898]"
140,0,1351,True,False,,0.0,2,2,,0,2,25.211438626413496,"[15.066640442310836, 10.144798184102662]",11.832461064301265,"[6.875989772501226, 4.956471291800039]",26.12395837007034,0.0,[],12.188343764327435,0.0,0.0,0.0,"[6.7781471765266765, 5.410196587800757]",[],"[0.0, 0.0]",[],"[14.815761991094043, 11.3081963789763]"
140,0,1352,True,False,,0.0,1,1,,0,1,4.446211269634593,[4.446211269634593],2.734022395157491,[2.734022395157491],9.43696944942617,0.0,[],4.680418085276207,0.0,0.0,0.0,[4.680418085276207],[],[0.0],[],[9.43696944942617]
140,0,1353,True,False,,0.0,2,2,,0,2,12.098425736217699,"[3.9505875100380976, 8.147838226179601]",6.718386037124903,"[2.540729128914858, 4.177656908210045]",22.322213219189276,0.0,[],10.705663155483819,0.0,0.0,0.0,"[6.143687155963293, 4.561975999520525]",[],"[0.0, 0.0]",[],"[13.188941425546904, 9.133271793642372]"
140,0,1354,True,True,1.0,4.99,7,7,True,1,8,43.09440122309201,"[12.159548111499507, 5.354610055119608, 2.779432125185329, 2.5, 6.411277024154512, 7.457497743474287, 6.432036163658767]",23.806816477005885,"[5.742223763484808, 3.088297921496647, 2.0839785288222785, 1.975, 3.50039803942026, 3.908424119954972, 3.5084941038269193]",81.03033528722014,14.211091480984068,[14.211091480984068],38.601830762015865,6.542325677583787,31.601830762015865,5.542325677583787,"[7.60636108814353, 6.667801574074864, 4.267694218121029, 3.5977971089188943, 5.7819618336672844, 5.807395184680933, 4.872819754409328]",[6.542325677583787],"[6.60636108814353, 5.667801574074864, 3.2676942181210293, 2.5977971089188943, 4.7819618336672844, 4.807395184680933, 3.872819754409328]",[5.542325677583787],"[16.93938740549623, 14.532824548909907, 8.378703123387254, 6.661018227997165, 12.261440599146882, 12.3266543196947, 9.930307062588021]"
140,0,1355,True,True,1.0,4.99,4,4,True,1,5,40.20941930437343,"[2.646128352066116, 4.369507344489792, 10.409207608657319, 22.7845759991602]",19.681673528705637,"[2.0319900573057854, 2.704107864351019, 5.059590967376354, 9.885984639672479]",29.882084503558502,18.93839131540551,[18.93839131540551],15.654012956387817,8.38597261300815,11.654012956387817,7.38597261300815,"[3.6809392817181705, 2.736257712572879, 6.313590032417664, 2.923225929679103]",[8.38597261300815],"[2.6809392817181705, 1.736257712572879, 5.313590032417664, 1.923225929679103]",[7.38597261300815],"[6.874203286456847, 4.451942852750972, 13.624589826711958, 4.931348537638725]"
140,0,1356,True,True,1.0,4.99,4,4,True,1,5,42.460035315225674,"[13.88119772868734, 2.5, 18.13396040649987, 7.944877180038469]",20.55941377293802,"[6.413667114188063, 1.975, 8.07224455853495, 4.098502100215003]",66.29785438618876,7.375276820763582,[7.375276820763582],29.856163210613616,3.876357960097797,25.85616321061362,2.876357960097797,"[13.347237566251893, 8.011154257436608, 4.488937903419433, 4.008833483505683]",[3.876357960097797],"[12.347237566251893, 7.011154257436609, 3.488937903419434, 3.008833483505683]",[2.876357960097797],"[31.65958350320998, 17.977318608811817, 8.945994624152394, 7.714957650014572]"
140,0,1357,True,True,1.0,4.99,5,5,True,2,7,50.462935240303565,"[11.520311218088162, 14.834376562117635, 5.143223107466389, 8.577153010197168, 10.387871342434213]",24.680544743718393,"[5.492921375054383, 6.785406859225878, 3.005857011911892, 4.345089673976895, 5.051269823549343]",39.65164673957381,16.382669717795704,"[7.071658222657773, 9.311011495137931]",20.464142228433786,8.389241189940325,15.464142228433786,6.389241189940325,"[5.480811038981389, 2.7121083627009135, 7.829252936058441, 2.033164837903554, 2.40880505278949]","[3.7579467068365315, 4.631294483103794]","[4.480811038981389, 1.7121083627009137, 6.829252936058441, 1.0331648379035538, 1.40880505278949]","[2.7579467068365315, 3.6312944831037934]","[11.489259074311253, 4.390021442822856, 17.51090496425241, 2.6491406100091126, 3.6123206481781795]"
140,0,1358,True,False,,0.0,3,3,,0,3,34.51345617215427,"[11.823613849109911, 12.317580590515014, 10.372261732529347]",16.460247907140165,"[5.611209401152865, 5.803856430300856, 5.045182075686445]",24.604227219942047,0.0,[],12.595648615777398,0.0,0.0,0.0,"[3.1898606886636145, 1.975, 7.4307879271137836]",[],"[0.0, 0.0, 0.0]",[],"[5.61502740682978, 2.5, 16.489199813112265]"
140,0,1359,True,True,1.0,4.99,4,4,True,0,4,38.37655992544558,"[18.14493759727643, 6.226502496334691, 11.503985070577428, 2.501134761257031]",18.966858370923777,"[8.076525662937808, 3.4283359735705297, 5.486554177525197, 1.975442556890242]",41.74249670569801,0.0,[],20.279573715222224,0.0,16.279573715222224,0.0,"[6.136880801708213, 4.0893081731709255, 3.7728647882057165, 6.280519952137369]",[],"[5.136880801708213, 3.0893081731709255, 2.7728647882057165, 5.280519952137369]",[],"[13.171489235149265, 7.921303008130578, 7.1099097133479905, 13.539794749070177]"
140,0,1360,True,False,,0.0,3,3,,0,3,25.102947846034915,"[7.984111593804385, 12.135981941634057, 4.982854310596472]",12.790149659953617,"[4.11380352158371, 5.733032957237282, 2.9433131811326243]",17.863089343496497,0.0,[],9.966604843963635,0.0,0.0,0.0,"[2.721045406057225, 4.476554709422356, 2.7690047284840547]",[],"[0.0, 0.0, 0.0]",[],"[4.412936938608269, 8.914242844672705, 4.535909560215525]"
140,0,1361,True,False,,0.0,1,1,,0,1,18.01936244931299,[18.01936244931299],8.027551355232067,[8.027551355232067],6.887199573040744,0.0,[],3.68600783348589,0.0,0.0,0.0,[3.68600783348589],[],[0.0],[],[6.887199573040744]
140,0,1362,True,False,,0.0,3,3,,0,3,38.747825551598986,"[9.423259326469617, 16.33763511039467, 12.986931114734695]",18.111651965123606,"[4.675071137323151, 7.371677693053922, 6.064903134746531]",17.422245489559693,0.0,[],9.79467574092828,0.0,0.0,0.0,"[1.975, 3.124844107373298, 4.694831633554982]",[],"[0.0, 0.0, 0.0]",[],"[2.5, 5.4483182240340975, 9.473927265525594]"
140,0,1363,True,True,1.0,4.99,6,6,True,2,8,61.67014751413488,"[9.717711382466856, 17.182038593421034, 5.220873643200538, 4.606016954555767, 18.0326650015521, 6.910841938938592]",30.051357530512604,"[4.789907439162073, 7.700995051434203, 3.03614072084821, 2.796346612276749, 8.032739350605318, 3.695228356186051]",53.4915022610532,23.146301697038986,"[10.819218964311778, 12.32708273272721]",26.861685881810747,11.027057661845205,20.861685881810747,9.027057661845205,"[7.293604544241447, 2.716140986697777, 3.772442805211233, 3.6907047904442063, 6.820560561520044, 2.5682321936960397]","[5.2194953960815935, 5.807562265763612]","[6.293604544241447, 1.7161409866977773, 2.772442805211233, 2.6907047904442063, 5.820560561520044, 1.5682321936960397]","[4.2194953960815935, 4.807562265763612]","[16.137447549337043, 4.400361504353275, 7.108827705669828, 6.899243052421042, 14.924514260307806, 4.021108188964204]"
140,0,1364,True,False,,0.0,1,1,,0,1,3.18105052926982,[3.18105052926982],2.2406097064152295,[2.2406097064152295],13.016234880084562,0.0,[],6.07633160323298,0.0,0.0,0.0,[6.07633160323298],[],[0.0],[],[13.016234880084562]
140,0,1365,True,False,,0.0,3,3,,0,3,22.456598873163433,"[2.5, 11.49639516293612, 8.460203710227313]",11.758073560533738,"[1.975, 5.483594113545086, 4.299479446988652]",39.662866525818686,0.0,[],18.468517945069287,0.0,0.0,0.0,"[7.949716622970852, 6.171440661700111, 4.347360660398325]",[],"[0.0, 0.0, 0.0]",[],"[17.819786212745775, 13.260104260769516, 8.582976052303398]"
140,0,1366,True,False,,0.0,2,2,,0,2,11.875537423676747,"[5.0796164551329674, 6.79592096854378]",6.631459595233931,"[2.9810504175018573, 3.650409177732074]",24.715481846529144,0.0,[],11.639037920146368,0.0,0.0,0.0,"[3.821966870057846, 7.817071050088521]",[],"[0.0, 0.0]",[],"[7.23581248732781, 17.479669359201335]"
140,0,1367,True,False,,0.0,2,2,,0,2,23.757305658205574,"[6.301196828558416, 17.45610882964716]",11.265349206700174,"[3.457466763137782, 7.807882443562392]",18.866447425159013,0.0,[],9.357914495812015,0.0,0.0,0.0,"[4.588554611717553, 4.769359884094461]",[],"[0.0, 0.0]",[],"[9.20142208132706, 9.665025343831953]"
140,0,1368,True,False,,0.0,2,2,,0,2,17.80579932630949,"[10.2884250527703, 7.51737427353919]",8.944261737260701,"[5.012485770580417, 3.9317759666802843]",15.478000342543645,0.0,[],8.03642013359202,0.0,0.0,0.0,"[2.47719254205761, 5.559227591534412]",[],"[0.0, 0.0]",[],"[3.787673184763103, 11.690327157780542]"
140,0,1369,True,False,,0.0,3,3,,0,3,28.329494389421814,"[9.319329576371974, 4.639967266744171, 14.370197546305668]",14.048502811874508,"[4.6345385347850705, 2.809587234030227, 6.604377043059211]",26.592742377157773,0.0,[],13.371169527091531,0.0,0.0,0.0,"[2.189171627705827, 8.883267644017105, 2.2987302553686]",[],"[0.0, 0.0, 0.0]",[],"[3.049158019758531, 20.213506779531038, 3.3300775778682046]"
140,0,1370,True,False,,0.0,3,3,,0,3,36.99854866355068,"[6.4920830038153685, 10.009487756913353, 20.496977902821953]",17.429433978784765,"[3.531912371487994, 4.903700225196208, 8.993821382100563]",34.13402584036061,0.0,[],16.312270077740635,0.0,0.0,0.0,"[4.795141468489822, 4.271839899572143, 7.245288709678672]",[],"[0.0, 0.0, 0.0]",[],"[9.731131970486722, 8.389333075826007, 16.013560794047876]"
140,0,1371,True,True,1.0,4.99,5,5,True,2,7,63.69463456858419,"[24.61596562369567, 8.93717025783069, 6.954789912356171, 12.802299499425622, 10.384409275276042]",29.840907481747834,"[10.600226593241311, 4.48549640055397, 3.712368065818907, 5.9928968047759925, 5.049919617357657]",55.18281109802234,25.17988392445647,"[15.53172718232529, 9.648156742131178]",26.521296328228708,11.820154730538022,21.52129632822871,9.820154730538022,"[3.908691411175583, 1.975, 6.459469234187864, 6.269812329642386, 7.908323353222878]","[7.057373601106863, 4.7627811294311595]","[2.908691411175583, 0.9750000000000001, 5.459469234187864, 5.269812329642386, 6.908323353222878]","[6.057373601106863, 3.7627811294311595]","[7.458183105578418, 2.5, 13.998639062020164, 13.512339306775349, 17.713649623648404]"
140,0,1372,True,False,,0.0,2,2,,0,2,11.777893222676456,"[4.134807744872471, 7.643085477803985]",6.593378356843818,"[2.6125750205002634, 3.980803336343554]",32.39549848839226,0.0,[],14.63424441047298,0.0,0.0,0.0,"[11.246058006008179, 3.388186404464803]",[],"[0.0, 0.0]",[],"[26.271943605149175, 6.123554883243084]"
140,0,1373,True,True,1.0,4.99,6,6,True,2,8,51.19705045138511,"[4.370821000544857, 13.156290842194942, 4.949450201139621, 7.564542687107836, 11.9586937731464, 9.19725194725146]",25.966849676040198,"[2.704620190212494, 6.130953428456027, 2.9302855784444524, 3.950171647972056, 5.663890571527096, 4.586928259428069]",55.79348347401887,10.28050652311845,"[3.852589974727877, 6.427916548390573]",27.759458554867358,6.0093975440161955,21.759458554867358,4.0093975440161955,"[7.820882880979295, 4.648496637586836, 2.517587810672027, 7.667880785733568, 2.056071538504103, 3.048538901391528]","[2.502510090143872, 3.5068874538723236]","[6.820882880979295, 3.648496637586837, 1.5175878106720273, 6.667880785733568, 1.0560715385041028, 2.048538901391528]","[1.5025100901438722, 2.5068874538723236]","[17.489443284562295, 9.355119583555991, 3.891250796594942, 17.097130219829662, 2.70787573975411, 5.252663849721866]"
140,0,1374,True,False,,0.0,3,3,,0,3,37.24875327920334,"[18.39373356307714, 14.550139744162028, 4.304879971964173]",17.527013778889305,"[8.173556089600085, 6.674554500223191, 2.6789031890660278]",28.702936791677423,0.0,[],14.194145348754196,0.0,0.0,0.0,"[6.201207147143511, 4.629703461731931, 3.3632347398787537]",[],"[0.0, 0.0, 0.0]",[],"[13.336428582419257, 9.306931953158797, 6.059576256099368]"
140,0,1375,True,True,1.0,4.99,4,4,True,0,4,41.06244286945417,"[17.44618059404945, 5.196898291244459, 12.365355853288074, 6.054008130872193]",20.014352719087128,"[7.804010431679286, 3.026790333585339, 5.822488782782349, 3.361063171040155]",48.24697285723519,0.0,[],22.816319414321725,0.0,18.816319414321725,0.0,"[3.786300541084033, 5.157807271875324, 9.38786373638672, 4.484347864975647]",[],"[2.786300541084033, 4.157807271875324, 8.38786373638672, 3.484347864975647]",[],"[7.14436036175393, 10.661044286859806, 21.507342913812103, 8.934225294809352]"
140,0,1376,True,False,,0.0,1,1,,0,1,7.025369666814249,[7.025369666814249],3.739894170057557,[3.739894170057557],5.5351926605849675,0.0,[],3.1587251376281373,0.0,0.0,0.0,[3.1587251376281373],[],[0.0],[],[5.5351926605849675]
140,0,1377,True,True,1.0,4.99,4,4,True,4,8,33.44873658430323,"[7.123633558902501, 9.26356101997013, 10.971740044585893, 6.089801960844706]",17.045007267878262,"[3.7782170879719756, 4.612788797788351, 5.278978617388498, 3.3750227647294353]",48.805447355077604,41.41588158830435,"[18.97882600691998, 4.741613748879968, 3.9915333638487653, 13.703908468655635]",23.03412446848027,20.1521938194387,19.03412446848027,16.152193819438693,"[2.0799354434854065, 10.060792069823126, 8.918396955171735, 1.975]","[8.401742142698794, 2.8492293620631877, 2.5566980119010188, 6.344524302775698]","[1.0799354434854065, 9.060792069823126, 7.918396955171735, 0.9750000000000001]","[7.401742142698793, 1.8492293620631874, 1.5566980119010185, 5.344524302775698]","[2.7690652397061704, 23.232800179033656, 20.303581936337782, 2.5]"
140,0,1378,True,True,1.0,4.99,5,5,True,5,10,77.70582087291403,"[4.427950312166201, 8.675021998855735, 27.662787118695082, 10.863842939844503, 26.076218503352507]",35.30527014043647,"[2.726900621744819, 4.383258579553736, 11.788486976291082, 5.236898746539357, 11.169725216307478]",60.58328049165469,45.7398092726301,"[14.787177761564251, 5.128920901102835, 11.54186996534849, 5.883100558564626, 8.3987400860499]",28.62747939174533,22.83852561632574,23.62747939174533,17.83852561632574,"[11.435399261838066, 5.156217348463398, 2.4605109199557957, 5.279647671079079, 4.2957041904089905]","[6.766999327010058, 3.0002791514301057, 5.501329286485911, 3.2944092178402045, 4.275508633559461]","[10.435399261838066, 4.156217348463398, 1.4605109199557957, 4.279647671079079, 3.29570419040899]","[5.766999327010058, 2.0002791514301057, 4.501329286485911, 2.2944092178402045, 3.275508633559461]","[26.75743400471299, 10.65696756016256, 3.7448997947584504, 10.973455566869434, 8.450523565151256]"
140,0,1379,True,False,,0.0,3,3,,0,3,23.4218096543551,"[2.5, 15.974739975251431, 4.94706967910367]",12.13450576519849,"[1.975, 7.230148590348058, 2.9293571748504315]",28.84906982033501,0.0,[],14.251137229930656,0.0,0.0,0.0,"[5.790265896770181, 5.000420924101761, 3.460450409058711]",[],"[0.0, 0.0, 0.0]",[],"[12.282733068641491, 10.257489548978874, 6.308847202714644]"
140,0,1380,True,False,,0.0,2,2,,0,2,12.821361822770935,"[2.5, 10.321361822770935]",7.000331110880666,"[1.975, 5.025331110880665]",20.858564699842574,0.0,[],10.134840232938604,0.0,0.0,0.0,"[4.783857380176309, 5.350982852762296]",[],"[0.0, 0.0]",[],"[9.702198410708485, 11.156366289134091]"
140,0,1381,True,False,,0.0,1,1,,0,1,10.768748919777785,[10.768748919777785],5.199812078713336,[5.199812078713336],18.90306161759447,0.0,[],8.372194030861845,0.0,0.0,0.0,[8.372194030861845],[],[0.0],[],[18.90306161759447]
140,0,1382,True,False,,0.0,3,3,,0,3,36.7703544271824,"[17.151329195502623, 17.11902523167977, 2.5]",17.340438226601133,"[7.689018386246023, 7.676419840355111, 1.975]",23.54630683541221,0.0,[],12.183059665810763,0.0,0.0,0.0,"[5.402872087398042, 2.8335610118784675, 3.946626566534253]",[],"[0.0, 0.0, 0.0]",[],"[11.289415608712929, 4.70143849199607, 7.555452734703213]"
140,0,1383,True,False,,0.0,1,1,,0,1,7.083481265544129,[7.083481265544129],3.7625576935622105,[3.7625576935622105],10.647306426560428,0.0,[],5.152449506358567,0.0,0.0,0.0,[5.152449506358567],[],[0.0],[],[10.647306426560428]
140,0,1384,True,False,,0.0,3,3,,0,3,25.224209567007257,"[7.22462918981137, 11.113161633565404, 6.886418743630483]",12.83744173113283,"[3.8176053840264346, 5.334133037090508, 3.6857033100158887]",39.338846624131854,0.0,[],18.342150183411423,0.0,0.0,0.0,"[10.89248300398831, 4.655999872110179, 2.793667307312932]",[],"[0.0, 0.0, 0.0]",[],"[25.365341035867463, 9.374358646436356, 4.599146941828031]"
140,0,1385,True,False,,0.0,1,1,,0,1,2.5,[2.5],1.975,[1.975],2.647082155677561,0.0,[],2.032362040714249,0.0,0.0,0.0,[2.032362040714249],[],[0.0],[],[2.647082155677561]
140,0,1386,True,False,,0.0,3,3,,0,3,17.390927837057014,"[6.125542712667958, 8.765385124389056, 2.5]",9.782461856452235,"[3.3889616579405035, 4.418500198511731, 1.975]",35.45292432257551,0.0,[],16.82664048580445,0.0,0.0,0.0,"[4.734674427072926, 6.698324633401734, 5.39364142532979]",[],"[0.0, 0.0, 0.0]",[],"[9.576088274545965, 14.611088803594189, 11.265747244435358]"
140,0,1387,True,True,1.0,4.99,7,7,True,1,8,56.16512841357519,"[9.86960325529838, 6.459767314537652, 7.575977705604382, 12.147209406286578, 5.969660474086272, 10.355158624400639, 3.787751633361287]",28.904400081294323,"[4.8491452695663675, 3.5193092526696845, 3.954631305185709, 5.737411668451766, 3.328167584893646, 5.038511863516249, 2.4772231370109017]",88.32749133943892,12.176201694354463,[12.176201694354463],41.44772162238118,5.74871866079824,34.44772162238118,4.74871866079824,"[3.940059713178082, 6.613691137715869, 2.8112713082409297, 12.535447593660486, 6.010190776479513, 6.266006829314783, 3.2710542637915223]",[5.74871866079824],"[2.940059713178082, 5.613691137715869, 1.8112713082409297, 11.535447593660486, 5.010190776479513, 5.266006829314783, 2.2710542637915223]",[4.74871866079824],"[7.538614649174569, 14.394079840297099, 4.644285405745974, 29.578070752975602, 12.846643016614136, 13.502581613627648, 5.823216061003904]"
140,0,1388,True,True,1.0,4.99,7,7,True,5,12,82.9653636479824,"[9.908368330230667, 4.282047962545947, 3.575800552853389, 20.23724089746145, 30.714110889891124, 3.211710511387029, 11.036084503612777]",39.356491822713124,"[4.86426364878996, 2.6699987053929197, 2.3945622156128215, 8.892523950009966, 12.978503247057539, 2.2525670994409412, 5.304072956408983]",59.7375484768951,36.398558367304375,"[9.507108640988807, 7.869660767103961, 6.403149134579062, 8.148732881309808, 4.469906943322734]",30.29764390598909,19.19543776324871,23.297643905989087,14.195437763248705,"[3.883574837613848, 6.636711694918013, 4.751533979654564, 2.915448259974852, 3.3924178937810043, 4.555113558936834, 4.162843681109974]","[4.707772369985635, 4.069167699170546, 3.4972281624858343, 4.178005823710825, 2.743263707895866]","[2.883574837613848, 5.636711694918013, 3.7515339796545644, 1.9154482599748517, 2.3924178937810043, 3.555113558936834, 3.162843681109974]","[3.707772369985635, 3.069167699170545, 2.4972281624858343, 3.178005823710825, 1.7432637078958662]","[7.3937816349073024, 14.453106910046186, 9.619317896550164, 4.911405794807312, 6.134404855848729, 9.115675792145728, 8.109855592589676]"
140,0,1389,True,False,,0.0,2,2,,0,2,20.266141879141514,"[7.282952065756087, 12.98318981338543]",9.903795332865192,"[3.840351305644874, 6.063444027220318]",11.758857378588463,0.0,[],6.5859543776495,0.0,0.0,0.0,"[3.273931723592248, 3.3120226540572526]",[],"[0.0, 0.0]",[],"[5.830594163057047, 5.928263215531417]"
140,0,1390,True,False,,0.0,2,2,,0,2,13.32350093921443,"[4.419644879910687, 8.903856059303743]",7.196165366293628,"[2.723661503165168, 4.47250386312846]",20.399387654262068,0.0,[],9.955761185162206,0.0,0.0,0.0,"[3.2822468330618437, 6.673514352100363]",[],"[0.0, 0.0]",[],"[5.851914956568829, 14.547472697693237]"
140,0,1391,True,False,,0.0,2,2,,0,2,24.477200960956193,"[15.791357156095144, 8.68584380486105]",11.546108374772915,"[7.158629290877106, 4.387479083895809]",16.5621562687109,0.0,[],8.459240944797251,0.0,0.0,0.0,"[3.706413486837393, 4.752827457959858]",[],"[0.0, 0.0]",[],"[6.9395217611215205, 9.622634507589382]"
140,0,1392,True,False,,0.0,2,2,,0,2,15.014451511695594,"[7.612322358682786, 7.402129153012807]",7.855636089561282,"[3.9688057198862867, 3.886830369674995]",33.22462019266503,0.0,[],14.957601875139364,0.0,0.0,0.0,"[12.000887186876735, 2.956714688262628]",[],"[0.0, 0.0]",[],"[28.20740304327368, 5.017217149391353]"
140,0,1393,True,True,1.0,4.99,5,5,True,2,7,31.715245375193874,"[6.014323498696338, 10.881217363247108, 4.289047904664061, 6.18772470936163, 4.342931899224737]",17.36894569632561,"[3.345586164491572, 5.243674771666372, 2.672728682818984, 3.413212636651036, 2.6937434406976477]",67.73806359336857,9.692111758935923,"[4.150639685610986, 5.541472073324937]",31.417844801413736,5.77992358598501,26.417844801413736,3.77992358598501,"[4.646040936240082, 6.466488602733669, 3.784848298573858, 4.285687414367672, 12.234779549498457]","[2.6187494773882847, 3.1611741085967253]","[3.646040936240082, 5.466488602733669, 2.784848298573858, 3.2856874143676724, 11.234779549498457]","[1.6187494773882845, 2.1611741085967253]","[9.348822913436107, 14.016637442906845, 7.140636663009892, 8.424839524019673, 28.80712704999604]"
140,0,1394,True,False,,0.0,2,2,,0,2,26.235228538337804,"[19.543456114071347, 6.691772424266458]",12.231739129951745,"[8.621947884487826, 3.6097912454639185]",12.562154082220857,0.0,[],6.899240092066135,0.0,0.0,0.0,"[3.882739093162229, 3.0165009989039056]",[],"[0.0, 0.0]",[],"[7.391638700415972, 5.170515381804886]"
140,0,1395,True,False,,0.0,2,2,,0,2,22.715489763270668,"[18.041325257792483, 4.674164505478187]",10.859041007675561,"[8.036116850539068, 2.8229241571364927]",13.473849006029242,0.0,[],7.254801112351404,0.0,0.0,0.0,"[2.191905909224775, 5.062895203126629]",[],"[0.0, 0.0]",[],"[3.0561689980122426, 10.417680008017]"
140,0,1396,True,True,1.0,4.99,4,4,True,2,6,45.05047006417794,"[9.75628395362547, 12.638552030930978, 12.607182459943722, 10.04845161967777]",21.569683325029395,"[4.804950741913933, 5.929035292063081, 5.916801159378052, 4.91889613167433]",40.38167191840035,22.700293073310313,"[11.571409894724134, 11.128883178586179]",19.74885204817614,10.853114298591024,15.748852048176138,8.853114298591024,"[2.0971137620766314, 5.6476343390105574, 6.578470301405563, 5.425633645683385]","[5.512849858942412, 5.34026443964861]","[1.0971137620766316, 4.6476343390105574, 5.578470301405563, 4.425633645683385]","[4.512849858942412, 4.34026443964861]","[2.8131122104529016, 11.917011125668095, 14.303770003604008, 11.347778578675346]"
140,0,1397,True,False,,0.0,3,3,,0,3,34.58495200759246,"[11.985823771739906, 5.868182717917046, 16.730945517935506]",16.48813128296106,"[5.674471270978564, 3.288591259987648, 7.525068751994848]",28.490759496945596,0.0,[],14.111396203808784,0.0,0.0,0.0,"[2.0041078162819126, 5.270025182638103, 6.837263204888767]",[],"[0.0, 0.0, 0.0]",[],"[2.574635426363878, 10.94878251958488, 14.967341550996839]"
140,0,1398,True,False,,0.0,2,2,,0,2,23.49531792458914,"[14.589407036967314, 8.905910887621827]",11.163173990589765,"[6.689868744417253, 4.473305246172513]",23.287205565528527,0.0,[],11.082010170556126,0.0,0.0,0.0,"[6.043485915937261, 5.038524254618865]",[],"[0.0, 0.0]",[],"[12.9320151690699, 10.355190396458628]"
140,0,1399,True,False,,0.0,2,2,,0,2,13.547361574894408,"[2.5, 11.047361574894408]",7.2834710142088195,"[1.975, 5.308471014208819]",11.830203608352907,0.0,[],6.613779407257634,0.0,0.0,0.0,"[2.6916713292687815, 3.9221080779888524]",[],"[0.0, 0.0]",[],"[4.337618792996876, 7.4925848153560315]"
140,0,1400,True,True,1.0,4.99,4,4,True,1,5,61.89430654136457,"[11.61683107467871, 9.721811665673812, 21.51836444436438, 19.03729935664767]",28.138779551132185,"[5.530564119124698, 4.791506549612787, 9.392162133302108, 8.424546749092592]",52.983587562254954,15.1168945640853,[15.1168945640853],24.663599149279438,6.895588879993267,20.663599149279435,5.895588879993267,"[8.629424396984327, 8.719750427733391, 2.61779335153952, 4.696630973022199]",[6.895588879993267],"[7.629424396984326, 7.71975042773339, 1.61779335153952, 3.6966309730221987]",[5.895588879993267],"[19.562626658934168, 19.79423186598305, 4.148188080870564, 9.478540956467176]"
140,0,1401,True,True,1.0,4.99,5,5,True,1,6,42.61182023531346,"[10.476119495121333, 9.744296469072033, 5.800489416028692, 2.5, 14.090914855091405]",21.618609891772252,"[5.08568660309732, 4.800275622938093, 3.26219087225119, 1.975, 6.495456793485649]",44.38328668308925,8.068944979436075,[8.068944979436075],22.309481806404804,4.146888541980069,17.309481806404804,3.1468885419800694,"[4.7016047691921425, 6.60925542024967, 3.2665723818918715, 3.9531856592544328, 3.7788635758166897]",[4.146888541980069],"[3.7016047691921425, 5.60925542024967, 2.2665723818918715, 2.9531856592544328, 2.7788635758166897]",[3.1468885419800694],"[9.491294279979853, 14.382706205768384, 5.811724056133004, 7.572270921165212, 7.1252912200427945]"
140,0,1402,True,False,,0.0,1,1,,0,1,18.73780017027248,[18.73780017027248],8.307742066406266,[8.307742066406266],3.6074614737848685,0.0,[],2.4069099747760987,0.0,0.0,0.0,[2.4069099747760987],[],[0.0],[],[3.6074614737848685]
140,0,1403,True,False,,0.0,3,3,,0,3,29.34364966596926,"[8.496588507265987, 12.703100940619885, 8.143960218083388]",14.444023369728011,"[4.313669517833735, 5.954209366841756, 4.176144485052522]",31.163955694261034,0.0,[],15.153942720761803,0.0,0.0,0.0,"[3.8855748099734675, 7.886529398088261, 3.3818385127000745]",[],"[0.0, 0.0, 0.0]",[],"[7.398909769162737, 17.657767687405798, 6.107278237692499]"
140,0,1404,True,False,,0.0,3,3,,0,3,30.989595788242603,"[17.790168707744083, 7.5343584825826015, 5.66506859791592]",15.085942357414616,"[7.938165796020193, 3.938399808207215, 3.209376753187209]",47.1053467189455,0.0,[],21.371085220388743,0.0,0.0,0.0,"[4.880967063065041, 4.270161738484548, 12.219956418839155]",[],"[0.0, 0.0, 0.0]",[],"[9.95119759760267, 8.385030098678326, 28.7691190226645]"
140,0,1405,True,True,1.0,4.99,4,4,True,0,4,23.073155953130417,"[10.723705447666312, 2.5225229189709504, 4.700229067137207, 5.126698519355948]",12.998530821720863,"[5.182245124589862, 1.9837839383986706, 2.8330893361835106, 2.9994124225488195]",36.37231263339022,0.0,[],18.185201927022188,0.0,14.185201927022188,0.0,"[7.811770366493275, 3.912919330417642, 2.0707823370277456, 4.389729893083525]",[],"[6.811770366493275, 2.912919330417642, 1.0707823370277458, 3.3897298930835253]",[],"[17.466077862803267, 7.4690239241478, 2.7455957359685788, 8.691615110470577]"
140,0,1406,True,False,,0.0,3,3,,0,3,39.689173919114424,"[12.291092870613026, 8.109273745448176, 19.28880730305322]",18.478777828454625,"[5.79352621953908, 4.162616760724789, 8.522634848190755]",24.46965825329277,0.0,[],12.543166718784182,0.0,0.0,0.0,"[4.000145079209878, 6.008838176128651, 2.534183463445653]",[],"[0.0, 0.0, 0.0]",[],"[7.692679690281736, 12.843174810586284, 3.9338037524247507]"
140,0,1407,True,False,,0.0,3,3,,0,3,27.115138202676548,"[3.4480174106636294, 8.007458757604406, 15.659662034408512]",13.574903899043854,"[2.3447267901588154, 4.122908915465718, 7.10726819341932]",34.17912055628732,0.0,[],16.329857016952058,0.0,0.0,0.0,"[4.189115798202961, 1.975, 10.165741218749098]",[],"[0.0, 0.0, 0.0]",[],"[8.177219995392205, 2.5, 23.50190056089512]"
140,0,1408,True,False,,0.0,2,2,,0,2,9.625668730603003,"[4.726160923540963, 4.899507807062041]",5.754010804935172,"[2.8432027601809757, 2.910808044754196]",28.713965888429072,0.0,[],13.198446696487338,0.0,0.0,0.0,"[6.998111359196473, 6.2003353372908645]",[],"[0.0, 0.0]",[],"[15.379772715888393, 13.334193172540678]"
140,0,1409,True,False,,0.0,3,3,,0,3,24.902604944024624,"[2.5, 9.056412891373787, 13.346192052650839]",12.712015928169604,"[1.975, 4.532001027635777, 6.205014900533827]",28.379416370875838,0.0,[],14.067972384641577,0.0,0.0,0.0,"[4.588314081166076, 4.117041123771084, 5.362617179704417]",[],"[0.0, 0.0, 0.0]",[],"[9.200805336323272, 7.992413137874576, 11.18619789667799]"
140,0,1410,True,True,1.0,4.99,4,4,True,4,8,48.19512238393387,"[16.040702734988596, 17.802238080717217, 9.032371800473966, 5.319809767754087]",22.796097729734207,"[7.255874066645553, 7.942872851479715, 4.522625002184847, 3.074725809424094]",69.10952881292208,69.58994929332351,"[8.606319252899013, 25.650542047668132, 14.71665320110959, 20.616434791646785]",30.952716237039613,31.140080224396172,26.95271623703961,27.140080224396172,"[9.386256729949658, 6.8981829052710335, 7.72090508417472, 6.947371517644201]","[4.356464508630616, 11.003711398590571, 6.73949474843274, 9.040409568742247]","[8.386256729949658, 5.8981829052710335, 6.72090508417472, 5.947371517644201]","[3.3564645086306153, 10.003711398590571, 5.73949474843274, 8.040409568742247]","[21.5032223844863, 15.123545910951368, 17.233089959422358, 15.249670558062054]"
140,0,1411,True,False,,0.0,1,1,,0,1,12.052253545505211,[12.052253545505211],5.7003788827470325,[5.7003788827470325],9.042541708397767,0.0,[],4.52659126627513,0.0,0.0,0.0,[4.52659126627513],[],[0.0],[],[9.042541708397767]
140,0,1412,True,False,,0.0,1,1,,0,1,2.5,[2.5],1.975,[1.975],2.5,0.0,[],1.975,0.0,0.0,0.0,[1.975],[],[0.0],[],[2.5]
140,0,1413,True,False,,0.0,2,2,,0,2,15.328081504671605,"[10.571497691866004, 4.7565838128056015]",7.977951786821926,"[5.122884099827742, 2.8550676869941847]",21.585108896788014,0.0,[],10.418192469747325,0.0,0.0,0.0,"[5.341532838438521, 5.076659631308805]",[],"[0.0, 0.0]",[],"[11.132135483175695, 10.45297341361232]"
140,0,1414,True,False,,0.0,1,1,,0,1,14.246873276263722,[14.246873276263722],6.556280577742852,[6.556280577742852],14.124855378114837,0.0,[],6.508693597464787,0.0,0.0,0.0,[6.508693597464787],[],[0.0],[],[14.124855378114837]
140,0,1415,True,True,1.0,4.99,8,8,True,1,9,86.5844668541692,"[3.4585584236400297, 33.403465060677874, 6.388874595063067, 8.118797494164841, 6.12191600948244, 8.216266239412617, 15.841592967120528, 5.034996064607805]",41.76794207312599,"[2.3488377852196116, 14.027351373664372, 3.491661092074596, 4.166331022724288, 3.387547243698152, 4.20434383337092, 7.1782212571770065, 2.963648465197044]",68.94928661753086,11.032996649151567,[11.032996649151567],34.89022178083703,5.302868693169112,26.89022178083703,4.302868693169112,"[3.920357702881732, 1.975, 2.230406331251414, 5.420306148972905, 2.3210176447333, 3.9609387720526197, 5.4035324359880565, 9.658662744957004]",[5.302868693169112],"[2.920357702881732, 0.9750000000000001, 1.230406331251414, 4.420306148972905, 1.3210176447333, 2.9609387720526197, 4.4035324359880565, 8.658662744957004]",[4.302868693169112],"[7.488096674055723, 2.5, 3.154888028849779, 11.334118330699756, 3.3872247300853844, 7.59215069757082, 11.291108810225786, 22.2016993460436]"
140,0,1416,True,True,1.0,4.99,4,4,True,1,5,42.011317620741735,"[9.468630335051094, 11.36596025456911, 11.920922956806146, 9.255804074315387]",20.38441387208928,"[4.692765830669927, 5.432724499281953, 5.649159953154397, 4.609763588983001]",49.5810331139556,2.9816613656729456,[2.9816613656729456],23.336602914442683,2.162847932612449,19.336602914442683,1.1628479326124488,"[7.084704442952083, 4.481807076772791, 6.0512073700985844, 5.718884024619226]",[2.162847932612449],"[6.084704442952083, 3.48180707677279, 5.0512073700985844, 4.718884024619226]",[1.1628479326124488],"[15.6018062639797, 8.927710453263565, 12.95181376948355, 12.099702627228783]"
140,0,1417,True,False,,0.0,2,2,,0,2,38.03658245772159,"[25.421282919362508, 12.615299538359082]",16.83426715851142,"[10.914300338551378, 5.919966819960043]",21.948815222865527,0.0,[],10.560037936917555,0.0,0.0,0.0,"[7.246772957206462, 3.313264979711093]",[],"[0.0, 0.0]",[],"[16.017366556939646, 5.931448665925879]"
140,0,1418,True,False,,0.0,2,2,,0,2,21.691551618170323,"[17.579098587935736, 4.1124530302345885]",10.459705131086427,"[7.855848449294937, 2.6038566817914894]",22.247358032471457,0.0,[],10.676469632663869,0.0,0.0,0.0,"[6.480364281662942, 4.196105351000927]",[],"[0.0, 0.0]",[],"[14.052216106828055, 8.195141925643401]"
140,0,1419,True,False,,0.0,3,3,,0,3,35.34022233644248,"[9.97921702061464, 15.291044068449423, 10.069961247378417]",16.78268671121257,"[4.891894638039711, 6.963507186695275, 4.927284886477583]",31.232903545602046,0.0,[],15.180832382784798,0.0,0.0,0.0,"[3.185448134084801, 8.66307649511824, 3.332307753581757]",[],"[0.0, 0.0, 0.0]",[],"[5.603713164320003, 19.64891409004677, 5.980276291235274]"
140,0,1420,True,True,1.0,4.99,8,8,True,3,11,46.68941843440261,"[2.642655993932254, 15.445764645723635, 4.161289285388737, 3.875657323095839, 2.8862701889966886, 5.918600690259608, 9.2509360151447, 2.508244291861153]",26.20887318941702,"[2.0306358376335787, 7.023848211832218, 2.6229028213016075, 2.511506356007377, 2.125645373708709, 3.3082542692012473, 4.607865045906434, 1.9782152738258496]",77.23634452238963,47.73193682127567,"[9.694890766838768, 13.775727880958245, 24.261318173478653]",38.12217436373195,21.61545536029751,30.122174363731954,18.61545536029751,"[4.101901106981709, 2.789928153276905, 6.167659860528355, 2.614476018617359, 3.3343532190562395, 5.111618307655405, 2.512845851641619, 11.48939184597436]","[4.78100739906712, 6.372533873573715, 10.461914087656675]","[3.101901106981708, 1.7899281532769051, 5.167659860528355, 1.614476018617359, 2.3343532190562395, 4.111618307655405, 1.5128458516416192, 10.48939184597436]","[3.7810073990671196, 5.372533873573715, 9.461914087656675]","[7.953592582004379, 4.58955936737668, 13.250409898790654, 4.139682099018869, 5.985521074503178, 10.54261104527027, 3.879091927286203, 26.895876528139382]"
140,0,1421,True,True,1.0,4.99,8,8,True,0,8,73.90786975799045,"[3.1272349159930446, 11.13180668023219, 8.249941102975468, 11.47266575484691, 10.997209300903338, 5.9430201884190215, 7.040419741345326, 15.945572073275148]",36.824069205616276,"[2.219621617237287, 5.341404605290554, 4.217477030160433, 5.4743396443902945, 5.288911627352302, 3.3177778734834185, 3.7457636991246774, 7.218773108577308]",88.52230501635322,0.0,[],42.52369895637776,0.0,34.52369895637776,0.0,"[2.590849205698092, 4.24471870099951, 6.953214084898536, 8.089019304274055, 2.9411741111700405, 4.828322207306688, 5.323736863848145, 7.552664478182686]",[],"[1.5908492056980916, 3.2447187009995093, 5.953214084898536, 7.089019304274055, 1.9411741111700402, 3.8283222073066883, 4.323736863848145, 6.552664478182686]",[],"[4.079100527431004, 8.319791541024383, 15.264651499739836, 18.17697257506168, 4.977369515820616, 9.816210787965867, 11.086504779097808, 16.801703790212017]"
140,0,1422,True,False,,0.0,2,2,,0,2,22.23215267405445,"[9.082567312442256, 13.149585361612194]",10.670539542881237,"[4.542201251852481, 6.128338291028756]",20.4309118388004,0.0,[],9.968055617132157,0.0,0.0,0.0,"[6.814089287724263, 3.1539663294078935]",[],"[0.0, 0.0]",[],"[14.907921250575033, 5.522990588225368]"
140,0,1423,True,False,,0.0,2,2,,0,2,13.6683735401493,"[5.148925337322059, 8.519448202827242]",7.330665680658228,"[3.0080808815556033, 4.322584799102625]",16.009149944071503,0.0,[],8.243568478187886,0.0,0.0,0.0,"[5.643055258518892, 2.6005132196689944]",[],"[0.0, 0.0]",[],"[11.905269893638184, 4.103880050433318]"
140,0,1424,True,True,1.0,4.99,5,5,True,2,7,38.83989060025551,"[7.741172250115404, 2.5, 6.011354773941325, 19.410024207304197, 3.177339368894589]",20.147557334099652,"[4.019057177545008, 1.975, 3.344428361837117, 8.569909440848637, 2.23916235386889]",70.15353775782205,9.74462860111247,"[3.140786298703837, 6.603842302408633]",32.3598797255506,5.8004051544338635,27.3598797255506,3.8004051544338635,"[11.090675532450689, 7.9605679638569, 5.43414625835444, 5.060471341295007, 2.8140186295935603]","[2.224906656494497, 3.5754984979393667]","[10.090675532450689, 6.9605679638569, 4.43414625835444, 4.060471341295007, 1.8140186295935605]","[1.2249066564944966, 2.5754984979393667]","[25.873527006283815, 17.84761016373564, 11.36960579065241, 10.411464977679504, 4.651329819470668]"
140,0,1425,True,False,,0.0,3,3,,0,3,29.5029896054749,"[9.933410191627722, 10.307367291674161, 9.262212122173016]",14.506165946135212,"[4.874029974734812, 5.019873243752923, 4.612262727647476]",27.07632433932292,0.0,[],13.559766492335939,0.0,0.0,0.0,"[5.108658314247337, 5.004554175380215, 3.446554002708388]",[],"[0.0, 0.0, 0.0]",[],"[10.535021318582915, 10.268087629180037, 6.273215391559969]"
140,0,1426,True,False,,0.0,2,2,,0,2,24.16607977828877,"[9.54505900441667, 14.621020773872097]",11.424771113532618,"[4.722573011722501, 6.702198101810118]",23.807375199564685,0.0,[],11.284876327830228,0.0,0.0,0.0,"[3.826414103903286, 7.458462223926941]",[],"[0.0, 0.0]",[],"[7.247215651034067, 16.560159548530617]"
140,0,1427,True,False,,0.0,3,3,,0,3,32.31005125237705,"[12.097703532396231, 11.26818504276738, 8.94416267721344]",15.600919988427052,"[5.71810437763453, 5.394592166679279, 4.488223444113242]",33.12575653728162,0.0,[],15.919045049539832,0.0,0.0,0.0,"[7.089898129610089, 5.120368134924946, 3.708778785004798]",[],"[0.0, 0.0, 0.0]",[],"[15.615123409256638, 10.565046499807552, 6.945586628217431]"
140,0,1428,True,True,1.0,4.99,7,7,True,0,7,100.44763716068293,"[32.12474600939614, 11.752355371115744, 7.440527892248705, 16.916914922934843, 11.641505956417006, 13.895042162575189, 6.676544845995294]",46.174578492666335,"[13.528650943664495, 5.58341859473514, 3.901805877976995, 7.597596819944589, 5.540187323002633, 6.419066443404324, 3.603852489938165]",51.80382081701208,0.0,[],27.203490118634708,0.0,20.20349011863471,0.0,"[1.975, 5.700255092600203, 3.675162690926968, 6.104238425586354, 2.883061834891422, 3.1669729626722662, 3.698799111957498]",[],"[0.9750000000000001, 4.700255092600203, 2.675162690926968, 5.104238425586354, 1.8830618348914219, 2.1669729626722662, 2.698799111957498]",[],"[2.5, 12.051936134872316, 6.859391515197354, 13.087790834836804, 4.828363679208774, 5.556340929928888, 6.919997722967944]"
140,0,1429,True,True,1.0,4.99,6,6,True,2,8,54.759382492554124,"[11.096167505117183, 5.668444272133438, 7.842536747659532, 16.256263934035257, 5.9488001084119695, 7.947169925196748]",27.356159172096113,"[5.327505326995701, 3.210693266132041, 4.058589331587218, 7.3399429342737506, 3.320032042280668, 4.099396270826732]",63.47898290845232,18.814312511737747,"[4.245198068770083, 14.569114442967663]",30.756803334296404,9.337581879577721,24.756803334296404,7.337581879577721,"[3.0137116499255394, 5.67453702901087, 5.118925457898518, 5.742023243390957, 7.8219509363959405, 3.38565501767458]","[2.6556272468203326, 6.681954632757389]","[2.0137116499255394, 4.67453702901087, 4.118925457898518, 4.742023243390957, 6.8219509363959405, 2.38565501767458]","[1.6556272468203326, 5.681954632757389]","[5.16336320493728, 11.985992382079154, 10.561347327944919, 12.15903395741271, 17.492181888194718, 6.1170641478835375]"
140,0,1430,True,False,,0.0,2,2,,0,2,15.114024346186724,"[9.851894101900015, 5.262130244286708]",7.894469495012823,"[4.8422386997410065, 3.052230795271816]",19.337412530613484,0.0,[],9.541590886939257,0.0,0.0,0.0,"[4.970565563868517, 4.5710253230707405]",[],"[0.0, 0.0]",[],"[10.180937343252609, 9.156475187360874]"
140,0,1431,True,False,,0.0,3,3,,0,3,14.86350188458742,"[9.768394729398132, 2.5, 2.5951071551892877]",8.796765734989094,"[4.809673944465271, 1.975, 2.0120917905238223]",16.804328500302532,0.0,[],9.553688115117987,0.0,0.0,0.0,"[2.1791827187758606, 1.975, 5.399505396342127]",[],"[0.0, 0.0, 0.0]",[],"[3.023545432758617, 2.5, 11.280783067543915]"
140,0,1432,True,True,1.0,4.99,4,4,True,1,5,25.27969784796232,"[5.349850894838591, 7.161429487858758, 10.176076151687106, 2.592341313577865]",13.859082160705304,"[3.0864418489870507, 3.7929575002649156, 4.968669699157971, 2.0110131122953674]",40.391186269372305,7.673659255717771,[7.673659255717771],19.7525626450552,3.992727109729931,15.7525626450552,2.992727109729931,"[3.607314005696807, 3.1931549800499788, 6.146653243699745, 6.805440415608669]",[3.992727109729931],"[2.607314005696807, 2.1931549800499788, 5.146653243699745, 5.805440415608669]",[2.992727109729931],"[6.685420527427711, 5.623474307820458, 13.196546778717295, 14.885744655406842]"
140,0,1433,True,True,1.0,4.99,5,5,True,1,6,54.72822417006968,"[6.086890439710249, 4.816528088247537, 2.6741508997196344, 28.42612186566462, 12.724532876727634]",26.344007426327174,"[3.373887271486997, 2.8784459544165397, 2.0429188508906577, 12.086187527609201, 5.962567821923778]",42.50051663383404,6.537613345921798,[6.537613345921798],21.575201487195276,3.5496692049095016,16.575201487195276,2.5496692049095016,"[2.7614949877643724, 3.2660005808082486, 7.915525059597216, 1.975, 5.6571808590254395]",[3.5496692049095016],"[1.7614949877643724, 2.2660005808082486, 6.915525059597216, 0.9750000000000001, 4.6571808590254395]",[2.5496692049095016],"[4.516653814780442, 5.81025789950833, 17.732115537428758, 2.5, 11.941489382116512]"
140,0,1434,True,False,,0.0,3,3,,0,3,18.691463265800877,"[4.320913832544003, 6.094599901290429, 8.275949531966445]",10.289670673662341,"[2.685156394692161, 3.376893961503267, 4.227620317466913]",35.76701531223271,0.0,[],16.949135971770755,0.0,0.0,0.0,"[5.520021085434623, 7.278607809081262, 4.15050707725487]",[],"[0.0, 0.0, 0.0]",[],"[11.589797654960572, 16.098994382259644, 8.078223275012489]"
140,0,1435,True,True,1.0,4.99,4,4,True,3,7,51.598003169818796,"[14.252231703782014, 15.355219869431629, 15.179360265759989, 6.811191330845159]",24.12322123622933,"[6.558370364474985, 6.988535749078335, 6.919950503646396, 3.6563646190296124]",42.063880673217746,41.082374022842856,"[11.217995334907856, 10.854687977347865, 19.009690710587133]",20.404913462554923,19.022125868908713,16.404913462554923,16.022125868908713,"[3.909360162933588, 8.008624720439064, 4.422212397684392, 4.064716181497877]","[5.375018180614064, 5.233328311165668, 8.413779377128982]","[2.909360162933588, 7.008624720439064, 3.4222123976843926, 3.0647161814978774]","[4.375018180614064, 4.233328311165668, 7.413779377128982]","[7.459897853675866, 17.97083261651042, 8.774903583806134, 7.858246619225326]"
140,0,1436,True,False,,0.0,3,3,,0,3,47.51074183560606,"[5.160727163562381, 34.6984404784643, 7.651574193579387]",21.529189315886367,"[3.012683593789329, 14.532391786601076, 3.984113935495961]",27.751730876143323,0.0,[],13.823175041695897,0.0,0.0,0.0,"[6.5382573013075165, 3.3126122308981203, 3.9723055094902597]",[],"[0.0, 0.0, 0.0]",[],"[14.20065974694235, 5.929774951020821, 7.6212961781801525]"
140,0,1437,True,False,,0.0,2,2,,0,2,10.611145403757071,"[7.481916709270101, 3.1292286944869696]",6.138346707465258,"[3.9179475166153397, 2.220399190849918]",14.067959296659161,0.0,[],7.486504125697072,0.0,0.0,0.0,"[1.975, 5.511504125697073]",[],"[0.0, 0.0]",[],"[2.5, 11.567959296659161]"
140,0,1438,True,True,1.0,4.99,5,5,True,3,8,33.28598146679665,"[4.0123088261044675, 8.96101390939253, 2.5, 11.456373501725318, 6.356285229574334]",17.981532772050695,"[2.5648004421807427, 4.494795424663087, 1.975, 5.467985665672875, 3.4789512395339903]",88.38864243209008,38.94774058947651,"[14.745671435642981, 2.201898455323357, 22.000170698510168]",39.47157054851513,18.18961882989584,34.47157054851513,15.189618829895839,"[6.616088195687406, 7.09831885512696, 7.7791832567371815, 8.75367668564127, 9.224303555322315]","[6.750811859900763, 1.8587403975761094, 9.580066572418966]","[5.616088195687406, 6.09831885512696, 6.7791832567371815, 7.7536766856412696, 8.224303555322315]","[5.750811859900763, 0.8587403975761093, 8.580066572418966]","[14.40022614278822, 15.636715013146052, 17.382521171120977, 19.88122227087505, 21.08795783415978]"
140,0,1439,True,False,,0.0,3,3,,0,3,20.117458438546716,"[7.000913807297542, 9.831159018728586, 3.2853856125205896]",10.845808791033221,"[3.7303563848460417, 4.834152017304149, 2.2813003888830297]",28.78908628722325,0.0,[],14.227743652017065,0.0,0.0,0.0,"[4.49611627266953, 3.2920167819154575, 6.439610597432078]",[],"[0.0, 0.0, 0.0]",[],"[8.964400699152643, 5.876966107475532, 13.947719480595072]"
140,0,1440,True,False,,0.0,1,1,,0,1,10.862829591406667,[10.862829591406667],5.2365035406486005,[5.2365035406486005],11.916259333954118,0.0,[],5.647341140242106,0.0,0.0,0.0,[5.647341140242106],[],[0.0],[],[11.916259333954118]
140,0,1441,True,True,1.0,4.99,5,5,True,2,7,69.54600985132808,"[10.48509248799607, 9.150155156589928, 5.954960181735692, 32.0802614541675, 11.875540570838892]",32.12294384201795,"[5.089186070318467, 4.568560511070072, 3.32243447087692, 13.511301967125325, 5.631460822627168]",66.58906723009937,19.404249490173285,"[3.5370042052620487, 15.867245284911235]",30.969736219738756,9.567657301167582,25.969736219738756,7.567657301167581,"[7.280080257444664, 3.3280741662126, 6.3682655039817755, 8.795951505034559, 5.19736478706516]","[2.379431640052199, 7.188225661115382]","[6.280080257444664, 2.3280741662126, 5.3682655039817755, 7.795951505034559, 4.19736478706516]","[1.379431640052199, 6.188225661115382]","[16.102769890883753, 5.969420939006667, 13.764783343543014, 19.989619243678355, 10.76247381298759]"
140,0,1442,True,True,1.0,4.99,4,4,True,2,6,54.74786039028627,"[12.921394639841111, 12.266431577943326, 19.224783636861165, 10.335250535640668]",25.351665552211646,"[6.039343909538034, 5.783908315397897, 8.497665618375855, 5.0307477088998604]",35.00554738328908,19.766375488277557,"[6.6723610558445205, 13.094014432433037]",17.652163479482738,9.708886440428248,13.65216347948274,7.708886440428248,"[5.899104748239544, 3.0060789174057123, 5.181747819052568, 3.5652319947849165]","[3.6022208117793633, 6.1066656286488845]","[4.899104748239544, 2.0060789174057123, 4.181747819052568, 2.5652319947849165]","[2.6022208117793633, 5.1066656286488845]","[12.56180704676806, 5.143792095912083, 10.722430305262993, 6.57751793534594]"
140,0,1443,True,False,,0.0,1,1,,0,1,5.68498789538522,[5.68498789538522],3.2171452792002357,[3.2171452792002357],12.813460938445454,0.0,[],5.997249765993727,0.0,0.0,0.0,[5.997249765993727],[],[0.0],[],[12.813460938445454]
140,0,1444,True,False,,0.0,2,2,,0,2,27.610361062700704,"[14.494779242155596, 13.115581820545106]",12.768040814453276,"[6.652963904440683, 6.115076910012592]",8.447221072869242,0.0,[],5.294416218419004,0.0,0.0,0.0,"[2.9079324558431914, 2.386483762575813]",[],"[0.0, 0.0]",[],"[4.89213450216203, 3.5550865707072123]"
140,0,1445,True,True,1.0,4.99,6,6,True,2,8,42.78006776467451,"[16.16508536874822, 2.9490469853569907, 5.862012962559311, 7.6770286086525035, 7.181519494475731, 2.945374344881758]",22.684226428223063,"[7.304383293811806, 2.150128324289226, 3.2861850553981315, 3.9940411573744763, 3.800792602845535, 2.1486959945038855]",79.56653754553791,15.684615111339395,"[6.978070308627766, 8.70654480271163]",37.030949642759786,8.116999893422363,31.03094964275979,6.116999893422364,"[2.3394186044136522, 10.100936382242809, 5.722398097874561, 12.505157181992324, 3.6861591701215506, 2.67688020611489]","[3.7214474203648287, 4.395552473057536]","[1.3394186044136522, 9.100936382242809, 4.722398097874561, 11.505157181992324, 2.6861591701215506, 1.6768802061148902]","[2.7214474203648287, 3.3955524730575357]","[3.4344066779837235, 23.335734313443098, 12.108713071473233, 29.500403030749546, 6.887587615696283, 4.299692836192026]"
140,0,1446,True,False,,0.0,1,1,,0,1,12.275138302024931,[12.275138302024931],5.787303937789724,[5.787303937789724],9.519318375093793,0.0,[],4.712534166286579,0.0,0.0,0.0,[4.712534166286579],[],[0.0],[],[9.519318375093793]
140,0,1447,True,False,,0.0,2,2,,0,2,9.856392349005624,"[7.356392349005623, 2.5]",5.843993016112194,"[3.868993016112193, 1.975]",31.368589995777143,0.0,[],14.233750098353084,0.0,0.0,0.0,"[4.232792379853513, 10.000957718499572]",[],"[0.0, 0.0]",[],"[8.289211230393622, 23.07937876538352]"
140,0,1448,True,True,1.0,4.99,4,4,True,0,4,28.601388207760813,"[4.855290589850599, 9.899697656642669, 8.900448815590028, 4.945951145677521]",15.15454140102672,"[2.893563330041734, 4.8608820860906405, 4.471175038080111, 2.928920946814233]",23.516769632015908,0.0,[],13.171540156486206,0.0,9.171540156486206,0.0,"[2.016075932081124, 3.7730805433418615, 4.601759811716793, 2.780623869346427]",[],"[1.016075932081124, 2.7730805433418615, 3.6017598117167924, 1.7806238693464271]",[],"[2.6053229027721123, 7.110462931645798, 9.235281568504595, 4.565702229093403]"
140,0,1449,True,False,,0.0,3,3,,0,3,30.58150965815261,"[7.969525034182587, 15.314036618329098, 7.297948005640923]",14.926788766679518,"[4.108114763331209, 6.972474281148348, 3.84619972219996]",27.86099579340243,0.0,[],13.865788359426947,0.0,0.0,0.0,"[4.661050666147321, 6.1711134100480525, 3.033624283231575]",[],"[0.0, 0.0, 0.0]",[],"[9.387309400377745, 13.259265153969364, 5.214421239055321]"
140,0,1450,True,False,,0.0,3,3,,0,3,17.903130242185366,"[3.643940378021907, 10.395649149111794, 3.863540715051666]",9.982220794452292,"[2.4211367474285437, 5.0543031681535995, 2.50678087887015]",20.668319739735153,0.0,[],11.06064469849671,0.0,0.0,0.0,"[3.4455166911961297, 3.326272964607299, 4.288855042693282]",[],"[0.0, 0.0, 0.0]",[],"[6.270555618451614, 5.964802473352048, 8.432961647931492]"
140,0,1451,True,True,1.0,4.99,4,4,True,3,7,33.95657906770376,"[10.779495921150009, 8.234231814780646, 8.615989516054492, 6.326861815718608]",17.243065836404465,"[5.204003409248504, 4.211350407764452, 4.3602359112612525, 3.467476108130257]",27.77381674923198,39.17403462156608,"[12.04012085771267, 13.125953048684176, 14.007960715169235]",14.831788532200473,18.27787350241077,10.831788532200472,15.277873502410772,"[2.0524663335603925, 4.525819102719181, 2.713679244964826, 5.539823850956073]","[5.695647134507942, 6.119121688986828, 6.463104678916002]","[1.0524663335603923, 3.5258191027191805, 1.713679244964826, 4.539823850956073]","[4.695647134507942, 5.119121688986828, 5.463104678916002]","[2.698631624513826, 9.040561801844053, 4.394049346063656, 11.640573976810444]"
140,0,1452,True,True,1.0,4.99,7,7,True,3,10,91.86235030202818,"[8.307736884966408, 20.66854944940947, 6.238663765118344, 24.74917347649006, 9.261272162640466, 3.9512968709918717, 18.68565769241156]",42.826316617790994,"[4.240017385136899, 9.060734285269692, 3.433078868396154, 10.652177655831125, 4.611896143429782, 2.54100577968683, 8.287406500040507]",64.3001916781919,32.97010458305631,"[15.752968654269091, 10.673740601606053, 6.543395327181168]",32.07707475449484,15.858340787391962,25.077074754494838,12.858340787391962,"[3.4921532917534366, 5.990959641659125, 4.179383579481067, 3.822178264260073, 3.7520590673661696, 4.595858714669276, 6.24448219530569]","[7.143657775164946, 5.16275883462636, 3.5519241776006556]","[2.4921532917534366, 4.990959641659125, 3.179383579481067, 2.822178264260073, 2.7520590673661696, 3.5958587146692764, 5.24448219530569]","[6.143657775164946, 4.16275883462636, 2.5519241776006556]","[6.390136645521632, 12.797332414510578, 8.152265588412993, 7.236354523743777, 7.0565617111953065, 9.220150550434042, 13.447390244373565]"
140,0,1453,True,False,,0.0,2,2,,0,2,12.238310739510428,"[8.867627246348107, 3.370683493162322]",6.772941188409067,"[4.458374626075762, 2.3145665623333054]",20.24261672373136,0.0,[],9.89462052225523,0.0,0.0,0.0,"[4.1472269564824416, 5.747393565772789]",[],"[0.0, 0.0]",[],"[8.069812708929335, 12.172804014802024]"
140,0,1454,True,False,,0.0,2,2,,0,2,25.609911945558135,"[7.379094237309743, 18.23081770824839]",11.987865658767673,"[3.8778467525508, 8.110018906216872]",26.562656026735453,0.0,[],12.359435850426827,0.0,0.0,0.0,"[8.162269920089953, 4.197165930336874]",[],"[0.0, 0.0]",[],"[18.364794666897314, 8.19786135983814]"
140,0,1455,True,False,,0.0,2,2,,0,2,8.802297652193682,"[3.5954500877567934, 5.206847564436888]",5.432896084355535,"[2.4022255342251495, 3.0306705501303863]",11.109450322914697,0.0,[],6.332685625936732,0.0,0.0,0.0,"[4.050291361429817, 2.282394264506915]",[],"[0.0, 0.0]",[],"[7.821259901102096, 3.288190421812602]"
140,0,1456,True,True,1.0,4.99,4,4,True,1,5,46.15628117413718,"[12.389619971071893, 3.418403689919255, 8.657057291966629, 21.691200221179397]",22.000949657913498,"[5.8319517887180385, 2.3331774390685096, 4.376252343866986, 9.459568086259965]",25.858548886266107,4.845074523349887,[4.845074523349887],14.084834065643781,2.889579064106456,10.084834065643783,1.889579064106456,"[3.523945484038026, 4.143910694530465, 3.0188249949729755, 3.3981528921023156]",[2.889579064106456],"[2.523945484038026, 3.143910694530465, 2.0188249949729755, 2.3981528921023156]",[1.889579064106456],"[6.471655087276989, 8.061309473155038, 5.176474346084553, 6.149109979749527]"
140,0,1457,True,True,1.0,4.99,5,5,True,3,8,54.83236107929579,"[6.657274073932927, 15.139789357485027, 19.292651202605043, 2.500182211170417, 11.242464234102371]",26.384620820925356,"[3.5963368888338416, 6.904517849419161, 8.524133969015967, 1.9750710623564625, 5.384561051299925]",73.80542471841075,29.42540781114574,"[6.098052564441113, 16.25570569987078, 7.071649546833845]",33.7841156401802,14.475909046346839,28.784115640180193,11.475909046346839,"[9.276026482740292, 9.256320264310729, 7.138413212522392, 5.667892726334953, 2.4454629542718296]","[3.3782405001320344, 7.339725222949605, 3.7579433232651995]","[8.276026482740292, 8.256320264310729, 6.138413212522392, 4.667892726334953, 1.4454629542718298]","[2.3782405001320344, 6.339725222949605, 2.7579433232651995]","[21.220580724975108, 21.170051959771097, 15.739521057749721, 11.968955708551162, 3.706315267363666]"
140,0,1458,True,False,,0.0,3,3,,0,3,19.834037865372558,"[7.353437790567789, 2.99115207131313, 9.489448003491637]",10.735274767495296,"[3.8678407383214375, 2.1665493078121205, 4.700884721361739]",15.638504008005246,0.0,[],9.099016563122046,0.0,0.0,0.0,"[3.2046808088479155, 3.8587673479431235, 2.0355684063310067]",[],"[0.0, 0.0, 0.0]",[],"[5.653027714994654, 7.33017268703365, 2.6553036059769406]"
140,0,1459,True,True,1.0,4.99,4,4,True,1,5,56.5500927447049,"[13.383701746282657, 11.407592154254406, 9.331789895171482, 22.427008948996356]",26.05453617043491,"[6.219643681050236, 5.4489609401592185, 4.639398059116878, 9.746533490108579]",41.582177502008214,10.396508469137046,[10.396508469137046],20.217049225783207,5.054638302963448,16.217049225783203,4.054638302963448,"[3.9091116560940056, 3.293584290313097, 4.735171138011832, 8.27918214136427]",[5.054638302963448],"[2.9091116560940056, 2.293584290313097, 3.735171138011833, 7.279182141364269]",[4.054638302963448],"[7.459260656651296, 5.880985359777172, 9.577361892338033, 18.664569593241715]"
140,0,1460,True,False,,0.0,2,2,,0,2,19.1690164520854,"[11.972014144738626, 7.197002307346773]",9.475916416313307,"[5.669085516448065, 3.8068308998652416]",23.661465666352044,0.0,[],11.227971609877297,0.0,0.0,0.0,"[5.502534734718394, 5.725436875158902]",[],"[0.0, 0.0]",[],"[11.544960858252294, 12.116504808099748]"
140,0,1461,True,False,,0.0,2,2,,0,2,14.623384002899986,"[4.980254350421472, 9.643129652478514]",7.703119761130994,"[2.942299196664374, 4.76082056446662]",20.409020907396048,0.0,[],9.95951815388446,0.0,0.0,0.0,"[6.148149886466696, 3.811368267417764]",[],"[0.0, 0.0]",[],"[13.200384324273578, 7.2086365831224715]"
140,0,1462,True,True,1.0,4.99,4,4,True,2,6,26.813914776033602,"[4.91209038969963, 6.891180264402817, 5.148998363392065, 9.86164575853909]",14.457426762653107,"[2.9157152519828555, 3.687560303117099, 3.008109361722905, 4.846041845830245]",27.957290664922777,14.303966633747361,"[10.729188186709083, 3.5747784470382795]",14.903343359319882,7.578546987161472,10.903343359319884,5.578546987161472,"[3.001962465397626, 2.537790261049116, 5.1057934900569695, 4.257797142816171]","[5.184383392816542, 2.394163594344929]","[2.001962465397626, 1.5377902610491156, 4.1057934900569695, 3.257797142816172]","[4.184383392816542, 1.394163594344929]","[5.133237090763144, 3.9430519514079885, 10.527675615530692, 8.353326007220954]"
140,0,1463,True,True,1.0,4.99,6,6,True,5,11,77.11143745557197,"[25.158188048210036, 14.017739315601524, 16.48188240030418, 5.643772173947389, 13.309855517508845, 2.5]",36.07346060767307,"[10.811693338801915, 6.466918333084594, 7.427934136118631, 3.2010711478394818, 6.19084365182845, 1.975]",34.76119560410168,80.45052617090661,"[15.003699023705792, 10.165585108709507, 19.86378412629797, 30.13065990687837, 5.286798005314973]",19.556866285599654,36.37570520665358,13.556866285599655,31.375705206653578,"[1.975, 3.815616414271844, 2.9794416169835394, 2.990904809647715, 4.010772063280095, 3.7851313814164613]","[6.851442619245259, 4.964578192396708, 8.746875809256208, 12.750957363682565, 3.0618512220728396]","[0.9750000000000001, 2.815616414271844, 1.9794416169835396, 1.990904809647715, 3.010772063280095, 2.7851313814164613]","[5.851442619245259, 3.964578192396708, 7.746875809256208, 11.750957363682565, 2.0618512220728396]","[2.5, 7.2195292673637015, 5.075491325598819, 5.104884127301833, 7.719928367384859, 7.141362516452465]"
140,0,1464,True,False,,0.0,2,2,,0,2,21.43308633078633,"[9.691268518418005, 11.741817812368325]",10.358903669006668,"[4.779594722183022, 5.579308946823647]",23.79721764872812,0.0,[],11.280914883003966,0.0,0.0,0.0,"[4.2153764718033475, 7.065538411200619]",[],"[0.0, 0.0]",[],"[8.24455505590602, 15.5526625928221]"
140,0,1465,True,True,1.0,4.99,4,4,True,0,4,47.92675631210114,"[12.697607091001313, 19.089837616224454, 5.3972891456908485, 10.742022459184525]",22.691434961719445,"[5.952066765490512, 8.445036670327537, 3.104942766819431, 5.189388759081965]",41.56374044904537,0.0,[],20.209858775127692,0.0,16.209858775127692,0.0,"[6.635694354440502, 4.3930392373202265, 4.478183502117515, 4.702941681249451]",[],"[5.635694354440502, 3.3930392373202265, 3.478183502117515, 3.7029416812494502]",[],"[14.450498344719236, 8.7001006085134, 8.918419236198757, 9.494722259613974]"
140,0,1466,True,False,,0.0,1,1,,0,1,5.964614984739604,[5.964614984739604],3.3261998440484457,[3.3261998440484457],13.919895937132399,0.0,[],6.428759415481636,0.0,0.0,0.0,[6.428759415481636],[],[0.0],[],[13.919895937132399]
140,0,1467,True,True,1.0,4.99,8,8,True,0,8,97.22864683191011,"[2.863971749985939, 20.279597739719396, 5.822622099052376, 5.117345817063924, 11.083665014247769, 16.41671239115853, 19.570295536731663, 16.074436483950503]",45.91917226444494,"[2.1169489824945162, 8.909043118490565, 3.270822618630427, 2.9957648686549305, 5.32262935555663, 7.402517832551827, 8.632415259325349, 7.2690302287406965]",71.80459613045055,0.0,[],36.00379249087571,0.0,28.003792490875714,0.0,"[3.7908145190600897, 6.768666438246153, 3.1861508137890144, 6.253838119833922, 6.112546940318056, 2.349226098466408, 2.759342155671747, 4.783207405490325]",[],"[2.7908145190600897, 5.768666438246153, 2.1861508137890144, 5.253838119833922, 5.112546940318056, 1.3492260984664082, 1.7593421556717468, 3.7832074054903244]",[],"[7.15593466425664, 14.791452405759365, 5.605514907151319, 13.471379794445955, 13.109094718764247, 3.459554098631816, 4.5111337324916585, 9.700531808949549]"
140,0,1468,True,False,,0.0,1,1,,0,1,3.6614064233478043,[3.6614064233478043],2.4279485051056438,[2.4279485051056438],4.43906395468464,0.0,[],2.7312349423270095,0.0,0.0,0.0,[2.7312349423270095],[],[0.0],[],[4.43906395468464]
140,0,1469,True,True,1.0,4.99,8,8,True,2,10,63.573832802770646,"[10.733964174702317, 7.496062111983467, 10.83960357530735, 9.450995289272754, 8.821395863064279, 4.969110917373381, 6.59854716656513, 4.6641537045019685]",32.79379479308055,"[5.186246028133904, 3.923464223673552, 5.227445394369867, 4.685888162816374, 4.4403443865950685, 2.937953257775619, 3.5734333949604005, 2.819019944755768]",72.66405632015028,28.48254527049434,"[14.858894693918055, 13.623650576576285]",36.33898196485862,13.108192655492793,28.33898196485861,11.108192655492793,"[3.258230681703783, 3.845653165102774, 2.4957085488840125, 9.434485899893431, 2.0413315421911262, 3.8730931590309705, 8.729389772497552, 2.661089195554964]","[6.794968930628041, 6.313223724864751]","[2.258230681703783, 2.845653165102774, 1.4957085488840123, 8.434485899893431, 1.0413315421911262, 2.8730931590309705, 7.7293897724975515, 1.661089195554964]","[5.794968930628041, 5.313223724864751]","[5.790335081291751, 7.2965465771866, 3.8351501253436213, 21.62688692280367, 2.670080877413144, 7.366905535976847, 19.818948134609105, 4.259203065525549]"
140,0,1470,True,False,,0.0,3,3,,0,3,25.55870728572656,"[14.48280890978331, 5.058126098416086, 6.017772277527161]",12.967895841433357,"[6.648295474815491, 2.972669178382273, 3.346931188235593]",29.083675170964682,0.0,[],14.342633316676226,0.0,0.0,0.0,"[3.0222262683756322, 6.247673760955989, 5.0727332873446045]",[],"[0.0, 0.0, 0.0]",[],"[5.185195559937518, 13.455573746040997, 10.442905864986166]"
140,0,1471,True,True,1.0,4.99,4,4,True,2,6,49.92960205710339,"[9.191324152897156, 10.853501213271954, 6.185760241751179, 23.699016449183098]",23.47254480227032,"[4.58461641962989, 5.232865473176062, 3.41244649428296, 10.24261641518141]",52.400699230048794,20.51899076625802,"[4.12854359783205, 16.390447168425972]",24.436272699719026,10.00240639884063,20.43627269971903,8.002406398840629,"[3.3245933399897964, 9.278856508683779, 4.723544214210296, 7.109278636835159]","[2.6101320031545, 7.39227439568613]","[2.3245933399897964, 8.278856508683779, 3.7235442142102957, 6.109278636835159]","[1.6101320031544997, 6.39227439568613]","[5.96049574356358, 21.227837201753278, 9.547549267205886, 15.664817017526047]"
140,0,1472,True,False,,0.0,3,3,,0,3,32.30154177695643,"[12.039366953973202, 5.360655921105, 14.901518901878223]",15.597601293013007,"[5.695353112049549, 3.09065580923095, 6.811592371732507]",27.75295492448361,0.0,[],13.823652420548608,0.0,0.0,0.0,"[3.767725107608611, 3.4764245845029915, 6.579502728437006]",[],"[0.0, 0.0, 0.0]",[],"[7.0967310451502845, 6.349806626930747, 14.306417252402577]"
140,0,1473,True,False,,0.0,1,1,,0,1,6.0248420596889005,[6.0248420596889005],3.3496884032786713,[3.3496884032786713],12.350012592674503,0.0,[],5.816504911143056,0.0,0.0,0.0,[5.816504911143056],[],[0.0],[],[12.350012592674503]
140,0,1474,True,False,,0.0,3,3,,0,3,36.09639625845954,"[5.019912809999754, 16.950712358516167, 14.12577108994362]",17.077594540799222,"[2.957765995899904, 7.610777819821306, 6.509050725078012]",26.050418072846682,0.0,[],13.159663048410206,0.0,0.0,0.0,"[3.322436220785697, 4.799985791659089, 5.03724103596542]",[],"[0.0, 0.0, 0.0]",[],"[5.954964668681274, 9.743553311946382, 10.351900092219026]"
140,0,1475,True,False,,0.0,3,3,,0,3,16.555211416743695,"[7.706019906455764, 4.139897106923797, 4.709294403364133]",9.456532452530041,"[4.005347763517748, 2.6145598717002807, 2.836624817312012]",31.50080346160245,0.0,[],15.285313350024957,0.0,0.0,0.0,"[5.598823966508175, 4.608782620264234, 5.077706763252547]",[],"[0.0, 0.0, 0.0]",[],"[11.791856324379935, 9.253288769908291, 10.455658367314223]"
140,0,1476,True,False,,0.0,2,2,,0,2,18.020631984850947,"[13.891813640032892, 4.128818344818057]",9.02804647409187,"[6.417807319612828, 2.610239154479042]",22.731204887706838,0.0,[],10.865169906205667,0.0,0.0,0.0,"[6.955879963889027, 3.9092899423166405]",[],"[0.0, 0.0]",[],"[15.27148708689494, 7.459717800811898]"
140,0,1477,True,False,,0.0,3,3,,0,3,26.352807327734638,"[5.331490956784586, 16.418055460132184, 4.603260910817866]",13.277594857816508,"[3.0792814731459885, 7.403041629451552, 2.795271755218968]",34.8537486658699,0.0,[],16.59296197968926,0.0,0.0,0.0,"[9.43709428154762, 4.808536161952129, 2.347331536189512]",[],"[0.0, 0.0, 0.0]",[],"[21.633575080891337, 9.765477338338792, 3.4546962466397737]"
140,0,1478,True,True,1.0,4.99,5,5,True,0,5,60.601580872576776,"[9.457050317643867, 4.438833791321744, 19.255656320691443, 8.492898870007705, 18.957141572912015]",28.634616540304943,"[4.688249623881108, 2.7311451786154803, 8.509705965069664, 4.312230559303005, 8.393285213435686]",75.42543267203637,0.0,[],34.415918742094185,0.0,29.415918742094185,0.0,"[5.274988141409729, 5.231891677513738, 8.777786954017376, 7.255698147090373, 7.875553822062967]",[],"[4.274988141409729, 4.231891677513738, 7.777786954017375, 6.255698147090373, 6.875553822062967]",[],"[10.96150805489674, 10.851004301317275, 19.943043471839424, 16.040251659206085, 17.629625184776838]"
140,0,1479,True,True,1.0,4.99,6,6,True,1,7,39.371225350834024,"[10.329917953096178, 6.093813548829335, 5.5560931751803055, 2.8695946242933967, 7.5458238618014635, 6.975982187633345]",21.354777886825268,"[5.028668001707509, 3.3765872840434406, 3.166876338320319, 2.119141903474425, 3.9428713061025706, 3.720633053177005]",60.93076591079219,9.649519887879558,[9.649519887879558],29.762998705208958,4.763312756273027,23.762998705208958,3.7633127562730277,"[2.833220566069368, 5.028138239625653, 2.883516769062675, 11.14229723977014, 4.268724890199939, 3.6071010004811814]",[4.763312756273027],"[1.8332205660693683, 4.028138239625653, 1.8835167690626753, 10.14229723977014, 3.2687248901999397, 2.6071010004811814]",[3.7633127562730277],"[4.700565554024021, 10.328559588783726, 4.829530177083782, 26.005890358384974, 8.381345872307538, 6.684874360208157]"
140,0,1480,True,False,,0.0,3,3,,0,3,31.021320171718692,"[11.5294942813412, 5.848511313368031, 13.64331457700946]",15.098314866970291,"[5.496502769723069, 3.280919412213532, 6.32089268503369]",64.75310695095806,0.0,[],28.25371171087364,0.0,0.0,0.0,"[3.4167730753787113, 4.895220990306739, 19.94171764518819]",[],"[0.0, 0.0, 0.0]",[],"[6.196854039432593, 9.987746128991638, 48.568506782533824]"
140,0,1481,True,False,,0.0,2,2,,0,2,12.05157831387984,"[5.102857048505213, 6.948721265374627]",6.700115542413139,"[2.9901142489170334, 3.710001293496105]",11.52486301068452,0.0,[],6.494696574166963,0.0,0.0,0.0,"[3.128675323513646, 3.366021250653317]",[],"[0.0, 0.0]",[],"[5.458141855163195, 6.066721155521326]"
140,0,1482,True,True,1.0,4.99,5,5,True,1,6,66.5950133464575,"[14.22273930887536, 8.624867730778357, 19.912806264664383, 7.1149168086222465, 16.719683233517163]",30.972055205118433,"[6.546868330461391, 4.36369841500356, 8.76599444321911, 3.7748175553626764, 7.520676461071694]",33.015687070934284,4.576140987394554,[4.576140987394554],17.87611795766437,2.7846949850838763,12.87611795766437,1.7846949850838763,"[3.174340434877277, 2.1700203586861795, 2.7437762168793443, 6.283274861637062, 3.504706085584508]",[2.7846949850838763],"[2.174340434877277, 1.1700203586861793, 1.7437762168793443, 5.283274861637062, 2.504706085584508]",[1.7846949850838763],"[5.57523188430071, 3.0000522017594338, 4.471221068921396, 13.54685861958221, 6.422323296370533]"
140,0,1483,True,False,,0.0,3,3,,0,3,42.52657829176108,"[7.0473503328484846, 6.943120379273417, 28.536107579639186]",19.585365533786824,"[3.7484666298109093, 3.7078169479166325, 12.129081956059283]",28.690755223888136,0.0,[],14.189394537316375,0.0,0.0,0.0,"[4.169936799031439, 2.394284364682039, 7.6251733736028955]",[],"[0.0, 0.0, 0.0]",[],"[8.128043074439587, 3.5750881145693314, 16.987624034879218]"
140,0,1484,True,True,1.0,4.99,5,5,True,1,6,40.521262636432375,"[3.9280772860518223, 6.770805180442733, 8.440264512303974, 13.871470020514403, 7.510645637119445]",20.80329242820863,"[2.531950141560211, 3.640614020372666, 4.2917031597985495, 6.409873308000617, 3.929151798476584]",30.468332186281238,9.59273447592459,[9.59273447592459],16.88264955264968,4.74116644561059,11.882649552649681,3.7411664456105904,"[1.993929082480685, 4.818065488497933, 3.4652679441100838, 4.614095686925507, 1.991291350635474]",[4.74116644561059],"[0.9939290824806851, 3.8180654884979326, 2.4652679441100838, 3.6140956869255074, 0.9912913506354738]",[3.7411664456105904],"[2.5485361089248335, 9.789911508969057, 6.321199856692522, 9.266912017757711, 2.541772693937112]"
140,0,1485,True,False,,0.0,2,2,,0,2,9.309217378609933,"[4.444374204181284, 4.86484317442865]",5.630594777657874,"[2.733305939630701, 2.8972888380271735]",38.849904395052334,0.0,[],17.151462714070412,0.0,0.0,0.0,"[8.18481560545519, 8.96664710861522]",[],"[0.0, 0.0]",[],"[18.42260411655177, 20.427300278500564]"
140,0,1486,True,False,,0.0,3,3,,0,3,31.739889080139555,"[16.80012172615275, 9.343668201359419, 5.596099152627388]",15.378556741254428,"[7.552047473199573, 4.644030598530174, 3.182478669524681]",25.873158109246116,0.0,[],13.090531662605986,0.0,0.0,0.0,"[5.989912678935487, 3.4891538366253685, 3.611465147045131]",[],"[0.0, 0.0, 0.0]",[],"[12.794647894706376, 6.382445734936842, 6.6960644796029]"
140,0,1487,True,False,,0.0,3,3,,0,3,36.21834323819226,"[12.640946649173932, 12.077554882118179, 11.499841706900149]",17.125153862894983,"[5.9299691931778336, 5.71024640402609, 5.484938265691058]",11.91123954878371,0.0,[],7.645383424025647,0.0,0.0,0.0,"[3.0016507352054282, 2.668732688820219, 1.975]",[],"[0.0, 0.0, 0.0]",[],"[5.132437782578021, 4.278801766205689, 2.5]"
140,0,1488,True,True,1.0,4.99,4,4,True,0,4,26.77959067737139,"[7.700714242669955, 13.300498534008177, 2.5, 3.2783779006932607]",14.444040364174842,"[4.003278554641282, 6.187194428263189, 1.975, 2.2785673812703715]",33.98844803325556,0.0,[],17.255494732969666,0.0,13.255494732969666,0.0,"[2.8856268146943385, 3.9201658193712783, 5.475850096200709, 4.9738520027033415]",[],"[1.8856268146943385, 2.9201658193712783, 4.475850096200709, 3.9738520027033415]",[],"[4.834940550498303, 7.487604665054559, 11.476538708206945, 10.189364109495747]"
140,0,1489,True,True,1.0,4.99,4,4,True,3,7,35.78987577645554,"[8.779606321898658, 14.202160266875133, 9.12602476830966, 3.6820844193720874]",17.95805155281766,"[4.424046465540477, 6.538842504081302, 4.559149659640768, 2.436012923555114]",41.99230638253308,31.744187251038973,"[6.975918781299194, 16.374171327485172, 8.39409714225461]",20.376999489187902,15.380233027905202,16.376999489187902,12.380233027905202,"[7.384469526099104, 5.941855339729024, 5.075674623359774, 1.975]","[3.720608324706686, 7.385926817719217, 4.273697885479298]","[6.384469526099104, 4.941855339729024, 4.075674623359774, 0.9750000000000001]","[2.720608324706686, 6.385926817719217, 3.273697885479298]","[16.370434682305394, 12.671423948023138, 10.450447752204548, 2.5]"
140,0,1490,True,True,1.0,4.99,5,5,True,1,6,60.14551887406728,"[9.828913488952592, 5.85059021189753, 12.17683550787452, 27.69812655242282, 4.591053112919819]",28.45675236088624,"[4.833276260691511, 3.281730182640037, 5.748965848071063, 11.802269355444901, 2.7905107140387297]",61.79966123702849,8.128495125071398,[8.128495125071398],29.101867882441113,4.170113098777845,24.101867882441113,3.170113098777845,"[6.609441834713096, 2.129213593678527, 3.4813756286221262, 5.485195499585508, 11.396641325841854]",[4.170113098777845],"[5.609441834713096, 1.129213593678527, 2.4813756286221262, 4.485195499585508, 10.396641325841854]",[3.170113098777845],"[14.383184191572042, 2.895419470970582, 6.362501611851606, 11.500501280988482, 26.65805468164578]"
140,0,1491,True,False,,0.0,3,3,,0,3,29.625634319449215,"[11.342020169150869, 10.622648802573119, 7.660965347725228]",14.553997384585195,"[5.423387865968839, 5.142833033003517, 3.987776485612839]",56.66226956743519,0.0,[],25.09828513129972,0.0,0.0,0.0,"[8.07748220028615, 9.22503204959736, 7.795770881416212]",[],"[0.0, 0.0, 0.0]",[],"[18.147390257143975, 21.08982576819836, 17.42505354209285]"
140,0,1492,True,True,1.0,4.99,4,4,True,0,4,44.97410888195433,"[5.887993821345553, 15.549494593600725, 12.915890774479818, 10.62072969252823]",21.53990246396219,"[3.2963175903247657, 7.064302891504283, 6.037197402047129, 5.14208458008601]",39.45540576907135,0.0,[],19.387608249937827,0.0,15.387608249937829,0.0,"[1.975, 7.345991451811279, 3.974426672349243, 6.0921901257773055]",[],"[0.9750000000000001, 6.345991451811279, 2.974426672349243, 5.0921901257773055]",[],"[2.5, 16.27177295336225, 7.626735057305751, 13.056897758403347]"
140,0,1493,True,False,,0.0,3,3,,0,3,35.055624688623524,"[9.783221117176945, 11.966663415177795, 13.305740156268781]",16.671693628563172,"[4.815456235699008, 5.66699873191934, 6.189238660944825]",32.54583429591351,0.0,[],15.69287537540627,0.0,0.0,0.0,"[7.7198720031633625, 2.526779892677472, 5.446223479565435]",[],"[0.0, 0.0, 0.0]",[],"[17.23044103375221, 3.9148202376345425, 11.400573024526757]"
140,0,1494,True,True,1.0,4.99,4,4,True,1,5,42.63912181245172,"[14.71829312845587, 12.429402482270014, 8.612967223757849, 6.878458977967991]",20.629257506856174,"[6.7401343200977895, 5.847466968085306, 4.359057217265561, 3.6825990014075165]",51.70455704310125,34.358168706600544,[34.358168706600544],24.164777246809486,14.399685795574213,20.164777246809486,13.399685795574213,"[7.508650457763448, 5.685739048830548, 3.1374466268523045, 7.832941113363185]",[14.399685795574213],"[6.508650457763448, 4.685739048830548, 2.1374466268523045, 6.832941113363185]",[13.399685795574213],"[16.688847327598584, 12.014715509821919, 5.480632376544371, 17.520361829136373]"
140,0,1495,True,True,1.0,4.99,5,5,True,1,6,51.45657199967329,"[6.443903098556131, 21.341287440185802, 8.567924987394607, 4.756824250029673, 10.346632223507076]",25.068063079872584,"[3.5131222084368914, 9.323102101672463, 4.341490745083897, 2.8551614575115725, 5.035186567167759]",72.2030007969609,5.445171683002797,[5.445171683002797],33.15917031081475,3.123616956371091,28.15917031081475,2.123616956371091,"[12.573791478046529, 8.279817648181494, 3.3474561452511815, 6.983105039335545, 1.975]",[3.123616956371091],"[11.573791478046529, 7.279817648181494, 2.3474561452511815, 5.983105039335545, 0.9750000000000001]",[2.123616956371091],"[29.676388405247508, 18.666199097901266, 6.019118321156876, 15.341294972655241, 2.5]"
140,0,1496,True,True,1.0,4.99,4,4,True,5,9,62.38087018763399,"[20.553879528747714, 11.211921334011258, 20.81057171972111, 9.804497605153907]",28.328539373177257,"[9.016013016211609, 5.372649320264391, 9.116122970691233, 4.823754066010023]",57.20152140872249,34.45138942582628,"[4.717817413606275, 5.330089431669899, 8.709455990043752, 5.870457723119731, 9.82356886738662]",26.30859334940177,18.436041876072245,22.30859334940177,13.436041876072249,"[13.58281866263576, 5.035607544038467, 5.021279842541899, 2.6688873001856486]","[2.839948791306447, 3.0787348783512605, 4.396687836117064, 3.289478512016695, 4.831191858280782]","[12.58281866263576, 4.035607544038467, 4.021279842541899, 1.6688873001856483]","[1.8399487913064472, 2.0787348783512605, 3.3966878361170636, 2.289478512016695, 3.8311918582807816]","[32.263637596501944, 10.347711651380685, 10.310973955235639, 4.279198205604226]"
140,0,1497,True,False,,0.0,1,1,,0,1,3.0457646088294066,[3.0457646088294066],2.1878481974434685,[2.1878481974434685],7.524507275186057,0.0,[],3.9345578373225623,0.0,0.0,0.0,[3.9345578373225623],[],[0.0],[],[7.524507275186057]
140,0,1498,True,True,1.0,4.99,5,5,True,2,7,50.33234722911666,"[7.629989309922445, 4.8511443073813485, 9.062411481415097, 20.303793073608997, 8.485009056788769]",24.629615419355495,"[3.975695830869754, 2.891946279878726, 4.534340477751888, 8.91847929870751, 4.30915353214762]",78.02493998105113,13.461348556325017,"[4.502037421042425, 8.959311135282592]",35.42972659260994,7.249925936966757,30.429726592609942,5.249925936966757,"[7.256547637448757, 3.558942461128165, 4.425076633395719, 5.710676152820093, 14.478483707817208]","[2.755794594206546, 4.494131342760211]","[6.256547637448757, 2.558942461128165, 3.4250766333957183, 4.710676152820093, 13.478483707817208]","[1.755794594206546, 3.4941313427602108]","[16.042429839612197, 6.561390925969653, 8.782247777937739, 12.078656802102802, 34.560214635428736]"
140,0,1499,True,False,,0.0,3,3,,0,3,37.95817181939357,"[16.594711389703743, 13.835471508815568, 7.527988920874259]",17.803687009563493,"[7.47193744198446, 6.395833888438071, 3.9359156791409613]",28.022697917251755,0.0,[],13.928852187728182,0.0,0.0,0.0,"[4.21808800046751, 5.328786072936219, 4.381978114324454]",[],"[0.0, 0.0, 0.0]",[],"[8.251507693506436, 11.099451469067228, 8.671738754678087]"
140,0,1500,True,False,,0.0,3,3,,0,3,20.560061428159116,"[5.361234346097664, 10.453807843690123, 4.745019238371328]",11.018423956982055,"[3.090881394978089, 5.076985059039148, 2.850557502964818]",25.166898941722827,0.0,[],12.815090587271904,0.0,0.0,0.0,"[6.388800774685244, 3.87873208166923, 2.547557730917429]",[],"[0.0, 0.0, 0.0]",[],"[13.817437883808317, 7.3813643119723835, 3.9680967459421255]"
140,0,1501,True,False,,0.0,3,3,,0,3,39.1804002792495,"[5.156983029743706, 17.31301973476941, 16.710397514736382]",18.280356108907306,"[3.011223381600045, 7.75207769656007, 7.517055030747189]",12.622636512420137,0.0,[],7.922828239843854,0.0,0.0,0.0,"[1.975, 2.726974207780878, 3.2208540320629755]",[],"[0.0, 0.0, 0.0]",[],"[2.5, 4.428138994309944, 5.694497518110193]"
140,0,1502,True,True,1.0,4.99,5,5,True,2,7,43.36101249724876,"[8.752180339555386, 3.9762377154720996, 4.582750212229266, 20.377319163697372, 5.672525066294634]",21.910794873927017,"[4.4133503324266, 2.550732709034119, 2.787272582769414, 8.947154473841977, 3.2122847758549073]",39.708425246618646,13.348947671777022,"[5.1761602629309555, 8.172787408846068]",20.48628584618127,7.20608959199304,15.486285846181271,5.206089591993039,"[3.2959946900869337, 2.579713260982982, 6.705858778046877, 2.864567934230233, 5.040151182834246]","[3.0187025025430727, 4.187387089449967]","[2.2959946900869337, 1.5797132609829816, 5.705858778046877, 1.8645679342302328, 4.040151182834246]","[2.0187025025430727, 3.1873870894499663]","[5.887165872017778, 4.050546823033286, 14.63040712319712, 4.780943421103161, 10.359362007267297]"
140,0,1503,True,False,,0.0,2,2,,0,2,13.584509512915067,"[7.5816363086798635, 6.002873204235204]",7.297958710036877,"[3.956838160385147, 3.3411205496517296]",9.555433675567159,0.0,[],5.726619133471192,0.0,0.0,0.0,"[3.7516191334711917, 1.975]",[],"[0.0, 0.0]",[],"[7.055433675567158, 2.5]"
140,0,1504,True,False,,0.0,3,3,,0,3,13.04209041974608,"[2.5, 3.8545548649907824, 6.687535554755297]",8.086415263700971,"[1.975, 2.503276397346405, 3.608138866354566]",26.194118512902925,0.0,[],13.21570622003214,0.0,0.0,0.0,"[5.524630677208267, 5.177898699742867, 2.5131768430810064]",[],"[0.0, 0.0, 0.0]",[],"[11.60161712104684, 10.712560768571453, 3.879940623284631]"
140,0,1505,True,True,1.0,4.99,6,6,True,1,7,91.88786515228962,"[7.220619615201402, 15.442769338582174, 27.41823458807559, 12.219114899344541, 4.758251102708378, 24.828875608377547]",41.83626740939296,"[3.8160416499285468, 7.022680042047048, 11.693111489349482, 5.765454810744371, 2.855717930056268, 10.683261487267243]",54.95132211328832,3.504755790811056,[3.504755790811056],27.43101562418245,2.366854758416312,21.431015624182443,1.366854758416312,"[4.0767515929064135, 5.411823002357001, 4.719390511355569, 4.143567704289647, 3.8427217196243872, 5.236761093649429]",[2.366854758416312],"[3.0767515929064135, 4.411823002357001, 3.719390511355569, 3.143567704289647, 2.8427217196243872, 4.236761093649429]",[1.366854758416312],"[7.889106648477983, 11.312366672710258, 9.536898747065562, 8.060430010999095, 7.289030050318941, 10.863489983716484]"
140,0,1506,True,True,1.0,4.99,6,6,True,7,13,56.813543654852324,"[7.451308127819698, 12.427129626324016, 22.279732872971934, 8.106550635993887, 4.048822391742788, 2.5]",28.157282025392412,"[3.9060101698496825, 5.8465805542663665, 9.689095820459055, 4.1615547480376165, 2.5790407327796876, 1.975]",36.69199338897884,88.4751166354664,"[14.707767954478003, 11.775872065484943, 10.896644655897434, 14.470771738562508, 12.647903570205724, 9.385171084470684, 14.590985566367102]",20.30987742170175,41.5052954878319,14.309877421701747,34.5052954878319,"[3.9797372826123842, 2.8305434202913986, 3.6584336282643775, 3.830358715449528, 3.7652937953399297, 2.2455105797441295]","[6.736029502246422, 5.592590105539128, 5.249691415799999, 6.6436009780393785, 5.932682392380232, 4.6602167229435665, 6.69048437088317]","[2.9797372826123842, 1.8305434202913988, 2.6584336282643775, 2.830358715449528, 2.7652937953399297, 1.2455105797441293]","[5.736029502246422, 4.592590105539128, 4.249691415799999, 5.6436009780393785, 4.932682392380232, 3.660216722943567, 5.69048437088317]","[7.640352006698421, 4.693701077670253, 6.816496482729173, 7.257330039614175, 7.0904969111280245, 3.1936168711387927]"
140,0,1507,True,False,,0.0,3,3,,0,3,20.46933166073842,"[4.873410028706818, 9.133526745793189, 6.462394886238411]",10.983039347687983,"[2.900629911195659, 4.562075430859344, 3.5203340056329804]",18.586140101349805,0.0,[],10.248594639526424,0.0,0.0,0.0,"[4.958658747997202, 3.2992851718504665, 1.9906507196787553]",[],"[0.0, 0.0, 0.0]",[],"[10.150407046146672, 5.895603004744785, 2.540130050458347]"
140,0,1508,True,False,,0.0,1,1,,0,1,6.22894134857573,[6.22894134857573],3.4292871259445348,[3.4292871259445348],7.938297922923337,0.0,[],4.095936189940101,0.0,0.0,0.0,[4.095936189940101],[],[0.0],[],[7.938297922923337]
140,0,1509,True,True,1.0,4.99,4,4,True,4,8,71.40177369814018,"[17.73974398618425, 20.651449113772415, 26.244757733673158, 6.765822864510361]",31.846691742274672,"[7.918500154611858, 9.054065154371242, 11.235455516132532, 3.638670917159041]",42.41312642108664,49.452833984531026,"[15.609852236814762, 13.733394003952219, 3.4686099314799828, 16.64097781228406]",20.54111930422379,23.2866052539671,16.54111930422379,19.2866052539671,"[6.6174473793569275, 6.310696932569422, 3.408485104161921, 4.2044898881355195]","[7.087842372357757, 6.356023661541365, 2.352757873277193, 7.489981346790784]","[5.6174473793569275, 5.310696932569422, 2.408485104161921, 3.2044898881355195]","[6.087842372357757, 5.356023661541365, 1.3527578732771932, 6.489981346790784]","[14.403711229120326, 13.617171621972876, 6.175602831184413, 8.216640738809025]"
140,0,1510,True,True,1.0,4.99,6,6,True,3,9,37.88392457369932,"[8.673670873372199, 10.29548446407879, 7.019748556698855, 5.507788460830108, 3.8872322187193653, 2.5]",20.774730583742738,"[4.382731640615157, 5.015238940990728, 3.7377019371125537, 3.1480374997237424, 2.5160205653005523, 1.975]",77.51288654276932,18.98466845170739,"[6.84612894600305, 4.123421765506376, 8.015117740197962]",36.23002575168003,10.404020696165881,30.230025751680035,7.404020696165881,"[5.6763791999335895, 5.196084380160295, 5.494951765712511, 6.290492872155061, 11.16281465190169, 2.4093028818168882]","[3.6699902889411895, 2.6081344885474866, 4.125895918677205]","[4.6763791999335895, 4.196084380160295, 4.494951765712511, 5.290492872155061, 10.16281465190169, 1.4093028818168882]","[2.6699902889411895, 1.6081344885474866, 3.1258959186772053]","[11.990715897265614, 10.759190718359731, 11.525517347980795, 13.565366338859128, 26.05849910744023, 3.613597132863816]"
140,0,1511,True,False,,0.0,2,2,,0,2,11.528860152216021,"[2.5, 9.028860152216021]",6.496255459364248,"[1.975, 4.521255459364248]",26.290346072418835,0.0,[],12.253234968243348,0.0,0.0,0.0,"[6.277410381414726, 5.975824586828621]",[],"[0.0, 0.0]",[],"[13.531821490806989, 12.758524581611846]"
140,0,1512,True,True,1.0,4.99,4,4,True,3,7,52.36551410894082,"[12.11039659913106, 14.226227875892718, 13.458029734591378, 12.570859899325669]",24.422550502486924,"[5.723054673661113, 6.54822887159816, 6.248631596490638, 5.902635360737011]",44.13328270700206,24.392696977884484,"[4.337148596289105, 5.045060517931438, 15.01048786366394]",21.2119802557308,12.513151821374949,17.211980255730804,9.513151821374949,"[3.48009715701986, 7.088978909909977, 5.8291565702152575, 4.813747618585708]","[2.691487952552751, 2.967573601993261, 6.854090266828937]","[2.48009715701986, 6.088978909909977, 4.8291565702152575, 3.8137476185857087]","[1.691487952552751, 1.9675736019932608, 5.854090266828937]","[6.359223479538103, 15.612766435666607, 12.382452744141686, 9.778840047655663]"
140,0,1513,True,False,,0.0,2,2,,0,2,21.20081713782809,"[6.967590722169156, 14.233226415658931]",10.268318683752955,"[3.717360381645971, 6.5509583021069835]",23.39410869485035,0.0,[],11.123702390991637,0.0,0.0,0.0,"[2.7083523580460542, 8.415350032945582]",[],"[0.0, 0.0]",[],"[4.380390661656549, 19.0137180331938]"
140,0,1514,True,False,,0.0,3,3,,0,3,16.793373315294573,"[5.009329400437595, 3.448217941794753, 8.335825973062226]",9.549415592964884,"[2.9536384661706623, 2.3448049972999536, 4.250972129494269]",24.507785974906334,0.0,[],12.558036530213469,0.0,0.0,0.0,"[4.526255012737652, 5.589719013241651, 2.4420625042341673]",[],"[0.0, 0.0, 0.0]",[],"[9.041679519840134, 11.768510290363208, 3.697596164702993]"
140,0,1515,True,False,,0.0,3,3,,0,3,25.527316458382018,"[11.249744275596312, 3.695527700667985, 10.582044482117722]",12.955653418768987,"[5.387400267482562, 2.441255803260514, 5.1269973480259114]",41.73250457592929,0.0,[],19.275676784612422,0.0,0.0,0.0,"[11.259247175890017, 2.4242068667873156, 5.59222274193509]",[],"[0.0, 0.0, 0.0]",[],"[26.305761989461583, 3.651812478941834, 11.77493010752587]"
140,0,1516,True,False,,0.0,1,1,,0,1,2.5,[2.5],1.975,[1.975],2.5,0.0,[],1.975,0.0,0.0,0.0,[1.975],[],[0.0],[],[2.5]
140,0,1517,True,False,,0.0,3,3,,0,3,37.55308143859391,"[13.326700730427754, 8.979850446491175, 15.246530261674975]",17.645701761051626,"[6.197413284866824, 4.5021416741315585, 6.94614680205324]",16.29230363781265,0.0,[],9.353998418746935,0.0,0.0,0.0,"[3.7808391848617466, 1.975, 3.598159233885188]",[],"[0.0, 0.0, 0.0]",[],"[7.130356884260888, 2.5, 6.661946753551764]"
140,0,1518,True,False,,0.0,1,1,,0,1,2.558711476500894,[2.558711476500894],1.9978974758353487,[1.9978974758353487],12.65847509436427,0.0,[],5.936805286802065,0.0,0.0,0.0,[5.936805286802065],[],[0.0],[],[12.65847509436427]
140,0,1519,True,False,,0.0,1,1,,0,1,7.7501470707618445,[7.7501470707618445],4.022557357597119,[4.022557357597119],13.218385178503338,0.0,[],6.155170219616302,0.0,0.0,0.0,[6.155170219616302],[],[0.0],[],[13.218385178503338]
140,0,1520,True,True,1.0,4.99,4,4,True,2,6,24.063245680219772,"[11.440661071928329, 3.5084338508673656, 5.242662479270093, 3.8714882781539837]",13.384665815285711,"[5.4618578180520485, 2.3682892018382726, 3.0446383669153363, 2.509880428480054]",55.890721136561,16.455020344601223,"[7.938743075409427, 8.516277269191798]",25.79738124325879,8.417457934394477,21.79738124325879,6.417457934394478,"[5.688135109213658, 8.67025873123775, 3.0386966561451088, 8.400290746662275]","[4.0961097994096765, 4.3213481349848015]","[4.688135109213658, 7.67025873123775, 2.0386966561451088, 7.400290746662274]","[3.0961097994096765, 3.3213481349848015]","[12.020859254393994, 19.667330080096793, 5.227427323448996, 18.975104478621216]"
140,0,1521,True,True,1.0,4.99,6,6,True,0,6,52.77961673858403,"[10.04031306608302, 9.199799234863951, 8.324077750183944, 9.506505764694221, 8.810295679543936, 6.898625243214963]",26.584050528047772,"[4.915722095772377, 4.587921701596941, 4.246390322571738, 4.7075372482307465, 4.436015315022135, 3.6904638448538356]",75.12893509439888,0.0,[],35.300284686815566,0.0,29.300284686815566,0.0,"[8.556420815853333, 8.118746236682792, 2.9482190911384736, 5.825340022181343, 4.687114318352354, 5.16444420260727]",[],"[7.556420815853333, 7.118746236682793, 1.9482190911384738, 4.825340022181343, 3.6871143183523536, 4.16444420260727]",[],"[19.37543798936752, 18.253195478673828, 4.995433567021728, 12.372666723541904, 9.454139277826547, 10.67806205796736]"
140,0,1522,True,False,,0.0,2,2,,0,2,19.637904387443296,"[12.769776967219983, 6.868127420223314]",9.658782711102885,"[5.980213017215793, 3.6785696938870927]",31.165462823209918,0.0,[],14.15453050105187,0.0,0.0,0.0,"[9.887226789188944, 4.267303711862926]",[],"[0.0, 0.0]",[],"[22.787760997920365, 8.377701825289552]"
140,0,1523,True,False,,0.0,1,1,,0,1,28.440494795720458,[28.440494795720458],12.091792970330978,[12.091792970330978],4.773043080591019,0.0,[],2.8614868014304973,0.0,0.0,0.0,[2.8614868014304973],[],[0.0],[],[4.773043080591019]
140,0,1524,True,False,,0.0,2,2,,0,2,28.74873614994346,"[13.346047467844441, 15.402688682099019]",13.212007098477951,"[6.204958512459332, 7.007048586018618]",14.828337875648085,0.0,[],7.783051771502754,0.0,0.0,0.0,"[4.984559227272899, 2.7984925442298545]",[],"[0.0, 0.0]",[],"[10.216818531468972, 4.611519344179113]"
140,0,1525,True,False,,0.0,1,1,,0,1,6.223181734096094,[6.223181734096094],3.427040876297477,[3.427040876297477],16.400068795239935,0.0,[],7.396026830143575,0.0,0.0,0.0,[7.396026830143575],[],[0.0],[],[16.400068795239935]
140,0,1526,True,True,1.0,4.99,4,4,True,2,6,30.290801562374824,"[2.6442950164120536, 10.064632261887866, 3.165675598886867, 14.416198685188036]",15.813412609326182,"[2.031275056400701, 4.925206582136267, 2.2346134835658784, 6.622317487223334]",39.709598345102584,18.98649870750143,"[15.628383993543673, 3.358114713957757]",19.48674335459001,9.404734495925558,15.486743354590008,7.404734495925558,"[4.299893124999329, 8.655850365590926, 1.975, 4.555999863999755]","[7.095069757482033, 2.309664738443525]","[3.2998931249993286, 7.655850365590925, 0.9750000000000001, 3.5559998639997548]","[6.095069757482033, 1.3096647384435252]","[8.461264423075201, 19.630385552797243, 2.5, 9.11794836923014]"
140,0,1527,True,False,,0.0,2,2,,0,2,30.659200239546486,"[17.89228004924427, 12.766920190302217]",13.957088093423131,"[7.9779892192052655, 5.979098874217865]",13.0475554356992,0.0,[],7.088546619922688,0.0,0.0,0.0,"[4.579819332946499, 2.5087272869761894]",[],"[0.0, 0.0]",[],"[9.179023930632049, 3.868531505067152]"
140,0,1528,True,True,1.0,4.99,5,5,True,0,5,32.02111091440983,"[8.997962759321046, 7.888472609429119, 3.5524376064913756, 7.295861122904547, 4.28637681626375]",17.488233256619836,"[4.509205476135208, 4.076504317677356, 2.3854506665316366, 3.8453858379327737, 2.671686958342862]",42.90869090303147,0.0,[],21.734389452182274,0.0,16.734389452182274,0.0,"[4.115954471407267, 6.903707753422134, 2.6279309338826486, 3.4016628045477053, 4.685133488922518]",[],"[3.115954471407268, 5.903707753422134, 1.6279309338826486, 2.4016628045477053, 3.685133488922518]",[],"[7.9896268497622245, 15.137712188261881, 4.174181881750381, 6.158109755250526, 9.449060228006456]"
140,0,1529,True,False,,0.0,3,3,,0,3,47.968094138577015,"[27.342375370679374, 2.5, 18.125718767897638]",21.707556714045033,"[11.663526394564956, 1.975, 8.06903031948008]",38.13997751625791,0.0,[],17.874591231340588,0.0,0.0,0.0,"[6.013039997992037, 6.474088454691754, 5.387462778656795]",[],"[0.0, 0.0, 0.0]",[],"[12.853948712800094, 14.036124242799367, 11.249904560658448]"
140,0,1530,True,False,,0.0,2,2,,0,2,16.09877746938095,"[6.157682104923868, 9.941095364457079]",8.27852321305857,"[3.4014960209203084, 4.877027192138261]",19.24791682907944,0.0,[],9.506687563340982,0.0,0.0,0.0,"[3.584700001815478, 5.921987561525504]",[],"[0.0, 0.0]",[],"[6.627435902090969, 12.62048092698847]"
140,0,1531,True,False,,0.0,2,2,,0,2,27.544640620420957,"[16.083401778666666, 11.461238841754293]",12.742409841964175,"[7.27252669368, 5.4698831482841745]",17.62362453492891,0.0,[],8.873213568622276,0.0,0.0,0.0,"[5.133023578477552, 3.7401899901447244]",[],"[0.0, 0.0]",[],"[10.597496355070644, 7.026128179858268]"
140,0,1532,True,False,,0.0,3,3,,0,3,56.14580320867005,"[27.136184439648915, 9.303744044699476, 19.70587472432166]",24.89686325138132,"[11.583111931463078, 4.628460177432796, 8.685291142485447]",43.33094384049473,0.0,[],19.899068097792945,0.0,0.0,0.0,"[8.935441099443153, 4.503327964276886, 6.4602990340729045]",[],"[0.0, 0.0, 0.0]",[],"[20.347284870367062, 8.982892216094582, 14.000766754033087]"
140,0,1533,True,False,,0.0,3,3,,0,3,14.37266701389661,"[4.387983196821206, 3.6517713247450416, 6.332912492330363]",8.605340135419677,"[2.71131344676027, 2.424190816650566, 3.4698358720088414]",16.336352861462274,0.0,[],9.371177615970288,0.0,0.0,0.0,"[1.975, 1.975, 5.421177615970287]",[],"[0.0, 0.0, 0.0]",[],"[2.5, 2.5, 11.336352861462275]"
140,0,1534,True,True,1.0,4.99,6,6,True,1,7,75.94727383701186,"[16.094086216619253, 21.309544819128885, 7.646772847816315, 10.958947625231175, 7.367799555097088, 12.57012277311916]",35.61943679643463,"[7.276693624481509, 9.310722479460265, 3.982241410648363, 5.273989573840159, 3.8734418264878645, 5.902347881516472]",44.01131595703541,5.19663881911423,[5.19663881911423],23.16441322324381,3.02668913945455,17.16441322324381,2.02668913945455,"[2.0807590034636547, 2.8697765028674356, 4.368367089368514, 2.6521102202760196, 3.783259983127833, 7.410140424140352]",[3.02668913945455],"[1.0807590034636547, 1.8697765028674358, 3.368367089368514, 1.6521102202760196, 2.783259983127833, 6.410140424140352]",[2.02668913945455],"[2.771176931958089, 4.794298725301117, 8.636838690688498, 4.236180051989794, 7.1365640593021356, 16.436257497795776]"
140,0,1535,True,False,,0.0,2,2,,0,2,19.068884929049158,"[12.329215173995763, 6.739669755053395]",9.436865122329172,"[5.808393917858348, 3.628471204470824]",10.267614181325314,0.0,[],6.004369530716872,0.0,0.0,0.0,"[2.3357778239819575, 3.6685917067349147]",[],"[0.0, 0.0]",[],"[3.4250713435434808, 6.842542837781832]"
140,0,1536,True,False,,0.0,3,3,,0,3,18.341772895886734,"[3.797838705032139, 8.699574219069811, 5.844359971784781]",10.153291429395825,"[2.4811570949625343, 4.392833945437227, 3.279300388996065]",40.828442555265,0.0,[],18.923092596553346,0.0,0.0,0.0,"[3.2255752834827907, 4.091900707073021, 11.605616605997536]",[],"[0.0, 0.0, 0.0]",[],"[5.706603290981515, 7.9279505309564655, 27.193888733327015]"
140,0,1537,True,False,,0.0,2,2,,0,2,22.62666255984135,"[16.787480866678376, 5.839181693162974]",10.824398398338126,"[7.547117538004566, 3.27728086033356]",14.223194000149908,0.0,[],7.5470456600584646,0.0,0.0,0.0,"[5.366234730283946, 2.180810929774519]",[],"[0.0, 0.0]",[],"[11.195473667394731, 3.0277203327551763]"
140,0,1538,True,True,1.0,4.99,5,5,True,5,10,39.32502160210048,"[18.99207439373055, 3.0296073919264566, 3.169698499577495, 11.431586713640897, 2.7020546032250756]",20.336758424819187,"[8.406909013554916, 2.1815468828513183, 2.236182414835223, 5.45831881831995, 2.0538012952577795]",30.173448191745926,37.94438755196707,"[5.737562531205394, 7.27632644171388, 5.465491566763775, 6.329559846095065, 13.135447166188955]",16.767644794780914,19.798311145267157,11.76764479478091,14.798311145267157,"[3.2838469764529825, 2.5429967577844277, 5.600036245955304, 2.0820228926955253, 3.258741921892672]","[3.2376493871701038, 3.8377673122684133, 3.131541711037872, 3.4685283399770754, 6.1228243948136925]","[2.2838469764529825, 1.5429967577844275, 4.600036245955304, 1.0820228926955253, 2.258741921892672]","[2.2376493871701038, 2.8377673122684133, 2.131541711037872, 2.4685283399770754, 5.1228243948136925]","[5.856017888340981, 3.9564019430369934, 11.794964733218729, 2.77441767357827, 5.791645953570954]"
140,0,1539,True,True,1.0,4.99,7,7,True,1,8,67.01664603455066,"[18.1181837161878, 9.528892253594694, 3.216459156231002, 8.880274945014373, 16.26822095379719, 5.704452286883392, 5.300162722842217]",33.13649195347476,"[8.066091649313243, 4.71626797890193, 2.2544190709300906, 4.463307228555605, 7.344606171980904, 3.2247363918845227, 3.0670634619084645]",63.144176380491494,11.744448808560554,[11.744448808560554],31.62622878839168,5.580335035338616,24.62622878839168,4.580335035338616,"[4.333285637681092, 6.016001558477732, 1.975, 4.024405808926342, 6.278966802803889, 3.3113876024304303, 5.6871813780721965]",[5.580335035338616],"[3.333285637681092, 5.016001558477732, 0.9750000000000001, 3.0244058089263417, 5.278966802803889, 2.3113876024304303, 4.6871813780721965]",[4.580335035338616],"[8.546886250464338, 12.86154245763521, 2.5, 7.754886689554723, 13.535812314881765, 5.926634878026744, 12.018413789928708]"
140,0,1540,True,True,1.0,4.99,5,5,True,2,7,42.67258683308158,"[8.517485103683667, 14.466935901291652, 5.810832925397294, 3.217451175951526, 10.659881726757446]",21.64230886490182,"[4.32181919043663, 6.642105001503745, 3.266224840904945, 2.254805958621095, 5.157353873435404]",44.30654143157913,14.88359840011593,"[7.645729841062974, 7.237868559052957]",22.27955115831586,7.804603376045213,17.27955115831586,5.804603376045213,"[3.2089833507841923, 6.1441598177398955, 3.8599287825141864, 5.779585713384045, 3.28689349389354]","[3.98183463801456, 3.822768738030653]","[2.2089833507841923, 5.1441598177398955, 2.8599287825141864, 4.779585713384045, 2.28689349389354]","[2.98183463801456, 2.822768738030653]","[5.664059873805622, 13.190153378820245, 7.33315072439535, 12.255347983036012, 5.863829471521897]"
140,0,1541,True,True,1.0,4.99,5,5,True,1,6,51.534449990300566,"[5.686263508949811, 6.375453102098164, 14.2343706927536, 9.93411434196155, 15.30424834453744]",25.09843549621722,"[3.217642768490426, 3.486426709818284, 6.551404570173904, 4.874304593365005, 6.968656854369602]",71.44171482414268,7.57428478857458,[7.57428478857458],32.86226878141565,3.9539710675440864,27.86226878141565,2.9539710675440864,"[8.452626803406865, 5.1035276384518715, 6.0831287219247345, 3.67728457366299, 9.545701043969189]",[3.9539710675440864],"[7.452626803406865, 4.1035276384518715, 5.0831287219247345, 2.67728457366299, 8.545701043969189]",[2.9539710675440864],"[19.10929949591504, 10.521865739620184, 13.0336633895506, 6.864832240161514, 21.912053958895356]"
140,0,1542,True,False,,0.0,2,2,,0,2,35.95629938627977,"[12.867961992053763, 23.088337394226002]",16.02295676064911,"[6.018505176900968, 10.004451583748141]",22.427407294213957,0.0,[],10.746688844743442,0.0,0.0,0.0,"[5.59583904148466, 5.150849803258783]",[],"[0.0, 0.0]",[],"[11.784202670473487, 10.643204623740468]"
140,0,1543,True,False,,0.0,3,3,,0,3,20.70733426379547,"[3.513030942178221, 13.009758271507009, 4.18454505011024]",11.075860362880233,"[2.3700820674495064, 6.073805725887733, 2.631972569542994]",28.615492017681884,0.0,[],14.160041886895934,0.0,0.0,0.0,"[7.660093925280321, 4.524947961615615, 1.975]",[],"[0.0, 0.0, 0.0]",[],"[17.07716391097518, 9.038328106706704, 2.5]"
140,0,1544,True,False,,0.0,1,1,,0,1,2.7215311954555648,[2.7215311954555648],2.06139716622767,[2.06139716622767],16.70088260230791,0.0,[],7.513344214900085,0.0,0.0,0.0,[7.513344214900085],[],[0.0],[],[16.70088260230791]
140,0,1545,True,False,,0.0,3,3,,0,3,28.183161824177155,"[8.393399589668352, 9.25617121527431, 10.533591019234493]",13.99143311142909,"[4.273425839970658, 4.609906773956981, 5.108100497501452]",15.443409242216793,0.0,[],9.022929604464549,0.0,0.0,0.0,"[4.927884034245617, 2.1200455702189323, 1.975]",[],"[0.0, 0.0, 0.0]",[],"[10.07149752370671, 2.871911718510083, 2.5]"
140,0,1546,True,False,,0.0,2,2,,0,2,21.391617052556224,"[5.94593287640803, 15.445684176148195]",10.342730650496927,"[3.3189138217991316, 7.023816828697796]",18.074185680083232,0.0,[],9.04893241523246,0.0,0.0,0.0,"[6.597426853142442, 2.45150556209002]",[],"[0.0, 0.0]",[],"[14.35237654651908, 3.721809133564154]"
140,0,1547,True,False,,0.0,3,3,,0,3,29.053887768743074,"[7.067932880299864, 15.755443953057119, 6.230510935386095]",14.3310162298098,"[3.756493823316947, 7.144623141692277, 3.429899264800577]",43.33924694947346,0.0,[],19.902306310294655,0.0,0.0,0.0,"[8.194807326147028, 6.7257177016623455, 4.981781282485279]",[],"[0.0, 0.0, 0.0]",[],"[18.448223913197506, 14.68132744015986, 10.2096955961161]"
140,0,1548,True,False,,0.0,3,3,,0,3,34.57764324896532,"[12.606809287812746, 19.469889365758526, 2.5009445953940523]",16.485280867096478,"[5.916655622246971, 8.593256852645826, 1.9753683922036804]",18.028462298861033,0.0,[],10.031100296555804,0.0,0.0,0.0,"[3.844443929669448, 1.975, 4.211656366886356]",[],"[0.0, 0.0, 0.0]",[],"[7.293445973511405, 2.5, 8.235016325349628]"
140,0,1549,True,False,,0.0,3,3,,0,3,17.7385116048045,"[2.5, 9.269245581853513, 5.969266022950986]",9.918019525873756,"[1.975, 4.61500577692287, 3.3280137489508848]",30.616824953670033,0.0,[],14.940561731931313,0.0,0.0,0.0,"[6.3699267435749, 6.037160311587949, 2.5334746767684635]",[],"[0.0, 0.0, 0.0]",[],"[13.769042932243332, 12.915795670738332, 3.9319863506883674]"
140,0,1550,True,False,,0.0,1,1,,0,1,5.732953381525516,[5.732953381525516],3.235851818794951,[3.235851818794951],4.251868934703122,0.0,[],2.6582288845342177,0.0,0.0,0.0,[2.6582288845342177],[],[0.0],[],[4.251868934703122]
140,0,1551,True,False,,0.0,3,3,,0,3,20.841595284701494,"[3.9198159423825043, 5.285847469526628, 11.635931872792362]",11.128222161033584,"[2.528728217529177, 3.061480513115385, 5.538013430389022]",39.15870095822861,0.0,[],18.27189337370916,0.0,0.0,0.0,"[6.561910419581163, 5.629576735686793, 6.0804062184412]",[],"[0.0, 0.0, 0.0]",[],"[14.261308768156827, 11.870709578684085, 13.026682611387693]"
140,0,1552,True,False,,0.0,2,2,,0,2,19.999527502555864,"[13.091724911633722, 6.90780259092214]",9.799815725996787,"[6.105772715537152, 3.6940430104596347]",22.664452299384067,0.0,[],10.839136396759786,0.0,0.0,0.0,"[5.598246177825496, 5.24089021893429]",[],"[0.0, 0.0]",[],"[11.79037481493717, 10.874077484446897]"
140,0,1553,True,False,,0.0,2,2,,0,2,19.45303180772559,"[11.84025466168205, 7.612777146043541]",9.586682405012981,"[5.617699318055999, 3.9689830869569813]",24.952349681404296,0.0,[],11.731416375747676,0.0,0.0,0.0,"[5.903517280358932, 5.8278990953887435]",[],"[0.0, 0.0]",[],"[12.57312123168957, 12.379228449714727]"
140,0,1554,True,False,,0.0,2,2,,0,2,17.126498302103464,"[7.535589169048212, 9.59090913305525]",8.67933433782035,"[3.9388797759288026, 4.740454561891548]",22.68538722233032,0.0,[],10.847301016708826,0.0,0.0,0.0,"[4.637105950328874, 6.210195066379951]",[],"[0.0, 0.0]",[],"[9.32591269315096, 13.35947452917936]"
140,0,1555,True,True,1.0,4.99,6,6,True,0,6,70.98040941793228,"[5.0623858994509625, 13.886084326549403, 12.628727439402738, 10.024703444222613, 12.568962097563393, 16.809546210743168]",33.68235967299359,"[2.974330500785875, 6.4155728873542675, 5.925203701367068, 4.909634343246819, 5.901895218049724, 7.555723022189835]",63.95943983985454,0.0,[],30.94418153754327,0.0,24.94418153754327,0.0,"[5.671504568425108, 6.143142027416792, 3.212447940686319, 4.394913570283446, 4.35563894130401, 7.166534489427593]",[],"[4.671504568425108, 5.143142027416792, 2.212447940686319, 3.3949135702834465, 3.3556389413040097, 6.166534489427593]",[],"[11.978216842115662, 13.187543660043055, 5.672943437657228, 8.704906590470376, 8.604202413600024, 15.811626895968187]"
140,0,1556,True,False,,0.0,3,3,,0,3,36.700295703801594,"[9.159604057696034, 14.983631013174438, 12.557060632931117]",17.31311532448262,"[4.572245582501454, 6.843616095138032, 5.897253646843136]",24.822807077199258,0.0,[],12.680894760107712,0.0,0.0,0.0,"[2.66446430079818, 2.696938207406606, 7.3194922519029255]",[],"[0.0, 0.0, 0.0]",[],"[4.2678571815337945, 4.351123608734887, 16.20382628693058]"
140,0,1557,True,False,,0.0,3,3,,0,3,27.957120906863103,"[14.053811395278997, 9.585069542755157, 4.31823996882895]",13.90327715367661,"[6.480986444158809, 4.738177121674511, 2.6841135878432905]",25.662284935357913,0.0,[],13.008291124789586,0.0,0.0,0.0,"[3.5758977028866012, 6.673363725380612, 2.7590296965223735]",[],"[0.0, 0.0, 0.0]",[],"[6.604865904837439, 14.5470864753349, 4.510332555185573]"
140,0,1558,True,False,,0.0,3,3,,0,3,28.089041911131588,"[18.6361046953913, 4.915750628219169, 4.537186587521119]",13.954726345341319,"[8.268080831202607, 2.917142745005476, 2.7695027691332363]",25.062138492651687,0.0,[],12.774234012134158,0.0,0.0,0.0,"[6.373377352163187, 2.087143428837948, 4.313713231133024]",[],"[0.0, 0.0, 0.0]",[],"[13.777890646572274, 2.787547253430636, 8.496700592648779]"
140,0,1559,True,False,,0.0,3,3,,0,3,20.83429914957911,"[6.296709353023884, 3.7745218397675595, 10.763067956787667]",11.125376668335853,"[3.455716647679315, 2.472063517509348, 5.1975965031471905]",32.07214902951453,0.0,[],15.508138121510665,0.0,0.0,0.0,"[5.835471374223282, 4.102458871033527, 5.570207876253858]",[],"[0.0, 0.0, 0.0]",[],"[12.398644549290466, 7.955022746239813, 11.71848173398425]"
140,0,1560,True,True,1.0,4.99,4,4,True,3,7,38.46260613515693,"[17.013639993783215, 10.686303623685276, 3.0546815731737404, 7.707980944514697]",19.0004163927112,"[7.635319597575454, 5.167658413237258, 2.191325813537759, 4.006112568360732]",32.25846864460058,18.936589491883886,"[11.221098800128722, 3.857745345877583, 3.857745345877583]",16.580802771394232,10.385269901834716,12.58080277139423,7.385269901834716,"[3.9686197634913962, 2.4913724996324067, 5.034832141423608, 5.085978366846819]","[5.3762285320502015, 2.5045206848922574, 2.5045206848922574]","[2.9686197634913962, 1.4913724996324067, 4.034832141423608, 4.085978366846819]","[4.3762285320502015, 1.5045206848922574, 1.5045206848922574]","[7.611845547413836, 3.824032050339504, 10.345723439547712, 10.476867607299535]"
140,0,1561,True,False,,0.0,1,1,,0,1,14.630140787705006,[14.630140787705006],6.705754907204953,[6.705754907204953],12.54718498213064,0.0,[],5.89340214303095,0.0,0.0,0.0,[5.89340214303095],[],[0.0],[],[12.54718498213064]
140,0,1562,True,False,,0.0,3,3,,0,3,40.76833878314717,"[5.404726572199222, 30.048604816849675, 5.31500739409827]",18.899652125427394,"[3.1078433631576967, 12.718955878571373, 3.0728528836983253]",22.16647797976721,0.0,[],11.64492641210921,0.0,0.0,0.0,"[5.1143368738120945, 4.5555895382971165, 1.975]",[],"[0.0, 0.0, 0.0]",[],"[10.54958172772332, 9.116896252043889, 2.5]"
140,0,1563,True,False,,0.0,1,1,,0,1,4.832777616444972,[4.832777616444972],2.884783270413539,[2.884783270413539],8.607990867033251,0.0,[],4.357116438142969,0.0,0.0,0.0,[4.357116438142969],[],[0.0],[],[8.607990867033251]
140,0,1564,True,False,,0.0,3,3,,0,3,18.634117243838954,"[5.541763880418101, 10.150035756231365, 2.9423176071894876]",10.267305725097192,"[3.161287913363059, 4.958513944930232, 2.1475038668039]",45.714799257424296,0.0,[],20.828771710395475,0.0,0.0,0.0,"[11.560657088532176, 5.451906127350027, 3.8162084945132735]",[],"[0.0, 0.0, 0.0]",[],"[27.07860791931327, 11.415143916282119, 7.2210474218289065]"
140,0,1565,True,False,,0.0,3,3,,0,3,15.62514522564743,"[8.750907391588676, 4.3742378340587535, 2.5]",9.093806638002498,"[4.412853882719584, 2.705952755282914, 1.975]",30.409665192140288,0.0,[],14.859769424934711,0.0,0.0,0.0,"[5.222452244448206, 6.788646168027913, 2.8486710124585928]",[],"[0.0, 0.0, 0.0]",[],"[10.826800626790272, 14.842682482122854, 4.74018208322716]"
140,0,1566,True,True,1.0,4.99,5,5,True,4,9,53.1635397900839,"[8.254525031378586, 10.273386034020037, 6.094377917238518, 9.966333616753566, 18.574917190693196]",25.733780518132722,"[4.219264762237648, 5.0066205532678145, 3.376807387723022, 4.886870110533891, 8.244217704370346]",39.26601809154043,49.228847923571195,"[18.213101888171014, 10.858886273097736, 5.90805393166809, 14.248805830634353]",20.31374705570077,23.199250690192766,15.313747055700771,19.199250690192766,"[2.777635631178808, 2.9290053842163344, 3.662569190228031, 2.91398879412221, 8.030548055955387]","[8.103109736386696, 5.234965646508117, 3.304141033350555, 6.557034273947398]","[1.7776356311788082, 1.9290053842163342, 2.662569190228031, 1.91398879412221, 7.0305480559553875]","[7.1031097363866955, 4.234965646508117, 2.304141033350555, 5.557034273947398]","[4.558040079945662, 4.946167651836754, 6.827100487764182, 4.907663574672333, 18.027046297321505]"
140,0,1567,True,True,1.0,4.99,6,6,True,2,8,60.28105453539939,"[14.915957776411563, 23.508526594567794, 5.4917984818694, 4.790088432843355, 6.6532785190992385, 4.921404730608035]",29.509611268805763,"[6.81722353280051, 10.16832537188144, 3.141801407929066, 2.8681344888089084, 3.594778622448703, 2.9193478449371337]",77.68640850967105,8.901049302542612,"[6.6238091927702305, 2.277240109772381]",36.297699318771706,5.471409227991618,30.29769931877171,3.4714092279916184,"[2.5248225234012827, 11.87445197047676, 9.251371033035213, 3.3682789138270315, 3.463584204449369, 5.815190673582055]","[3.58328558518039, 1.8881236428112285]","[1.5248225234012827, 10.87445197047676, 8.251371033035213, 2.3682789138270315, 2.463584204449369, 4.815190673582055]","[2.58328558518039, 0.8881236428112286]","[3.9098013420545707, 27.883210180709643, 21.157361623167212, 6.072510035453927, 6.316882575511203, 12.346642752774502]"
140,0,1568,True,True,1.0,4.99,4,4,True,1,5,24.01641888996656,"[7.062770379954071, 5.953434364782877, 5.221210265744812, 5.779003879484796]",13.366403367086956,"[3.754480448182088, 3.321839402265322, 3.0362720036404767, 3.2538115129990706]",38.860118957583786,2.914237196263258,[2.914237196263258],19.15544639345768,2.136552506542671,15.155446393457678,1.1365525065426707,"[4.906350844606067, 4.560074741643308, 5.665417598803358, 4.0236032084049445]",[2.136552506542671],"[3.906350844606067, 3.560074741643308, 4.665417598803358, 3.023603208404945]",[1.1365525065426707],"[10.016284216938633, 9.12839677344438, 11.962609227700916, 7.752828739499859]"
140,0,1569,True,False,,0.0,2,2,,0,2,10.101756691605763,"[4.887663858972248, 5.214092832633515]",5.9396851097262475,"[2.9061889049991767, 3.033496204727071]",25.13858623826929,0.0,[],11.804048632925024,0.0,0.0,0.0,"[5.793108770899032, 6.0109398620259915]",[],"[0.0, 0.0]",[],"[12.290022489484697, 12.848563748784594]"
140,0,1570,True,False,,0.0,1,1,,0,1,5.88340848831669,[5.88340848831669],3.2945293104435094,[3.2945293104435094],5.359769376986256,0.0,[],3.0903100570246402,0.0,0.0,0.0,[3.0903100570246402],[],[0.0],[],[5.359769376986256]
140,0,1571,True,False,,0.0,3,3,,0,3,27.039500339014854,"[8.34017545258338, 7.281174645328592, 11.418150241102882]",13.545405132215794,"[4.252668426507518, 3.839658111678151, 5.453078594030124]",27.152011481054217,0.0,[],13.589284477611145,0.0,0.0,0.0,"[4.031791958761875, 5.441349258242782, 4.1161432606064885]",[],"[0.0, 0.0, 0.0]",[],"[7.773825535286858, 11.388075021135338, 7.99011092463202]"
140,0,1572,True,True,1.0,4.99,4,4,True,3,7,40.444005286471516,"[9.252807389553801, 3.5927201407150577, 11.116749672197063, 16.481728084005596]",19.773162061723895,"[4.608594881925983, 2.4011608548788725, 5.335532372156854, 7.427873952762183]",26.297129975390934,16.845004171455,"[2.5678740432354066, 4.502216368730216, 9.774913759489376]",14.255880690402467,9.56955162686745,10.255880690402465,6.569551626867449,"[3.530497374427188, 1.975, 2.929721904003494, 5.820661411971783]","[2.0014708768618084, 2.7558643838047843, 4.812216366200857]","[2.530497374427188, 0.9750000000000001, 1.929721904003494, 4.820661411971783]","[1.0014708768618086, 1.7558643838047843, 3.8122163662008566]","[6.488454806223558, 2.5, 4.948004882060241, 12.360670287107135]"
140,0,1573,True,True,1.0,4.99,5,5,True,1,6,49.159853620343625,"[5.3058433090578365, 7.232250935039426, 22.255574474517136, 6.574484866069337, 7.791700035659884]",24.17234291193401,"[3.0692788905325563, 3.8205778646653763, 9.679674045061683, 3.5640490977670414, 4.038763013907355]",40.238516679508415,8.227162829059008,[8.227162829059008],20.693021505008282,4.208593503333013,15.693021505008282,3.208593503333013,"[2.3370283474127054, 7.214672204633899, 3.4896866742131896, 4.077417676103234, 3.574216602645255]",[4.208593503333013],"[1.3370283474127054, 6.214672204633899, 2.4896866742131896, 3.077417676103234, 2.574216602645255]",[3.208593503333013],"[3.4282778138787315, 15.935056934958716, 6.3838119851620245, 7.890814554110856, 6.600555391398089]"
140,0,1574,True,True,1.0,4.99,4,4,True,0,4,38.24593699157298,"[9.866566184533468, 7.280772416215246, 6.570548764027328, 14.52804962679694]",18.915915426713465,"[4.847960811968052, 3.839501242323946, 3.562514017970658, 6.665939354450807]",39.70652184221019,0.0,[],19.485543518461977,0.0,15.485543518461977,0.0,"[5.871663165200658, 3.1035255204711607, 3.405080364672672, 7.105274468117487]",[],"[4.871663165200658, 2.1035255204711607, 2.405080364672672, 6.105274468117487]",[],"[12.491444013335022, 5.3936551806952835, 6.166872729929928, 15.654549918249964]"
140,0,1575,True,False,,0.0,1,1,,0,1,4.840866981605394,[4.840866981605394],2.887938122826104,[2.887938122826104],18.3416122579039,0.0,[],8.153228780582522,0.0,0.0,0.0,[8.153228780582522],[],[0.0],[],[18.3416122579039]
140,0,1576,True,False,,0.0,3,3,,0,3,25.782861627724376,"[3.6975024284090687, 16.779398729070632, 5.305960470244674]",13.055316034812506,"[2.4420259470795367, 7.543965504337547, 3.069324583395423]",36.11585804764315,0.0,[],17.08518463858083,0.0,0.0,0.0,"[3.138406275092904, 7.848071926304999, 6.098706437182927]",[],"[0.0, 0.0, 0.0]",[],"[5.483093013058728, 17.559158785397432, 13.073606249186993]"
140,0,1577,True,False,,0.0,1,1,,0,1,6.692474447726588,[6.692474447726588],3.6100650346133696,[3.6100650346133696],7.801142893863411,0.0,[],4.04244572860673,0.0,0.0,0.0,[4.04244572860673],[],[0.0],[],[7.801142893863411]
140,0,1578,True,False,,0.0,3,3,,0,3,30.542431107608017,"[7.238859621170651, 19.62447515787256, 3.6790963285648077]",14.911548131967127,"[3.8231552522565537, 8.653545311570298, 2.434847568140275]",33.57120512380135,0.0,[],16.092769998282527,0.0,0.0,0.0,"[6.757377926771598, 4.82304251206936, 4.512349559441567]",[],"[0.0, 0.0, 0.0]",[],"[14.762507504542558, 9.802673107870154, 9.006024511388635]"
140,0,1579,True,True,1.0,4.99,5,5,True,1,6,41.14271049526187,"[9.529315699455728, 9.434832659539158, 4.302833177277146, 14.018936557756133, 3.8567924012337125]",21.045657093152133,"[4.716433122787734, 4.679584737220272, 2.678104939138087, 6.467385257524892, 2.504149036481148]",45.84081351854075,11.57805899249653,[11.57805899249653],22.877917272230896,5.515443007073647,17.877917272230896,4.515443007073647,"[5.028049236378495, 5.901752584260636, 3.299429782951509, 6.673685668640254, 1.975]",[5.515443007073647],"[4.028049236378495, 4.901752584260636, 2.299429782951509, 5.673685668640254, 0.9750000000000001]",[4.515443007073647],"[10.328331375329473, 12.568596369899067, 5.895973802439766, 14.547911970872446, 2.5]"
140,0,1580,True,False,,0.0,1,1,,0,1,5.453340796973032,[5.453340796973032],3.1268029108194826,[3.1268029108194826],8.053277881221598,0.0,[],4.140778373676424,0.0,0.0,0.0,[4.140778373676424],[],[0.0],[],[8.053277881221598]
140,0,1581,True,False,,0.0,3,3,,0,3,19.838265888965847,"[5.23016673562378, 3.991262785084494, 10.616836368257573]",10.736923696696682,"[3.0397650268932743, 2.5565924861829528, 5.140566183620454]",19.855058707709226,0.0,[],10.743472896006597,0.0,0.0,0.0,"[3.1249189211876423, 3.641547141277674, 3.977006833541282]",[],"[0.0, 0.0, 0.0]",[],"[5.448510054327287, 6.773197798147883, 7.633350855234056]"
140,0,1582,True,True,1.0,4.99,6,6,True,2,8,52.05132242164995,"[3.874106279898113, 15.062348959866519, 10.979631679710877, 11.74748549514077, 7.887750007033667, 2.5]",26.300015744443478,"[2.510901449160264, 6.874316094347942, 5.282056355087242, 5.5815193431049, 4.07622250274313, 1.975]",53.35104151798445,16.847963226428504,"[12.454846879288716, 4.39311634713979]",26.806906192013933,8.570705658307118,20.806906192013933,6.5707056583071175,"[4.598535896142156, 4.2814626720885265, 5.749969614858642, 2.667762069888253, 2.0915013284267534, 7.417674610609604]","[5.8573902829226, 2.713315375384518]","[3.5985358961421565, 3.281462672088527, 4.749969614858642, 1.6677620698882532, 1.0915013284267536, 6.417674610609604]","[4.8573902829226, 1.713315375384518]","[9.227015118313222, 8.414006851509043, 12.179409268868312, 4.276312999713469, 2.798721354940394, 16.45557592464001]"
140,0,1583,True,True,1.0,4.99,4,4,True,0,4,30.50403385470274,"[3.998169712039882, 7.894138776428509, 6.4774398948245135, 12.134285471409834]",15.896573203334068,"[2.559286187695554, 4.078714122807119, 3.5262015589815605, 5.732371333849835]",40.252648698427365,0.0,[],19.698532992386674,0.0,15.698532992386673,0.0,"[5.37882047620718, 5.294888583062081, 6.638435875206926, 2.386388057910486]",[],"[4.37882047620718, 4.294888583062081, 5.638435875206926, 1.386388057910486]",[],"[11.22774481078764, 11.01253482836431, 14.457527885145963, 3.554841174129451]"
140,0,1584,True,False,,0.0,2,2,,0,2,22.301041419179555,"[16.19152887984859, 6.109512539330964]",10.697406153480026,"[7.3146962631409504, 3.382709890339076]",18.600405836301352,0.0,[],9.254158276157527,0.0,0.0,0.0,"[3.768978436014227, 5.4851798401433]",[],"[0.0, 0.0]",[],"[7.099944707728787, 11.500461128572566]"
140,0,1585,True,True,1.0,4.99,7,3,,4,11,52.29829667646114,"[12.636917331713654, 14.657962352435497, 25.00341699231199]",23.396335703819844,"[5.928397759368325, 6.716605317449844, 10.751332627001677]",23.247075432012835,21.086789773643197,"[4.288523759301701, 6.235825372752245, 6.5817749182997485, 3.9806657232895044]",12.066359418485007,12.223848011720847,9.066359418485007,8.223848011720847,"[3.4308372788931307, 3.8205372828368107, 4.814984856755065]","[2.6725242661276636, 3.4319718953733758, 3.566892218136902, 2.5524596320829067]","[2.4308372788931307, 2.8205372828368107, 3.814984856755065]","[1.6725242661276636, 2.4319718953733758, 2.566892218136902, 1.5524596320829067]","[6.232916099725976, 7.232146879068745, 9.782012453218115]"
140,0,1586,True,False,,0.0,3,3,,0,3,30.89531719827032,"[14.60413984513039, 7.085447554502108, 9.205729798637824]",15.049173707325426,"[6.695614539600853, 3.7633245462558222, 4.590234621468752]",16.764783254598434,0.0,[],9.53826546929339,0.0,0.0,0.0,"[3.2124073491199363, 2.9291901602242243, 3.39666795994923]",[],"[0.0, 0.0, 0.0]",[],"[5.672839356717785, 4.946641436472369, 6.145302461408282]"
140,0,1587,True,False,,0.0,3,3,,0,3,24.64347225789102,"[9.102634374897846, 12.44046280449198, 3.1003750785011945]",12.6109541805775,"[4.550027406210161, 5.851780493751873, 2.2091462806154656]",14.217424855104715,0.0,[],8.54479569349084,0.0,0.0,0.0,"[4.309094374804127, 2.174128638915686, 2.061572679771026]",[],"[0.0, 0.0, 0.0]",[],"[8.484857371292632, 3.0105862536299646, 2.7219812301821182]"
140,0,1588,True,False,,0.0,3,3,,0,3,44.93634672347894,"[16.2146476724578, 19.333141105070847, 9.388557945950291]",20.525175222156786,"[7.323712592258542, 8.539925030977631, 4.661537598920614]",23.170749770648385,0.0,[],12.03659241055287,0.0,0.0,0.0,"[5.822565901392542, 3.6510230401859647, 2.5630034689743644]",[],"[0.0, 0.0, 0.0]",[],"[12.365553593314209, 6.797494974835806, 4.00770120249837]"
140,0,1589,True,True,1.0,4.99,4,4,True,0,4,20.48494974508651,"[2.78646321353628, 8.680007792260321, 4.875256524762101, 4.143222214527811]",11.989130400583742,"[2.0867206532791496, 4.385203038981525, 2.901350044657219, 2.6158566636658467]",32.46895305845239,0.0,[],16.662891692796432,0.0,12.662891692796435,0.0,"[7.766595483820937, 2.0850102046640053, 3.0535601395755068, 3.7577258647359857]",[],"[6.766595483820937, 1.0850102046640053, 2.0535601395755068, 2.7577258647359857]",[],"[17.350244830310093, 2.782077447856424, 5.265538819424377, 7.0710919608615015]"
140,0,1590,True,False,,0.0,3,3,,0,3,31.82967230601893,"[9.91951435145343, 10.287063447162156, 11.623094507403348]",15.413572199347382,"[4.868610597066837, 5.011954744393241, 5.5330068578873055]",20.74895992563248,0.0,[],11.092094370996668,0.0,0.0,0.0,"[3.805686705232065, 2.9664058958773944, 4.320001769887208]",[],"[0.0, 0.0, 0.0]",[],"[7.194068474954013, 5.042066399685627, 8.512825050992841]"
140,0,1591,True,False,,0.0,2,2,,0,2,17.086782124800273,"[13.40741904818099, 3.679363076619283]",8.663845028672107,"[6.228893428790586, 2.4349515998815203]",22.417229623438786,0.0,[],10.742719553141129,0.0,0.0,0.0,"[4.039280586017391, 6.703438967123737]",[],"[0.0, 0.0]",[],"[7.793027143634335, 14.624202479804453]"
140,0,1592,True,True,1.0,4.99,4,4,True,3,7,15.671652007709486,"[7.142655759958008, 3.5289962477514787, 2.5, 2.5]",10.1119442830067,"[3.7856357463836234, 2.3763085366230765, 1.975, 1.975]",39.298843828712734,22.929876978053063,"[4.345510218141538, 10.575597150779947, 8.008769609131578]",19.32654909319797,11.942652021440693,15.326549093197967,8.942652021440693,"[2.8179579895650186, 6.258880594078612, 5.485524385564265, 4.764186123990072]","[2.6947489850751998, 5.124482888804179, 4.1234201475613155]","[1.8179579895650186, 5.258880594078612, 4.485524385564265, 3.764186123990072]","[1.6947489850751998, 4.124482888804179, 3.1234201475613155]","[4.661430742474407, 13.484309215586183, 11.50134457836991, 9.651759292282236]"
140,0,1593,True,False,,0.0,2,2,,0,2,16.076619347363827,"[11.182949650098644, 4.893669697265183]",8.269881545471893,"[5.361350363538471, 2.9085311819334216]",27.001214273347514,0.0,[],12.530473566605533,0.0,0.0,0.0,"[5.090839628257695, 7.439633938347837]",[],"[0.0, 0.0]",[],"[10.489332380147934, 16.511881893199583]"
140,0,1594,True,True,1.0,4.99,8,8,True,2,10,79.5991757935584,"[4.267636298779289, 2.5606589841959337, 5.928706254540486, 13.279174568114849, 15.231338129662891, 28.33470783924652, 2.5, 7.496953719018432]",39.04367855948777,"[2.664378156523923, 1.9986570038364142, 3.3121954392707895, 6.1788780815647915, 6.940221870568528, 12.050536057306143, 1.975, 3.9238119504171887]",99.33897372275095,22.228864633502646,"[5.681455454222975, 16.547409179279672]",46.742199751872874,10.669257207066032,38.742199751872874,8.669257207066032,"[8.68342226567249, 10.234738818380793, 3.796174319224266, 3.8854199817526114, 10.394278813968937, 1.975, 3.4706951666777086, 4.3024703861960685]","[3.2157676271469606, 7.453489579919072]","[7.68342226567249, 9.234738818380793, 2.796174319224266, 2.8854199817526114, 9.394278813968937, 0.9750000000000001, 2.4706951666777086, 3.302470386196068]","[2.2157676271469606, 6.453489579919072]","[19.701082732493564, 23.67881748302767, 7.169677741600681, 7.3985127737246446, 24.087894394792144, 2.5, 6.335115811994124, 8.467872785118123]"
140,0,1595,True,True,1.0,4.99,5,5,True,1,6,40.82356040846062,"[5.20817558017588, 7.625246147915589, 7.893139251159782, 7.016101641813376, 13.080897787395998]",20.921188559299644,"[3.0311884762685932, 3.97384599768708, 4.078324307952315, 3.7362796403072167, 6.101550137084439]",57.67630612755966,18.303315171250574,[18.303315171250574],27.49375938974827,8.138292916787723,22.49375938974827,7.138292916787724,"[6.683250548078851, 6.9351632841375235, 5.365922572618087, 3.3731618815259647, 5.136261103387843]",[8.138292916787723],"[5.683250548078851, 5.9351632841375235, 4.365922572618087, 2.3731618815259647, 4.136261103387843]",[7.138292916787724],"[14.572437302766284, 15.21836739522442, 11.194673263123299, 6.085030465451192, 10.60579770099447]"
140,0,1596,True,False,,0.0,3,3,,0,3,33.30669253867694,"[10.662821172373539, 5.542891045530597, 17.100980320772802]",15.989610090084007,"[5.15850025722568, 3.161727507756933, 7.669382325101393]",20.39942827332117,0.0,[],10.955777026595255,0.0,0.0,0.0,"[6.4240075846428, 2.5567694419524556, 1.975]",[],"[0.0, 0.0, 0.0]",[],"[13.90771175549436, 3.9917165178268093, 2.5]"
140,0,1597,True,False,,0.0,2,2,,0,2,22.998663269862114,"[11.113337459545207, 11.885325810316909]",10.969478675246226,"[5.334201609222631, 5.635277066023595]",19.57900696470559,0.0,[],9.635812716235181,0.0,0.0,0.0,"[5.355552475382838, 4.280260240852343]",[],"[0.0, 0.0]",[],"[11.168083270212406, 8.410923694493185]"
140,0,1598,True,False,,0.0,1,1,,0,1,11.139092003347626,[11.139092003347626],5.344245881305574,[5.344245881305574],11.772752759711155,0.0,[],5.59137357628735,0.0,0.0,0.0,[5.59137357628735],[],[0.0],[],[11.772752759711155]
140,0,1599,True,False,,0.0,3,3,,0,3,30.992327762101,"[3.8027199138825596, 17.86695661932361, 9.322651228894832]",15.087007827219391,"[2.4830607664141984, 7.968113081536208, 4.635833979268985]",16.4347440317018,0.0,[],9.409550172363701,0.0,0.0,0.0,"[3.529505021255908, 2.959715564135726, 2.920329586972069]",[],"[0.0, 0.0, 0.0]",[],"[6.485910310912584, 5.024911702912117, 4.9239220178771]"
140,0,1600,True,False,,0.0,2,2,,0,2,32.37278045818068,"[9.882300334970735, 22.490480123209945]",14.625384378690466,"[4.8540971306385865, 9.771287248051879]",13.523709285395002,0.0,[],7.2742466213040515,0.0,0.0,0.0,"[3.0249783068015823, 4.249268314502469]",[],"[0.0, 0.0]",[],"[5.192252068722006, 8.331457216672996]"
140,0,1601,True,True,1.0,4.99,4,4,True,3,7,36.73321202697457,"[9.242454330937223, 2.5, 5.664457382820633, 19.326300313216716]",18.325952690520083,"[4.604557189065517, 1.975, 3.2091383793000468, 8.53725712215452]",32.4718102320149,20.71117825192543,"[2.628301452966357, 2.628301452966357, 15.454575345992716]",16.664005990485812,11.077359518250917,12.664005990485812,8.077359518250917,"[5.646924009662359, 4.337360876217879, 3.7223433254672416, 2.9573777791383327]","[2.025037566656879, 2.025037566656879, 7.027284384937159]","[4.646924009662359, 3.3373608762178795, 2.7223433254672416, 1.9573777791383327]","[1.0250375666568792, 1.0250375666568792, 6.027284384937159]","[11.915189768365023, 8.557335580045844, 6.980367501198055, 5.018917382405981]"
140,0,1602,True,False,,0.0,3,3,,0,3,29.507294717659157,"[5.421488881258575, 14.155695182726033, 9.930110653674548]",14.507844939887072,"[3.114380663690844, 6.520721121263153, 4.872743154933074]",22.937107089564847,0.0,[],11.945471764930291,0.0,0.0,0.0,"[3.2538394672924658, 5.913365113929225, 2.7782671837086]",[],"[0.0, 0.0, 0.0]",[],"[5.779075557160168, 12.598372086998012, 4.559659445406666]"
140,0,1603,True,False,,0.0,2,2,,0,2,14.018901439729163,"[2.5, 11.518901439729163]",7.4673715614943745,"[1.975, 5.492371561494374]",39.592957743627466,0.0,[],17.441253520014712,0.0,0.0,0.0,"[11.555537164548815, 5.885716355465898]",[],"[0.0, 0.0]",[],"[27.065479909099523, 12.527477834527943]"
140,0,1604,True,True,1.0,4.99,6,6,True,2,8,45.13022794553504,"[3.9955504506151223, 5.905042820983143, 15.389790346908487, 2.698077683879528, 13.239158529956564, 3.902608113192195]",23.600788898758665,"[2.5582646757398977, 3.3029667001834255, 7.00201823529431, 2.052250296713016, 6.16327182668306, 2.5220171641449562]",59.5157029477907,24.970264595764434,"[6.611170355752367, 18.359094240012066]",29.211124149638373,11.73840319234813,23.211124149638376,9.73840319234813,"[4.535418415374269, 3.960310979435391, 3.1798525813971326, 4.375472538043162, 8.42751239746785, 4.7325572379205685]","[3.5783564387434232, 8.160046753604707]","[3.535418415374269, 2.960310979435391, 2.1798525813971326, 3.3754725380431627, 7.42751239746785, 3.732557237920569]","[2.5783564387434232, 7.160046753604706]","[9.065175424036587, 7.590540972911258, 5.58936559332598, 8.655057789854263, 19.044903583250896, 9.570659584411715]"
140,0,1605,True,False,,0.0,3,3,,0,3,37.652554276371234,"[20.52597357542675, 4.780416177907223, 12.346164523037256]",17.68449616778478,"[9.005129694416432, 2.864362309383817, 5.81500416398453]",18.681751763243494,0.0,[],10.285883187664961,0.0,0.0,0.0,"[3.9473727560601906, 2.471440907821462, 3.86706952378331]",[],"[0.0, 0.0, 0.0]",[],"[7.557366041179975, 3.7729254046704157, 7.351460317393102]"
140,0,1606,True,True,1.0,4.99,4,4,True,5,9,45.90406249993635,"[8.797319238376636, 13.91457696405696, 11.440202648818909, 11.751963648683848]",21.902584374975177,"[4.4309545029668875, 6.426685015982215, 5.461679033039375, 5.583265822986701]",32.97358232630763,52.632824788041596,"[7.165217360457946, 16.98692664231318, 5.848184430237281, 10.458729934888169, 12.17376642014502]",16.859697107259976,25.526801667336223,12.859697107259976,20.526801667336223,"[6.033268768003051, 3.838098718764346, 2.8774646363019754, 4.110864984190602]","[3.794434770578599, 7.62490139050214, 3.28079192779254, 5.0789046746063855, 5.747768903856558]","[5.033268768003051, 2.838098718764346, 1.8774646363019756, 3.1108649841906026]","[2.794434770578599, 6.62490139050214, 2.28079192779254, 4.0789046746063855, 4.747768903856558]","[12.905817353853976, 7.277176201959861, 4.814011887953783, 7.976576882540006]"
140,0,1607,True,False,,0.0,2,2,,0,2,15.350420766667062,"[3.9528668170008596, 11.397553949666202]",7.986664099000155,"[2.5416180586303354, 5.445046040369819]",36.0846356850817,0.0,[],16.07300791718186,0.0,0.0,0.0,"[6.993372144870205, 9.079635772311658]",[],"[0.0, 0.0]",[],"[15.367620884282577, 20.717014800799124]"
140,0,1608,True,True,1.0,4.99,4,4,True,1,5,24.549602528995912,"[2.5, 5.23920461131842, 7.644310341046256, 9.166087576631236]",13.574344986308406,"[1.975, 3.043289798414184, 3.98128103300804, 4.574774154886182]",30.12050913088384,2.0465495739692896,[2.0465495739692896],15.7469985610447,1.7981543338480228,11.746998561044698,0.7981543338480229,"[4.96549653442487, 3.6669433349591696, 2.9137214544912893, 4.20083723716937]",[1.7981543338480228],"[3.9654965344248696, 2.6669433349591696, 1.9137214544912893, 3.20083723716937]",[0.7981543338480229],"[10.16793983185864, 6.83831624348505, 4.906978088439203, 8.207274967100949]"
140,0,1609,True,False,,0.0,3,3,,0,3,13.426778805619103,"[3.901014406713116, 7.025764398905986, 2.5]",8.23644373419145,"[2.521395618618115, 3.7400481155733347, 1.975]",28.72453092695494,0.0,[],14.202567061512427,0.0,0.0,0.0,"[2.2999453518722763, 3.955342002853187, 7.947279706786964]",[],"[0.0, 0.0, 0.0]",[],"[3.3331932099289134, 7.577800007315864, 17.813537709710165]"
140,0,1610,True,True,1.0,4.99,6,6,True,1,7,58.80154531051134,"[5.352920838251226, 8.340047644718352, 6.77298486355077, 31.12585247711856, 4.032036130759552, 3.17770335611288]",28.932602671099424,"[3.087639126917978, 4.252618581440157, 3.6414640967848, 13.139082466076239, 2.5724940909962255, 2.239304308884023]",63.80549901294616,4.471234275730742,[4.471234275730742],30.884144615049006,2.7437813675349894,24.884144615049003,1.7437813675349896,"[6.245321345852945, 5.6426486617287255, 2.82359887676313, 8.63643910060443, 3.1022523200488563, 4.433884310050917]",[2.7437813675349894],"[5.245321345852945, 4.6426486617287255, 1.8235988767631304, 7.63643910060443, 2.1022523200488563, 3.4338843100509173]",[1.7437813675349896],"[13.449541912443449, 11.904227337765963, 4.675894555802898, 19.580613078472897, 5.390390564227836, 8.80483156423312]"
140,0,1611,True,True,1.0,4.99,4,4,True,2,6,36.47190182587284,"[14.975778312918488, 2.566787421567084, 10.447462997825404, 8.481873093561866]",18.22404171209041,"[6.840553542038211, 2.001047094411163, 5.074510569151908, 4.307930506489128]",38.18401630881782,23.034747451194946,"[10.92390201341387, 12.110845437781077]",18.89176636043895,10.98355150596603,14.89176636043895,8.98355150596603,"[2.4072800562857584, 7.452492732680306, 3.4638958449074417, 5.568097726565443]","[5.260321785231409, 5.72322972073462]","[1.4072800562857581, 6.452492732680306, 2.4638958449074417, 4.568097726565443]","[4.260321785231409, 4.72322972073462]","[3.608410400732713, 16.544853160718734, 6.317681653608825, 11.713071093757547]"
140,0,1612,True,False,,0.0,3,3,,0,3,47.00356958251673,"[24.894291213108893, 8.3346217602048, 13.774656609203033]",21.331392137181524,"[10.708773573112468, 4.250502486479872, 6.372116077589183]",34.7793553415755,0.0,[],16.563948583214447,0.0,0.0,0.0,"[8.070152270983286, 5.356337876210532, 3.1374584360206286]",[],"[0.0, 0.0, 0.0]",[],"[18.128595566623808, 11.170097118488542, 5.48066265646315]"
140,0,1613,True,False,,0.0,1,1,,0,1,7.517464671491848,[7.517464671491848],3.931811221881821,[3.931811221881821],8.853579296796658,0.0,[],4.452895925750697,0.0,0.0,0.0,[4.452895925750697],[],[0.0],[],[8.853579296796658]
140,0,1614,True,False,,0.0,3,3,,0,3,19.752732044924,"[10.447151223279437, 3.995807002805977, 5.3097738188385835]",10.70356549752036,"[5.074388977078981, 2.558364731094331, 3.0708117893470477]",28.8736923602323,0.0,[],14.260740020490598,0.0,0.0,0.0,"[3.6502448292789316, 3.8228338247163265, 6.78766136649534]",[],"[0.0, 0.0, 0.0]",[],"[6.795499562253671, 7.238035447990581, 14.84015734998805]"
140,0,1615,True,True,1.0,4.99,5,5,True,2,7,46.776639879526996,"[7.2218586636919895, 4.683927026775336, 10.370016410109585, 3.611623669375073, 20.88921410957501]",23.24288955301553,"[3.816524878839876, 2.826731540442381, 5.044306399942738, 2.4085332310562784, 9.146793502734255]",48.505162980554935,26.433907876495002,"[7.873323667406567, 18.560584209088436]",23.91701356241642,12.309224071833052,18.91701356241642,10.309224071833052,"[5.509009685965991, 4.552234711670911, 4.825694255136932, 5.2517358909870095, 3.77833901865558]","[4.070596230288562, 8.23862784154449]","[4.509009685965991, 3.5522347116709105, 3.825694255136933, 4.2517358909870095, 2.77833901865558]","[3.070596230288561, 7.23862784154449]","[11.561563297348696, 9.108294132489513, 9.809472449069059, 10.90188689996669, 7.123946201680974]"
140,0,1616,True,True,1.0,4.99,4,4,True,1,5,22.430078014812388,"[2.5, 12.16187204483077, 2.5, 5.26820596998162]",12.747730425776831,"[1.975, 5.743130097484, 1.975, 3.0546003282928322]",60.23019552384605,9.856051476013626,[9.856051476013626],27.48977625429996,4.843860075645314,23.48977625429996,3.8438600756453143,"[2.690466071980829, 9.807728697553005, 12.060716020337109, 2.9308654644290186]",[4.843860075645314],"[1.6904660719808293, 8.807728697553005, 11.060716020337109, 1.9308654644290184]",[3.8438600756453143],"[4.334528389694434, 22.583919737315398, 28.36081030855669, 4.9509370882795345]"
140,0,1617,True,True,1.0,4.99,9,6,,6,15,36.527567694730664,"[3.2533083010175186, 4.265274491177685, 6.311830966802322, 2.5, 5.0865269978478755, 15.110626937885257]",20.245751400944958,"[2.268790237396832, 2.6634570515592975, 3.461614077052906, 1.975, 2.9837455291606716, 6.8931445057752505]",38.158700879529206,61.836577922294595,"[10.913744466023482, 21.99263329427867, 9.094640021351722, 5.574768276476337, 2.202824200618979, 12.057967663545416]",20.881893343016387,30.1162653896949,14.88189334301639,24.1162653896949,"[4.487697662175429, 3.8063810159169975, 3.392632233297308, 2.633551808242453, 2.8364007586379616, 3.7252298647462405]","[5.256360341749159, 9.57712698476868, 4.546909608327171, 3.1741596278257713, 1.8591014382414017, 5.702607388782712]","[3.487697662175429, 2.8063810159169975, 2.392632233297308, 1.6335518082424532, 1.8364007586379616, 2.7252298647462405]","[4.256360341749159, 8.57712698476868, 3.5469096083271716, 2.1741596278257713, 0.8591014382414018, 4.702607388782712]","[8.942814518398535, 7.195848758761532, 6.134954444352072, 4.188594380108854, 4.708719893943491, 6.987768883964719]"
140,0,1618,True,False,,0.0,2,2,,0,2,15.791380681113154,"[10.346650729255153, 5.444729951858001]",8.15863846563413,"[5.035193784409509, 3.1234446812246204]",15.448752017721521,0.0,[],8.025013286911394,0.0,0.0,0.0,"[4.29609251782145, 3.728920769089943]",[],"[0.0, 0.0]",[],"[8.451519276465257, 6.997232741256264]"
140,0,1619,True,False,,0.0,3,3,,0,3,28.594133899564152,"[5.8536031853155315, 12.755893917902904, 9.984636796345715]",14.151712220830019,"[3.282905242273057, 5.974798627982133, 4.894008350574829]",15.65916864751437,0.0,[],9.107075772530607,0.0,0.0,0.0,"[4.990642085608992, 1.975, 2.141433686921613]",[],"[0.0, 0.0, 0.0]",[],"[10.23241560412562, 2.5, 2.9267530433887505]"
140,0,1620,True,False,,0.0,2,2,,0,2,11.707655543332852,"[6.811440139560786, 4.896215403772065]",6.565985661899813,"[3.6564616544287065, 2.9095240074711057]",16.0326329031074,0.0,[],8.252726832211888,0.0,0.0,0.0,"[2.798766664934498, 5.453960167277389]",[],"[0.0, 0.0]",[],"[4.612222217780764, 11.420410685326639]"
140,0,1621,True,True,1.0,4.99,4,4,True,0,4,45.39517162341373,"[7.966728429015686, 15.559838698983015, 13.903816874606262, 7.96478762080877]",21.704116933131356,"[4.107024087316118, 7.068337092603376, 6.4224885810964425, 4.1062671721154205]",41.1050527475729,0.0,[],20.030970571553432,0.0,16.030970571553432,0.0,"[2.625788368292704, 6.738752939515992, 6.925064619003993, 3.741364644740743]",[],"[1.625788368292704, 5.738752939515992, 5.925064619003993, 2.741364644740743]",[],"[4.168688123827446, 14.714751126964082, 15.19247338206152, 7.029140114719853]"
140,0,1622,True,False,,0.0,2,2,,0,2,12.052020122017566,"[4.879746749345859, 7.172273372671707]",6.700287847586851,"[2.903101232244885, 3.7971866153419658]",34.89411262681029,0.0,[],15.608703924456012,0.0,0.0,0.0,"[7.919610805377901, 7.689093119078112]",[],"[0.0, 0.0]",[],"[17.742591808661285, 17.151520818149006]"
140,0,1623,True,False,,0.0,1,1,,0,1,2.5,[2.5],1.975,[1.975],5.3702787957450475,0.0,[],3.0944087303405685,0.0,0.0,0.0,[3.0944087303405685],[],[0.0],[],[5.3702787957450475]
140,0,1624,True,False,,0.0,1,1,,0,1,6.609379628541298,[6.609379628541298],3.5776580551311064,[3.5776580551311064],9.863610228369772,0.0,[],4.846807989064212,0.0,0.0,0.0,[4.846807989064212],[],[0.0],[],[9.863610228369772]
140,0,1625,True,False,,0.0,3,3,,0,3,45.08939668666335,"[3.120193348555752, 22.11782494296643, 19.851378395141165]",20.584864707798708,"[2.2168754059367433, 9.625951727756908, 8.742037574105055]",21.974254326788085,0.0,[],11.569959187447354,0.0,0.0,0.0,"[3.7963739134930345, 2.5504644564639367, 5.223120817490383]",[],"[0.0, 0.0, 0.0]",[],"[7.1701895217770115, 3.975549888369068, 10.828514916642007]"
140,0,1626,True,True,1.0,4.99,4,4,True,2,6,47.412800905764485,"[10.769090326462647, 10.846768108209524, 3.659758230311188, 22.137184240781124]",22.49099235324815,"[5.199945227320432, 5.230239562201715, 2.427305709821363, 9.633501853904638]",42.32284020837096,20.6035030804281,"[14.384686209219012, 6.21881687120909]",20.505907681264674,10.03536620136696,16.505907681264674,8.03536620136696,"[5.000967705223628, 5.149158650587225, 5.398076191276915, 4.957705134176907]","[6.610027621595415, 3.4253385797715454]","[4.000967705223628, 4.149158650587225, 4.398076191276915, 3.9577051341769063]","[5.610027621595415, 2.4253385797715454]","[10.258891551855456, 10.638868334839039, 11.277118439171577, 10.147961882504887]"
140,0,1627,True,False,,0.0,2,2,,0,2,43.13295434369807,"[15.264806660987757, 27.868147682710312]",18.821852194042247,"[6.953274597785225, 11.868577596257023]",38.866768890631036,0.0,[],17.158039867346105,0.0,0.0,0.0,"[10.664266191495123, 6.493773675850982]",[],"[0.0, 0.0]",[],"[24.780169721782368, 14.086599168848672]"
140,0,1628,True,False,,0.0,2,2,,0,2,18.712814992300043,"[6.360828595245498, 12.351986397054546]",9.297997846997017,"[3.4807231521457442, 5.817274694851273]",29.992577631428993,0.0,[],13.697105276257307,0.0,0.0,0.0,"[7.194171357833734, 6.502933918423574]",[],"[0.0, 0.0]",[],"[15.882490661112138, 14.110086970316855]"
140,0,1629,True,False,,0.0,3,3,,0,3,31.570180135949776,"[22.969583603305853, 5.639775427546893, 2.9608211050970277]",15.312370253020411,"[9.958137605289282, 3.1995124167432882, 2.1547202309878406]",23.58927960551708,0.0,[],12.199819046151662,0.0,0.0,0.0,"[6.9294975856815935, 1.975, 3.295321460470069]",[],"[0.0, 0.0, 0.0]",[],"[15.203839963286137, 2.5, 5.8854396422309465]"
140,0,1630,True,False,,0.0,3,3,,0,3,32.090794867491766,"[4.67654082581112, 9.662922914721802, 17.751331126958842]",15.515409998321788,"[2.823850922066337, 4.768539936741503, 7.923019139513949]",35.48371945173337,0.0,[],16.838650586176016,0.0,0.0,0.0,"[6.996548082318713, 7.867102503857303, 1.975]",[],"[0.0, 0.0, 0.0]",[],"[15.375764313637726, 17.607955138095647, 2.5]"
140,0,1631,True,False,,0.0,2,2,,0,2,9.689154108124972,"[3.8150686615340095, 5.874085446590963]",5.77877010216874,"[2.487876777998264, 3.290893324170476]",16.076451514031938,0.0,[],8.269816090472457,0.0,0.0,0.0,"[3.323732622946692, 4.946083467525764]",[],"[0.0, 0.0]",[],"[5.9582887767863895, 10.118162737245548]"
140,0,1632,True,False,,0.0,1,1,,0,1,12.180276074138852,[12.180276074138852],5.750307668914153,[5.750307668914153],12.640925404329195,0.0,[],5.929960907688386,0.0,0.0,0.0,[5.929960907688386],[],[0.0],[],[12.640925404329195]
140,0,1633,True,True,1.0,4.99,4,3,,1,5,30.34565693101022,"[2.5, 15.035180469779087, 12.810476461231136]",14.834806203093988,"[1.975, 6.8637203832138445, 5.996085819880143]",27.20496232846289,4.650323217940013,[4.650323217940013],13.609935308100527,2.813626054996605,10.609935308100527,1.813626054996605,"[6.891440807254446, 2.86629119665286, 3.852203304193221]",[2.813626054996605],"[5.891440807254446, 1.8662911966528601, 2.852203304193221]",[1.813626054996605],"[15.106258480139605, 4.785362042699641, 7.313341805623644]"
140,0,1634,True,False,,0.0,1,1,,0,1,13.91992524167921,[13.91992524167921],6.428770844254892,[6.428770844254892],6.216592012910602,0.0,[],3.424470885035135,0.0,0.0,0.0,[3.424470885035135],[],[0.0],[],[6.216592012910602]
140,0,1635,True,False,,0.0,2,2,,0,2,11.35438128845501,"[5.813199279169563, 5.541182009285447]",6.428208702497454,"[3.2671477188761298, 3.1610609836213244]",21.056287871595806,0.0,[],10.211952269922365,0.0,0.0,0.0,"[5.741282917439655, 4.470669352482711]",[],"[0.0, 0.0]",[],"[12.157135685742704, 8.899152185853103]"
140,0,1636,True,False,,0.0,2,2,,0,2,28.327595155914643,"[8.76087031724044, 19.566724838674205]",13.047762110806712,"[4.416739423723772, 8.63102268708294]",14.564260356419753,0.0,[],7.680061539003704,0.0,0.0,0.0,"[5.167966554829516, 2.5120949841741878]",[],"[0.0, 0.0]",[],"[10.687093730332093, 3.8771666260876607]"
140,0,1637,True,True,1.0,4.99,4,4,True,1,5,43.707193045455114,"[11.37579638425423, 8.938601648483788, 8.747110275572998, 14.645684737144098]",21.045805287727497,"[5.43656058985915, 4.486054642908677, 4.41137300747347, 6.711817047486198]",62.38319144036502,8.463323682000834,[8.463323682000834],28.329444661742357,4.300696235980325,24.329444661742357,3.3006962359803254,"[4.028607823166659, 5.678796752526167, 12.124870226643152, 6.497169859406377]",[4.300696235980325],"[3.0286078231666598, 4.678796752526167, 11.124870226643152, 5.497169859406377]",[3.3006962359803254],"[7.7656610850427175, 11.996914750067095, 28.52530827344398, 14.095307331811222]"
140,0,1638,True,False,,0.0,3,3,,0,3,25.833800019803725,"[16.934914391088533, 3.8501086955674575, 5.048776933147736]",13.075182007723454,"[7.604616612524528, 2.5015423912713084, 2.9690230039276173]",38.25922580436233,0.0,[],17.921098063701308,0.0,0.0,0.0,"[9.005943944045914, 5.266022873683656, 3.6491312459717395]",[],"[0.0, 0.0, 0.0]",[],"[20.52806139498952, 10.93852018893245, 6.792644220440358]"
140,0,1639,True,True,1.0,4.99,5,5,True,2,7,60.10349697579428,"[5.28668847325576, 7.727732330291277, 29.211924286675668, 11.36568980727733, 6.511462078294241]",28.44036382055977,"[3.0618085045697465, 4.013815608813598, 12.392650471803512, 5.432619024838159, 3.539470210534754]",63.4326923619057,24.0590959089857,"[11.018599609477242, 13.040496299508458]",29.738750021143225,11.383047404504424,24.738750021143225,9.383047404504424,"[8.65765245959194, 2.273021126599346, 3.2512683043625894, 6.9185768391076765, 8.638231291481672]","[5.297253847696124, 6.085793556808299]","[7.657652459591939, 1.2730211265993459, 2.2512683043625894, 5.9185768391076765, 7.638231291481672]","[4.297253847696124, 5.085793556808299]","[19.635006306645998, 3.2641567348701175, 5.772482831698947, 15.175838048994041, 19.585208439696594]"
140,0,1640,True,True,1.0,4.99,4,4,True,1,5,42.23587830893412,"[11.254297086316413, 15.993845382610074, 9.336055986853218, 5.651679853154409]",20.471992540484305,"[5.389175863663401, 7.237599699217929, 4.641061834872755, 3.2041551427302197]",46.22388473937275,9.962005705452857,[9.962005705452857],22.027315048355373,4.885182225126615,18.027315048355373,3.885182225126614,"[4.493578744797782, 4.7891752373774406, 6.136642989854943, 6.607918076325207]",[4.885182225126615],"[3.493578744797782, 3.78917523737744, 5.136642989854943, 5.607918076325207]",[3.885182225126614],"[8.95789421743021, 9.715833941993436, 13.170879461166521, 14.379277118782582]"
140,0,1641,True,False,,0.0,3,3,,0,3,24.52169296733924,"[3.9020066606527966, 15.5901340283759, 5.029552278310546]",12.563460257262303,"[2.5217825976545907, 7.080152271066601, 2.961525388541113]",29.657300374110054,0.0,[],14.566347145902922,0.0,0.0,0.0,"[6.43169507946624, 3.2258702242375805, 4.908781842199101]",[],"[0.0, 0.0, 0.0]",[],"[13.927423280682667, 5.70735954932713, 10.022517544100257]"
140,0,1642,True,True,1.0,4.99,5,5,True,3,8,30.019028823663074,"[6.315249392249891, 6.695886864961437, 4.137378795646287, 10.37051377080546, 2.5]",16.707421241228598,"[3.4629472629774574, 3.6113958773349606, 2.613577730302052, 5.044500370614129, 1.975]",49.1741331344582,32.78251418883611,"[14.14161393502743, 9.767662853674597, 8.873237400134085]",24.1779119224387,15.785180533646084,19.177911922438703,12.785180533646084,"[5.8404712501760425, 5.544780187743478, 2.790765229721928, 2.3577368111600747, 7.644158443637179]","[6.515229434660697, 4.8093885129330936, 4.460562586052293]","[4.8404712501760425, 4.544780187743478, 1.7907652297219283, 1.3577368111600747, 6.644158443637179]","[5.515229434660697, 3.809388512933093, 3.4605625860522933]","[12.411464744041133, 11.653282532675584, 4.591705717235714, 3.4813764388719863, 17.03630370163379]"
140,0,1643,True,True,1.0,4.99,5,5,True,2,7,53.626029915340894,"[9.85313481845371, 10.056857817450528, 10.905453329177982, 4.975729077433922, 17.834854872824753]",25.91415166698295,"[4.8427225791969475, 4.922174548805706, 5.253126798379413, 2.9405343401992297, 7.9555934004016535]",48.80346528769508,27.415583120151336,"[24.30447817942503, 3.1111049407263076]",24.033351462201082,12.692077416859021,19.033351462201082,10.692077416859021,"[4.573895403003234, 5.4037505853535, 5.025687533158564, 4.207812791955893, 4.822205148729893]","[10.478746489975762, 2.21333092688326]","[3.5738954030032337, 4.4037505853535, 4.025687533158564, 3.207812791955893, 3.8222051487298923]","[9.478746489975762, 1.21333092688326]","[9.163834366674958, 11.291668167573079, 10.3222757260476, 8.22516100501511, 9.80052602238434]"
140,0,1644,True,False,,0.0,1,1,,0,1,13.114333819733645,[13.114333819733645],6.114590189696122,[6.114590189696122],2.5,0.0,[],1.975,0.0,0.0,0.0,[1.975],[],[0.0],[],[2.5]
140,0,1645,True,False,,0.0,1,1,,0,1,2.5,[2.5],1.975,[1.975],7.318762128309482,0.0,[],3.854317230040698,0.0,0.0,0.0,[3.854317230040698],[],[0.0],[],[7.318762128309482]
140,0,1646,True,True,1.0,4.99,4,2,,2,6,14.625786314128273,"[5.265542235060675, 9.360244079067598]",7.704056662510027,"[3.0535614716736634, 4.650495190836363]",18.313083908669732,12.208233625273504,"[7.61123840314452, 4.596995222128985]",9.142102724381196,6.7612111138566675,7.142102724381196,4.761211113856667,"[4.311304461027746, 4.830798263353451]","[3.9683829772263626, 2.7928281366303045]","[3.311304461027746, 3.8307982633534503]","[2.9683829772263626, 1.7928281366303043]","[8.490524259045502, 9.822559649624232]"
140,0,1647,True,False,,0.0,3,3,,0,3,35.12225054767637,"[2.5, 17.604913445695832, 15.017337101980544]",16.697677713593787,"[1.975, 7.865916243821375, 6.856761469772413]",34.46766069334089,0.0,[],16.442387670402947,0.0,0.0,0.0,"[9.44705246420816, 3.416473982425556, 3.5788612237692323]",[],"[0.0, 0.0, 0.0]",[],"[21.659108882585024, 6.196087134424502, 6.612464676331365]"
140,0,1648,True,True,1.0,4.99,7,7,True,4,11,79.93986614735826,"[9.489845408294926, 5.72603288859116, 12.639240113357602, 17.24329466942734, 15.182347478302763, 10.985913791264036, 8.673191798120422]",38.176547797469716,"[4.701039709235021, 3.2331528265505525, 5.929303644209464, 7.724884921076662, 6.9211155165380776, 5.284506378592974, 4.382544801266965]",84.11591603744927,33.233985870358566,"[12.472990386383518, 6.492221015299866, 4.830242699430235, 9.438531769244944]",39.805207254605214,16.961254489439842,32.80520725460522,12.96125448943984,"[12.963786891961995, 3.096547526280095, 3.1584204075390843, 7.791249083368432, 4.464132381091845, 4.077718597892971, 4.253352366470797]","[5.864466250689572, 3.5319661959669477, 2.883794652777792, 4.681027390005529]","[11.963786891961995, 2.096547526280095, 2.1584204075390843, 6.791249083368432, 3.464132381091846, 3.0777185978929706, 3.2533523664707973]","[4.864466250689572, 2.5319661959669477, 1.8837946527777916, 3.6810273900055286]","[30.676376646056397, 5.37576288789768, 5.534411301382267, 17.413459188124182, 8.882390720748322, 7.891586148443515, 8.341929144796916]"
140,0,1649,True,True,1.0,4.99,5,5,True,5,10,40.36054901344012,"[5.6000839239399465, 2.5, 15.880606373288584, 6.6588903827236585, 9.72096833348793]",20.740614115241648,"[3.1840327303365794, 1.975, 7.193436485582548, 3.596967249262227, 4.791177650060293]",59.772878930035354,45.56419321764686,"[11.923924901781785, 15.258834618842771, 8.134623005437044, 5.087307163530681, 5.159503528054575]",28.311422782713787,22.770035354882275,23.311422782713787,17.770035354882275,"[5.045277570967751, 6.133838235201, 4.9747269964952245, 8.907207440981047, 3.2503725390687683]","[5.650330711694896, 6.950945501348681, 4.172502972120448, 2.9840497937769657, 3.0122063759412843]","[4.045277570967751, 5.133838235201, 3.9747269964952245, 7.907207440981046, 2.2503725390687683]","[4.650330711694896, 5.950945501348681, 3.1725029721204474, 1.9840497937769654, 2.0122063759412843]","[10.372506592225001, 13.163687782566667, 10.191607683321088, 20.274890874310373, 5.770185997612226]"
140,0,1650,True,False,,0.0,1,1,,0,1,2.530355451720582,[2.530355451720582],1.9868386261710271,[1.9868386261710271],7.8985416370966055,0.0,[],4.080431238467677,0.0,0.0,0.0,[4.080431238467677],[],[0.0],[],[7.8985416370966055]
140,0,1651,True,False,,0.0,3,3,,0,3,21.274232346081853,"[10.62314642409796, 4.155131754285958, 6.495954167697933]",11.296950614971923,"[5.143027105398205, 2.620501384171524, 3.533422125402194]",28.541283886726042,0.0,[],14.131100715823155,0.0,0.0,0.0,"[4.288997907950337, 5.256170088117197, 4.585932719755622]",[],"[0.0, 0.0, 0.0]",[],"[8.433327969103429, 10.913256636197941, 9.19469928142467]"
140,0,1652,True,False,,0.0,2,2,,0,2,25.140128393202936,"[10.940929230063785, 14.19919916313915]",11.804650073349144,"[5.266962399724877, 6.537687673624268]",27.41978707372791,0.0,[],12.693716958753885,0.0,0.0,0.0,"[3.7020152856430113, 8.991701673110875]",[],"[0.0, 0.0]",[],"[6.928244322161567, 20.491542751566342]"
140,0,1653,True,False,,0.0,3,3,,0,3,44.08944761880913,"[14.17672417971919, 6.575171099549593, 23.33755233954035]",20.194884571335564,"[6.528922430090485, 3.564316728824341, 10.101645412420735]",48.2481980229845,0.0,[],21.816797228963956,0.0,0.0,0.0,"[5.342515804527285, 10.02876500918162, 6.44551641525505]",[],"[0.0, 0.0, 0.0]",[],"[11.134655909044321, 23.150679510722103, 13.962862603218078]"
140,0,1654,True,False,,0.0,2,2,,0,2,26.32778983327936,"[6.488051686282825, 19.839738146996538]",12.267838034978952,"[3.530340157650302, 8.73749787732865]",19.256573270985562,0.0,[],9.51006357568437,0.0,0.0,0.0,"[5.864125399597926, 3.6459381760864438]",[],"[0.0, 0.0]",[],"[12.47211640922545, 6.784456861760112]"
140,0,1655,True,True,1.0,4.99,5,5,True,3,8,57.754947721438214,"[4.190600397457513, 9.155383280467237, 18.70772983363176, 15.295352283368779, 10.405881926512922]",27.5244296113609,"[2.63433415500843, 4.570599479382222, 8.296014635116386, 6.965187390513824, 5.05829395134004]",40.624007108218485,18.76640897417034,"[3.909013850553392, 6.06466808357307, 8.792727040043879]",20.843362772205207,10.318899499926435,15.843362772205209,7.318899499926433,"[4.606427351431664, 6.261739047566246, 4.455516226899856, 3.362350262940083, 2.157329883367358]","[2.524515401715823, 3.3652205525934975, 4.429163545617113]","[3.6064273514316647, 5.261739047566246, 3.4555162268998556, 2.362350262940083, 1.1573298833673582]","[1.524515401715823, 2.3652205525934975, 3.429163545617113]","[9.24724961905555, 13.491638583503196, 8.860298017691937, 6.057308366513034, 2.9675125214547644]"
140,0,1656,True,False,,0.0,1,1,,0,1,8.955661540699387,[8.955661540699387],4.492708000872761,[4.492708000872761],22.31426166658526,0.0,[],9.702562049968252,0.0,0.0,0.0,[9.702562049968252],[],[0.0],[],[22.31426166658526]
140,0,1657,True,False,,0.0,1,1,,0,1,9.920419544384131,[9.920419544384131],4.868963622309812,[4.868963622309812],16.185739995777954,0.0,[],7.312438598353403,0.0,0.0,0.0,[7.312438598353403],[],[0.0],[],[16.185739995777954]
140,0,1658,True,True,1.0,4.99,4,6,,3,7,49.146134192864565,"[13.513881317211833, 4.115358664236588, 8.050529669698099, 4.063825871843117, 8.008447617762165, 11.394091052112756]",25.16699233521718,"[6.270413713712615, 2.6049898790522694, 4.139706571182259, 2.5848920900188155, 4.123294570927245, 5.443695510323975]",50.349401462321985,23.498449525531118,"[7.746617086702075, 10.670966917824625, 5.080865521004416]",25.636266570305576,12.164395314957137,19.636266570305576,9.164395314957137,"[3.6224166878207424, 8.063317406213567, 1.975, 5.651471060798398, 4.000511792727362, 2.323549622745506]","[4.0211806638138095, 5.161677097951604, 2.981537553191722]","[2.6224166878207424, 7.063317406213566, 0.9750000000000001, 4.651471060798398, 3.0005117927273623, 1.3235496227455061]","[3.0211806638138095, 4.161677097951604, 1.9815375531917223]","[6.724145353386518, 18.111070272342477, 2.5, 11.926848873842047, 7.693619981352211, 3.3937169813987333]"
140,0,1659,True,True,1.0,4.99,7,2,,2,9,9.486444972470057,"[4.347684044872987, 5.138760927597069]",5.699713539263322,"[2.695596777500465, 3.004116761762857]",21.59813272973448,19.700409466048004,"[10.615718696812541, 9.084690769235463]",10.423271764596446,9.683159691758721,8.423271764596446,7.683159691758722,"[6.168678023056622, 4.254593741539825]","[5.140130291756892, 4.5430294000018305]","[5.168678023056622, 3.254593741539825]","[4.140130291756892, 3.5430294000018305]","[13.253020571940056, 8.345112157794423]"
140,0,1660,True,False,,0.0,3,3,,0,3,22.199668970239685,"[11.625810529042832, 5.343411568216292, 5.230446872980563]",11.65787089839348,"[5.534066106326705, 3.083930511604354, 3.0398742804624197]",16.489389110389265,0.0,[],9.430861753051813,0.0,0.0,0.0,"[2.4551352657592784, 3.4631260159283084, 3.512600471364227]",[],"[0.0, 0.0, 0.0]",[],"[3.731116066049432, 6.315707733149508, 6.442565311190326]"
140,0,1661,True,False,,0.0,3,3,,0,3,22.216599229925528,"[11.745525432226653, 3.502633571338368, 6.9684402263605065]",11.664473699670957,"[5.580754918568395, 2.3660270928219633, 3.7176916882805977]",46.70497338341732,0.0,[],21.214939619532757,0.0,0.0,0.0,"[3.988549345424866, 12.566366283676816, 4.660023990431075]",[],"[0.0, 0.0, 0.0]",[],"[7.662947039550938, 29.657349445325167, 9.384676898541215]"
140,0,1662,True,True,1.0,4.99,4,4,True,1,5,38.398222286896804,"[11.120944467387474, 10.190260463128627, 12.387751822322278, 4.699265534058424]",18.97530669188975,"[5.337168342281115, 4.974201580620164, 5.831223210705688, 2.8327135582827854]",32.97367432112366,7.8202942523781305,[7.8202942523781305],16.859732985238225,4.049914758427471,12.859732985238228,3.049914758427471,"[7.157272671480303, 2.4576413950419758, 2.6079671995282148, 4.636851719187733]",[4.049914758427471],"[6.157272671480303, 1.457641395041976, 1.607967199528215, 3.636851719187733]",[3.049914758427471],"[15.78787864482129, 3.737542038569169, 4.122992819303115, 9.325260818430085]"
140,0,1663,True,False,,0.0,2,2,,0,2,16.50293092545393,"[5.101839005498736, 11.401091919955196]",8.436143060927034,"[2.989717212144507, 5.446425848782527]",12.929210380885834,0.0,[],7.042392048545475,0.0,0.0,0.0,"[2.8354229430755757, 4.206969105469899]",[],"[0.0, 0.0]",[],"[4.706212674552758, 8.222997706333075]"
140,0,1664,True,True,1.0,4.99,5,5,True,3,8,46.854476482229686,"[12.842294571264938, 14.100078326835366, 5.941082955324226, 6.437630354996478, 7.533390273808677]",23.273245828069577,"[6.008494882793326, 6.499030547465793, 3.317022352576448, 3.5106758384486265, 3.938022206785384]",39.81088616557528,19.86315032859576,"[6.293534564444691, 5.933599143699636, 7.636016620451433]",20.52624560457436,10.746628628152347,15.52624560457436,7.746628628152346,"[1.975, 3.8528732727701662, 5.022119501437306, 2.239671832968334, 7.436580997398554]","[3.45447848013343, 3.314103666042858, 3.978046481976059]","[0.9750000000000001, 2.8528732727701662, 4.022119501437306, 1.239671832968334, 6.436580997398554]","[2.45447848013343, 2.314103666042858, 2.978046481976059]","[2.5, 7.315059673769657, 10.313126926762322, 3.178645725559831, 16.504053839483472]"
140,0,1665,True,False,,0.0,3,3,,0,3,30.637806678054986,"[16.06222783123697, 2.5, 12.075578846818017]",14.948744604441444,"[7.2642688541824185, 1.975, 5.709475750259027]",33.05173300058041,0.0,[],15.890175870226361,0.0,0.0,0.0,"[8.467938832515376, 4.511025312116461, 2.9112117255945247]",[],"[0.0, 0.0, 0.0]",[],"[19.148561109013784, 9.002629005426822, 4.900542886139807]"
140,0,1666,True,True,1.0,4.99,4,4,True,1,5,28.880527323274254,"[7.846547495893354, 4.549454089382233, 8.336042227133126, 8.148483510865542]",15.263405656076962,"[4.060153523398409, 2.774287094859071, 4.251056468581919, 4.1779085692375615]",41.34241655129412,4.642155800975713,[4.642155800975713],20.12354245500471,2.8104407623805283,16.12354245500471,1.810440762380528,"[4.942890537984221, 10.95040059375433, 2.030741802786373, 2.1995095204797854]",[2.8104407623805283],"[3.9428905379842205, 9.95040059375433, 1.0307418027863728, 1.1995095204797852]",[1.810440762380528],"[10.109975738421078, 25.513847676293153, 2.6429276994522377, 3.0756654371276544]"
140,0,1667,True,False,,0.0,2,2,,0,2,10.66716328222405,"[6.993579767849145, 3.6735835143749065]",6.16019368006738,"[3.7274961094611667, 2.4326975706062135]",32.01645908839151,0.0,[],14.486419044472688,0.0,0.0,0.0,"[7.646255724018995, 6.840163320453693]",[],"[0.0, 0.0]",[],"[17.041681343638448, 14.974777744753059]"
140,0,1668,True,True,1.0,4.99,4,4,True,4,8,57.5548529265456,"[19.87902550091425, 18.293841530356726, 5.9765513274112045, 13.405434567863416]",26.44639264135278,"[8.752819945356556, 8.134598196839123, 3.3308550176903697, 6.228119481466733]",14.251172569309276,39.76147536521771,"[6.536201393204662, 5.350741884744463, 10.662272775534648, 17.212259311733938]",9.557957302030617,19.506975392434907,5.557957302030617,15.506975392434907,"[1.975, 2.4998418973494365, 2.7102876184058022, 2.3728277862753786]","[3.549118543349818, 3.0867893350503404, 5.158286382458512, 7.712781131576236]","[0.9750000000000001, 1.4998418973494365, 1.7102876184058025, 1.3728277862753786]","[2.549118543349818, 2.0867893350503404, 4.158286382458512, 6.712781131576236]","[2.5, 3.8457484547421448, 4.385352867707185, 3.520071246859945]"
140,0,1669,True,False,,0.0,3,3,,0,3,36.23236176413792,"[5.756640036012826, 14.504013272425642, 15.971708455699456]",17.13062108801379,"[3.245089614045002, 6.6565651762460005, 7.228966297722788]",31.876916565597142,0.0,[],15.431997460582886,0.0,0.0,0.0,"[2.9757291415409215, 7.481767177029263, 4.974501142012702]",[],"[0.0, 0.0, 0.0]",[],"[5.065972157797234, 16.61991583853657, 10.191028569263338]"
140,0,1670,True,False,,0.0,2,2,,0,2,23.62639425271683,"[16.04019963014022, 7.586194622576611]",11.214293758559563,"[7.255677855754685, 3.9586159028048784]",21.556530536947154,0.0,[],10.407046909409392,0.0,0.0,0.0,"[6.080638835463992, 4.326408073945399]",[],"[0.0, 0.0]",[],"[13.027279065292285, 8.529251471654868]"
140,0,1671,True,True,1.0,4.99,7,7,True,3,10,65.71722256225843,"[3.0519831983886454, 9.505621349275325, 16.919499685879686, 11.681317587286172, 16.666597923055235, 2.7761965135463336, 5.116006304827035]",32.629716799280786,"[2.1902734473715717, 4.707192326217377, 7.598604877493077, 5.5557138590416075, 7.499973189991542, 2.08271664028307, 2.9952424588825437]",74.73478413396413,32.623399935344096,"[13.23590827338374, 15.07844307996401, 4.30904858199634]",36.146565812246,15.723125974784196,29.14656581224601,12.723125974784196,"[3.0962253510443984, 7.417295433322826, 3.0629837961183894, 4.896965675234455, 6.455875381301775, 7.935694920889376, 3.2815252543347904]","[6.162004226619659, 6.880592801185965, 2.6805289469785727]","[2.0962253510443984, 6.417295433322826, 2.0629837961183894, 3.8969656752344553, 5.455875381301775, 6.935694920889376, 2.2815252543347904]","[5.162004226619659, 5.880592801185965, 1.6805289469785725]","[5.37493679754974, 16.454603675186732, 5.289702041329203, 9.992219680088347, 13.989424054619935, 17.78383313048558, 5.85006475470459]"
140,0,1672,True,True,1.0,4.99,6,6,True,0,6,38.55410622891759,"[5.380543340073437, 2.5, 11.207434456578762, 4.356387930951107, 12.228646202560585, 2.8810942987537014]",21.036101429277863,"[3.0984119026286407, 1.975, 5.370899438065718, 2.698991293070932, 5.769172018998628, 2.1236267765139436]",46.47805042927659,0.0,[],24.126439667417873,0.0,18.126439667417877,0.0,"[4.387047722756937, 4.499808451173283, 3.602808669435356, 3.698255200021257, 2.3714691324851698, 5.567050491545871]",[],"[3.387047722756937, 3.499808451173284, 2.602808669435356, 2.698255200021257, 1.3714691324851696, 4.567050491545871]",[],"[8.684737750658812, 8.97386782352124, 6.673868383167579, 6.918603076977582, 3.516587519192742, 11.710385875758643]"
140,0,1673,True,True,1.0,4.99,5,5,True,4,9,44.86240329434102,"[13.26388870937688, 6.6733448860072775, 4.330681260149457, 12.665958435475936, 7.928530003331478]",22.496337284793,"[6.172916596656983, 3.602604505542838, 2.6889656914582885, 5.939723789835615, 4.092126701299277]",59.09839664670164,32.86530445503618,"[7.768636692182423, 5.840309773811388, 6.975940870517252, 12.28041711852512]",28.048374692213635,16.81746873746411,23.048374692213635,12.817468737464111,"[2.748831374568664, 6.854613120580601, 6.275183441879141, 4.7982000764333055, 7.371546678751926]","[4.0297683099511445, 3.277720811786441, 3.720616939501728, 5.789362676224797]","[1.7488313745686639, 5.854613120580601, 5.275183441879141, 3.7982000764333055, 6.371546678751926]","[3.029768309951145, 2.277720811786441, 2.720616939501728, 4.789362676224797]","[4.4841830117145225, 15.011828514309233, 13.526111389433693, 9.738974554957194, 16.33729917628699]"
140,0,1674,True,True,1.0,4.99,4,4,True,2,6,33.562886843344465,"[11.44690669561062, 6.232771698515726, 13.38320844921812, 2.5]",17.089525868904342,"[5.464293611288142, 3.430780962421133, 6.219451295195067, 1.975]",36.26164245155982,25.729236832808752,"[11.394726113273839, 14.334510719534912]",18.14204055610833,12.034402364795412,14.14204055610833,10.034402364795412,"[3.028701494360526, 4.089206069198743, 4.537937928639954, 6.486195063909109]","[5.443943184176797, 6.590459180618615]","[2.028701494360526, 3.0892060691987426, 3.537937928639954, 5.486195063909109]","[4.443943184176797, 5.590459180618615]","[5.201798703488528, 7.921041203073699, 9.07163571446142, 14.067166830536175]"
140,0,1675,True,False,,0.0,1,1,,0,1,14.65322836324304,[14.65322836324304],6.714759061664785,[6.714759061664785],11.470820398910426,0.0,[],5.473619955575066,0.0,0.0,0.0,[5.473619955575066],[],[0.0],[],[11.470820398910426]
140,0,1676,True,True,1.0,4.99,4,4,True,1,5,59.96745970283533,"[15.100542885134757, 14.554329554157404, 15.65113195904366, 14.661455304499505]",27.38730928410578,"[6.889211725202555, 6.676188526121388, 7.103941464027027, 6.7179675687548075]",28.21378771364998,5.023902007380342,[5.023902007380342],15.003377208323494,2.959321782878334,11.003377208323494,1.9593217828783336,"[3.008752789275739, 3.6427075030267053, 4.422890105034872, 3.9290268109861786]",[2.959321782878334],"[2.008752789275739, 2.6427075030267053, 3.4228901050348717, 2.9290268109861786]",[1.9593217828783336],"[5.150648177630099, 6.776173084683859, 8.776641294961209, 7.510325156374816]"
140,0,1677,True,False,,0.0,3,3,,0,3,20.345092891280053,"[3.023897193928858, 6.05357757998047, 11.267618117370723]",10.93458622759922,"[2.179319905632255, 3.360895256192383, 5.394371065774583]",29.515858869836883,0.0,[],14.511184959236385,0.0,0.0,0.0,"[5.6675789662695735, 5.073355947172028, 3.770250045794783]",[],"[0.0, 0.0, 0.0]",[],"[11.968151195563008, 10.444502428646226, 7.103205245627649]"
140,0,1678,True,True,1.0,4.99,4,4,True,1,5,33.04707117583009,"[9.99179009359443, 8.118204633067434, 3.990462779874697, 10.946613669293528]",16.888357758573733,"[4.896798136501827, 4.166099806896299, 2.5562804841511317, 5.2691793310244766]",29.962355927798036,5.261690205934568,[5.261690205934568],15.685318811841235,3.0520591803144814,11.685318811841235,2.0520591803144814,"[2.462479883035992, 5.386922815504234, 5.5150659653106135, 2.3208501479903956]",[3.0520591803144814],"[1.4624798830359922, 4.386922815504234, 4.5150659653106135, 1.3208501479903956]",[2.0520591803144814],"[3.749948418041005, 11.248520039754446, 11.577092218745163, 3.3867952512574244]"
140,0,1679,True,True,1.0,4.99,4,4,True,2,6,27.94109351119728,"[14.344118180284807, 5.177816636945249, 2.971737472198156, 5.447421221769066]",14.897026469366937,"[6.594206090311075, 3.0193484884086472, 2.1589776141572807, 3.1244942764899357]",36.470993133685255,19.597554895519824,"[8.987852842985165, 10.60970205253466]",18.223687322137252,9.643046409252731,14.22368732213725,7.643046409252731,"[4.424587940339496, 7.003374410329827, 4.820724971467928, 1.975]","[4.505262608764214, 5.137783800488517]","[3.4245879403394963, 6.003374410329827, 3.8207249714679277, 0.9750000000000001]","[3.5052626087642142, 4.137783800488517]","[8.78099471881922, 15.393267718794428, 9.79673069607161, 2.5]"
140,0,1680,True,True,1.0,4.99,7,7,True,0,7,77.45394966935545,"[7.028274558410491, 28.726561808910503, 10.614385697044533, 15.700448875727687, 10.384278729262247, 2.5, 2.5]",37.207040371048635,"[3.7410270777800916, 12.203359105475096, 5.139610421847368, 7.123175061533798, 5.049868704412276, 1.975, 1.975]",88.0851564922422,0.0,[],41.35321103197447,0.0,34.35321103197447,0.0,"[5.660902268597183, 3.587330078214771, 5.7182956352172, 7.789621506159936, 9.80386206718108, 4.246567955143737, 4.54663152146056]",[],"[4.660902268597183, 2.587330078214771, 4.7182956352172, 6.789621506159936, 8.80386206718108, 3.2465679551437376, 3.5466315214605597]",[],"[11.951031457941493, 6.634179687730181, 12.098193936454358, 17.409285913230605, 22.574005300464307, 8.324533218317276, 9.093926978104]"
140,0,1681,True,True,1.0,4.99,4,4,True,3,7,33.00708820801566,"[7.704482861016206, 14.601735678669042, 8.090877250701737, 2.609992417628678]",16.87276440112611,"[4.00474831579632, 6.694676914680927, 4.155442127773678, 2.0178970428751843]",25.70959348218258,17.092131108177327,"[3.5918193862188588, 6.753119601947018, 6.74719212001145]",14.026741458051207,9.665931132189158,10.026741458051205,6.665931132189158,"[4.016909072354317, 3.225070255817281, 4.8097621298796085, 1.975]","[2.4008095606253548, 3.633716644759337, 3.6314049268044655]","[3.0169090723543173, 2.225070255817281, 3.809762129879608, 0.9750000000000001]","[1.400809560625355, 2.633716644759337, 2.6314049268044655]","[7.7356642880879924, 5.705308348249438, 9.768620845845149, 2.5]"
140,0,1682,True,False,,0.0,1,1,,0,1,14.655551218397534,[14.655551218397534],6.715664975175039,[6.715664975175039],6.791206906666621,0.0,[],3.648570693599982,0.0,0.0,0.0,[3.648570693599982],[],[0.0],[],[6.791206906666621]
140,0,1683,True,False,,0.0,3,3,,0,3,25.63323177304504,"[12.224727269773055, 3.751928582936691, 9.656575920335293]",12.996960391487566,"[5.767643635211492, 2.4632521473453095, 4.766064608930764]",20.66639785734326,0.0,[],11.059895164363871,0.0,0.0,0.0,"[4.586950192434766, 2.3831465103593326, 4.089798461569773]",[],"[0.0, 0.0, 0.0]",[],"[9.197308185730169, 3.546529513741879, 7.922560157871212]"
140,0,1684,True,False,,0.0,1,1,,0,1,11.351205727096518,[11.351205727096518],5.426970233567642,[5.426970233567642],7.945439628081843,0.0,[],4.098721454951919,0.0,0.0,0.0,[4.098721454951919],[],[0.0],[],[7.945439628081843]
140,0,1685,True,False,,0.0,3,3,,0,3,25.92448114211884,"[5.237902368761849, 13.171251336796667, 7.515327436560323]",13.110547645426347,"[3.042781923817121, 6.1367880213507, 3.930977700258526]",39.08665058321248,0.0,[],18.243793727452868,0.0,0.0,0.0,"[4.784736727869694, 1.975, 11.484056999583176]",[],"[0.0, 0.0, 0.0]",[],"[9.704453148383829, 2.5, 26.882197434828655]"
140,0,1686,True,True,1.0,4.99,4,4,True,0,4,36.3863595389784,"[8.09028528378315, 6.343671716401387, 14.178730794430686, 7.773671744363174]",18.190680220201575,"[4.155211260675428, 3.474031969396541, 6.529705009827968, 4.031731980301638]",46.61885182015042,0.0,[],22.181352209858666,0.0,18.181352209858666,0.0,"[3.065629878451689, 3.3811409026428914, 8.744248035337344, 6.99033339342674]",[],"[2.065629878451689, 2.3811409026428914, 7.744248035337344, 5.99033339342674]",[],"[5.296486867824844, 6.1054894939561315, 19.85704624445473, 15.359829213914717]"
140,0,1687,True,False,,0.0,3,3,,0,3,21.869183059600807,"[16.10962208234423, 2.5, 3.2595609772565766]",11.528981393244315,"[7.28275261211425, 1.975, 2.271228781130065]",16.731658112765743,0.0,[],9.52534666397864,0.0,0.0,0.0,"[3.595532130682658, 3.0282197816126564, 2.9015947516833256]",[],"[0.0, 0.0, 0.0]",[],"[6.6552105914939945, 5.200563542596554, 4.875883978675194]"
140,0,1688,True,False,,0.0,1,1,,0,1,5.504378978681229,[5.504378978681229],3.1467078016856793,[3.1467078016856793],12.280249958955393,0.0,[],5.789297483992604,0.0,0.0,0.0,[5.789297483992604],[],[0.0],[],[12.280249958955393]
140,0,1689,True,True,1.0,4.99,4,4,True,3,7,28.537902177111963,"[16.44774235802215, 3.546585299031216, 3.9645910992836004, 4.578983420774992]",15.129781849073664,"[7.414619519628639, 2.3831682666221745, 2.5461905287206044, 2.785803534102247]",66.37637198949054,40.177102742720905,"[12.706933992825899, 12.222016637397397, 15.248152112497603]",29.88678507590131,18.66907006966115,25.88678507590131,15.66907006966115,"[8.168827245392606, 7.996912342932517, 8.264975608980038, 5.456069878596149]","[5.9557042572021, 5.766586488584985, 6.946779323874066]","[7.168827245392607, 6.996912342932517, 7.264975608980037, 4.456069878596149]","[4.9557042572021, 4.766586488584985, 5.946779323874066]","[18.381608321519504, 17.940800879314146, 18.6281425871283, 11.425820201528587]"
140,0,1690,True,False,,0.0,3,3,,0,3,26.521550247552458,"[7.339611124634375, 14.951357120137311, 4.23058200278077]",13.343404596545458,"[3.8624483386074067, 6.831029276853552, 2.6499269810845005]",21.505607223879455,0.0,[],11.387186817312987,0.0,0.0,0.0,"[6.022606840306761, 2.113767745713411, 3.2508122312928167]",[],"[0.0, 0.0, 0.0]",[],"[12.878479077709642, 2.8558147325984895, 5.771313413571325]"
140,0,1691,True,False,,0.0,3,3,,0,3,27.87296952375126,"[3.862676216527852, 8.900387015823071, 15.109906291400335]",13.870458114262991,"[2.5064437244458624, 4.471150936170998, 6.892863453646131]",20.028839963927627,0.0,[],10.811247585931774,0.0,0.0,0.0,"[3.5526565408638393, 3.532493299314474, 3.726097745753461]",[],"[0.0, 0.0, 0.0]",[],"[6.545273181702152, 6.493572562344806, 6.989994219880669]"
140,0,1692,True,False,,0.0,2,2,,0,2,24.215250804752237,"[15.945418587340612, 8.269832217411624]",11.443947813853372,"[7.218713249062839, 4.225234564790533]",27.720330254662198,0.0,[],12.810928799318258,0.0,0.0,0.0,"[6.288242261907787, 6.52268653741047]",[],"[0.0, 0.0]",[],"[13.5595955433533, 14.160734711308898]"
140,0,1693,True,False,,0.0,2,2,,0,2,11.984361310776073,"[8.092721725041983, 3.891639585734091]",6.6739009112026695,"[4.156161472766374, 2.517739438436296]",19.251804287556205,0.0,[],9.50820367214692,0.0,0.0,0.0,"[4.833482866066222, 4.674720806080698]",[],"[0.0, 0.0]",[],"[9.829443246323647, 9.422361041232557]"
140,0,1694,True,True,1.0,4.99,4,4,True,2,6,33.39233345387784,"[8.682214436977171, 8.406457461207115, 8.784079850206203, 7.519581705487351]",17.023010047012356,"[4.386063630421097, 4.278518409870775, 4.425791141580419, 3.9326368651400667]",39.52452882417394,11.899438728295635,"[6.30180747824618, 5.597631250049456]",19.414566241427835,6.640781104035298,15.41456624142784,4.640781104035298,"[4.9792506799820515, 5.190090231678117, 2.9025755612491446, 6.342649768518525]","[3.4577049165160103, 3.183076187519288]","[3.979250679982052, 4.190090231678117, 1.9025755612491446, 5.342649768518525]","[2.4577049165160103, 2.183076187519288]","[10.20320687174885, 10.743821106866967, 4.8783988749978064, 13.69910197056032]"
140,0,1695,True,True,1.0,4.99,5,5,True,2,7,56.57105658327263,"[5.559901172455921, 11.963353306890717, 5.698120569932494, 10.873061055377242, 22.476620478616255]",27.062712067476326,"[3.168361457257809, 5.66570778968738, 3.2222670222736727, 5.2404938115971245, 9.76588198666034]",55.25277806345381,8.253401840224127,"[5.488268532741506, 2.765133307482621]",26.54858344474699,5.21882671768741,21.54858344474699,3.21882671768741,"[4.623807057757233, 4.77707455658116, 5.453196389965981, 6.580874737472626, 5.113630702969987]","[3.1404247277691875, 2.0784019899182224]","[3.623807057757233, 3.7770745565811596, 4.453196389965981, 5.580874737472626, 4.113630702969987]","[2.1404247277691875, 1.0784019899182222]","[9.291812968608289, 9.684806555336307, 11.418452281964054, 14.309935224288783, 10.547771033256376]"
140,0,1696,True,False,,0.0,1,1,,0,1,12.80066915769595,[12.80066915769595],5.992260971501421,[5.992260971501421],11.137645504387846,0.0,[],5.34368174671126,0.0,0.0,0.0,[5.34368174671126],[],[0.0],[],[11.137645504387846]
140,0,1697,True,True,1.0,4.99,5,5,True,0,5,50.43197478507535,"[15.928021797652162, 10.156359474475131, 9.71920266060772, 7.560128749408682, 7.06826210293165]",24.668470166179382,"[7.211928501084343, 4.960980195045302, 4.790489037637011, 3.9484502122693863, 3.7566222201433437]",62.86301882542413,0.0,[],29.516577341915408,0.0,24.516577341915408,0.0,"[4.2518937215689325, 6.260053967536131, 5.639243078685922, 3.753344311447392, 9.612042262677031]",[],"[3.2518937215689325, 5.260053967536131, 4.639243078685922, 2.753344311447392, 8.612042262677031]",[],"[8.33818902966393, 13.487317865477259, 11.895495073553647, 7.059857208839467, 22.082159647889824]"
140,0,1698,True,True,1.0,4.99,6,6,True,0,6,42.38447285975511,"[15.843404620491633, 2.7752638390263566, 4.748785441437886, 9.549471186176124, 3.2369064753525567, 6.230641297270555]",22.529944415304495,"[7.178927801991737, 2.082352897220279, 2.852026322160776, 4.7242937626086885, 2.2623935253874974, 3.4299501059355166]",32.04665199812979,0.0,[],18.498194279270614,0.0,12.498194279270617,0.0,"[3.78726369619571, 2.6019431386741023, 3.491698239053845, 2.1423108418068226, 3.4788373076686443, 2.996141055871492]",[],"[2.78726369619571, 1.6019431386741023, 2.491698239053845, 1.1423108418068229, 2.4788373076686443, 1.996141055871492]",[],"[7.1468299902454095, 4.107546509420775, 6.388969843727808, 2.9290021584790327, 6.355993096586267, 5.118310399670492]"
140,0,1699,True,True,1.0,4.99,6,6,True,2,8,55.386537217950426,"[8.717189611787772, 14.828549546287093, 16.379645677880696, 6.232001289665406, 6.108855748285023, 3.120295344044438]",27.60074951500067,"[4.399703948597232, 6.783134323051966, 7.388061814373471, 3.4304805029695085, 3.382453741831159, 2.216915184177331]",63.85106410734505,36.41814965608695,"[22.21032726396841, 14.207822392118544]",30.901915001864573,16.203078365873914,24.901915001864573,14.203078365873912,"[3.0155817005143777, 5.4419588948575575, 4.316124927022171, 8.257126393019231, 1.975, 7.896123086451232]","[9.66202763294768, 6.541050732926232]","[2.0155817005143777, 4.4419588948575575, 3.316124927022171, 7.257126393019231, 0.9750000000000001, 6.896123086451232]","[8.66202763294768, 5.541050732926232]","[5.168158206447122, 11.389638191942455, 8.502884428261977, 18.608016392357, 2.5, 17.682366888336492]"
140,0,1700,True,False,,0.0,3,3,,0,3,21.663573149595514,"[4.991074893046907, 3.6097049567099257, 13.062793299838681]",11.44879352834225,"[2.9465192082882936, 2.4077849331168713, 6.094489386937086]",35.92099285489316,0.0,[],17.00918721340833,0.0,0.0,0.0,"[2.768280503063183, 2.6667721406722067, 11.574134569672943]",[],"[0.0, 0.0, 0.0]",[],"[4.53405257195688, 4.273774719672325, 27.113165563263955]"
140,0,1701,True,False,,0.0,2,2,,0,2,15.48016827598142,"[4.758780541858056, 10.721387734123363]",8.037265627632753,"[2.855924411324642, 5.181341216308112]",18.584081457050818,0.0,[],9.247791768249819,0.0,0.0,0.0,"[4.597597422420733, 4.650194345829085]",[],"[0.0, 0.0]",[],"[9.224608775437778, 9.35947268161304]"
140,0,1702,True,False,,0.0,2,2,,0,2,21.582501806322384,"[11.038454022477046, 10.544047783845336]",10.41717570446573,"[5.304997068766048, 5.1121786356996815]",9.738644563946572,0.0,[],5.798071379939163,0.0,0.0,0.0,"[3.096368287694996, 2.7017030922441676]",[],"[0.0, 0.0]",[],"[5.375303301782041, 4.363341262164532]"
140,0,1703,True,True,1.0,4.99,6,6,True,1,7,61.49313363900506,"[9.222359869418, 12.202165407988922, 10.704980752948993, 4.80025589796735, 12.604981621955657, 11.95839008872614]",29.982322119211975,"[4.596720349073021, 5.758844509115679, 5.174942493650107, 2.8720998002072666, 5.915942832562706, 5.663772134603195]",42.73043536288498,4.863816774922183,[4.863816774922183],22.664869791525142,2.8968885422196515,16.664869791525142,1.8968885422196515,"[3.8068793561822836, 2.784928555857514, 2.3894604650927596, 7.116944992726155, 3.3673629734908324, 3.1992934481755975]",[2.8968885422196515],"[2.8068793561822836, 1.784928555857514, 1.3894604650927596, 6.116944992726155, 2.3673629734908324, 2.1992934481755975]",[1.8968885422196515],"[7.197126554313548, 4.5767398868141385, 3.5627191412634858, 15.684474340323474, 6.070161470489314, 5.639213969681019]"
140,0,1704,True,False,,0.0,2,2,,0,2,12.584023778395014,"[10.084023778395014, 2.5]",6.907769273574056,"[4.932769273574056, 1.975]",16.790837071084013,0.0,[],8.548426457722766,0.0,0.0,0.0,"[1.975, 6.573426457722765]",[],"[0.0, 0.0]",[],"[2.5, 14.290837071084013]"
140,0,1705,True,False,,0.0,3,3,,0,3,26.71298896000108,"[7.431816451432195, 7.681680984758114, 11.599491523810771]",13.418065694400422,"[3.8984084160585564, 3.9958555840556644, 5.523801694286201]",43.430367720505636,0.0,[],19.937843410997196,0.0,0.0,0.0,"[5.683713437345568, 7.836882441701508, 6.417247531950123]",[],"[0.0, 0.0, 0.0]",[],"[12.009521634219404, 17.530467799234636, 13.890378287051597]"
140,0,1706,True,False,,0.0,1,1,,0,1,10.742764117071284,[10.742764117071284],5.189678005657801,[5.189678005657801],18.352231555752635,0.0,[],8.157370306743527,0.0,0.0,0.0,[8.157370306743527],[],[0.0],[],[18.352231555752635]
140,0,1707,True,False,,0.0,3,3,,0,3,18.294789721171178,"[7.8185756952100265, 7.955781707872461, 2.520432318088692]",10.134967991256762,"[4.049244521131911, 4.10275486607026, 1.98296860405459]",26.446153707162264,0.0,[],13.313999945793283,0.0,0.0,0.0,"[3.5744553015685354, 3.9607023277831663, 5.778842316441581]",[],"[0.0, 0.0, 0.0]",[],"[6.601167439919322, 7.591544430213246, 12.253441837029696]"
140,0,1708,True,False,,0.0,2,2,,0,2,21.995558711828618,"[15.3878660705225, 6.607692641306118]",10.578267897613161,"[7.0012677675037756, 3.577000130109386]",10.098559947143627,0.0,[],5.938438379386016,0.0,0.0,0.0,"[3.283256222707976, 2.6551821566780394]",[],"[0.0, 0.0]",[],"[5.854503135148656, 4.244056811994972]"
140,0,1709,True,False,,0.0,1,1,,0,1,7.348444248342836,[7.348444248342836],3.865893256853706,[3.865893256853706],6.884893149398072,0.0,[],3.685108328265248,0.0,0.0,0.0,[3.685108328265248],[],[0.0],[],[6.884893149398072]
140,0,1710,True,False,,0.0,3,3,,0,3,29.814542137166804,"[16.682792602480383, 2.5, 10.63174953468642]",14.627671433495053,"[7.506289114967349, 1.975, 5.146382318527704]",34.015275559919814,0.0,[],16.26595746836873,0.0,0.0,0.0,"[9.113015095917705, 3.411142993932761, 3.7417993785182637]",[],"[0.0, 0.0, 0.0]",[],"[20.802602810045396, 6.182417933160925, 7.030254816713496]"
140,0,1711,True,False,,0.0,2,2,,0,2,14.474748745330157,"[5.998517695061518, 8.47623105026864]",7.645152010678761,"[3.339421901073992, 4.305730109604769]",17.164034301593244,0.0,[],8.693973377621365,0.0,0.0,0.0,"[5.062164819016731, 3.6318085586046345]",[],"[0.0, 0.0]",[],"[10.415807228248028, 6.748227073345216]"
140,0,1712,True,False,,0.0,2,2,,0,2,17.526044165477607,"[6.894534300394965, 10.631509865082643]",8.835157224536268,"[3.6888683771540363, 5.146288847382231]",13.880246935878333,0.0,[],7.413296304992549,0.0,0.0,0.0,"[5.023678695636973, 2.389617609355576]",[],"[0.0, 0.0]",[],"[10.317124860607624, 3.5631220752707087]"
140,0,1713,True,False,,0.0,3,3,,0,3,34.63563058098599,"[7.15444544197571, 3.410244133091454, 24.070941005918822]",16.507895926584535,"[3.790233722370527, 2.329995211905667, 10.387666992308342]",28.924820829589713,0.0,[],14.280680123539987,0.0,0.0,0.0,"[4.869678778591069, 5.300489560759468, 4.110511784189451]",[],"[0.0, 0.0, 0.0]",[],"[9.92225327843864, 11.02689630963966, 7.975671241511413]"
140,0,1714,True,False,,0.0,1,1,,0,1,9.647784819377225,[9.647784819377225],4.762636079557118,[4.762636079557118],2.5,0.0,[],1.975,0.0,0.0,0.0,[1.975],[],[0.0],[],[2.5]
140,0,1715,True,False,,0.0,3,3,,0,3,15.395977029961609,"[3.830517464827013, 4.058184472562247, 7.507275092572349]",9.004431041685027,"[2.493901811282535, 2.5826919442992766, 3.927837286103216]",24.56961812938427,0.0,[],12.582151070459865,0.0,0.0,0.0,"[6.053786223112952, 3.681809402099138, 2.846555445247775]",[],"[0.0, 0.0, 0.0]",[],"[12.958426213110133, 6.876434364356763, 4.7347575519173715]"
140,0,1716,True,True,1.0,4.99,4,4,True,2,6,41.92865716169337,"[15.63628028215947, 3.514956529136642, 8.85873084842547, 13.918689501971793]",20.352176293060417,"[7.098149310042194, 2.3708330463632903, 4.454905030885934, 6.428288905769]",35.67813369296822,15.38629222956612,"[9.32474426775384, 6.0615479618122805]",17.914472140257605,8.000653969530786,13.914472140257605,6.000653969530787,"[5.603581492585351, 4.574876717266872, 5.246774469685517, 2.4892394607198636]","[4.636650264423997, 3.3640037051067897]","[4.603581492585351, 3.5748767172668723, 4.246774469685517, 1.4892394607198638]","[3.6366502644239973, 2.3640037051067897]","[11.804055109193207, 9.166350557094544, 10.88916530688594, 3.8185627197945227]"
140,0,1717,True,True,1.0,4.99,5,5,True,1,6,33.68616881922199,"[4.6107325027628585, 2.8856507271862175, 12.237043106414237, 3.142045869816571, 10.810696613042104]",18.137605839496576,"[2.798185676077515, 2.125403783602625, 5.772446811501553, 2.2253978892284625, 5.216171679086421]",34.609311621760966,4.943475690885993,[4.943475690885993],18.49763153248678,2.927955519445537,13.497631532486778,1.9279555194455373,"[3.665073010999894, 2.6236577113530553, 3.153944011909228, 5.535989572839016, 3.518967225385585]",[2.927955519445537],"[2.665073010999894, 1.623657711353055, 2.153944011909228, 4.535989572839016, 2.518967225385585]",[1.9279555194455373],"[6.8335205410253685, 4.163224900905269, 5.522933363869815, 11.630742494459016, 6.458890321501499]"
140,0,1718,True,False,,0.0,3,3,,0,3,25.545129388647545,"[11.578601940232446, 9.211526759387258, 4.755000689027842]",12.962600461572544,"[5.515654756690654, 4.59249543616103, 2.8544502687208584]",25.093391108458228,0.0,[],12.78642253229871,0.0,0.0,0.0,"[5.836361760194397, 4.494483319937528, 2.455577452166784]",[],"[0.0, 0.0, 0.0]",[],"[12.400927590242043, 8.960213640865456, 3.732249877350727]"
140,0,1719,True,False,,0.0,1,1,,0,1,4.519427529955474,[4.519427529955474],2.762576736682635,[2.762576736682635],5.021849759167253,0.0,[],2.9585214060752287,0.0,0.0,0.0,[2.9585214060752287],[],[0.0],[],[5.021849759167253]
140,0,1720,True,False,,0.0,1,1,,0,1,4.669481444141179,[4.669481444141179],2.82109776321506,[2.82109776321506],11.89846358163302,0.0,[],5.640400796836878,0.0,0.0,0.0,[5.640400796836878],[],[0.0],[],[11.89846358163302]
140,0,1721,True,True,1.0,4.99,4,4,True,0,4,29.36124893445034,"[8.835482175406524, 2.5, 11.48097202951237, 6.544794729531446]",15.450887084435633,"[4.445838048408545, 1.975, 5.477579091509825, 3.5524699445172643]",25.377106682816187,0.0,[],13.897071606298313,0.0,9.897071606298313,0.0,"[2.9215239803778372, 2.6590812273407196, 5.0995941213341975, 3.216872277245559]",[],"[1.9215239803778372, 1.6590812273407196, 4.0995941213341975, 2.216872277245559]",[],"[4.926984565071377, 4.254054429078768, 10.511779798292814, 5.684287890373228]"
140,0,1722,True,True,1.0,4.99,4,4,True,0,4,32.80506539112423,"[7.798751846899925, 2.6943491615208255, 17.278656511112434, 5.033307871591049]",16.79397550253845,"[4.0415132202909705, 2.050796172993122, 7.73867603933385, 2.962990069920509]",40.946720945316876,0.0,[],19.969221168673585,0.0,15.969221168673585,0.0,"[5.742159590771143, 6.175295448343871, 3.304144824919261, 4.74762130463931]",[],"[4.742159590771143, 5.175295448343871, 2.304144824919261, 3.7476213046393094]",[],"[12.159383566079853, 13.269988329086846, 5.908063653639131, 9.60928539651105]"
140,0,1723,True,False,,0.0,3,3,,0,3,19.45187012736291,"[5.734433644214798, 8.412160149479986, 5.305276333668127]",10.586229349671536,"[3.2364291212437712, 4.280742458297194, 3.0690577701305695]",30.882633826259642,0.0,[],15.044227192241259,0.0,0.0,0.0,"[4.681089217356213, 6.6533467184550235, 3.7097912564300235]",[],"[0.0, 0.0, 0.0]",[],"[9.438690300913368, 14.495760816551343, 6.948182708794931]"
140,0,1724,True,False,,0.0,2,2,,0,2,19.25479949385759,"[12.188522643958372, 7.066276849899218]",9.50937180260446,"[5.753523831143765, 3.755847971460695]",27.819178598603372,0.0,[],12.849479653455315,0.0,0.0,0.0,"[3.247397222000119, 9.602082431455196]",[],"[0.0, 0.0]",[],"[5.762556979487484, 22.056621619115887]"
140,0,1725,True,True,1.0,4.99,4,4,True,2,6,24.26717252131275,"[3.8023584712438345, 4.341638140467979, 9.708997670288996, 6.414178239311944]",13.464197283311975,"[2.4829198037850952, 2.6932388747825122, 4.786509091412709, 3.501529513331658]",32.18742111521231,11.308667836594434,"[4.075986096377795, 7.2326817402166395]",16.5530942349328,6.410380456271829,12.5530942349328,4.41038045627183,"[5.379567912780603, 5.200566541080973, 3.009977414650071, 2.9629823664211554]","[2.58963457758734, 3.8207458786844897]","[4.379567912780603, 4.200566541080973, 2.009977414650071, 1.9629823664211554]","[1.5896345775873402, 2.8207458786844897]","[11.229661314822058, 10.770683438669161, 5.15378824269249, 5.033288119028604]"
140,0,1726,True,False,,0.0,1,1,,0,1,8.477849856316295,[8.477849856316295],4.306361443963356,[4.306361443963356],15.838053678656568,0.0,[],7.176840934676061,0.0,0.0,0.0,[7.176840934676061],[],[0.0],[],[15.838053678656568]
140,0,1727,True,False,,0.0,2,2,,0,2,7.764377796904624,"[2.5, 5.264377796904624]",5.028107340792803,"[1.975, 3.053107340792803]",20.742273196560316,0.0,[],10.089486546658524,0.0,0.0,0.0,"[5.286617307915014, 4.80286923874351]",[],"[0.0, 0.0]",[],"[10.991326430551318, 9.750946766008997]"
140,0,1728,True,False,,0.0,2,2,,0,2,16.788658165014056,"[9.646574164566758, 7.1420840004473]",8.547576684355484,"[4.762163924181036, 3.785412760174447]",20.707213823017376,0.0,[],10.075813390976776,0.0,0.0,0.0,"[6.347863596503867, 3.7279497944729103]",[],"[0.0, 0.0]",[],"[13.712470760266326, 6.994743062751052]"
140,0,1729,True,True,1.0,4.99,6,6,True,2,8,62.38312404676901,"[7.115589846721837, 10.972393661334275, 10.501137984774722, 10.917904226415388, 5.908500015540288, 16.967598311982496]",30.32941837823991,"[3.7750800402215163, 5.2792335279203675, 5.095443814062142, 5.257982648302002, 3.3043150060607127, 7.617363341673173]",58.14889992372284,16.926453335827148,"[12.579441018884088, 4.347012316943061]",28.67807097025191,8.601316800972588,22.67807097025191,6.601316800972588,"[3.3583746425812118, 2.956227216080447, 2.61854499894777, 10.21994627571038, 3.003341183601626, 6.521636653330476]","[5.905981997364795, 2.6953348036077935]","[2.3583746425812118, 1.9562272160804468, 1.6185449989477698, 9.21994627571038, 2.003341183601626, 5.521636653330476]","[4.905981997364795, 1.6953348036077938]","[6.047114468156953, 5.015967220719094, 4.150115381917359, 23.640887886436868, 5.136772265645195, 14.158042700847375]"
140,0,1730,True,False,,0.0,2,2,,0,2,23.871226436590767,"[13.231297904511003, 10.639928532079765]",11.3097783102704,"[6.160206182759291, 5.149572127511108]",17.399686494380592,0.0,[],8.785877732808432,0.0,0.0,0.0,"[3.2645922995779646, 5.521285433230467]",[],"[0.0, 0.0]",[],"[5.806646921994781, 11.593039572385813]"
140,0,1731,True,False,,0.0,2,2,,0,2,7.778374690208006,"[4.419876702075749, 3.3584979881322568]",5.033566129181122,"[2.723751913809542, 2.3098142153715804]",11.179212883155412,0.0,[],6.35989302443061,0.0,0.0,0.0,"[3.4777413900335494, 2.882151634397061]",[],"[0.0, 0.0]",[],"[6.353183051368075, 4.826029831787336]"
140,0,1732,True,False,,0.0,2,2,,0,2,5.0,"[2.5, 2.5]",3.95,"[1.975, 1.975]",31.445308722570722,0.0,[],14.263670401802582,0.0,0.0,0.0,"[10.32053272450067, 3.943137677301913]",[],"[0.0, 0.0]",[],"[23.89880185769402, 7.546506864876699]"
140,0,1733,True,False,,0.0,3,3,,0,3,25.12515864941311,"[11.860661861267484, 9.103553208193409, 4.160943579952216]",12.798811873271115,"[5.6256581258943195, 4.55038575119543, 2.622767996181364]",40.233172932894945,0.0,[],18.69093744382903,0.0,0.0,0.0,"[3.159000010217725, 1.975, 13.556937433611303]",[],"[0.0, 0.0, 0.0]",[],"[5.535897462096731, 2.5, 32.19727547079821]"
140,0,1734,True,False,,0.0,1,1,,0,1,9.201926414290353,[9.201926414290353],4.588751301573238,[4.588751301573238],15.72908620617248,0.0,[],7.134343620407267,0.0,0.0,0.0,[7.134343620407267],[],[0.0],[],[15.72908620617248]
140,0,1735,True,False,,0.0,2,2,,0,2,14.29982680427543,"[3.344311231774502, 10.955515572500927]",7.576932453667418,"[2.304281380392056, 5.2726510732753615]",15.460993100764279,0.0,[],8.029787309298069,0.0,0.0,0.0,"[3.4905818684902457, 4.539205440807823]",[],"[0.0, 0.0]",[],"[6.386107355103194, 9.074885745661085]"
140,0,1736,True,False,,0.0,3,3,,0,3,15.078770972443717,"[5.422310133691537, 2.5, 7.156460838752179]",8.880720679253049,"[3.1147009521396996, 1.975, 3.79101972711335]",29.214571296935976,0.0,[],14.39368280580503,0.0,0.0,0.0,"[5.934381284036311, 3.513711658673854, 4.945589863094865]",[],"[0.0, 0.0, 0.0]",[],"[12.652259702657208, 6.4454145094201385, 10.116897084858628]"
140,0,1737,True,False,,0.0,2,2,,0,2,23.37638817984555,"[10.336870315575801, 13.039517864269747]",11.116791390139763,"[5.031379423074562, 6.085411967065202]",18.693929824912182,0.0,[],9.29063263171575,0.0,0.0,0.0,"[4.538095223201939, 4.7525374085138115]",[],"[0.0, 0.0]",[],"[9.072039033851125, 9.621890791061055]"
140,0,1738,True,True,1.0,4.99,4,4,True,2,6,39.25445913585839,"[6.393235398520051, 9.438384259268942, 7.114119294547098, 16.308720183522297]",19.309239062984773,"[3.49336180542282, 4.680969861114887, 3.7745065248733685, 7.360400871573696]",50.85578751151055,14.933848467066683,"[3.3468749832521585, 11.586973483814525]",23.833757129489115,7.824200902156006,19.833757129489115,5.824200902156006,"[10.91670217001371, 4.253941918601943, 4.149590527258417, 4.513522513615044]","[2.305281243468342, 5.518919658687665]","[9.91670217001371, 3.253941918601943, 3.1495905272584173, 3.513522513615044]","[1.3052812434683418, 4.518919658687665]","[25.427441461573615, 8.343440816928059, 8.075873146816454, 9.00903208619242]"
140,0,1739,True,False,,0.0,2,2,,0,2,7.091731671046327,"[3.009448878894417, 4.08228279215191]",4.765775351708068,"[2.173685062768823, 2.5920902889392448]",13.930876952585386,0.0,[],7.4330420115083005,0.0,0.0,0.0,"[3.749299315358084, 3.6837426961502167]",[],"[0.0, 0.0]",[],"[7.049485423995086, 6.881391528590299]"
140,0,1740,True,False,,0.0,2,2,,0,2,28.70965029152083,"[11.945346024356668, 16.76430426716416]",13.196763613693124,"[5.658684949499101, 7.538078664194023]",25.910709005897978,0.0,[],12.105176512300211,0.0,0.0,0.0,"[3.1906565701106446, 8.914519942189568]",[],"[0.0, 0.0]",[],"[5.617068128488832, 20.293640877409146]"
140,0,1741,True,True,1.0,4.99,4,4,True,1,5,55.42379776288321,"[20.077852248433356, 12.615595599521406, 13.290977037818386, 9.439372877110065]",25.615281127524455,"[8.83036237688901, 5.920082283813349, 6.183481044749171, 4.681355422072926]",33.258411077772664,8.432539389680004,[8.432539389680004],16.97078032033134,4.288690361975202,12.97078032033134,3.2886903619752017,"[6.670500950699055, 3.0792680079556063, 3.6302161558762482, 3.5907952058004313]",[4.288690361975202],"[5.670500950699055, 2.0792680079556063, 2.6302161558762482, 2.5907952058004313]",[3.2886903619752017],"[14.539746027433473, 5.3314564306554, 6.744143989426277, 6.643064630257516]"
140,0,1742,True,False,,0.0,3,3,,0,3,32.71836292885289,"[13.497460157168703, 14.697272672953574, 4.523630098730616]",15.760161542252629,"[6.264009461295794, 6.731936342451894, 2.7642157385049404]",30.771511614961067,0.0,[],15.000889529834819,0.0,0.0,0.0,"[5.856635018748899, 5.093292553196459, 4.050961957889459]",[],"[0.0, 0.0, 0.0]",[],"[12.452910304484355, 10.495621931272971, 7.822979379203741]"
140,0,1743,True,True,1.0,4.99,6,6,True,3,9,37.123674639274924,"[5.254969832880168, 2.855049959972562, 9.155361913077401, 2.5, 12.859964707171125, 4.498328226173671]",20.47823310931722,"[3.0494382348232656, 2.113469484389299, 4.5705911461001865, 1.975, 6.015386235796739, 2.7543480082077316]",41.9704101247159,48.41027879697356,"[12.754769993002439, 11.874297065331497, 23.78121173863962]",22.368459948639202,21.88000873081969,16.3684599486392,18.88000873081969,"[3.063573851990305, 1.9871897521868551, 3.4426752266603584, 2.700841061299956, 4.878576682696325, 6.2956033738054025]","[5.974360297270952, 5.630975855479284, 10.274672578069453]","[2.063573851990305, 0.9871897521868551, 2.4426752266603584, 1.700841061299956, 3.8785766826963246, 5.2956033738054025]","[4.974360297270952, 4.630975855479284, 9.274672578069453]","[5.2912150051033455, 2.53125577483809, 6.263269811949637, 4.361130926410143, 9.945068417170063, 13.578470189244621]"
140,0,1744,True,False,,0.0,3,3,,0,3,13.938573209075846,"[4.321830157918965, 6.845638447655777, 2.771104603501104]",8.43604355153958,"[2.6855137615883966, 3.669798994585753, 2.0807307953654304]",39.484068407745625,0.0,[],18.398786679020795,0.0,0.0,0.0,"[5.709643051513247, 6.848874136493978, 5.840269491013569]",[],"[0.0, 0.0, 0.0]",[],"[12.07600782439294, 14.997113170497379, 12.410947412855304]"
140,0,1745,True,False,,0.0,2,2,,0,2,19.019817480368637,"[12.799428732620363, 6.2203887477482755]",9.417728817343768,"[5.991777205721942, 3.4259516116218274]",15.914965845049295,0.0,[],8.206836679569225,0.0,0.0,0.0,"[5.001162990248206, 3.20567368932102]",[],"[0.0, 0.0]",[],"[10.259392282687706, 5.655573562361589]"
140,0,1746,True,False,,0.0,1,1,,0,1,3.4568862089515195,[3.4568862089515195],2.348185621491093,[2.348185621491093],9.12162068782454,0.0,[],4.557432068251571,0.0,0.0,0.0,[4.557432068251571],[],[0.0],[],[9.12162068782454]
140,0,1747,True,True,1.0,4.99,9,9,True,3,12,98.31961392130819,"[10.285711159653696, 17.262943909382084, 18.244332792023393, 15.975017431104408, 2.5, 2.841707601078625, 4.289805446926827, 16.251417317865272, 10.668678263273879]",47.34464942931019,"[5.011427352264941, 7.732548124659013, 8.115289788889124, 7.2302567981307195, 1.975, 2.1082659644206636, 2.6730241243014627, 7.338052753967456, 5.1607845226768125]",83.00223457788204,23.615969126435328,"[14.616546149952061, 4.359157647630173, 4.6402653288530935]",41.37087148537399,12.21022795930978,32.37087148537399,9.21022795930978,"[2.8531876720294846, 2.5429600073066436, 4.280655807004596, 3.124632461633562, 7.506315030578159, 7.433315869599712, 3.403173952547367, 3.4254465555255322, 6.801184129148937]","[6.700452998481304, 2.7000714825757677, 2.8097034782527066]","[1.8531876720294846, 1.5429600073066436, 3.2806558070045955, 2.124632461633562, 6.506315030578159, 6.433315869599712, 2.403173952547367, 2.4254465555255322, 5.801184129148937]","[5.700452998481304, 1.7000714825757677, 1.8097034782527066]","[4.751763261614063, 3.956307711042676, 8.41193796667845, 5.447775542650159, 16.68285905276451, 16.495681716922338, 6.161984493711198, 6.2190937321167485, 14.87483110038189]"
140,0,1748,True,False,,0.0,1,1,,0,1,3.8514135063027073,[3.8514135063027073],2.502051267458056,[2.502051267458056],15.6594300064236,0.0,[],7.107177702505204,0.0,0.0,0.0,[7.107177702505204],[],[0.0],[],[15.6594300064236]
140,0,1749,True,False,,0.0,3,3,,0,3,38.581316387077585,"[13.785228265202518, 4.700227161181181, 20.095860960693887]",18.046713390960257,"[6.376239023428982, 2.833088592860661, 8.837385774670615]",30.02126411202545,0.0,[],14.708293003689926,0.0,0.0,0.0,"[5.460120635675102, 3.0995262267861463, 6.148646141228678]",[],"[0.0, 0.0, 0.0]",[],"[11.436206758141285, 5.383400581502939, 13.201656772381225]"
140,0,1750,True,False,,0.0,2,2,,0,2,29.61805879174136,"[11.892759321804661, 17.725299469936697]",13.551042928779129,"[5.638176135503818, 7.912866793275312]",24.278117726338053,0.0,[],11.46846591327184,0.0,0.0,0.0,"[6.184251211108219, 5.284214702163622]",[],"[0.0, 0.0]",[],"[13.292951823354407, 10.985165902983645]"
140,0,1751,True,False,,0.0,2,2,,0,2,25.77738864361247,"[13.330689489156141, 12.44669915445633]",12.053181571008864,"[6.198968900770895, 5.854212670237969]",10.601619343842671,0.0,[],6.134631544098641,0.0,0.0,0.0,"[3.3412929356150367, 2.7933386084836047]",[],"[0.0, 0.0]",[],"[6.003315219525735, 4.598304124316935]"
140,0,1752,True,True,1.0,4.99,5,5,True,0,5,45.07404094755987,"[7.9040832524492295, 6.647200186912916, 7.332618243142225, 14.44262467096599, 8.747514594089518]",22.578875969548356,"[4.0825924684552, 3.5924080728960375, 3.8597211148254678, 6.6326236216767365, 4.411530691694912]",25.948682928011493,0.0,[],15.119986341924482,0.0,10.119986341924482,0.0,"[2.837962637737843, 1.975, 4.856240575939886, 2.853118596699933, 2.5976645315468203]",[],"[1.8379626377378433, 0.9750000000000001, 3.856240575939886, 1.8531185966999328, 1.5976645315468203]",[],"[4.712724712148316, 2.5, 9.88779634856381, 4.751586145384443, 4.096575721914924]"
140,0,1753,True,False,,0.0,3,3,,0,3,47.906927423223486,"[13.257329895148661, 14.392727989749279, 20.256869538325546]",21.68370169505716,"[6.170358659107978, 6.613163916002219, 8.900179119946962]",20.993927383680195,0.0,[],11.187631679635277,0.0,0.0,0.0,"[2.2618609718548877, 6.03518214641471, 2.8905885613656777]",[],"[0.0, 0.0, 0.0]",[],"[3.2355409534740716, 12.910723452345412, 4.847662977860711]"
140,0,1754,True,False,,0.0,3,3,,0,3,25.725819951436236,"[6.3196060680526065, 9.019457743049077, 10.386756140334553]",13.033069781060131,"[3.4646463665405167, 4.51758851978914, 5.0508348947304755]",35.721877996009965,0.0,[],16.931532418443886,0.0,0.0,0.0,"[7.814138208015642, 3.120393099713454, 5.997001110714792]",[],"[0.0, 0.0, 0.0]",[],"[17.472149251322158, 5.436905383880651, 12.812823360807158]"
140,0,1755,True,False,,0.0,2,2,,0,2,17.747363658173583,"[5.6874923646869755, 12.059871293486609]",8.921471826687698,"[3.2181220222279205, 5.703349804459777]",15.576930694769949,0.0,[],8.07500297096028,0.0,0.0,0.0,"[4.960713618965017, 3.1142893519952635]",[],"[0.0, 0.0]",[],"[10.155675946064147, 5.421254748705803]"
140,0,1756,True,False,,0.0,3,3,,0,3,22.563677907523463,"[12.910886277270619, 3.928987054343813, 5.723804575909032]",11.79983438393415,"[6.035245648135541, 2.532304951194087, 3.2322837846045225]",24.046596320073757,0.0,[],12.378172564828766,0.0,0.0,0.0,"[3.938624346893827, 4.915544846017554, 3.5240033719173853]",[],"[0.0, 0.0, 0.0]",[],"[7.534934222804684, 10.03985857953219, 6.471803517736885]"
140,0,1757,True,False,,0.0,1,1,,0,1,18.305215104898267,[18.305215104898267],8.139033890910325,[8.139033890910325],14.97878965055551,0.0,[],6.841727963716649,0.0,0.0,0.0,[6.841727963716649],[],[0.0],[],[14.97878965055551]
140,0,1758,True,False,,0.0,2,2,,0,2,11.250574661240375,"[8.69339999147945, 2.557174669760925]",6.387724117883747,"[4.390425996676986, 1.9972981212067606]",5.0,0.0,[],3.95,0.0,0.0,0.0,"[1.975, 1.975]",[],"[0.0, 0.0]",[],"[2.5, 2.5]"
140,0,1759,True,False,,0.0,2,2,,0,2,37.04335107224186,"[21.764296240026397, 15.279054832215465]",16.446906918174328,"[9.488075533610296, 6.958831384564031]",10.686770574590755,0.0,[],6.167840524090394,0.0,0.0,0.0,"[4.1928405240903945, 1.975]",[],"[0.0, 0.0]",[],"[8.186770574590755, 2.5]"
140,0,1760,True,False,,0.0,2,2,,0,2,23.89776939147308,"[8.637209106434133, 15.260560285038947]",11.320130062674501,"[4.368511551509312, 6.951618511165189]",15.63564907930472,0.0,[],8.09790314092884,0.0,0.0,0.0,"[3.913618905238423, 4.184284235690418]",[],"[0.0, 0.0]",[],"[7.470817705739546, 8.164831373565173]"
140,0,1761,True,False,,0.0,1,1,,0,1,12.078217186916277,[12.078217186916277],5.710504702897348,[5.710504702897348],2.5,0.0,[],1.975,0.0,0.0,0.0,[1.975],[],[0.0],[],[2.5]
140,0,1762,True,True,1.0,4.99,4,4,True,0,4,31.892034647304676,"[4.64106519905939, 10.185301514788343, 2.5, 14.565667933456945]",16.437893512448824,"[2.8100154276331617, 4.972267590767453, 1.975, 6.680610494048209]",50.526072443584084,0.0,[],23.70516825299779,0.0,19.70516825299779,0.0,"[6.071103479271676, 9.681010894067937, 3.716109896855586, 4.236943982802593]",[],"[5.071103479271676, 8.681010894067937, 2.716109896855586, 3.2369439828025937]",[],"[13.002829434029938, 22.259002292481888, 6.964384350911759, 8.299856366160496]"
140,0,1763,True,False,,0.0,1,1,,0,1,24.54809019614349,[24.54809019614349],10.573755176495961,[10.573755176495961],6.648531445619483,0.0,[],3.5929272637915983,0.0,0.0,0.0,[3.5929272637915983],[],[0.0],[],[6.648531445619483]
140,0,1764,True,False,,0.0,2,2,,0,2,17.769435174666675,"[15.269435174666677, 2.5]",8.930079718120004,"[6.955079718120004, 1.975]",19.85164444924972,0.0,[],9.74214133520739,0.0,0.0,0.0,"[6.754970258339096, 2.987171076868294]",[],"[0.0, 0.0]",[],"[14.756333995741272, 5.0953104535084455]"
140,0,1765,True,True,1.0,4.99,6,6,True,2,8,40.428744626619306,"[9.094756808641172, 8.92598999958019, 7.422138815720716, 5.754174786823338, 6.731684215853893, 2.5]",21.76721040438153,"[4.546955155370057, 4.481136099836275, 3.8946341381310794, 3.2441281668611017, 3.6253568441830186, 1.975]",47.3051107482345,19.104003639815815,"[5.351197475734106, 13.752806164081708]",24.448993191811454,9.450561419528167,18.448993191811454,7.450561419528168,"[5.109513558506912, 5.6330889724584035, 4.929286186608973, 3.697583063446008, 2.615141459534248, 2.464379951256914]","[3.0869670155363016, 6.363594403991867]","[4.109513558506912, 4.6330889724584035, 3.929286186608973, 2.697583063446008, 1.615141459534248, 1.4643799512569138]","[2.0869670155363016, 5.363594403991867]","[10.537214252581824, 11.879715313995906, 10.075092786176853, 6.916879649861558, 4.141388357780123, 3.7548203878382402]"
140,0,1766,True,True,1.0,4.99,4,4,True,0,4,35.711470221906886,"[10.335992434019921, 8.672038396153699, 5.637933623748319, 11.065505767984943]",17.927473386543685,"[5.03103704926777, 4.3820949744999425, 3.1987941132618447, 5.315547249514128]",25.9148118184056,0.0,[],14.106776609178183,0.0,10.106776609178183,0.0,"[5.71562227760343, 1.975, 3.824094606803322, 2.592059724771431]",[],"[4.71562227760343, 0.9750000000000001, 2.824094606803322, 1.5920597247714312]",[],"[12.091339173342128, 2.5, 7.241268222572621, 4.082204422490849]"
140,0,1767,True,False,,0.0,3,3,,0,3,17.940692890488183,"[4.190276351683373, 7.418444671281589, 6.331971867523222]",9.996870227290392,"[2.6342077771565156, 3.8931934217998196, 3.469469028334057]",42.55164310555523,0.0,[],19.595140811166537,0.0,0.0,0.0,"[8.41197122576115, 5.250937841202872, 5.932231744202515]",[],"[0.0, 0.0, 0.0]",[],"[19.00505442502859, 10.899840618468904, 12.646748062057732]"
140,0,1768,True,False,,0.0,3,3,,0,3,12.182312190248817,"[3.9455781193145536, 4.664729581989498, 3.5720044889447653]",7.751101754197038,"[2.538775466532676, 2.819244536975904, 2.3930817506884585]",24.321577332009763,0.0,[],12.485415159483807,0.0,0.0,0.0,"[4.814528069053163, 2.461333029732965, 5.20955406069768]",[],"[0.0, 0.0, 0.0]",[],"[9.780841202700419, 3.747007768546064, 10.79372836076328]"
140,0,1769,True,False,,0.0,2,2,,0,2,10.663481801981678,"[5.767045729977174, 4.896436072004503]",6.158757902772854,"[3.2491478346910982, 2.909610068081756]",19.307150475750056,0.0,[],9.529788685542522,0.0,0.0,0.0,"[7.1991758074866015, 2.330612878055921]",[],"[0.0, 0.0]",[],"[15.895322583298977, 3.41182789245108]"
140,0,1770,True,True,1.0,4.99,4,4,True,1,5,62.51629305228427,"[6.875315338395281, 11.549370293037192, 14.975328830517348, 29.116278590334446]",28.381354290390867,"[3.68137298197416, 5.504254414284505, 6.840378243901766, 12.355348650230434]",52.44055464282025,8.621614101866268,[8.621614101866268],24.451816310699897,4.3624294997278446,20.4518163106999,3.3624294997278446,"[9.5707670906387, 2.9894726393561677, 8.27140689543086, 3.6201696852741705]",[4.3624294997278446],"[8.5707670906387, 1.9894726393561677, 7.271406895430862, 2.6201696852741705]",[3.3624294997278446],"[21.976325873432565, 5.101211895785045, 18.644633065207337, 6.718383808395308]"
140,0,1771,True,False,,0.0,3,3,,0,3,43.90840558195644,"[24.378148118482013, 16.08097454056185, 3.449282922912575]",20.12427817696301,"[10.507477766207986, 7.271580070819122, 2.3452203399359046]",27.489407812190557,0.0,[],13.720869046754318,0.0,0.0,0.0,"[5.506782264255456, 6.239086782498862, 1.975]",[],"[0.0, 0.0, 0.0]",[],"[11.555851959629374, 13.433555852561183, 2.5]"
140,0,1772,True,False,,0.0,3,3,,0,3,37.407442860513456,"[4.4907727924491905, 22.920472310735743, 9.996197757328527]",17.58890271560025,"[2.751401389055184, 9.93898420118694, 4.898517125358126]",34.24784566727133,0.0,[],16.35665981023582,0.0,0.0,0.0,"[4.402857968024245, 8.305933890760986, 3.647867951450589]",[],"[0.0, 0.0, 0.0]",[],"[8.725276841087807, 18.733163822464064, 6.789405003719459]"
140,0,1773,True,False,,0.0,2,2,,0,2,22.106245562789276,"[7.019751330177508, 15.086494232611768]",10.621435769487817,"[3.737703018769228, 6.88373275071859]",19.807144853899757,0.0,[],9.724786493020906,0.0,0.0,0.0,"[4.90649743705351, 4.818289055967396]",[],"[0.0, 0.0]",[],"[10.016660095009, 9.79048475889076]"
140,0,1774,True,False,,0.0,3,3,,0,3,15.338111591116434,"[2.5, 5.11806519978936, 7.720046391327074]",8.98186352053541,"[1.975, 2.99604542791785, 4.0108180926175585]",31.549904952460526,0.0,[],15.304462931459605,0.0,0.0,0.0,"[5.6898828862315725, 6.031976293751477, 3.5826037514765567]",[],"[0.0, 0.0, 0.0]",[],"[12.02534073392711, 12.902503317311478, 6.62206090122194]"
140,0,1775,True,False,,0.0,1,1,,0,1,21.799486708123638,[21.799486708123638],9.50179981616822,[9.50179981616822],6.191186742398248,0.0,[],3.4145628295353165,0.0,0.0,0.0,[3.4145628295353165],[],[0.0],[],[6.191186742398248]
140,0,1776,True,False,,0.0,3,3,,0,3,39.65978560748397,"[15.257574872077265, 20.964875391715054, 3.437335343691649]",18.467316386918746,"[6.9504542001101335, 9.176301402768871, 2.3405607840397433]",13.159083480282645,0.0,[],8.132042557310232,0.0,0.0,0.0,"[2.762729480527529, 2.143684886387314, 3.225628190395388]",[],"[0.0, 0.0, 0.0]",[],"[4.519819180839819, 2.932525349711062, 5.706738949731764]"
140,0,1777,True,True,1.0,4.99,4,4,True,1,5,28.853007366462993,"[2.6457365261412384, 6.564801735078563, 10.904795494661807, 8.737673610581385]",15.252672872920568,"[2.0318372451950832, 3.5602726766806394, 5.252870242918105, 4.40769270812674]",20.510911050627982,3.552892358584851,[3.552892358584851],11.999255309744914,2.3856280198480917,7.999255309744913,1.385628019848092,"[1.975, 3.129930560497765, 2.7283975283524784, 4.16592722089467]",[2.3856280198480917],"[0.9750000000000001, 2.129930560497765, 1.7283975283524784, 3.1659272208946696]",[1.385628019848092],"[2.5, 5.4613604115327306, 4.431788534237124, 8.117762104858127]"
140,0,1778,True,False,,0.0,2,2,,0,2,16.609923694982623,"[6.074936451831417, 10.534987243151205]",8.477870241043224,"[3.369225216214253, 5.10864502482897]",13.949635582297242,0.0,[],7.440357877095924,0.0,0.0,0.0,"[2.3203592598083764, 5.119998617287548]",[],"[0.0, 0.0]",[],"[3.385536563611222, 10.56409901868602]"
140,0,1779,True,False,,0.0,3,3,,0,3,22.766984201237868,"[11.335786528553886, 4.610563245335148, 6.820634427348837]",11.87912383848277,"[5.4209567461360155, 2.7981196656807077, 3.6600474266660465]",32.41100383065459,0.0,[],15.640291493955294,0.0,0.0,0.0,"[4.2773479181842875, 6.516818249373186, 4.84612532639782]",[],"[0.0, 0.0, 0.0]",[],"[8.403456200472531, 14.145687818905603, 9.86185981127646]"
140,0,1780,True,False,,0.0,3,3,,0,3,35.96275160523371,"[12.686444415204063, 16.76076426502164, 6.515542925008012]",17.02547312604115,"[5.947713321929585, 7.536698063358439, 3.541061740753125]",34.710235625336644,0.0,[],16.53699189388129,0.0,0.0,0.0,"[4.203788073017188, 4.633496984821376, 7.6997068360427265]",[],"[0.0, 0.0, 0.0]",[],"[8.214841212864584, 9.316658935439426, 17.17873547703263]"
140,0,1781,True,False,,0.0,2,2,,0,2,25.368141284786386,"[9.871899441962126, 15.49624184282426]",11.893575101066691,"[4.850040782365229, 7.043534318701462]",30.410836937765325,0.0,[],13.860226405728477,0.0,0.0,0.0,"[8.595086400563408, 5.265140005165069]",[],"[0.0, 0.0]",[],"[19.47458051426515, 10.936256423500176]"
140,0,1782,True,False,,0.0,3,3,,0,3,21.38207443454242,"[5.375671955657295, 3.4210972868865848, 12.585305191998541]",11.339009029471544,"[3.096512062706345, 2.334227941885768, 5.908269024879432]",16.5652393928536,0.0,[],9.460443363212903,0.0,0.0,0.0,"[2.353542440431106, 3.9385544778609534, 3.168346444920844]",[],"[0.0, 0.0, 0.0]",[],"[3.4706216421310403, 7.534755071438342, 5.5598626792842145]"
140,0,1783,True,True,1.0,4.99,4,4,True,2,6,30.46433928042274,"[10.667816394208606, 6.596749071401303, 3.4707810163947834, 9.728992798418046]",15.881092319364868,"[5.1604483937413566, 3.5727321378465082, 2.3536045963939656, 4.794307191383038]",31.740174702724786,20.05378257373822,"[16.295742941998526, 3.7580396317396967]",16.378668134062664,9.820975203757907,12.378668134062666,7.820975203757907,"[2.7577996277794545, 5.886160672703256, 2.9042201562116063, 4.83048767736835]","[7.355339747379426, 2.4656354563784815]","[1.7577996277794543, 4.886160672703256, 1.9042201562116063, 3.8304876773683496]","[6.355339747379426, 1.4656354563784817]","[4.507178532767831, 12.528617109495528, 4.882615785157965, 9.82176327530346]"
140,0,1784,True,False,,0.0,1,1,,0,1,6.601615322427782,[6.601615322427782],3.574629975746835,[3.574629975746835],7.6862884719893465,0.0,[],3.997652504075845,0.0,0.0,0.0,[3.997652504075845],[],[0.0],[],[7.6862884719893465]
140,0,1785,True,False,,0.0,2,2,,0,2,38.551801247499036,"[3.9972645356937857, 34.55453671180525]",17.035202486524625,"[2.5589331689205768, 14.476269317604046]",24.846911812193575,0.0,[],11.690295606755495,0.0,0.0,0.0,"[6.899885254036218, 4.790410352719277]",[],"[0.0, 0.0]",[],"[15.127910907785173, 9.719000904408404]"
140,0,1786,True,True,1.0,4.99,5,5,True,0,5,45.3706443099307,"[7.627966009660878, 6.797899812821396, 2.5, 16.917366375073012, 11.52741211237542]",22.694551280872975,"[3.974906743767743, 3.6511809270003446, 1.975, 7.597772886278475, 5.495690723826414]",51.78583425949636,0.0,[],25.19647536120358,0.0,20.196475361203582,0.0,"[3.6746558069898847, 9.905085661600285, 4.514225932908413, 3.579891129074633, 3.522616830630365]",[],"[2.6746558069898847, 8.905085661600285, 3.514225932908413, 2.579891129074633, 2.522616830630365]",[],"[6.858091812794576, 22.83355297846227, 9.010835725406187, 6.615105459165726, 6.468248283667603]"
140,0,1787,True,False,,0.0,3,3,,0,3,36.647719401490974,"[16.92433750485895, 6.573403310572239, 13.149978586059786]",17.29261056658148,"[7.600491626894991, 3.5636272911231734, 6.128491648563317]",26.571073140263746,0.0,[],13.362718524702862,0.0,0.0,0.0,"[3.8595064530555647, 7.111788324337776, 2.39142374730952]",[],"[0.0, 0.0, 0.0]",[],"[7.3320678283476015, 15.671252113686604, 3.5677531982295387]"
140,0,1788,True,False,,0.0,3,3,,0,3,21.768075863397456,"[12.283459918496556, 6.799788866714626, 2.6848270781862724]",11.489549586725008,"[5.790549368213657, 3.651917658018704, 2.0470825604926466]",26.475533372399354,0.0,[],13.32545801523575,0.0,0.0,0.0,"[2.460583996156071, 7.208508565776149, 3.656365453303529]",[],"[0.0, 0.0, 0.0]",[],"[3.745087169630951, 15.919252732759356, 6.811193470009049]"
140,0,1789,True,True,1.0,4.99,6,6,True,2,8,57.14453158137211,"[2.815468939822502, 13.219703632736548, 2.895024117091771, 26.33619420309808, 3.925052445243306, 7.953088243379899]",28.286367316735124,"[2.098032886530776, 6.155684416767254, 2.1290594056657905, 11.271115739208252, 2.530770453644889, 4.10170441491816]",65.83884113824932,42.88255995044722,"[22.918922530160476, 19.96363742028674]",31.67714804391724,18.724198380674416,25.67714804391724,16.724198380674416,"[4.5486139690076435, 5.6852669585997075, 6.4043364151032005, 4.4595375453761505, 6.828953983584184, 3.75043917224635]","[9.938379786762585, 8.785818593911829]","[3.5486139690076435, 4.6852669585997075, 5.4043364151032005, 3.4595375453761505, 5.828953983584184, 2.75043917224635]","[8.938379786762585, 7.785818593911829]","[9.099010176942675, 12.013505022050532, 13.857272859238975, 8.870609090708077, 14.946035855344062, 7.052408133965]"
140,0,1790,True,True,1.0,4.99,5,5,True,2,7,71.41984252615359,"[6.9335243813479055, 9.459448756738741, 27.577246822045154, 10.505621623086185, 16.944000942935595]",32.8537385851999,"[3.7040745087256832, 4.689185015128109, 11.75512626059761, 5.097192433003612, 7.608160367744882]",43.50665622467657,10.451547156348493,"[6.077292295362136, 4.3742548609863565]",21.96759592762386,6.076103390975912,16.967595927623865,4.076103390975912,"[4.161043624625341, 2.9892574696122223, 6.636945677534469, 5.506714462563346, 2.6736346932884842]","[3.370143995191233, 2.705959395784679]","[3.1610436246253406, 1.9892574696122225, 5.636945677534469, 4.506714462563346, 1.6736346932884845]","[2.370143995191233, 1.705959395784679]","[8.105240063141899, 5.100660178492878, 14.453706865472999, 11.555678109136785, 4.291371008432011]"
140,0,1791,True,True,1.0,4.99,7,1,,3,10,17.788476023191347,[17.788476023191347],7.937505649044626,[7.937505649044626],2.5,13.716632749585807,"[4.040583662528555, 4.040583662528555, 5.635465424528697]",1.975,8.349486772338464,0.9750000000000001,5.349486772338465,[1.975],"[2.5758276283861363, 2.5758276283861363, 3.197831515566192]",[0.9750000000000001],"[1.5758276283861365, 1.5758276283861365, 2.197831515566192]",[2.5]
140,0,1792,True,False,,0.0,1,1,,0,1,9.661291514177377,[9.661291514177377],4.767903690529177,[4.767903690529177],12.515023778924276,0.0,[],5.880859273780468,0.0,0.0,0.0,[5.880859273780468],[],[0.0],[],[12.515023778924276]
140,0,1793,True,True,1.0,4.99,8,8,True,1,9,70.67277399197562,"[4.868117296146813, 10.71755169650839, 15.677831667522106, 7.124457035673114, 15.04546967508628, 2.5, 4.470363409315261, 10.268983211723658]",35.56238185687049,"[2.8985657454972573, 5.179845161638273, 7.114354350333621, 3.7785382439125144, 6.86773317328365, 1.975, 2.7434417296329516, 5.0049034525722265]",66.3062431422726,17.19261316488579,[17.19261316488579],33.85943482548632,7.705119134305457,25.859434825486318,6.705119134305457,"[5.714706756986179, 6.290547123414664, 4.795189944152359, 5.0813891434932525, 2.7915837045401823, 1.975, 3.1957020918822017, 4.015316061017479]",[7.705119134305457],"[4.714706756986179, 5.290547123414664, 3.795189944152359, 4.0813891434932525, 1.7915837045401823, 0.9750000000000001, 2.1957020918822017, 3.015316061017479]",[6.705119134305457],"[12.088991684579947, 13.565505444652985, 9.731256267057331, 10.465100367931417, 4.593804370615852, 2.5, 5.6300053638005165, 7.731579643634561]"
140,0,1794,True,True,1.0,4.99,5,5,True,2,7,51.608551193721055,"[17.51442624404626, 6.41664164712, 13.46991904144371, 11.707564261111091, 2.5]",25.127334965551217,"[7.830626235178041, 3.5024902423768, 6.253268426163047, 5.565950061833326, 1.975]",52.17258469315723,10.34200126003843,"[5.841889132434158, 4.500112127604273]",25.34730803033132,6.033380491414988,20.34730803033132,4.033380491414988,"[3.930928895663029, 5.1460741421653164, 3.5329193860340307, 2.468702432341858, 10.268683174127085]","[3.2783367616493218, 2.7550437297656662]","[2.930928895663029, 4.1460741421653164, 2.5329193860340307, 1.468702432341858, 9.268683174127085]","[2.2783367616493218, 1.7550437297656665]","[7.515202296571869, 10.630959338885427, 6.49466509239495, 3.765903672671431, 23.765854292633552]"
140,0,1795,True,True,1.0,4.99,4,4,True,4,8,40.11728390570349,"[10.059372443067913, 12.774975224533582, 8.662560092572859, 8.620376145529136]",19.64574072322436,"[4.9231552527964855, 5.982240337568097, 4.378398436103415, 4.3619466967563625]",29.550129832107483,17.532926018277703,"[2.527126974212975, 2.556583550904207, 7.7639402248966105, 4.685275268263912]",15.52455063452192,10.837841147128305,11.52455063452192,6.837841147128305,"[6.505178259442534, 3.688474848577733, 3.199182937488574, 2.131714589013079]","[1.9855795199430604, 1.997067584852641, 4.027936687709678, 2.827257354622926]","[5.505178259442534, 2.688474848577733, 2.199182937488574, 1.1317145890130786]","[0.9855795199430604, 0.9970675848526408, 3.027936687709678, 1.8272573546229258]","[14.115841690878293, 6.893525252763417, 5.638930608945061, 2.9018322795207143]"
140,0,1796,True,False,,0.0,1,1,,0,1,9.447975271790769,[9.447975271790769],4.6847103559984,[4.6847103559984],4.319194374477721,0.0,[],2.684485806046311,0.0,0.0,0.0,[2.684485806046311],[],[0.0],[],[4.319194374477721]
140,0,1797,True,False,,0.0,2,2,,0,2,26.263513030285324,"[15.454581076851106, 10.80893195343422]",12.242770081811278,"[7.027286619971932, 5.215483461839346]",5.0,0.0,[],3.95,0.0,0.0,0.0,"[1.975, 1.975]",[],"[0.0, 0.0]",[],"[2.5, 2.5]"
140,0,1798,True,False,,0.0,3,3,,0,3,23.775100989195245,"[5.292037952049107, 2.5, 15.983063037146138]",12.272289385786147,"[3.063894801299152, 1.975, 7.2333945844869945]",33.57089920711944,0.0,[],16.092650690776583,0.0,0.0,0.0,"[4.3844328962757615, 8.325060123566903, 3.383157670933919]",[],"[0.0, 0.0, 0.0]",[],"[8.678033067373748, 18.78220544504334, 6.110660694702356]"
140,0,1799,True,False,,0.0,2,2,,0,2,38.26509225106811,"[12.205119010972592, 26.05997324009552]",16.923385977916563,"[5.7599964142793105, 11.163389563637253]",24.397834781482715,0.0,[],11.515155564778258,0.0,0.0,0.0,"[4.067527004766324, 7.4476285600119345]",[],"[0.0, 0.0]",[],"[7.865453858375189, 16.532380923107524]"
140,0,1800,True,True,1.0,4.99,4,4,True,2,6,31.806349935421025,"[4.261517301993044, 4.430216804700016, 14.93480217462416, 8.179813654103802]",16.4044764748142,"[2.6619917477772876, 2.727784553833006, 6.824572848103423, 4.190127325100483]",27.596091827683015,12.281804886308787,"[5.503837789843366, 6.777967096465421]",14.762475812796378,6.789903905660427,10.762475812796376,4.789903905660427,"[2.1845932264923382, 2.8232009509638205, 5.508742022416629, 4.245939612923588]","[3.1464967380389126, 3.6434071676215143]","[1.1845932264923382, 1.8232009509638203, 4.508742022416629, 3.2459396129235882]","[2.1464967380389126, 2.6434071676215143]","[3.0374185294675335, 4.674874233240565, 11.56087698055546, 8.322922084419456]"
140,0,1801,True,False,,0.0,3,3,,0,3,11.909827301250488,"[3.8968535344641526, 5.5129737667863346, 2.5]",7.644832647487689,"[2.5197728784410196, 3.1500597690466705, 1.975]",19.519608902608642,0.0,[],10.61264747201737,0.0,0.0,0.0,"[4.4407084288180485, 2.698080255197689, 3.4738587880016327]",[],"[0.0, 0.0, 0.0]",[],"[8.822329304661663, 4.35405193640433, 6.343227661542648]"
140,0,1802,True,True,1.0,4.99,7,7,True,2,9,75.33792042266565,"[15.340429831649212, 8.31536611547669, 7.804585180156851, 17.23332793749767, 12.420512181232507, 4.851522704264788, 9.372176472387915]",36.3817889648396,"[6.982767634343193, 4.242992785035909, 4.043788220261172, 7.720997895624091, 5.843999750680678, 2.8920938546632673, 4.655148824231286]",65.06013174351651,30.169900581103832,"[22.8561647693444, 7.313735811759431]",32.373451379971435,13.766261226630494,25.37345137997143,11.766261226630494,"[6.4718210780220655, 2.1652079812873897, 7.9633933537066435, 3.5501005190885353, 3.45508639122866, 4.070326783051463, 4.697515273586679]","[9.913904260044315, 3.852356966586178]","[5.4718210780220655, 1.1652079812873897, 6.9633933537066435, 2.5501005190885353, 2.45508639122866, 3.070326783051464, 3.6975152735866788]","[8.913904260044315, 2.852356966586178]","[14.030310456466834, 2.9877127725317685, 17.854854753093957, 6.538719279714193, 6.295093310842717, 7.872632777055035, 9.480808393811996]"
140,0,1803,True,False,,0.0,1,1,,0,1,5.10473312503962,[5.10473312503962],2.990845918765452,[2.990845918765452],8.377130124410984,0.0,[],4.267080748520284,0.0,0.0,0.0,[4.267080748520284],[],[0.0],[],[8.377130124410984]
140,0,1804,True,True,1.0,4.99,4,4,True,1,5,27.79063579832449,"[4.89278183381342, 11.776411357152028, 2.544207422092493, 8.577235185266549]",14.838347961346553,"[2.908184915187234, 5.592800429289291, 1.9922408946160723, 4.345121722253954]",34.06244434571011,8.352569200279374,[8.352569200279374],17.284353294826943,4.257501988108956,13.284353294826943,3.257501988108956,"[4.245708981017465, 4.406105309922972, 3.975196711690875, 4.657342292195632]",[4.257501988108956],"[3.245708981017465, 3.406105309922972, 2.975196711690875, 3.657342292195632]",[3.257501988108956],"[8.322330720557602, 8.73360335877685, 7.628709517156089, 9.377800749219569]"
140,0,1805,True,False,,0.0,2,2,,0,2,18.05703662545768,"[8.510948046198662, 9.546088579259019]",9.042244283928497,"[4.3192697380174785, 4.7229745459110175]",25.319930441835297,0.0,[],11.874772872315766,0.0,0.0,0.0,"[2.4565594362367698, 9.418213436078997]",[],"[0.0, 0.0]",[],"[3.7347677852224863, 21.58516265661281]"
140,0,1806,True,True,1.0,4.99,4,4,True,4,8,55.87260359742973,"[6.806580937128593, 9.14173306173141, 18.81168622710493, 21.1126033714648]",25.790315402997596,"[3.654566565480151, 4.56527589407525, 8.336557628570922, 9.233915314871272]",42.85693018937608,45.966845214326455,"[9.594160484115267, 3.5945326707055494, 16.127636958411646, 16.650515101093998]",20.714202773856673,21.92706963358732,16.714202773856673,17.92706963358732,"[3.1643690100794952, 9.160476803632678, 5.072069027300185, 3.3172879328443146]","[4.741722588804954, 2.401867741575164, 7.289778413780542, 7.493700889426659]","[2.1643690100794952, 8.160476803632678, 4.072069027300185, 2.3172879328443146]","[3.7417225888049543, 1.4018677415751644, 6.289778413780542, 6.493700889426659]","[5.549664128408962, 20.924299496494044, 10.441202634103039, 5.941763930370037]"
140,0,1807,True,False,,0.0,2,2,,0,2,14.194148200488664,"[3.1243463670112384, 11.069801833477426]",7.535717798190579,"[2.218495083134383, 5.317222715056197]",29.93571263835938,0.0,[],13.674927928960159,0.0,0.0,0.0,"[5.771994265896961, 7.902933663063198]",[],"[0.0, 0.0]",[],"[12.235882733069129, 17.69982990529025]"
140,0,1808,True,False,,0.0,1,1,,0,1,8.471586649524456,[8.471586649524456],4.303918793314538,[4.303918793314538],10.22487995523434,0.0,[],4.987703182541392,0.0,0.0,0.0,[4.987703182541392],[],[0.0],[],[10.22487995523434]
140,0,1809,True,False,,0.0,3,3,,0,3,30.780182979901035,"[10.18423755399191, 5.939443039128595, 14.65650238678053]",15.004271362161406,"[4.9718526460568455, 3.3163827852601524, 6.7160359308444075]",46.23232676142997,0.0,[],21.030607436957688,0.0,0.0,0.0,"[3.9891908005913237, 5.515741728239613, 11.525674908126751]",[],"[0.0, 0.0, 0.0]",[],"[7.6645917963880095, 11.578824944204136, 26.98891002083782]"
140,0,1810,True,True,1.0,4.99,4,4,True,3,7,43.77171528082585,"[18.68326049648585, 10.713244803485459, 4.974796011003555, 9.400413969850987]",21.070968959522084,"[8.286471593629482, 5.178165473359329, 2.9401704442913865, 4.666161448241885]",36.389163868173014,17.93869564665874,"[6.314522356527109, 5.757361128623404, 5.866812161508228]",18.191773908587475,9.99609130219691,14.191773908587475,6.996091302196909,"[2.2533986146654907, 4.990604545961637, 3.790133624151915, 7.157637123808431]","[3.462663719045573, 3.2453708401631274, 3.288056742988209]","[1.2533986146654907, 3.990604545961637, 2.790133624151915, 6.157637123808431]","[2.462663719045573, 2.2453708401631274, 2.288056742988209]","[3.2138426017063866, 10.232319348619582, 7.154188779876705, 15.788813137970337]"
140,0,1811,True,True,1.0,4.99,6,2,,4,10,26.14270483966419,"[20.523190315927835, 5.619514523736356]",12.195654887469036,"[9.004044223211856, 3.191610664257179]",12.466681223386894,35.659074630880816,"[12.251214926949169, 3.0621310038020817, 6.37475638804885, 13.97097231208072]",6.862005677120889,17.90703910604352,4.862005677120889,13.90703910604352,"[4.063370561101493, 2.7986351160193963]","[5.777973821510176, 2.194231091482812, 3.4861549913390513, 6.448679201711481]","[3.0633705611014928, 1.7986351160193963]","[4.777973821510176, 1.1942310914828118, 2.4861549913390513, 5.448679201711481]","[7.854796310516647, 4.611884912870247]"
140,0,1812,True,False,,0.0,1,1,,0,1,8.236550037934638,[8.236550037934638],4.212254514794509,[4.212254514794509],17.669892904398765,0.0,[],7.8912582327155185,0.0,0.0,0.0,[7.8912582327155185],[],[0.0],[],[17.669892904398765]
140,0,1813,True,False,,0.0,2,2,,0,2,23.61625442263015,"[10.524286741689412, 13.091967680940735]",11.210339224825757,"[5.104471829258871, 6.105867395566887]",14.612365958019183,0.0,[],7.698822723627481,0.0,0.0,0.0,"[3.7785549898463646, 3.920267733781117]",[],"[0.0, 0.0]",[],"[7.124499973965037, 7.487865984054146]"
140,0,1814,True,False,,0.0,3,3,,0,3,33.0778783632146,"[10.053986394182918, 15.054668323975058, 7.969223645056626]",15.900372561653695,"[4.921054693731338, 6.871320646350273, 4.107997221572084]",29.710901299916188,0.0,[],14.587251506967313,0.0,0.0,0.0,"[6.34460597193666, 3.7413913116721256, 4.5012542233585275]",[],"[0.0, 0.0, 0.0]",[],"[13.704117876760666, 7.029208491466989, 8.977574931688533]"
140,0,1815,True,True,1.0,4.99,4,4,True,2,6,27.872879941430085,"[6.424604438764324, 3.190961763505714, 9.883401190629224, 8.373912548530823]",14.870423177157734,"[3.5055957311180865, 2.2444750877672286, 4.854526464345398, 4.265825893927021]",43.62271659015984,30.436918093506904,"[22.595457650909545, 7.841460442597358]",21.01285947016234,13.870398056467693,17.01285947016234,11.870398056467693,"[3.1372425625248868, 5.640182658800404, 4.881353360550559, 7.35408088828649]","[9.812228483854723, 4.05816957261297]","[2.1372425625248868, 4.640182658800404, 3.8813533605505595, 6.35408088828649]","[8.812228483854723, 3.05816957261297]","[5.480109134679196, 11.897904253334367, 9.952188103975793, 16.292515098170487]"
140,0,1816,True,False,,0.0,2,2,,0,2,15.021823960003708,"[10.434593897103134, 4.587230062900574]",7.858511344401447,"[5.069491619870223, 2.789019724531224]",24.300282291371673,0.0,[],11.477110093634952,0.0,0.0,0.0,"[6.575377159080776, 4.901732934554175]",[],"[0.0, 0.0]",[],"[14.295838869437887, 10.004443421933784]"
140,0,1817,True,False,,0.0,2,2,,0,2,15.348917254714788,"[6.569079927073713, 8.779837327641076]",7.986077729338769,"[3.561941171558748, 4.42413655778002]",21.12961567360594,0.0,[],10.240550112706316,0.0,0.0,0.0,"[6.171498996357014, 4.069051116349302]",[],"[0.0, 0.0]",[],"[13.260253836812858, 7.8693618367930815]"
140,0,1818,True,False,,0.0,2,2,,0,2,17.96336217903795,"[9.88999512238896, 8.073367056648989]",9.005711249824799,"[4.857098097731694, 4.148613152093105]",18.32533492552622,0.0,[],9.146880620955226,0.0,0.0,0.0,"[4.107468056318595, 5.039412564636631]",[],"[0.0, 0.0]",[],"[7.967866811073319, 10.357468114452901]"
140,0,1819,True,False,,0.0,1,1,,0,1,6.087848349945999,[6.087848349945999],3.37426085647894,[3.37426085647894],10.150184876235162,0.0,[],4.958572101731713,0.0,0.0,0.0,[4.958572101731713],[],[0.0],[],[10.150184876235162]
140,0,1820,True,True,1.0,4.99,5,5,True,2,7,69.59211794780026,"[16.839817197755284, 8.037010250278556, 6.216301645394164, 2.5, 35.998988854372264]",32.14092599964211,"[7.567528707124561, 4.134433997608637, 3.424357641703724, 1.975, 15.039605653205184]",31.683471027848345,12.441310354476784,"[6.863839568842205, 5.577470785634579]",17.356553700860857,6.852111038245946,12.356553700860855,4.852111038245946,"[5.49593472729074, 3.4936037952938133, 1.975, 3.204045724778803, 3.1879694534975]","[3.67689743184846, 3.175213606397486]","[4.49593472729074, 2.4936037952938133, 0.9750000000000001, 2.204045724778803, 2.1879694534975]","[2.67689743184846, 2.175213606397486]","[11.528037762283947, 6.393855885368752, 2.5, 5.651399294304623, 5.610178085891025]"
140,0,1821,True,True,1.0,4.99,4,3,,2,6,62.08409265592694,"[12.178380570122911, 25.85571593794256, 24.04999614786146]",27.212796135811505,"[5.749568422347935, 11.083729215797598, 10.37949849766597]",33.16266844278333,26.101085072669733,"[17.97153577813881, 8.12954929453092]",15.933440692685497,12.179423178341196,12.933440692685497,10.179423178341196,"[5.411293380578464, 5.5142755647431425, 5.0078717473638905]","[8.008898953474137, 4.170524224867059]","[4.411293380578464, 4.5142755647431425, 4.0078717473638905]","[7.008898953474136, 3.1705242248670586]","[11.311008668149908, 11.575065550623442, 10.276594224009974]"
140,0,1822,True,False,,0.0,1,1,,0,1,10.746768668671713,[10.746768668671713],5.191239780781968,[5.191239780781968],7.5850498894327,0.0,[],3.958169456878753,0.0,0.0,0.0,[3.958169456878753],[],[0.0],[],[7.5850498894327]
140,0,1823,True,False,,0.0,1,1,,0,1,18.29654559624204,[18.29654559624204],8.135652782534397,[8.135652782534397],9.132897097935674,0.0,[],4.561829868194913,0.0,0.0,0.0,[4.561829868194913],[],[0.0],[],[9.132897097935674]
140,0,1824,True,True,1.0,4.99,5,5,True,0,5,41.34893173662978,"[11.557100010663653, 14.040732050359916, 7.612855820897533, 2.5, 5.638243854708677]",21.126083377285617,"[5.507269004158825, 6.475885499640367, 3.969013770150038, 1.975, 3.1989151033363843]",46.17127597190012,0.0,[],23.006797629041053,0.0,18.006797629041053,0.0,"[4.193785574274797, 3.6635964305325337, 5.413514408859309, 5.258330558589138, 4.477570656785274]",[],"[3.1937855742747963, 2.6635964305325337, 4.413514408859309, 4.258330558589138, 3.477570656785274]",[],"[8.189193780191784, 6.829734437262907, 11.316703612459767, 10.91879630407471, 8.916847837910959]"
140,0,1825,True,False,,0.0,2,2,,0,2,15.176771761864494,"[9.219036686712027, 5.957735075152467]",7.9189409871271526,"[4.595424307817691, 3.323516679309462]",23.031832352350825,0.0,[],10.982414617416822,0.0,0.0,0.0,"[3.5827980333624394, 7.3996165840543835]",[],"[0.0, 0.0]",[],"[6.622559059903691, 16.409273292447136]"
140,0,1826,True,False,,0.0,3,3,,0,3,32.031252107159915,"[12.943143034520853, 13.934906043886954, 5.153203028752106]",15.492188321792367,"[6.047825783463133, 6.4346133571159125, 3.0097491812133215]",38.90022140616231,0.0,[],18.171086348403303,0.0,0.0,0.0,"[2.5233296307231, 8.054374076754378, 7.593382640925824]",[],"[0.0, 0.0, 0.0]",[],"[3.905973412110512, 18.08813865834456, 16.90610933570724]"
140,0,1827,True,False,,0.0,2,2,,0,2,25.37779027666935,"[12.025569983990387, 13.352220292678963]",11.897338207901047,"[5.689972293756251, 6.207365914144796]",10.940885140030865,0.0,[],6.266945204612037,0.0,0.0,0.0,"[3.673441122963321, 2.5935040816487165]",[],"[0.0, 0.0]",[],"[6.854977238367489, 4.085907901663375]"
140,0,1828,True,False,,0.0,1,1,,0,1,2.5,[2.5],1.975,[1.975],12.368862565098736,0.0,[],5.823856400388507,0.0,0.0,0.0,[5.823856400388507],[],[0.0],[],[12.368862565098736]
140,0,1829,True,True,1.0,4.99,5,5,True,2,7,60.155310552884444,"[13.734395821594541, 5.972917518096303, 17.819128701453998, 8.18399465549766, 14.444873856241944]",28.460571115624937,"[6.356414370421871, 3.329437832057558, 7.9494601935670595, 4.191757915644088, 6.633500803934359]",49.17713662858363,29.178902701278513,"[15.876183483908562, 13.302719217369951]",24.179083285147616,13.37977205349862,19.179083285147616,11.37977205349862,"[5.025199538454812, 5.372206889390498, 5.250175476333506, 6.239349542663161, 2.2921518383056396]","[7.191711558724339, 6.188060494774281]","[4.025199538454812, 4.372206889390498, 4.250175476333506, 5.239349542663161, 1.2921518383056398]","[6.191711558724339, 5.188060494774281]","[10.32102445757644, 11.210786895873072, 10.897885836752579, 13.434229596572209, 3.313209841809333]"
140,0,1830,True,True,1.0,4.99,5,5,True,2,7,34.35773830790986,"[7.286057012955432, 5.877711927629913, 2.9040277631231266, 8.796589916769511, 9.493351687431877]",18.399517940084845,"[3.8415622350526184, 3.292307651775666, 2.1325708276180193, 4.43067006754011, 4.702407158098432]",76.05618372570002,24.938390467848688,"[20.121884533293162, 4.816505934555527]",34.66191165302301,11.72597228246099,29.66191165302301,9.725972282460988,"[8.254201556015767, 5.934594335851726, 6.783976954805583, 10.46258035151916, 3.2265584548307795]","[8.847534967984334, 2.8784373144766553]","[7.254201556015767, 4.934594335851726, 5.783976954805583, 9.46258035151916, 2.2265584548307795]","[7.847534967984333, 1.8784373144766555]","[18.60051681029684, 12.652805989363399, 14.830710140527135, 24.26302654235682, 5.709124243155845]"
140,0,1831,True,True,1.0,4.99,6,6,True,0,6,36.908290924883694,"[5.3749484201212825, 9.191878871515822, 10.44886366157227, 2.5, 4.465564213902371, 4.92703575777195]",20.39423346070464,"[3.0962298838473004, 4.584832759891171, 5.075056828013185, 1.975, 2.741570043421925, 2.9215439455310603]",48.25827309257118,0.0,[],24.82072650610276,0.0,18.82072650610276,0.0,"[2.4333963125105855, 3.8684255615544605, 4.188463266728565, 3.716590196434132, 4.03784351079792, 6.576007658077097]",[],"[1.4333963125105855, 2.8684255615544605, 3.1884632667285646, 2.716590196434132, 3.0378435107979196, 5.576007658077097]",[],"[3.6753751602835525, 7.354937337319129, 8.17554683776555, 6.965615888292646, 7.789342335379281, 14.29745553353102]"
140,0,1832,True,True,1.0,4.99,5,5,True,3,8,36.56760946258105,"[4.698388993882668, 4.490863259422913, 6.337922220306855, 5.532123937993553, 15.508311050975061]",19.261367690406612,"[2.8323717076142407, 2.751436671174936, 3.4717896659196734, 3.157528335817486, 7.048241309880274]",60.51861220378332,25.47831490741805,"[4.776450909940794, 4.57908303715147, 16.122780960325784]",28.602258759475497,12.93654281389304,23.602258759475497,9.93654281389304,"[5.477068452271093, 3.9402908757118986, 8.486602586413795, 4.555603904192618, 6.142692940886091]","[2.86281585487691, 2.785842384489073, 7.287884574527056]","[4.477068452271093, 2.9402908757118986, 7.486602586413795, 3.555603904192618, 5.142692940886091]","[1.8628158548769098, 1.7858423844890734, 6.287884574527056]","[11.479662698131007, 7.539207373620252, 19.1964168882405, 9.11693308767338, 13.186392156118183]"
140,0,1833,True,False,,0.0,3,3,,0,3,33.598141985948914,"[11.125369989144467, 10.664905308485785, 11.807866688318663]",16.103275374520077,"[5.338894295766342, 5.159313070309456, 5.605068008444279]",36.9128638698229,0.0,[],17.396016909230934,0.0,0.0,0.0,"[2.6641470697605136, 6.578034865027866, 8.153834974442553]",[],"[0.0, 0.0, 0.0]",[],"[4.267043768616702, 14.30265350007145, 18.34316660113475]"
140,0,1834,True,False,,0.0,1,1,,0,1,11.953385618833167,[11.953385618833167],5.661820391344936,[5.661820391344936],3.813851774942431,0.0,[],2.487402192227548,0.0,0.0,0.0,[2.487402192227548],[],[0.0],[],[3.813851774942431]
140,0,1835,True,False,,0.0,3,3,,0,3,24.854561538090145,"[2.5, 10.50165044251938, 11.852911095570763]",12.693278999855156,"[1.975, 5.0956436725825585, 5.622635327272597]",31.848652148160813,0.0,[],15.420974337782717,0.0,0.0,0.0,"[5.718417881415949, 6.165867822137599, 3.5366886342291695]",[],"[0.0, 0.0, 0.0]",[],"[12.098507388246022, 13.245814928557946, 6.504329831356845]"
140,0,1836,True,True,1.0,4.99,4,4,True,4,8,48.558510123913045,"[9.446449800117614, 15.007271064629885, 9.808819183557318, 14.295970075608233]",22.93781894832609,"[4.68411542204587, 6.852835715205655, 4.825439481587354, 6.575428329487211]",40.74709838139332,46.793390870977824,"[3.320339185957083, 12.639772977183068, 19.48646188973888, 11.346816818098794]",19.891368368743397,22.249422439681354,15.891368368743397,18.249422439681354,"[6.811691609274335, 2.2630520608476408, 8.535067304931502, 2.2815573936899187]","[2.2949322825232628, 5.929511461101397, 8.599720136998164, 5.42525855905853]","[5.811691609274335, 1.2630520608476405, 7.535067304931501, 1.2815573936899187]","[1.2949322825232625, 4.929511461101397, 7.5997201369981635, 4.42525855905853]","[14.901773357113678, 3.238595027814463, 19.32068539726026, 3.2860445992049194]"
140,0,1837,True,False,,0.0,2,2,,0,2,12.182282887911189,"[3.1600404843856045, 9.022242403525585]",6.751090326285364,"[2.2324157889103855, 4.518674537374978]",20.57994377240738,0.0,[],10.026178071238878,0.0,0.0,0.0,"[2.2285232663896464, 7.797654804849231]",[],"[0.0, 0.0]",[],"[3.15005965740935, 17.42988411499803]"
140,0,1838,True,False,,0.0,2,2,,0,2,5.647606358836622,"[3.1476063588366223, 2.5]",4.202566479946283,"[2.2275664799462827, 1.975]",12.229582713619614,0.0,[],6.769537258311649,0.0,0.0,0.0,"[4.158431051276407, 2.6111062070352418]",[],"[0.0, 0.0]",[],"[8.098541157118994, 4.13104155650062]"
140,0,1839,True,False,,0.0,1,1,,0,1,22.004441938295557,[22.004441938295557],9.581732355935268,[9.581732355935268],13.870415409158767,0.0,[],6.409462009571919,0.0,0.0,0.0,[6.409462009571919],[],[0.0],[],[13.870415409158767]
140,0,1840,True,False,,0.0,3,3,,0,3,17.646377155358465,"[4.101333028972165, 6.886440118368252, 6.65860400801805]",9.882087090589803,"[2.5995198812991442, 3.6857116461636186, 3.5968555631270394]",15.8471462978905,0.0,[],9.180387056177295,0.0,0.0,0.0,"[2.765319868621554, 2.9926090812045083, 3.4224581063512325]",[],"[0.0, 0.0, 0.0]",[],"[4.526461201593729, 5.109254054370534, 6.211431041926237]"
140,0,1841,True,True,1.0,4.99,4,4,True,2,6,21.46431905345724,"[3.8220087630985122, 3.0474379891315455, 4.699955692727309, 9.894916608499873]",12.371084430848324,"[2.49058341760842, 2.188500815761303, 2.832982720163651, 4.85901747731495]",20.455586896003027,20.726981512517014,"[9.006811266263574, 11.720170246253439]",11.977678889441181,10.083522789881634,7.977678889441181,8.083522789881634,"[2.0064833098267965, 4.9853889588241085, 2.212434415820821, 2.773372204969455]","[4.512656393842794, 5.570866396038841]","[1.0064833098267965, 3.985388958824108, 1.212434415820821, 1.7733722049694551]","[3.5126563938427937, 4.570866396038841]","[2.580726435453324, 10.218946048266943, 3.1088061944123613, 4.547108217870398]"
140,0,1842,True,False,,0.0,3,3,,0,3,19.85146596561242,"[4.982292167774452, 8.160561174890798, 6.708612622947168]",10.742071726588843,"[2.9430939454320364, 4.1826188582074115, 3.6163589229493955]",26.09847272388837,0.0,[],13.178404362316465,0.0,0.0,0.0,"[4.298929715765703, 4.3887957995495395, 4.490678847001222]",[],"[0.0, 0.0, 0.0]",[],"[8.458794142988982, 8.689219998844974, 8.950458582054415]"
140,0,1843,True,False,,0.0,2,2,,0,2,11.68972835835322,"[4.585660504457687, 7.104067853895533]",6.558994059757756,"[2.788407596738498, 3.770586463019258]",27.119491177629943,0.0,[],12.576601559275678,0.0,0.0,0.0,"[4.4835927181901365, 8.093008841085542]",[],"[0.0, 0.0]",[],"[8.93228902100035, 18.187202156629592]"
140,0,1844,True,False,,0.0,1,1,,0,1,31.50030598311048,[31.50030598311048],13.285119333413087,[13.285119333413087],13.607498602841162,0.0,[],6.306924455108053,0.0,0.0,0.0,[6.306924455108053],[],[0.0],[],[13.607498602841162]
140,0,1845,True,False,,0.0,2,2,,0,2,14.104325022802374,"[5.933409947889683, 8.17091507491269]",7.500686758892925,"[3.3140298796769767, 4.186656879215949]",28.666462527104223,0.0,[],13.179920385570647,0.0,0.0,0.0,"[6.808530924865035, 6.371389460705612]",[],"[0.0, 0.0]",[],"[14.893669038115474, 13.772793488988748]"
140,0,1846,True,False,,0.0,2,2,,0,2,20.678325469996597,"[12.316903209527307, 8.36142226046929]",10.064546933298672,"[5.80359225171565, 4.260954681583023]",11.977577961687633,0.0,[],6.671255405058178,0.0,0.0,0.0,"[2.035354282284967, 4.635901122773211]",[],"[0.0, 0.0]",[],"[2.6547545699614536, 9.32282339172618]"
140,0,1847,True,False,,0.0,3,3,,0,3,17.23326791942756,"[8.21078348726075, 6.522484432166809, 2.5]",9.720974488576749,"[4.202205560031693, 3.5437689285450555, 1.975]",26.851141081374116,0.0,[],13.471945021735905,0.0,0.0,0.0,"[2.4368460004021273, 4.209693734003036, 6.825405287330743]",[],"[0.0, 0.0, 0.0]",[],"[3.684220513851608, 8.229983933341117, 14.936936634181393]"
140,0,1848,True,False,,0.0,2,2,,0,2,13.585358742038789,"[8.482012446299215, 5.103346295739574]",7.298289909395129,"[4.307984854056694, 2.990305055338434]",12.487658699234434,0.0,[],6.870186892701429,0.0,0.0,0.0,"[4.352720191016552, 2.517466701684877]",[],"[0.0, 0.0]",[],"[8.596718438503979, 3.8909402607304546]"
140,0,1849,True,True,1.0,4.99,5,5,True,2,7,38.064536889722625,"[11.101150746126896, 12.439516279967926, 5.552917052788622, 4.317804039343402, 4.653148771495779]",19.845169386991824,"[5.329448790989489, 5.851411349187491, 3.1656376505875627, 2.683943575343927, 2.814728020883354]",60.23521348674889,12.200103809546924,"[6.724940749839755, 5.47516305970717]",28.491733259832067,6.758040485723301,23.491733259832067,4.758040485723301,"[8.69744491628791, 2.9540091247455784, 3.856076150373174, 6.299241900053826, 6.68496116837158]","[3.6227268924375045, 3.1353135932857965]","[7.69744491628791, 1.9540091247455786, 2.856076150373174, 5.299241900053826, 5.68496116837158]","[2.6227268924375045, 2.1353135932857965]","[19.737038246892077, 5.010279807039945, 7.323272180444036, 13.587799743727757, 14.576823508645077]"
140,0,1850,True,False,,0.0,3,3,,0,3,32.09195952603328,"[5.424040942681971, 7.147695438318954, 19.52022314503235]",15.515864215152979,"[3.115375967645969, 3.787601220944392, 8.612887026562618]",32.077259488836354,0.0,[],15.510131200646178,0.0,0.0,0.0,"[2.9620503085266954, 8.091847798126004, 4.456233093993479]",[],"[0.0, 0.0, 0.0]",[],"[5.030898226991527, 18.184225123400008, 8.862136138444816]"
140,0,1851,True,False,,0.0,2,2,,0,2,43.211199594458336,"[14.68491759334517, 28.526282001113163]",18.85236784183875,"[6.727117861404617, 12.125249980434134]",23.64608763869397,0.0,[],11.221974179090648,0.0,0.0,0.0,"[4.592445174062076, 6.629529005028572]",[],"[0.0, 0.0]",[],"[9.211397882210452, 14.434689756483516]"
140,0,1852,True,True,1.0,4.99,4,1,,2,6,5.064117666809429,[5.064117666809429],2.9750058900556775,[2.9750058900556775],7.451893737272799,24.734775904304485,"[20.87313453015578, 3.861641374148703]",3.906238557536392,11.646562602678749,2.906238557536392,9.646562602678749,[3.906238557536392],"[9.140522466760755, 2.5060401359179942]",[2.906238557536392],"[8.140522466760755, 1.5060401359179942]",[7.451893737272799]
140,0,1853,False,True,1.0,4.99,4,4,True,3,7,54.56854498686081,"[16.05983879513451, 14.624336720194485, 15.283330220984041, 8.60103925054777]",25.281732544875716,"[7.263337130102459, 6.703491320875849, 6.960498786183776, 4.35440530771363]",43.60667588652941,26.89984008303272,"[3.4626167139343, 13.184886028533118, 10.252337340565303]",21.00660359574647,13.49093763238276,17.00660359574647,10.49093763238276,"[4.2418549101305345, 10.443687639437837, 4.323889303583897, 1.9971717425942006]","[2.350420518434377, 6.142105551127916, 4.998411562820468]","[3.241854910130535, 9.443687639437837, 3.3238893035838974, 0.9971717425942007]","[1.350420518434377, 5.142105551127916, 3.9984115628204684]","[8.312448487514192, 24.21458369086625, 8.522793086112557, 2.556850622036412]"
140,0,1854,False,True,1.0,4.99,9,2,,2,11,12.255973198329203,"[9.755973198329203, 2.5]",6.779829547348388,"[4.804829547348389, 1.975]",14.49126072562684,16.06180136846109,"[9.81681002727802, 6.244991341183069]",7.651591682994468,8.264102533699825,5.651591682994468,6.264102533699825,"[3.6692776781561314, 3.982314004838337]","[4.828555910638428, 3.435546623061397]","[2.6692776781561314, 2.982314004838337]","[3.828555910638428, 2.435546623061397]","[6.8443017388618745, 7.646958986764966]"
140,0,1855,False,False,,0.0,1,1,,0,1,21.673488133290444,[21.673488133290444],9.452660371983274,[9.452660371983274],13.600536026300228,0.0,[],6.304209050257089,0.0,0.0,0.0,[6.304209050257089],[],[0.0],[],[13.600536026300228]
140,0,1856,False,True,1.0,4.99,4,8,,2,6,62.96026825516751,"[9.305277086935064, 9.606511411865856, 9.164374356818549, 2.7840811776109042, 7.437090797134525, 4.935203955947664, 9.200351771728629, 10.527377697126324]",32.55450461951533,"[4.629058063904675, 4.746539450627684, 4.574105999159234, 2.085791659268253, 3.900465410882465, 2.924729542819589, 4.588137190974166, 5.1056773018792665]",76.37652390311516,11.942283023787823,"[3.9378933574420154, 8.004389666345809]",37.78684432221491,6.6574903792772515,29.78684432221491,4.6574903792772515,"[2.844654654266293, 3.7582480346420994, 4.579111446423319, 4.987597458037485, 3.598723478112729, 6.567180621027577, 6.177770387019641, 5.273558242685769]","[2.5357784094023863, 4.121711969874865]","[1.844654654266293, 2.7582480346420994, 3.579111446423319, 3.9875974580374853, 2.598723478112729, 5.567180621027577, 5.177770387019641, 4.273558242685769]","[1.535778409402386, 3.121711969874865]","[4.7298837288879305, 7.072430858056665, 9.177208836982869, 10.224608866762782, 6.663393533622382, 14.274822105198917, 13.276334325691387, 10.957841647912227]"
140,0,1857,False,False,,0.0,2,2,,0,2,5.148273494022543,"[2.6482734940225434, 2.5]",4.007826662668792,"[2.032826662668792, 1.975]",27.765748891627254,0.0,[],12.828642067734629,0.0,0.0,0.0,"[7.094673971311727, 5.733968096422902]",[],"[0.0, 0.0]",[],"[15.627369157209557, 12.138379734417697]"
140,0,1858,False,False,,0.0,2,2,,0,2,23.49358848389992,"[14.264976840270306, 9.228611643629616]",11.16249950872097,"[6.563340967705419, 4.59915854101555]",24.463513314635883,0.0,[],11.540770192707992,0.0,0.0,0.0,"[6.888747335654364, 4.652022857053629]",[],"[0.0, 0.0]",[],"[15.099352142703498, 9.364161171932382]"
140,0,1859,False,False,,0.0,3,3,,0,3,18.655385660687834,"[7.34898633704008, 5.732425918275775, 5.573973405371982]",10.275600407668257,"[3.8661046714456315, 3.2356461081275523, 3.173849628095073]",50.72114811368361,0.0,[],22.781247764336612,0.0,0.0,0.0,"[8.574454253306005, 5.110993629248373, 9.095799881782233]",[],"[0.0, 0.0, 0.0]",[],"[19.421677572579497, 10.541009305765058, 20.758461235339055]"
140,0,1860,False,True,1.0,4.99,4,3,,2,6,13.044277903362268,"[6.253409253140053, 2.5438686877512717, 4.246999962470942]",8.087268382311285,"[3.438829608724621, 1.992108788222996, 2.6563299853636675]",19.878089618824,10.841809127718891,"[5.04535547798879, 5.796453649730101]",10.75245495134136,6.228305559810368,7.752454951341359,4.228305559810368,"[3.2291530129140047, 4.74253977569361, 2.780762162733745]","[2.967688636415628, 3.2606169233947395]","[2.2291530129140047, 3.7425397756936096, 1.7807621627337449]","[1.967688636415628, 2.2606169233947395]","[5.715776956189756, 9.596255835111819, 4.566056827522423]"
140,0,1861,False,True,1.0,4.99,5,5,True,0,5,46.876147219474845,"[8.206926827190898, 19.41985259787829, 2.5, 6.373579393934708, 10.375788400470952]",23.28169741559519,"[4.20070146260445, 8.573742513172533, 1.975, 3.4856959636345364, 5.046557476183672]",61.48274189013976,0.0,[],28.978269337154508,0.0,23.978269337154508,0.0,"[5.187002197076915, 4.5567260249097, 7.2139540726346425, 4.785730644562674, 7.234856397970573]",[],"[4.187002197076915, 3.556726024909701, 6.2139540726346425, 3.7857306445626744, 6.234856397970573]",[],"[10.735903069427987, 9.119810320281283, 15.933215570858057, 9.707001652724806, 15.986811276847622]"
140,0,1862,False,False,,0.0,2,2,,0,2,25.28654572367809,"[10.10776810545289, 15.178777618225197]",11.861752832234455,"[4.942029561126627, 6.919723271107827]",23.38750461690802,0.0,[],11.121126800594128,0.0,0.0,0.0,"[3.8536228230500535, 7.267503977544075]",[],"[0.0, 0.0]",[],"[7.31698159756424, 16.07052301934378]"
140,0,1863,False,False,,0.0,2,2,,0,2,30.022194958145263,"[24.881970005896836, 5.1402249522484285]",13.708656033676654,"[10.703968302299767, 3.004687731376887]",7.499269810748336,0.0,[],4.924715226191851,0.0,0.0,0.0,"[2.5741823423273176, 2.3505328838645334]",[],"[0.0, 0.0]",[],"[4.036364980326455, 3.46290483042188]"
140,0,1864,False,False,,0.0,2,2,,0,2,29.281719337801427,"[17.040546017895732, 12.241173319905696]",13.419870541742558,"[7.645812946979336, 5.774057594763222]",20.37647335713651,0.0,[],9.94682460928324,0.0,0.0,0.0,"[6.3148469481052905, 3.6319776611779497]",[],"[0.0, 0.0]",[],"[13.627812687449461, 6.74866066968705]"
140,0,1865,False,True,1.0,4.99,4,1,,2,6,8.189375668001208,[8.189375668001208],4.1938565105204715,[4.1938565105204715],4.03037565545157,9.298283840956874,"[3.926711822347785, 5.371572018609088]",2.5718465056261124,5.626330697973181,1.5718465056261122,3.626330697973181,[2.5718465056261124],"[2.5314176107156365, 3.0949130872575443]",[1.5718465056261122],"[1.5314176107156363, 2.0949130872575443]",[4.03037565545157]
140,0,1866,False,True,1.0,4.99,4,4,True,0,4,33.3329021812442,"[13.69990094495278, 8.266273165083987, 8.408431455569533, 2.9582966156378965]",16.999831850685236,"[6.342961368531585, 4.223846534382755, 4.2792882676721185, 2.1537356800987797]",28.740170097910816,0.0,[],15.20866633818522,0.0,11.20866633818522,0.0,"[4.483587064203799, 4.6746467367758235, 3.323453666015863, 2.7269788711897327]",[],"[3.4835870642037987, 3.674646736775824, 2.323453666015863, 1.7269788711897325]",[],"[8.932274523599483, 9.42217111993801, 5.957573502604777, 4.4281509517685445]"
140,0,1867,False,False,,0.0,3,3,,0,3,47.302064247121024,"[5.50940506348072, 11.724382371727598, 30.068276811912707]",21.4478050563772,"[3.148667974757481, 5.572509124973764, 12.726627956645956]",21.95074277853444,0.0,[],11.560789683628432,0.0,0.0,0.0,"[3.071729194266558, 4.181833814268371, 4.307226675093504]",[],"[0.0, 0.0, 0.0]",[],"[5.31212613914502, 8.158548241713772, 8.48006839767565]"
140,0,1868,False,True,1.0,4.99,4,4,True,4,8,49.79063309026206,"[5.732187892596459, 8.801913663645312, 14.930325390108997, 20.32620614391129]",23.418346905202203,"[3.235553278112619, 4.432746328821672, 6.822826902142509, 8.927220396125403]",41.39711998823273,36.779905491142095,"[6.215010908771081, 14.30066883031218, 6.501696983433264, 9.762528768625574]",20.144876795410767,18.34416314154542,16.144876795410767,14.344163141545419,"[4.442351345464335, 5.668784237669821, 6.398646154747042, 3.6350950575295666]","[3.4238542544207218, 6.57726084382175, 3.5356618235389727, 4.807386219763973]","[3.4423513454643353, 4.668784237669821, 5.398646154747042, 2.6350950575295666]","[2.4238542544207218, 5.57726084382175, 2.5356618235389727, 3.807386219763974]","[8.826541911447013, 11.971241635050824, 13.842682448069338, 6.756653993665555]"
140,0,1869,False,True,1.0,4.99,4,4,True,0,4,37.4289236927089,"[10.410527230247197, 10.30095023194833, 9.701781862981722, 7.015664367531655]",18.597280240156472,"[5.060105619796407, 5.017370590459849, 4.783694926562871, 3.7361091033373457]",47.33902920699317,0.0,[],22.462221390727336,0.0,18.462221390727336,0.0,"[8.941447696398582, 3.799491325016999, 4.771598410877537, 4.949683958434219]",[],"[7.941447696398582, 2.799491325016999, 3.771598410877537, 3.9496839584342194]",[],"[20.362686401022003, 7.178182884658971, 9.670765156096248, 10.127394765215946]"
140,0,1870,False,False,,0.0,1,1,,0,1,2.806519699523547,[2.806519699523547],2.0945426828141835,[2.0945426828141835],17.26134227882633,0.0,[],7.731923488742269,0.0,0.0,0.0,[7.731923488742269],[],[0.0],[],[17.26134227882633]
140,0,1871,False,False,,0.0,1,1,,0,1,7.232380840944777,[7.232380840944777],3.8206285279684633,[3.8206285279684633],2.5,0.0,[],1.975,0.0,0.0,0.0,[1.975],[],[0.0],[],[2.5]
140,0,1872,False,True,1.0,4.99,5,5,True,1,6,45.587290517195484,"[2.5, 13.71731100675259, 7.600991982219141, 15.930365490742146, 5.83862203748161]",22.779043301706242,"[1.975, 6.349751292633511, 3.964386873065465, 7.212842541389437, 3.277062594617828]",52.1751125499148,4.449295484182535,[4.449295484182535],25.348293894466774,2.735225238831189,20.348293894466774,1.7352252388311888,"[3.955284077710947, 7.675708083899953, 1.975, 8.82245216681699, 2.9198495660388835]",[2.735225238831189],"[2.955284077710947, 6.675708083899953, 0.9750000000000001, 7.82245216681699, 1.9198495660388832]",[1.7352252388311888],"[7.577651481310119, 17.117200215128083, 2.5, 20.057569658505102, 4.922691194971495]"
140,0,1873,False,False,,0.0,2,2,,0,2,24.866197948523475,"[13.11318920334764, 11.753008745175835]",11.697817199924156,"[6.1141437893055794, 5.583673410618576]",8.946122368371107,0.0,[],5.4889877236647315,0.0,0.0,0.0,"[2.9542870802047108, 2.534700643460021]",[],"[0.0, 0.0]",[],"[5.010992513345412, 3.9351298550256946]"
140,0,1874,False,False,,0.0,3,3,,0,3,17.972637624693547,"[4.577849450049405, 9.29737927671049, 4.097408897933649]",10.009328673630481,"[2.785361285519268, 4.6259779179170915, 2.597989470194123]",36.84382267371686,0.0,[],17.369090842749575,0.0,0.0,0.0,"[4.389862509872442, 5.323166691483683, 7.65606164139345]",[],"[0.0, 0.0, 0.0]",[],"[8.69195515351908, 11.085042798676112, 17.066824721521666]"
140,0,1875,False,False,,0.0,3,3,,0,3,39.601707208690506,"[24.99182012719844, 8.673888078365406, 5.935999003126662]",18.4446658113893,"[10.746809849607391, 4.382816350562509, 3.3150396112193983]",18.532859146890097,0.0,[],10.227815067287137,0.0,0.0,0.0,"[2.6255781408447283, 5.612190671561714, 1.9900462548806956]",[],"[0.0, 0.0, 0.0]",[],"[4.168149079089047, 11.826129927081316, 2.5385801407197324]"
140,0,1876,False,False,,0.0,3,3,,0,3,35.655375774051436,"[13.877452673040848, 16.32089815183191, 5.457024949178684]",16.905596551880063,"[6.412206542485931, 7.365150279214444, 3.1282397301796867]",20.83979140612398,0.0,[],11.127518648388353,0.0,0.0,0.0,"[3.8819721039345927, 1.975, 5.270546544453761]",[],"[0.0, 0.0, 0.0]",[],"[7.38967206137075, 2.5, 10.950119344753231]"
140,0,1877,False,True,1.0,4.99,5,5,True,2,7,67.76292366137339,"[17.02687473752938, 9.561220436191865, 15.953359546970276, 11.541633506599837, 13.679835434082031]",31.42754022793562,"[7.640481147636458, 4.728875970114828, 7.221810223318408, 5.501237067573936, 6.335135819291993]",28.90065826663532,10.946591943786725,"[4.524692876374622, 6.421899067412102]",16.271256723987776,6.269170858076823,11.271256723987774,4.269170858076823,"[5.26079246588232, 2.671729907943969, 2.5984801836810334, 2.629531703277876, 3.1107224632025763]","[2.7646302217861027, 3.50454063629072]","[4.26079246588232, 1.6717299079439687, 1.5984801836810336, 1.629531703277876, 2.1107224632025763]","[1.7646302217861025, 2.50454063629072]","[10.925108886877743, 4.286486943446073, 4.098667137643676, 4.17828641866122, 5.412108880006605]"
140,0,1878,False,True,1.0,4.99,4,1,,2,6,3.625138649840662,[3.625138649840662],2.4138040734378583,[2.4138040734378583],4.550987181242317,19.95776420915886,"[12.162697589100285, 7.795066620058575]",2.774885000684504,9.783528041571955,1.7748850006845038,7.783528041571955,[2.774885000684504],"[5.743452059749111, 4.040075981822845]",[1.7748850006845038],"[4.743452059749111, 3.0400759818228447]",[4.550987181242317]
140,0,1879,False,False,,0.0,1,1,,0,1,8.836959041237535,[8.836959041237535],4.446414026082639,[4.446414026082639],15.106811467201533,0.0,[],6.891656472208598,0.0,0.0,0.0,[6.891656472208598],[],[0.0],[],[15.106811467201533]
140,0,1880,False,False,,0.0,3,3,,0,3,28.786348377776296,"[7.278763699518137, 9.4825841459766, 12.025000532281556]",14.226675867332755,"[3.838717842812074, 4.698207816930875, 5.689750207589807]",31.57517898797267,0.0,[],15.314319805309342,0.0,0.0,0.0,"[3.869454110722446, 3.490364076656293, 7.954501617930603]",[],"[0.0, 0.0, 0.0]",[],"[7.357574642878067, 6.385548914503315, 17.83205543059129]"
140,0,1881,False,False,,0.0,2,2,,0,2,15.208329487036803,"[9.828773044442528, 5.379556442594275]",7.931248499944353,"[4.833221487332586, 3.0980270126117673]",20.214045572088878,0.0,[],9.883477773114663,0.0,0.0,0.0,"[6.882099165648983, 3.00137860746568]",[],"[0.0, 0.0]",[],"[15.08230555294611, 5.131740019142769]"
140,0,1882,False,True,1.0,4.99,4,4,True,2,6,50.79417598381317,"[16.295208743230244, 16.101662179213704, 8.541538568189674, 9.855766493179544]",23.809728633687136,"[7.355131409859795, 7.279648249893345, 4.3312000415939735, 4.843748932340022]",35.7301617941649,14.66219945853305,"[8.938412139267806, 5.723787319265245]",17.934763099724314,7.71825778882789,13.934763099724313,5.71825778882789,"[4.31651794490701, 7.094271597885063, 2.7132158579788657, 3.8107576989533736]","[4.485980734314444, 3.2322770545134456]","[3.3165179449070097, 6.094271597885063, 1.7132158579788654, 2.8107576989533736]","[3.4859807343144444, 2.2322770545134456]","[8.50389216642823, 15.62633743047452, 4.392861174304783, 7.2070710229573685]"
140,0,1883,False,True,1.0,4.99,6,6,True,2,8,73.00634455652632,"[10.61210405742225, 5.51142354040473, 10.723417910199366, 18.36985182851546, 8.672504053992727, 19.117043165991788]",34.472474377045266,"[5.1387205823946775, 3.149455180757845, 5.182132984977753, 8.16424221312103, 4.382276581057163, 8.455646834736797]",52.758617701218355,9.100947982355102,"[6.876262718759785, 2.2246852635953176]",26.575860903475153,5.54936971311849,20.575860903475153,3.54936971311849,"[5.313083423577465, 6.347105624655626, 4.1129985321393, 4.824725795959673, 2.0115071463001097, 3.9664403808429842]","[3.681742460316316, 1.867627252802174]","[4.313083423577465, 5.347105624655626, 3.1129985321393, 3.824725795959673, 1.0115071463001097, 2.9664403808429842]","[2.681742460316316, 0.8676272528021739]","[11.059188265583243, 13.710527242706732, 7.9820475183058965, 9.806989220409418, 2.5936080674361786, 7.606257386776882]"
140,0,1884,False,False,,0.0,3,3,,0,3,29.94864309845635,"[5.811201059719938, 9.923657392427808, 14.213784646308605]",14.679970808397977,"[3.2663684132907758, 4.870226383046845, 6.543376012060357]",16.241538950216775,0.0,[],9.334200190584543,0.0,0.0,0.0,"[3.1038095901519207, 2.542099438105443, 3.6882911623271784]",[],"[0.0, 0.0, 0.0]",[],"[5.394383564492104, 3.9541011233472902, 6.89305426237738]"
140,0,1885,False,False,,0.0,2,2,,0,2,20.355683884158104,"[12.210027753194124, 8.145656130963978]",9.938716714821659,"[5.761910823745708, 4.176805891075952]",19.835144551022033,0.0,[],9.735706374898593,0.0,0.0,0.0,"[2.644482431530875, 7.0912239433677176]",[],"[0.0, 0.0]",[],"[4.216621619309937, 15.618522931712096]"
140,0,1886,False,True,1.0,4.99,5,5,True,1,6,62.11293347214007,"[15.449861477236068, 12.394978146633704, 16.02894993383661, 9.663893291122886, 8.575250623310794]",29.224044054134623,"[7.025445976122066, 5.834041477187145, 7.251290474196279, 4.768918383537926, 4.34434774309121]",44.95360165974079,5.07103794213629,[5.07103794213629],22.53190464729891,2.9777047974331534,17.53190464729891,1.9777047974331532,"[7.135187476634455, 4.138165330696687, 1.975, 2.8171903461083927, 6.466361493859376]",[2.9777047974331534],"[6.135187476634455, 3.1381653306966864, 0.9750000000000001, 1.8171903461083927, 5.466361493859376]",[1.9777047974331532],"[15.731249940088345, 8.046577771017144, 2.5, 4.659462425918956, 14.016311522716348]"
140,0,1887,False,False,,0.0,3,3,,0,3,23.721788563075638,"[2.812486494092277, 18.40930206898336, 2.5]",12.2514975395995,"[2.096869732695988, 8.179627806903511, 1.975]",34.78248963795184,0.0,[],16.565170958801218,0.0,0.0,0.0,"[3.4468054886992996, 4.866002534510919, 8.252362935591]",[],"[0.0, 0.0, 0.0]",[],"[6.273860227434101, 9.912827011566458, 18.59580239895128]"
140,0,1888,False,True,1.0,4.99,5,5,True,3,8,41.8785257338412,"[5.266988500128847, 7.975473573723574, 5.427555163757286, 9.636488546091975, 13.57201995013952]",21.33262503619807,"[3.0541255150502504, 4.110434693752193, 3.1167465138653414, 4.758230532975871, 6.293087780554413]",50.92840758995749,36.08054335905455,"[11.707966094328405, 12.65724574138392, 11.715331523342227]",24.862078960083416,17.071411910031273,19.862078960083416,14.071411910031273,"[4.497656721417476, 5.725348254410264, 6.280892116015678, 4.418167187032399, 3.940014681207601]","[5.566106776788078, 5.9363258391397284, 5.568979294103468]","[3.4976567214174756, 4.725348254410264, 5.280892116015678, 3.4181671870323993, 2.940014681207601]","[4.566106776788078, 4.9363258391397284, 4.568979294103468]","[8.968350567737117, 12.116277575410933, 13.540749015424815, 8.764531248801024, 7.5384991825835925]"
140,0,1889,False,False,,0.0,3,3,,0,3,43.611948703554866,"[7.39901671120293, 28.78934961316641, 7.423582379185524]",20.0086599943864,"[3.885616517369143, 12.2278463491349, 3.8951971278823545]",23.74112317649644,0.0,[],12.259038038833612,0.0,0.0,0.0,"[2.5975371805711553, 6.52629557676201, 3.135205281500447]",[],"[0.0, 0.0, 0.0]",[],"[4.096249180951681, 14.169988658364128, 5.474885337180633]"
140,0,1890,False,False,,0.0,3,3,,0,3,24.40175276900974,"[6.719745663143974, 7.420144135439509, 10.261862970426257]",12.5166835799138,"[3.62070080862615, 3.8938562128214085, 5.002126558466241]",39.016910933048074,0.0,[],18.21659526388875,0.0,0.0,0.0,"[6.9159405757348695, 5.609891117052248, 5.690763571101631]",[],"[0.0, 0.0, 0.0]",[],"[15.169078399320178, 11.820233633467303, 12.027598900260593]"
140,0,1891,False,True,1.0,4.99,4,4,True,3,7,40.95556309576933,"[9.376600228225438, 13.82930407907373, 14.244957521581354, 3.5047012668888082]",19.97266960735004,"[4.656874089007921, 6.393428590838755, 6.555533433416728, 2.3668334940866353]",32.95625610067401,31.101049077783106,"[21.35193851788872, 3.8461504690197024, 5.902960090874687]",16.852939879262866,15.129409140335412,12.852939879262866,12.129409140335412,"[4.798001512444238, 5.172271977322645, 4.552730494889445, 2.3299358946065376]","[9.3272560219766, 2.499998682917684, 3.302154435441128]","[3.7980015124442383, 4.172271977322645, 3.552730494889446, 1.3299358946065376]","[8.3272560219766, 1.499998682917684, 2.302154435441128]","[9.738465416523688, 10.698133275186269, 9.1095653715114, 3.41009203745266]"
140,0,1892,False,True,1.0,4.99,4,4,True,0,4,51.539985287506475,"[14.503716984206065, 14.913457376718199, 11.135399934231035, 10.987410992351178]",24.100594262127526,"[6.656449623840365, 6.816248376920098, 5.342805974350104, 5.28509028701696]",24.18135246653042,0.0,[],13.430727461946866,0.0,9.430727461946866,0.0,"[3.131928399675598, 2.191169604341074, 1.975, 6.132629457930192]",[],"[2.131928399675598, 1.191169604341074, 0.9750000000000001, 5.132629457930192]",[],"[5.4664830760912775, 3.0542810367719846, 2.5, 13.160588353667158]"
140,0,1893,False,False,,0.0,1,1,,0,1,10.801857109503558,[10.801857109503558],5.212724272706388,[5.212724272706388],11.69207656996033,0.0,[],5.559909862284528,0.0,0.0,0.0,[5.559909862284528],[],[0.0],[],[11.69207656996033]
140,0,1894,False,True,1.0,4.99,4,1,,2,6,10.232722313500666,[10.232722313500666],4.99076170226526,[4.99076170226526],4.593983813870476,17.611620414053476,"[8.295205830304795, 9.31641458374868]",2.7916536874094855,8.868531961480855,1.7916536874094855,6.868531961480855,[2.7916536874094855],"[4.23513027381887, 4.633401687661985]",[1.7916536874094855],"[3.23513027381887, 3.6334016876619852]",[4.593983813870476]
140,0,1895,False,False,,0.0,2,2,,0,2,20.883361043019537,"[2.5, 18.383361043019537]",10.14451080677762,"[1.975, 8.16951080677762]",13.664866865820766,0.0,[],7.329298077670099,0.0,0.0,0.0,"[5.088300631841099, 2.2409974458290005]",[],"[0.0, 0.0]",[],"[10.482822132925893, 3.182044732894872]"
140,0,1896,False,False,,0.0,2,2,,0,2,22.231447395936026,"[15.158701054491358, 7.072746341444668]",10.67026448441505,"[6.91189341125163, 3.7583710731634206]",16.01396550301035,0.0,[],8.245446546174037,0.0,0.0,0.0,"[5.66760740358509, 2.5778391425889473]",[],"[0.0, 0.0]",[],"[11.96822411175664, 4.045741391253711]"
140,0,1897,False,False,,0.0,2,2,,0,2,11.180175698638717,"[6.199170762486036, 4.981004936152682]",6.3602685224691005,"[3.417676597369554, 2.942591925099546]",26.228299500698846,0.0,[],12.22903680527255,0.0,0.0,0.0,"[5.433990742849004, 6.795046062423546]",[],"[0.0, 0.0]",[],"[11.369207032946164, 14.859092467752681]"
140,0,1898,False,False,,0.0,1,1,,0,1,10.977025989557115,[10.977025989557115],5.281040135927275,[5.281040135927275],15.072918322173848,0.0,[],6.8784381456478005,0.0,0.0,0.0,[6.8784381456478005],[],[0.0],[],[15.072918322173848]
140,0,1899,False,False,,0.0,2,2,,0,2,31.98783175932401,"[13.37074271306799, 18.61708904625602]",14.475254386136365,"[6.214589658096516, 8.260664728039849]",17.58375124655302,0.0,[],8.85766298615568,0.0,0.0,0.0,"[5.53378531166528, 3.3238776744903986]",[],"[0.0, 0.0]",[],"[11.625090542731488, 5.9586607038215345]"
140,0,1900,False,False,,0.0,3,3,,0,3,31.069208727987586,"[12.97775358617006, 6.437239809033321, 11.654215332784203]",15.116991403915158,"[6.061323898606323, 3.5105235255229954, 5.5451439797858395]",23.871669235021855,0.0,[],12.309951001658524,0.0,0.0,0.0,"[4.817319547608106, 3.3521772147440627, 4.140454239306356]",[],"[0.0, 0.0, 0.0]",[],"[9.787998840020784, 6.031223627548878, 8.052446767452194]"
140,0,1901,False,False,,0.0,2,2,,0,2,13.980748174902848,"[8.838747219356334, 5.142000955546514]",7.452491788212111,"[4.447111415548971, 3.0053803726631405]",10.908306240284961,0.0,[],6.254239433711135,0.0,0.0,0.0,"[4.279239433711135, 1.975]",[],"[0.0, 0.0]",[],"[8.408306240284961, 2.5]"
140,0,1902,False,False,,0.0,2,2,,0,2,7.49029056073454,"[2.71567312464883, 4.77461743608571]",4.921213318686471,"[2.059112518613044, 2.862100800073427]",19.128446730276714,0.0,[],9.46009422480792,0.0,0.0,0.0,"[5.711161697911802, 3.7489325268961173]",[],"[0.0, 0.0]",[],"[12.07990178951744, 7.048544940759275]"
140,0,1903,False,False,,0.0,3,3,,0,3,40.11839899714458,"[5.579759462074726, 26.11952365451691, 8.419115880552948]",18.646175608886388,"[3.1761061902091434, 11.186614225261595, 4.28345519341565]",38.35105478549231,0.0,[],17.956911366342002,0.0,0.0,0.0,"[5.95884540061074, 6.80397605995704, 5.194089905774222]",[],"[0.0, 0.0, 0.0]",[],"[12.714988206694207, 14.881989897325742, 10.754076681472363]"
140,0,1904,False,False,,0.0,1,1,,0,1,6.030395227601254,[6.030395227601254],3.351854138764489,[3.351854138764489],14.232700674229259,0.0,[],6.550753262949411,0.0,0.0,0.0,[6.550753262949411],[],[0.0],[],[14.232700674229259]
140,0,1905,False,False,,0.0,1,1,,0,1,28.74875356591629,[28.74875356591629],12.212013890707352,[12.212013890707352],8.027959797427007,0.0,[],4.1309043209965335,0.0,0.0,0.0,[4.1309043209965335],[],[0.0],[],[8.027959797427007]
140,0,1906,False,False,,0.0,1,1,,0,1,13.881660589926597,[13.881660589926597],6.4138476300713725,[6.4138476300713725],2.5,0.0,[],1.975,0.0,0.0,0.0,[1.975],[],[0.0],[],[2.5]
140,0,1907,False,True,1.0,4.99,4,4,True,2,6,30.172984752468423,"[10.026025185591207, 4.120025454679401, 2.6136372205638176, 13.413296891633998]",15.767464053462685,"[4.910149822380571, 2.6068099273249663, 2.019318516019889, 6.231185787737259]",36.15535108657882,9.524613663366225,"[3.8216546394720945, 5.702959023894129]",18.100586923765743,5.714599328712827,14.100586923765743,3.7145993287128274,"[4.681000168082475, 6.2554397751231505, 4.845957295744977, 2.318189684815139]","[2.490445309394117, 3.2241540193187106]","[3.6810001680824747, 5.2554397751231505, 3.8459572957449772, 1.3181896848151393]","[1.490445309394117, 2.2241540193187106]","[9.438461969442242, 13.475486602879872, 9.86142896344866, 3.3799735508080495]"
140,0,1908,False,True,1.0,4.99,5,5,True,2,7,41.502919399569365,"[9.159541800142708, 15.4040852592237, 4.564604194897226, 3.7823969475832047, 8.592291197722522]",21.186138565832053,"[4.572221302055656, 7.007593251097243, 2.780195636009918, 2.47513480955745, 4.350993567111784]",37.748239195085745,25.916801397053767,"[14.724572743427728, 11.19222865362604]",19.721813286083442,12.107552544850972,14.721813286083442,10.107552544850972,"[2.859314252686586, 3.7995226027330427, 3.4804072800944703, 2.9677275469718687, 6.6148416035974735]","[6.742583369936814, 5.364969174914156]","[1.8593142526865856, 2.7995226027330427, 2.4804072800944703, 1.967727546971869, 5.6148416035974735]","[5.742583369936814, 4.364969174914156]","[4.767472442786117, 7.1782630839308785, 6.360018666908898, 5.045455248645817, 14.397029752814035]"
140,0,1909,False,True,1.0,4.99,5,5,True,2,7,32.414530940912,"[3.3900459819824924, 5.161893642942345, 3.800081720599664, 8.85645364702325, 11.206055948364254]",17.641667066955684,"[2.322117932973172, 3.0131385207475145, 2.482031871033869, 4.4540169223390675, 5.370361819862059]",55.07182326262263,8.399562247933263,"[4.199781123966631, 4.199781123966631]",26.478011072422824,5.2758292766939725,21.478011072422824,3.2758292766939725,"[4.089305949428029, 9.9339881404604, 4.801213353748064, 4.498422801949957, 3.1550808268363753]","[2.6379146383469863, 2.6379146383469863]","[3.0893059494280295, 8.9339881404604, 3.801213353748065, 3.4984228019499564, 2.1550808268363753]","[1.6379146383469863, 1.6379146383469863]","[7.921297306225717, 22.90766189861641, 9.74670090704632, 8.97031487679476, 5.525848273939424]"
140,0,1910,False,False,,0.0,1,1,,0,1,7.985955588001559,[7.985955588001559],4.114522679320608,[4.114522679320608],10.245983731169368,0.0,[],4.995933655156053,0.0,0.0,0.0,[4.995933655156053],[],[0.0],[],[10.245983731169368]
140,0,1911,False,False,,0.0,3,3,,0,3,28.12754146784752,"[2.5, 15.335725157700011, 10.29181631014751]",13.969741172460534,"[1.975, 6.9809328115030045, 5.013808360957529]",15.338890938543914,0.0,[],8.982167466032127,0.0,0.0,0.0,"[1.975, 4.222292921663343, 2.7848745443687832]",[],"[0.0, 0.0, 0.0]",[],"[2.5, 8.26228954272652, 4.576601395817393]"
140,0,1912,False,True,1.0,4.99,4,5,,2,6,35.352225091702316,"[10.829775663856118, 5.9342982486959315, 2.5, 5.9271494226226915, 10.161001756527577]",18.787367785763905,"[5.223612508903886, 3.3143763169914133, 1.975, 3.31158827482285, 4.962790685045755]",40.82732330820243,11.05572951826235,"[6.3121107008305675, 4.743618817431783]",20.922656090198952,6.311734512122317,15.92265609019895,4.311734512122317,"[3.7885300399539825, 7.23000369802196, 3.106155121285583, 4.383981176817056, 2.413986054120368]","[3.4617231733239215, 2.850011338798396]","[2.7885300399539825, 6.23000369802196, 2.106155121285583, 3.383981176817056, 1.413986054120368]","[2.4617231733239215, 1.8500113387983956]","[7.150077025523032, 15.974368456466564, 5.40039774688611, 8.676874812351425, 3.625605266975302]"
140,0,1913,False,False,,0.0,2,2,,0,2,20.266736395429866,"[8.117172511363217, 12.149563884066652]",9.904027194217647,"[4.1656972794316545, 5.738329914785994]",17.726035159310904,0.0,[],8.913153712131253,0.0,0.0,0.0,"[4.318660250334862, 4.594493461796391]",[],"[0.0, 0.0]",[],"[8.509385257268875, 9.216649902042027]"
140,0,1914,False,True,1.0,4.99,5,5,True,2,7,49.5800641262279,"[6.26071032338864, 6.603846698887496, 3.3941132706138664, 21.805845807598786, 11.515548025739115]",24.336225009228883,"[3.4416770261215697, 3.5755002125661237, 2.323704175539408, 9.504279864963527, 5.491063730038255]",55.81410328428911,11.100025154287932,"[3.659013811694454, 7.4410113425934785]",26.767500280872753,6.329009810172295,21.767500280872753,4.329009810172294,"[5.0030199980204175, 6.038904465425163, 5.787472922497324, 6.282527481903714, 3.655575413026133]","[2.4270153865608375, 3.9019944236114568]","[4.0030199980204175, 5.038904465425163, 4.787472922497324, 5.282527481903714, 2.655575413026133]","[1.4270153865608373, 2.9019944236114568]","[10.264153841077993, 12.92026786006452, 12.275571596146985, 13.544942261291574, 6.809167725708034]"
140,0,1915,False,False,,0.0,1,1,,0,1,10.991982382907146,[10.991982382907146],5.286873129333787,[5.286873129333787],11.357507847623182,0.0,[],5.429428060573041,0.0,0.0,0.0,[5.429428060573041],[],[0.0],[],[11.357507847623182]
140,0,1916,False,True,1.0,4.99,7,7,True,6,13,60.376568050129656,"[10.576637944805086, 8.812712948836912, 16.18764903153347, 3.4633862200989025, 9.486805193952241, 6.506612708816974, 5.342764002086065]",30.546861539550562,"[5.124888798473983, 4.436958050046396, 7.313183122298054, 2.350720625838572, 4.699854025641374, 3.5375789564386197, 3.0836779608135654]",82.82306639185751,50.160343179176486,"[10.375781255114987, 20.222317699583922, 3.330410130655951, 4.262067864689269, 5.831016607363534, 6.1387496217688176]",39.30099589282443,25.562533839878824,32.30099589282443,19.562533839878828,"[7.4257124532434124, 3.530339285166015, 4.989256102672188, 7.205126719925985, 6.33613915363438, 5.534873471649438, 4.279548706533014]","[5.046554689494845, 8.88670390283773, 2.298859950955821, 2.662206467228815, 3.274096476871778, 3.394112352489839]","[6.4257124532434124, 2.530339285166015, 3.9892561026721887, 6.205126719925985, 5.33613915363438, 4.534873471649438, 3.279548706533013]","[4.046554689494845, 7.88670390283773, 1.298859950955821, 1.6622064672288148, 2.274096476871778, 2.394112352489839]","[16.47618577754721, 6.488049449143628, 10.22886180172356, 15.910581333143552, 13.682408086242, 11.62788069653702, 8.409099247520546]"
140,0,1917,False,False,,0.0,1,1,,0,1,5.275031986889196,[5.275031986889196],3.0572624748867865,[3.0572624748867865],4.316759640077868,0.0,[],2.683536259630369,0.0,0.0,0.0,[2.683536259630369],[],[0.0],[],[4.316759640077868]
140,0,1918,False,True,1.0,4.99,8,8,True,1,9,92.18226628814836,"[19.22616196414061, 12.271556873322188, 10.22654284418961, 12.704758315322255, 2.790879971202208, 16.447985783599428, 10.354355332540047, 8.16002520383201]",43.951083852377856,"[8.498203166014838, 5.785907180595654, 4.988351709233948, 5.954855742975679, 2.088443188768861, 7.414714455603777, 5.038198579690619, 4.182409829494484]",64.44596970036501,6.393032386492349,[6.393032386492349],33.13392818314236,3.493282630732016,25.13392818314236,2.493282630732016,"[3.5526927235635615, 7.627921212367081, 4.166671678714737, 2.420103060083705, 3.5666857320454883, 5.754001889980242, 3.639886716195598, 2.405965170191946]",[3.493282630732016],"[2.5526927235635615, 6.627921212367081, 3.166671678714737, 1.4201030600837048, 2.5666857320454883, 4.754001889980242, 2.639886716195598, 1.4059651701919462]",[2.493282630732016],"[6.545365957855285, 16.994669775300206, 8.119670971063428, 3.641289897650525, 6.581245466783303, 12.189748435846774, 6.768940297937431, 3.605038897928067]"
140,0,1919,False,False,,0.0,3,3,,0,3,30.05542408584774,"[12.727096159998766, 7.073602315496107, 10.254725610352866]",14.721615393480619,"[5.963567502399519, 3.7587049030434816, 4.999342988037618]",46.48469416821943,0.0,[],21.12903072560558,0.0,0.0,0.0,"[3.697470057771482, 11.473189804455561, 5.958370863378535]",[],"[0.0, 0.0, 0.0]",[],"[6.916589891721748, 26.854332831937338, 12.713771444560345]"
140,0,1920,False,True,1.0,4.99,4,4,True,5,9,37.802919864564785,"[13.214822849594817, 5.8816507572397825, 8.371876721753521, 10.334569535976666]",18.743138747180268,"[6.153780911341979, 3.2938437953235153, 4.265031921483873, 5.0304821190309]",28.418641305337232,47.48315152230202,"[6.463493666161805, 6.932876928571535, 14.942675265223912, 9.364006767867437, 9.78009889447733]",15.083270109081521,23.51842909369779,11.083270109081521,18.51842909369779,"[3.7214945073429515, 2.2349544773831465, 6.861900786842551, 2.264920337512873]","[3.520762529803104, 3.7038220021428985, 6.827643353437326, 4.651962639468301, 4.814238568846159]","[2.7214945073429515, 1.2349544773831467, 5.861900786842551, 1.264920337512873]","[2.520762529803104, 2.7038220021428985, 5.827643353437326, 3.6519626394683007, 3.814238568846159]","[6.978191044469106, 3.1665499420080683, 15.03051483805782, 3.2433854808022384]"
140,0,1921,False,False,,0.0,3,3,,0,3,24.62548537815028,"[13.986911845466473, 4.64497555767066, 5.993597975013145]",12.60393929747861,"[6.454895619731925, 2.8115404674915574, 3.3375032102551265]",43.1614458611988,0.0,[],19.832963885867535,0.0,0.0,0.0,"[5.186558562976436, 5.42045494071145, 9.225950382179647]",[],"[0.0, 0.0, 0.0]",[],"[10.734765546093424, 11.334499847978078, 21.0921804671273]"
140,0,1922,False,True,1.0,4.99,4,4,True,2,6,48.25274387476419,"[18.35319866760889, 8.955352979746989, 9.50968905776583, 11.434503169642486]",22.818570111158035,"[8.157747480367467, 4.492587662101325, 4.708778732528673, 5.45945623616057]",26.6783191240272,13.9147007195549,"[6.240210124452504, 7.674490595102397]",14.404544458370609,7.4267332806264115,10.404544458370609,5.4267332806264115,"[5.336720277425712, 3.9366071051736387, 1.975, 3.1562170757712584]","[3.4336819485364765, 3.993051332089935]","[4.336720277425712, 2.9366071051736387, 0.9750000000000001, 2.1562170757712584]","[2.4336819485364765, 2.993051332089935]","[11.119795583142851, 7.529761808137535, 2.5, 5.528761732746816]"
140,0,1923,False,True,1.0,4.99,4,4,True,1,5,29.885053079672716,"[10.342153612455128, 2.899573766501975, 11.005322669789194, 5.638003030926419]",15.65517070107236,"[5.0334399088575, 2.13083376893577, 5.292075841217786, 3.1988211820613035]",20.92371861674802,5.841730556405784,[5.841730556405784],12.160250260531726,3.2782749169982557,8.160250260531726,2.2782749169982557,"[2.602004762887176, 3.414653602746523, 4.168591894898027, 1.975]",[3.2782749169982557],"[1.602004762887176, 2.414653602746523, 3.1685918948980274, 0.9750000000000001]",[2.2782749169982557],"[4.107704520223528, 6.1914194942218534, 8.124594602302635, 2.5]"
140,0,1924,False,False,,0.0,1,1,,0,1,7.2896262144275115,[7.2896262144275115],3.84295422362673,[3.84295422362673],12.843182441080812,0.0,[],6.008841152021517,0.0,0.0,0.0,[6.008841152021517],[],[0.0],[],[12.843182441080812]
140,0,1925,False,False,,0.0,1,1,,0,1,4.645037414198046,[4.645037414198046],2.811564591537238,[2.811564591537238],4.283200485784166,0.0,[],2.6704481894558247,0.0,0.0,0.0,[2.6704481894558247],[],[0.0],[],[4.283200485784166]
140,0,1926,False,False,,0.0,3,3,,0,3,43.99744922933203,"[5.896235244705387, 13.371408546779742, 24.7298054378469]",20.15900519943949,"[3.299531745435101, 6.2148493332441, 10.644624120760291]",20.273371423089774,0.0,[],10.90661485500501,0.0,0.0,0.0,"[4.715732770189513, 2.453928000717209, 3.736954084098289]",[],"[0.0, 0.0, 0.0]",[],"[9.527519923562854, 3.7280205146595096, 7.017830984867408]"
140,0,1927,False,False,,0.0,3,3,,0,3,27.38318577311782,"[13.222481317879408, 4.265162465859052, 9.89554198937936]",13.67944245151595,"[6.156767713972969, 2.6634133616850306, 4.859261375857951]",27.488636879026405,0.0,[],13.720568382820298,0.0,0.0,0.0,"[4.578587453168279, 3.90198212623139, 5.2399988034206295]",[],"[0.0, 0.0, 0.0]",[],"[9.175865264534048, 7.440979810849718, 10.87179180364264]"
140,0,1928,False,True,1.0,4.99,7,7,True,1,8,76.20241432899991,"[17.583067773004625, 6.051475925340171, 3.762830131631212, 9.71654102015539, 13.214270646948457, 14.018748274509301, 11.855480557410756]",36.71894158830997,"[7.8573964314718046, 3.360075610882667, 2.4675037513361726, 4.789450997860602, 6.153565552309899, 6.467311827058627, 5.623637417390195]",79.02502551490224,8.106843314760148,[8.106843314760148],37.81975995081188,4.161668892756458,30.81975995081188,3.161668892756458,"[5.479851899690259, 4.3004841623172805, 3.5932000489510996, 7.2250606656407115, 6.6634468079567535, 6.41408935306104, 4.1436270131947355]",[4.161668892756458],"[4.479851899690259, 3.30048416231728, 2.5932000489510996, 6.2250606656407115, 5.6634468079567535, 5.41408935306104, 3.1436270131947355]",[3.161668892756458],"[11.486799742795537, 8.46277990337764, 6.649230894746409, 15.961694014463362, 14.521658481940392, 13.882280392464203, 8.060582085114707]"
140,0,1929,False,False,,0.0,1,1,,0,1,7.141603379553096,[7.141603379553096],3.7852253180257076,[3.7852253180257076],20.83805087380197,0.0,[],9.126839840782768,0.0,0.0,0.0,[9.126839840782768],[],[0.0],[],[20.83805087380197]
140,0,1930,False,False,,0.0,2,2,,0,2,17.705049201784718,"[6.3530485398184595, 11.352000661966256]",8.90496918869604,"[3.477688930529199, 5.4272802581668405]",18.59021646210309,0.0,[],9.250184420220204,0.0,0.0,0.0,"[3.2838606247961644, 5.9663237954240405]",[],"[0.0, 0.0]",[],"[5.856052884092729, 12.73416357801036]"
140,0,1931,False,True,1.0,4.99,4,4,True,0,4,46.18876062756987,"[4.272792261809795, 12.454283609272405, 17.44404090773031, 12.017643848757357]",22.01361664475225,"[2.66638898210582, 5.857170607616238, 7.803175954014821, 5.68688110101537]",40.074067431719065,0.0,[],19.628886298370436,0.0,15.628886298370436,0.0,"[4.809532578789783, 6.997415230352603, 2.022597942570461, 5.799340546657589]",[],"[3.8095325787897827, 5.997415230352603, 1.022597942570461, 4.799340546657589]",[],"[9.768032253307135, 15.377987770134878, 2.6220460065909257, 12.306001401686126]"
140,0,1932,False,True,1.0,4.99,5,5,True,1,6,37.10517509190842,"[10.599997164485934, 10.39957616071524, 6.9418356853006715, 4.397897147760811, 4.7658689336457645]",19.47101828584428,"[5.1339988941495145, 5.055834702678943, 3.707315917267262, 2.715179887626716, 2.8586888841218485]",54.12423945876096,8.752254210284066,[8.752254210284066],26.10845338891677,4.413379142010786,21.10845338891677,3.413379142010786,"[3.7843756687016996, 7.632399614962298, 3.9373725701563105, 2.0232731778562227, 8.731032357240244]",[4.413379142010786],"[2.7843756687016996, 6.632399614962298, 2.9373725701563105, 1.0232731778562225, 7.7310323572402435]",[3.413379142010786],"[7.13942479154282, 17.006152858877687, 7.531724538862335, 2.6237773791185193, 19.823159890359598]"
140,0,1933,False,False,,0.0,1,1,,0,1,2.5,[2.5],1.975,[1.975],7.425218356385713,0.0,[],3.8958351589904283,0.0,0.0,0.0,[3.8958351589904283],[],[0.0],[],[7.425218356385713]
140,0,1934,False,False,,0.0,1,1,,0,1,13.346006886827354,[13.346006886827354],6.204942685862668,[6.204942685862668],9.331713524573763,0.0,[],4.639368274583767,0.0,0.0,0.0,[4.639368274583767],[],[0.0],[],[9.331713524573763]
140,0,1935,False,False,,0.0,3,3,,0,3,20.25052716727368,"[13.943337260993719, 2.5, 3.807189906279961]",10.897705595236737,"[6.43790153178755, 1.975, 2.484804063449185]",32.317956852748075,0.0,[],15.60400317257175,0.0,0.0,0.0,"[3.6763468609103853, 5.656861213230338, 6.270795098431025]",[],"[0.0, 0.0, 0.0]",[],"[6.862427848488167, 11.940669777513689, 13.514859226746218]"
140,0,1936,False,False,,0.0,3,3,,0,3,37.85470407105464,"[8.591577307819795, 7.669415435463806, 21.593711327771043]",17.763334587711313,"[4.35071515004972, 3.9910720198308844, 9.421547417830707]",19.5602711804525,0.0,[],10.628505760376473,0.0,0.0,0.0,"[2.221518632455304, 3.5957093657745753, 4.811277762146595]",[],"[0.0, 0.0, 0.0]",[],"[3.1320990575777024, 6.655665040447629, 9.772507082427168]"
140,0,1937,False,False,,0.0,2,2,,0,2,12.97130665544318,"[3.5776844533107237, 9.393622202132457]",7.058809595622841,"[2.3952969367911825, 4.663512658831658]",15.451980629503732,0.0,[],8.026272445506455,0.0,0.0,0.0,"[4.940765326111261, 3.0855071193951935]",[],"[0.0, 0.0]",[],"[10.104526477208363, 5.347454152295368]"
140,0,1938,False,True,1.0,4.99,4,4,True,2,6,35.32315606899972,"[4.038805101834744, 5.077937335209985, 16.318626925065438, 9.887786706889553]",17.776030866909892,"[2.5751339897155505, 2.9803955607318944, 7.364264500775521, 4.856236815686926]",24.406296414822986,31.58210657382637,"[27.233525840679743, 4.348580733146626]",13.518455601780966,14.317021563792284,9.518455601780966,12.317021563792284,"[2.541660287142247, 3.762851623413729, 3.2997226083013893, 3.9142210829236]","[11.6210750778651, 2.695946485927184]","[1.541660287142247, 2.762851623413729, 2.2997226083013893, 2.9142210829236]","[10.6210750778651, 1.6959464859271842]","[3.95297509523653, 7.084234931830074, 5.896724636670229, 7.4723617510861535]"
140,0,1939,False,False,,0.0,2,2,,0,2,33.940251295396855,"[23.44243240479811, 10.497818890598742]",15.236698005204772,"[10.142548637871263, 5.094149367333509]",21.38140103121256,0.0,[],10.338746402172898,0.0,0.0,0.0,"[3.099277116292903, 7.239469285879995]",[],"[0.0, 0.0]",[],"[5.38276183664847, 15.99863919456409]"
140,0,1940,False,False,,0.0,1,1,,0,1,7.168035993637194,[7.168035993637194],3.7955340375185056,[3.7955340375185056],7.050927594746629,0.0,[],3.7498617619511854,0.0,0.0,0.0,[3.7498617619511854],[],[0.0],[],[7.050927594746629]
140,0,1941,False,False,,0.0,3,3,,0,3,34.33498513761392,"[16.53617702486662, 6.673772549613202, 11.125035563134096]",16.39064420366943,"[7.449109039697983, 3.602771294349149, 5.338763869622298]",30.798005503693986,0.0,[],15.011222146440655,0.0,0.0,0.0,"[2.24243302283351, 2.898875744643636, 9.86991337896351]",[],"[0.0, 0.0, 0.0]",[],"[3.1857256995731023, 4.868912165752913, 22.74336763836797]"
140,0,1942,False,False,,0.0,3,3,,0,3,20.858479468063933,"[3.9693417307113963, 12.945673744464035, 3.943463992888502]",11.134806992544934,"[2.5480432749774446, 6.048812760340974, 2.5379509572265158]",23.785474096216923,0.0,[],12.276334897524602,0.0,0.0,0.0,"[5.76691675154349, 2.691788549727165, 3.817629596253947]",[],"[0.0, 0.0, 0.0]",[],"[12.222863465496127, 4.337919358274782, 7.224691272446018]"
140,0,1943,False,False,,0.0,1,1,,0,1,13.564056027093523,[13.564056027093523],6.289981850566474,[6.289981850566474],4.21957450984654,0.0,[],2.645634058840151,0.0,0.0,0.0,[2.645634058840151],[],[0.0],[],[4.21957450984654]
140,0,1944,False,True,1.0,4.99,4,4,True,1,5,25.582803041872864,"[3.3265238179056924, 10.368980728075583, 2.9657490191857097, 8.921549476705879]",13.977293186330417,"[2.2973442889832203, 5.043902483949477, 2.156642117482427, 4.479404295915293]",38.12766036020129,18.42116281475102,[18.42116281475102],18.869787540478505,8.184253497752898,14.869787540478505,7.1842534977528985,"[4.351065720949512, 3.1628367567431797, 6.3887849997533985, 4.967100063032414]",[8.184253497752898],"[3.3510657209495123, 2.1628367567431797, 5.3887849997533985, 3.9671000630324142]",[7.1842534977528985],"[8.592476207562852, 5.54573527370046, 13.817397435265125, 10.172051443672856]"
140,0,1945,False,True,1.0,4.99,4,4,True,3,7,46.26956274134602,"[7.744609742648277, 8.416093262670511, 17.37200717291837, 12.736852563108867]",22.04512946912495,"[4.020397799632828, 4.282276372441499, 7.775082797438165, 5.967372499612458]",27.239252481333793,20.5976025290295,"[5.096590666960501, 4.526367617406984, 10.974644244662016]",14.623308467720179,11.033064986321506,10.62330846772018,8.033064986321506,"[2.5334916838714134, 5.698900837419933, 4.368551809619822, 2.0223641368090117]","[2.9876703601145955, 2.7652833707887234, 5.280111255418187]","[1.5334916838714132, 4.698900837419933, 3.3685518096198224, 1.022364136809012]","[1.9876703601145955, 1.7652833707887237, 4.280111255418187]","[3.932029958644649, 12.048463685692134, 8.637312332358519, 2.621446504638492]"
140,0,1946,False,False,,0.0,1,1,,0,1,9.870590519042112,[9.870590519042112],4.849530302426424,[4.849530302426424],12.879233466750918,0.0,[],6.022901052032858,0.0,0.0,0.0,[6.022901052032858],[],[0.0],[],[12.879233466750918]
140,0,1947,False,False,,0.0,3,3,,0,3,13.520060178731029,"[2.895268041400941, 2.5, 8.124792137330088]",8.272823469705102,"[2.129154536146367, 1.975, 4.168668933558735]",26.497067729678463,0.0,[],13.333856414574601,0.0,0.0,0.0,"[5.47911167422834, 4.711174639838127, 3.1435701005081333]",[],"[0.0, 0.0, 0.0]",[],"[11.484901728790616, 9.51583240984135, 5.496333591046495]"
140,0,1948,False,False,,0.0,2,2,,0,2,11.18483172779315,"[4.2804765895451125, 6.904355138248036]",6.362084373839328,"[2.6693858699225936, 3.692698503916734]",19.394883277606347,0.0,[],9.564004478266476,0.0,0.0,0.0,"[4.014209202450868, 5.549795275815607]",[],"[0.0, 0.0]",[],"[7.728741544745815, 11.666141732860531]"
140,0,1949,False,False,,0.0,2,2,,0,2,19.874648396135605,"[6.322789639581963, 13.551858756553642]",9.751112874492886,"[3.4658879594369654, 6.28522491505592]",12.197349466704479,0.0,[],6.756966292014747,0.0,0.0,0.0,"[3.145359145770842, 3.6116071462439048]",[],"[0.0, 0.0]",[],"[5.500920886591903, 6.696428580112576]"
140,0,1950,False,True,1.0,4.99,5,5,True,1,6,50.87961288792218,"[9.187326413923072, 8.642817502314859, 7.173816644211485, 18.837615312173053, 7.038037015299705]",24.84304902628965,"[4.5830573014299985, 4.370698825902795, 3.797788491242479, 8.346669971747492, 3.744834435966885]",64.52786652588239,3.954272182434787,[3.954272182434787],30.16586794509413,2.542166151149567,25.16586794509413,1.542166151149567,"[10.49662701364572, 7.190381584921132, 3.6582387218437784, 1.975, 6.8456206246835025]",[2.542166151149567],"[9.49662701364572, 6.190381584921132, 2.6582387218437784, 0.9750000000000001, 5.8456206246835025]",[1.542166151149567],"[24.350325676014666, 15.87277329466957, 6.8159967226763545, 2.5, 14.988770832521801]"
140,0,1951,False,False,,0.0,3,3,,0,3,27.812929829816667,"[5.455819693670396, 15.915450428414818, 6.441659707731453]",13.8470426336285,"[3.1277696805314545, 7.207025667081779, 3.5122472860152665]",29.26430912827235,0.0,[],14.413080560026218,0.0,0.0,0.0,"[4.427056274315112, 5.378430056637991, 4.607594229073115]",[],"[0.0, 0.0, 0.0]",[],"[8.787323780295159, 11.226743734969206, 9.250241613007987]"
140,0,1952,False,False,,0.0,1,1,,0,1,18.69870028709067,[18.69870028709067],8.292493111965362,[8.292493111965362],2.5,0.0,[],1.975,0.0,0.0,0.0,[1.975],[],[0.0],[],[2.5]
140,0,1953,False,False,,0.0,1,1,,0,1,17.177597177059006,[17.177597177059006],7.6992628990530125,[7.6992628990530125],9.021573993054549,0.0,[],4.518413857291274,0.0,0.0,0.0,[4.518413857291274],[],[0.0],[],[9.021573993054549]
140,0,1954,False,False,,0.0,1,1,,0,1,11.996876043211177,[11.996876043211177],5.678781656852359,[5.678781656852359],12.676573048944194,0.0,[],5.943863489088236,0.0,0.0,0.0,[5.943863489088236],[],[0.0],[],[12.676573048944194]
140,0,1955,False,False,,0.0,2,2,,0,2,20.02694570183447,"[8.793114949804592, 11.233830752029881]",9.810508823715445,"[4.429314830423791, 5.381193993291654]",22.440227327781585,0.0,[],10.75168865783482,0.0,0.0,0.0,"[4.522794666991645, 6.228893990843174]",[],"[0.0, 0.0]",[],"[9.032806838440116, 13.40742048934147]"
140,0,1956,False,True,1.0,4.99,4,4,True,0,4,26.962029469133988,"[4.408832864632901, 5.600142192983584, 10.931907652862364, 6.021146758655139]",14.515191492962256,"[2.7194448172068313, 3.184055455263598, 5.263443984616322, 3.348247235875504]",37.073323935543,0.0,[],18.458596334861774,0.0,14.458596334861772,0.0,"[4.905808385949347, 3.64944275826678, 3.305068893187347, 6.598276297458298]",[],"[3.9058083859493467, 2.64944275826678, 2.305068893187347, 5.598276297458298]",[],"[10.014893297306017, 6.79344296991482, 5.910433059454736, 14.354554608867431]"
140,0,1957,False,True,1.0,4.99,6,6,True,0,6,69.07337626628387,"[7.566010207180895, 6.078091086771322, 20.659543633423734, 6.5049980772843785, 9.425497698044301, 18.839235563579233]",32.93861674385071,"[3.9507439808005493, 3.370455523840816, 9.057222017035256, 3.536949250140908, 4.675944102237278, 8.347301869795901]",50.78462093906762,0.0,[],25.80600216623638,0.0,19.80600216623638,0.0,"[3.0816066918309817, 7.262090798284907, 8.565496148576795, 2.9468085275436904, 1.975, 1.975]",[],"[2.0816066918309817, 6.262090798284907, 7.565496148576794, 1.9468085275436906, 0.9750000000000001, 0.9750000000000001]",[],"[5.3374530559768765, 16.056643072525404, 19.39870807327383, 4.991816737291514, 2.5, 2.5]"
140,0,1958,False,True,1.0,4.99,6,6,,1,7,70.40689219747394,"[19.34544574800367, 14.474059867192324, 3.5958820473046815, 11.988375158670502, 17.393874148575303, 3.609255227727455]",33.45868795701484,"[8.544723841721432, 6.644883348205006, 2.402393998448826, 5.675466311881496, 7.783610917944369, 2.4076095388137073]",63.2838849728133,9.457112379482435,[9.457112379482435],30.68071513939719,4.68827382799815,24.68071513939719,3.6882738279981497,"[7.392617722541033, 7.0862866330067575, 5.047649730856554, 3.326190275955484, 1.975, 5.852970777037359]",[4.68827382799815],"[6.392617722541033, 6.0862866330067575, 4.047649730856554, 2.326190275955484, 0.9750000000000001, 4.852970777037359]",[3.6882738279981497],"[16.391327493694956, 15.605863161555789, 10.378589053478342, 5.964590451167908, 2.5, 12.443514812916304]"
140,0,1959,False,False,,0.0,3,3,,0,3,42.76386974626559,"[15.374166373048121, 3.960158038724029, 23.42954533449344]",19.67790920104358,"[6.995924885488767, 2.5444616351023717, 10.137522680452442]",25.62494464346785,0.0,[],12.99372841095246,0.0,0.0,0.0,"[2.2316642224221974, 4.974240439684499, 5.7878237488457644]",[],"[0.0, 0.0, 0.0]",[],"[3.1581133908261467, 10.190360101755125, 12.276471150886575]"
140,0,1960,False,False,,0.0,1,1,,0,1,8.500014052773457,[8.500014052773457],4.3150054805816485,[4.3150054805816485],4.055554559276665,0.0,[],2.5816662781178996,0.0,0.0,0.0,[2.5816662781178996],[],[0.0],[],[4.055554559276665]
140,0,1961,False,True,1.0,4.99,6,6,True,2,8,43.640312258360645,"[5.430997027831012, 4.474325775137888, 10.768690807344587, 9.685795699896593, 8.369213797223706, 4.911289150926858]",23.019721780760655,"[3.1180888408540945, 2.7449870523037765, 5.199789414864389, 4.777460322959671, 4.2639933809172454, 2.9154027688614743]",51.206456469069934,6.835162003160067,"[3.4175810015800336, 3.4175810015800336]",25.970518022937274,4.665713181232427,19.970518022937274,2.665713181232426,"[2.6163768272118952, 6.91670938371031, 2.902645723658651, 2.8370490094882346, 5.463193214133539, 5.2345438647346425]","[2.3328565906162133, 2.3328565906162133]","[1.6163768272118955, 5.91670938371031, 1.9026457236586511, 1.8370490094882348, 4.463193214133539, 4.2345438647346425]","[1.332856590616213, 1.332856590616213]","[4.144555967209988, 15.171049701821307, 4.878578778611926, 4.710382075610858, 11.44408516444497, 10.857804781370877]"
140,0,1962,False,False,,0.0,3,3,,0,3,23.619083067291157,"[14.836281811479225, 2.861737322686277, 5.921063933125655]",12.211442396243552,"[6.786149906476898, 2.116077555847648, 3.3092149339190056]",36.90862336713347,0.0,[],17.394363113182052,0.0,0.0,0.0,"[3.0654788618185917, 6.122076518173737, 8.206807733189724]",[],"[0.0, 0.0, 0.0]",[],"[5.296099645688697, 13.133529533778812, 18.478994187665958]"
140,0,1963,False,True,1.0,4.99,4,4,True,0,4,47.31432616001414,"[8.403561497226594, 20.09571041601909, 8.194704500257444, 10.62034974651101]",22.452587202405514,"[4.277388983918372, 8.837327062247446, 4.195934755100403, 5.1419364011392945]",53.9997337914701,0.0,[],25.05989617867334,0.0,21.05989617867334,0.0,"[3.433980487926096, 2.088169487153267, 10.305378839373198, 9.23236736422078]",[],"[2.433980487926096, 1.088169487153267, 9.305378839373198, 8.23236736422078]",[],"[6.240975610066912, 2.790178172187864, 23.859945741982557, 21.108634267232766]"
140,0,1964,False,True,1.0,4.99,5,5,True,3,8,46.62607722335196,"[8.795384833467786, 12.05504462104452, 6.4580398340979634, 10.095627337474776, 9.221980597266919]",23.184170117107268,"[4.430200085052437, 5.701467402207363, 3.518635535298206, 4.937294661615162, 4.5965724329340985]",46.249368304885905,12.700973414365373,"[2.666896684233817, 3.224194785833488, 6.809881944298068]",23.037253638905504,7.953379631602495,18.037253638905504,4.9533796316024965,"[5.411370603167517, 2.3178784567761417, 6.476121655063188, 4.745693192984792, 4.0861897309138655]","[2.0400897068511887, 2.25743596647506, 3.655853958276247]","[4.411370603167517, 1.3178784567761415, 5.476121655063188, 3.7456931929847914, 3.0861897309138655]","[1.0400897068511887, 1.2574359664750603, 2.655853958276247]","[11.311206674788503, 3.3791755301952344, 14.041337577085097, 9.604341520473824, 7.913307002343244]"
140,0,1965,False,True,1.0,4.99,5,5,True,1,6,37.90714738156398,"[2.559273738233022, 13.566069839502564, 9.656768365693589, 8.81829614970301, 3.306739288431798]",19.783787478809952,"[1.9981167579108785, 6.290767237406, 4.7661396626205, 4.439135498384173, 2.2896283224884013]",49.14672123952001,16.01288942101424,[16.01288942101424],24.167221283412804,7.2450268741955535,19.167221283412804,6.2450268741955535,"[3.781048417803671, 1.975, 4.718891229261715, 8.287171490541313, 5.4051101458061055]",[7.2450268741955535],"[2.781048417803671, 0.9750000000000001, 3.7188912292617142, 7.287171490541313, 4.4051101458061055]",[6.2450268741955535],"[7.130893378983771, 2.5, 9.535618536568498, 18.685055103952084, 11.295154220015656]"
140,0,1966,False,False,,0.0,2,2,,0,2,18.429725557355237,"[10.05708749827672, 8.372638059078517]",9.187592967368541,"[4.922264124327921, 4.2653288430406215]",13.995484661858015,0.0,[],7.458239018124626,0.0,0.0,0.0,"[3.7542873836136508, 3.7039516345109758]",[],"[0.0, 0.0]",[],"[7.062275342599104, 6.9332093192589115]"
140,0,1967,False,True,1.0,4.99,4,4,True,0,4,47.32958948134456,"[11.556547588990437, 12.607861427609972, 18.418781410038708, 4.746399054705441]",22.45853989772438,"[5.507053559706271, 5.917065956767889, 8.183324749915096, 2.851095631335122]",35.632042581197126,0.0,[],17.89649660666688,0.0,13.89649660666688,0.0,"[4.579526642897729, 4.369573366891815, 3.776376017628027, 5.171020579249308]",[],"[3.5795266428977293, 3.3695733668918146, 2.776376017628027, 4.171020579249308]",[],"[9.17827344332751, 8.639931709979011, 7.11891286571289, 10.694924562177711]"
140,0,1968,False,False,,0.0,2,2,,0,2,5.381345233363342,"[2.8813452333633416, 2.5]",4.098724641011703,"[2.1237246410117034, 1.975]",15.568755357771662,0.0,[],8.071814589530948,0.0,0.0,0.0,"[4.408089566758706, 3.6637250227722427]",[],"[0.0, 0.0]",[],"[8.738691196817195, 6.830064160954468]"
140,0,1969,False,False,,0.0,1,1,,0,1,7.9606843511848,[7.9606843511848],4.1046668969620725,[4.1046668969620725],11.896680633465563,0.0,[],5.639705447051569,0.0,0.0,0.0,[5.639705447051569],[],[0.0],[],[11.896680633465563]
140,0,1970,False,False,,0.0,1,1,,0,1,6.7890356259187215,[6.7890356259187215],3.6477238941083017,[3.6477238941083017],3.762774212844339,0.0,[],2.4674819430092922,0.0,0.0,0.0,[2.4674819430092922],[],[0.0],[],[3.762774212844339]
140,0,1971,False,False,,0.0,2,2,,0,2,15.584963319242583,"[9.41864736368857, 6.166315955554012]",8.078135694504606,"[4.673272471838542, 3.404863222666065]",32.18628343902976,0.0,[],14.552650541221606,0.0,0.0,0.0,"[8.012082838595369, 6.540567702626237]",[],"[0.0, 0.0]",[],"[17.979699586141972, 14.206583852887787]"
140,0,1972,False,False,,0.0,1,1,,0,1,7.8841300735670945,[7.8841300735670945],4.074810728691167,[4.074810728691167],14.013961011600413,0.0,[],6.465444794524162,0.0,0.0,0.0,[6.465444794524162],[],[0.0],[],[14.013961011600413]
140,0,1973,False,False,,0.0,1,1,,0,1,14.565552124520678,[14.565552124520678],6.680565328563064,[6.680565328563064],4.03900251713175,0.0,[],2.5752109816813826,0.0,0.0,0.0,[2.5752109816813826],[],[0.0],[],[4.03900251713175]
140,0,1974,False,True,1.0,4.99,8,2,,0,8,21.084435347710887,"[7.505199512799354, 13.579235834911533]",10.222929785607246,"[3.927027809991748, 6.2959019756154975]",17.425361255703,0.0,[],8.79589088972417,0.0,6.79589088972417,0.0,"[6.820890889724169, 1.975]",[],"[5.820890889724169, 0.9750000000000001]",[],"[14.925361255702999, 2.5]"
140,0,1975,False,False,,0.0,3,3,,0,3,22.794575569601644,"[12.052384627448744, 8.2421909421529, 2.5]",11.889884472144642,"[5.7004300047050105, 4.214454467439632, 1.975]",25.84090022248761,0.0,[],13.077951086770167,0.0,0.0,0.0,"[1.975, 3.1960825849958003, 7.906868501774367]",[],"[0.0, 0.0, 0.0]",[],"[2.5, 5.630980987168718, 17.70991923531889]"
140,0,1976,False,True,1.0,4.99,6,6,True,2,8,58.46556693015103,"[9.618571955352918, 7.610681559927122, 14.51111234024437, 9.762697380338347, 4.584870801081746, 12.377632893206528]",28.801571102758903,"[4.751243062587639, 3.9681658083715776, 6.659333812695305, 4.807451978331955, 2.788099612421881, 5.827276828350546]",85.63129772826917,20.245649684303615,"[12.96477776543175, 7.280871918871864]",39.396206114024984,9.89580337687841,33.396206114024984,7.89580337687841,"[8.65580796482475, 5.811106260140118, 5.9228256466100655, 5.444216888357734, 7.421237814339129, 6.141011539753189]","[6.056263328518383, 3.839540048360027]","[7.655807964824749, 4.811106260140118, 4.9228256466100655, 4.444216888357734, 6.421237814339129, 5.141011539753189]","[5.056263328518383, 2.839540048360027]","[19.630276832883972, 12.336169897795175, 12.62262986310273, 11.395427918865984, 16.464712344459304, 13.182080871162022]"
140,0,1977,False,False,,0.0,3,3,,0,3,15.72579561157754,"[3.7416027883039753, 2.5, 9.484192823273565]",9.13306028851524,"[2.4592250874385506, 1.975, 4.69883520107669]",39.93458021620005,0.0,[],18.574486284318017,0.0,0.0,0.0,"[4.771142825356685, 8.68763986139982, 5.115703597561512]",[],"[0.0, 0.0, 0.0]",[],"[9.669596988094066, 19.711897080512355, 10.553086147593621]"
140,0,1978,False,True,1.0,4.99,6,6,True,0,6,44.67038292728419,"[8.523937050516592, 7.621975881469803, 6.542779983824156, 8.460710136841191, 8.973578678456258, 4.547401196176186]",23.42144934164083,"[4.32433544970147, 3.972570593773223, 3.551684193691421, 4.299676953368065, 4.499695684597941, 2.7734864665087127]",72.60122905844491,0.0,[],34.31447933279352,0.0,28.314479332793518,0.0,"[3.58072359950836, 4.16333854945829, 5.509438247136352, 2.5762332749458627, 9.351968357120903, 9.132777304623751]",[],"[2.58072359950836, 3.16333854945829, 4.509438247136352, 1.5762332749458625, 8.351968357120903, 8.132777304623751]",[],"[6.617239998739385, 8.111124485790487, 11.562662172144492, 4.041623781912468, 21.41530347979719, 20.853275140060898]"
140,0,1979,False,True,1.0,4.99,8,8,True,0,8,70.8002806043797,"[7.994445548918738, 10.496877618978239, 13.73836494148221, 17.563638848332705, 3.8232035063464616, 2.7904376177042045, 7.07238156339879, 7.320930959218348]",35.612109435708085,"[4.117833764078307, 5.093782271401514, 6.357962327178062, 7.849819150849755, 2.49104936747512, 2.08827067090464, 3.7582288097255283, 3.855163074095156]",86.92367938951139,0.0,[],41.90023496190944,0.0,33.90023496190945,0.0,"[2.9922233466037698, 4.141826793288247, 4.968469184732261, 7.819904920390902, 5.374921072257418, 7.247621226099289, 6.603192402357502, 2.7520760161800544]",[],"[1.9922233466037698, 3.1418267932882467, 3.9684691847322613, 6.819904920390902, 4.374921072257418, 6.247621226099289, 5.603192402357502, 1.7520760161800544]",[],"[5.108264991291717, 8.05596613663653, 10.175562012134003, 17.486935693310006, 11.217746339121586, 16.01954160538279, 14.367160006044877, 4.492502605589883]"
140,0,1980,False,False,,0.0,1,1,,0,1,2.5892493434850157,[2.5892493434850157],2.0098072439591563,[2.0098072439591563],11.354363431841866,0.0,[],5.428201738418328,0.0,0.0,0.0,[5.428201738418328],[],[0.0],[],[11.354363431841866]
140,0,1981,False,False,,0.0,2,2,,0,2,25.456976669857042,"[10.568040946521956, 14.888935723335084]",11.928220901244245,"[5.1215359691435625, 6.8066849321006835]",7.186675636890952,0.0,[],4.802803498387471,0.0,0.0,0.0,"[2.827803498387471, 1.975]",[],"[0.0, 0.0]",[],"[4.686675636890952, 2.5]"
140,0,1982,False,False,,0.0,1,1,,0,1,6.504444272801829,[6.504444272801829],3.536733266392713,[3.536733266392713],8.40008643735493,0.0,[],4.276033710568424,0.0,0.0,0.0,[4.276033710568424],[],[0.0],[],[8.40008643735493]
140,0,1983,False,True,1.0,4.99,5,5,True,3,8,37.51218657589452,"[7.126556304494795, 6.594926922878876, 10.517249067149592, 8.953749972415109, 4.319704308956147]",19.629752764598862,"[3.77935695875297, 3.5720214999227617, 5.101727136188341, 4.491962489241892, 2.6846846804928974]",36.54290060646332,25.48451346144416,"[8.606473564541636, 4.746111459952451, 12.131928436950073]",19.251731236520694,12.938960249963223,14.251731236520694,9.938960249963223,"[8.307394012044316, 2.4059886712057263, 2.5757714645045713, 3.648182886857572, 2.314394201908508]","[4.356524690171238, 2.8509834693814557, 5.731452090410529]","[7.307394012044315, 1.4059886712057266, 1.575771464504571, 2.648182886857572, 1.3143942019085082]","[3.3565246901712382, 1.850983469381456, 4.731452090410529]","[18.73690772319055, 3.60509915693776, 4.040439652575823, 6.790212530404031, 3.370241543355149]"
140,0,1984,False,True,1.0,4.99,4,4,True,1,5,31.60793787168575,"[15.525868970945329, 5.618928553996708, 6.099705236432054, 4.363435110311659]",16.327095769957445,"[7.055088898668679, 3.1913821360587162, 3.378885042208501, 2.701739693021547]",30.793779726488125,7.178260292562651,[7.178260292562651],16.00957409333037,3.799521514099434,12.00957409333037,2.799521514099434,"[3.7947985782967613, 4.472485365416919, 5.173920489145961, 2.5683696604707285]",[3.799521514099434],"[2.7947985782967613, 3.4724853654169183, 4.173920489145961, 1.5683696604707287]",[2.799521514099434],"[7.166150200760926, 8.903808629274149, 10.702360228579387, 4.021460667873663]"
140,0,1985,False,False,,0.0,1,1,,0,1,13.866599768509577,[13.866599768509577],6.407973909718735,[6.407973909718735],14.191553152431846,0.0,[],6.53470572944842,0.0,0.0,0.0,[6.53470572944842],[],[0.0],[],[14.191553152431846]
140,0,1986,False,True,1.0,4.99,4,4,True,2,6,36.57970174983047,"[9.682241922449869, 6.529994245740626, 17.53544011614868, 2.8320254654912898]",18.266083682433884,"[4.776074349755449, 3.5466977558388444, 7.838821645297986, 2.104489931541603]",27.608918191355208,18.211768668090667,"[4.576599777643978, 13.635168890446689]",14.76747809462853,9.10258978055536,10.76747809462853,7.102589780555361,"[3.9624469016409907, 3.9590380958328586, 2.465280156257365, 4.380712940897315]","[2.7848739132811517, 6.317715867274209]","[2.9624469016409907, 2.9590380958328586, 1.4652801562573654, 3.3807129408973147]","[1.7848739132811517, 5.317715867274209]","[7.596017696515361, 7.587277168802202, 3.7571286057881164, 8.668494720249525]"
140,0,1987,False,False,,0.0,3,3,,0,3,32.62689983252531,"[10.940252340131408, 12.190439112560624, 9.496208379833277]",15.72449093468487,"[5.266698412651249, 5.754271253898644, 4.703521268134978]",22.43669922386185,0.0,[],11.750312697306121,0.0,0.0,0.0,"[1.9954171062039556, 4.129603744030253, 5.625291847071914]",[],"[0.0, 0.0, 0.0]",[],"[2.552351554369117, 8.024624984692956, 11.85972268479978]"
140,0,1988,False,False,,0.0,1,1,,0,1,2.5,[2.5],1.975,[1.975],6.006808930917036,0.0,[],3.3426554830576443,0.0,0.0,0.0,[3.3426554830576443],[],[0.0],[],[6.006808930917036]
140,0,1989,False,True,1.0,4.99,6,6,True,3,9,64.9581616223344,"[8.912020829825588, 13.57675077422757, 8.537657774062845, 7.11644321121581, 11.253463919280529, 15.561825113722064]",31.33368303271042,"[4.475688123631979, 6.294932801948752, 4.32968653188451, 3.7754128523741657, 5.388850928519407, 7.069111794351605]",59.05225113747356,25.695250805636714,"[16.21800807754538, 3.236082447001014, 6.24116028109032]",29.030377943614692,13.021147814198319,23.030377943614692,10.021147814198319,"[4.27124233426776, 4.749163213873264, 5.1379740590247405, 3.912325600202302, 5.11632416151422, 5.843348574732402]","[7.325023150242699, 2.2620721543303954, 3.4340525096252246]","[3.27124233426776, 3.7491632138732642, 4.1379740590247405, 2.912325600202302, 4.11632416151422, 4.843348574732402]","[6.325023150242699, 1.2620721543303954, 2.4340525096252246]","[8.38780085709682, 9.613239009931446, 10.610189894935232, 7.467501538980262, 10.55467733721595, 12.41884249931385]"
140,0,1990,False,False,,0.0,3,3,,0,3,33.26926032693694,"[12.278953326930367, 8.232216262434369, 12.758090737572202]",15.975011527505405,"[5.788791797502843, 4.210564342349404, 5.975655387653159]",8.160743497542725,0.0,[],6.182689964041662,0.0,0.0,0.0,"[1.975, 2.2326899640416626, 1.975]",[],"[0.0, 0.0, 0.0]",[],"[2.5, 3.160743497542725, 2.5]"
140,0,1991,False,True,1.0,4.99,4,4,True,6,10,37.5390008331147,"[11.968415234404901, 11.952204933914636, 4.727470831949184, 8.890909832845981]",18.640210324914733,"[5.667681941417912, 5.6613599242267085, 2.8437136244601815, 4.467454834809933]",45.92589907042373,61.52439886870404,"[13.299274716171471, 8.2180452096462, 5.09789266390211, 26.337193299841726, 4.950901413312183, 3.6210915658303535]",21.911100637465253,29.994515558794575,17.911100637465253,23.994515558794575,"[4.9099575080700735, 3.769849652203519, 6.884135533142633, 6.34715794404903]","[6.186717139306874, 4.205037631762018, 2.988178138921823, 11.271505386938273, 2.9308515511917514, 2.412225710673838]","[3.909957508070073, 2.769849652203519, 5.884135533142633, 5.34715794404903]","[5.186717139306874, 3.2050376317620177, 1.988178138921823, 10.271505386938273, 1.9308515511917512, 1.4122257106738378]","[10.025532071974546, 7.102178595393639, 15.087527008058032, 13.710661394997514]"
140,0,1992,False,False,,0.0,3,3,,0,3,22.14214003164182,"[6.809509841236509, 11.623430764403578, 3.7091994260017316]",11.635434612340308,"[3.6557088380822385, 5.533137998117396, 2.4465877761406754]",22.21040028407008,0.0,[],11.662056110787331,0.0,0.0,0.0,"[4.331752877269498, 3.853805965657882, 3.4764972678599517]",[],"[0.0, 0.0, 0.0]",[],"[8.542956095562815, 7.317451193994569, 6.3499929945126965]"
140,0,1993,False,True,1.0,4.99,4,4,True,0,4,39.816040246267434,"[17.469330337344427, 5.333507316838286, 8.97766458247365, 8.035538009611074]",19.528255696044305,"[7.813038831564327, 3.080067853566932, 4.5012891871647245, 4.133859823748319]",33.144466833145984,0.0,[],16.926342064926935,0.0,12.926342064926933,0.0,"[6.032474876512676, 2.3878466288895854, 5.69095390528419, 2.8150666542404807]",[],"[5.032474876512676, 1.3878466288895854, 4.69095390528419, 1.8150666542404807]",[],"[12.903781734647888, 3.5585810997168856, 12.028086936626128, 4.654017062155079]"
140,0,1994,False,False,,0.0,2,2,,0,2,21.62706124619297,"[16.906113517128183, 4.720947729064785]",10.434553886015259,"[7.593384271679992, 2.841169614335266]",22.909705783262357,0.0,[],10.93478525547232,0.0,0.0,0.0,"[4.523725007898523, 6.411060247573796]",[],"[0.0, 0.0]",[],"[9.035192327944932, 13.874513455317425]"
140,0,1995,False,False,,0.0,3,3,,0,3,27.54020936616272,"[7.8930187125376055, 12.67756409541521, 6.969626558209902]",13.74068165280346,"[4.078277297889667, 5.944249997211932, 3.718154357701862]",31.783066534820403,0.0,[],15.395395948579958,0.0,0.0,0.0,"[2.50743976613482, 10.03174481568351, 2.856211366761629]",[],"[0.0, 0.0, 0.0]",[],"[3.865230169576461, 23.158320040214125, 4.759516325029819]"
140,0,1996,False,True,1.0,4.99,5,3,,0,5,30.69357406204488,"[15.052458181946845, 5.720821514349312, 9.920294365748724]",14.970493884197504,"[6.8704586909592695, 3.231120390596232, 4.868914802642003]",55.45715189660885,0.0,[],24.62828923967745,0.0,21.62828923967745,0.0,"[10.005936211851512, 4.851175054274511, 9.771177973551428]",[],"[9.005936211851512, 3.8511750542745107, 8.771177973551428]",[],"[23.092144132952598, 9.874807831473104, 22.490199932183145]"
140,0,1997,False,False,,0.0,1,1,,0,1,21.36506090969893,[21.36506090969893],9.332373754782584,[9.332373754782584],26.850692333758424,0.0,[],11.471770010165786,0.0,0.0,0.0,[11.471770010165786],[],[0.0],[],[26.850692333758424]
140,0,1998,False,False,,0.0,2,2,,0,2,30.219957457650516,"[25.065067164804546, 5.1548902928459714]",13.785783408483702,"[10.775376194273774, 3.0104072142099287]",10.184434777062254,0.0,[],5.97192956305428,0.0,0.0,0.0,"[2.8042963603166067, 3.167633202737673]",[],"[0.0, 0.0]",[],"[4.626400923888736, 5.558033853173519]"
