iteration,month,customers,is_existing_customer,membership_signed_up,tier_chosen,membership_revenue,rides_taken,rides_taken_control,existing_customer_late_signup,additional_rides_taken,total_rides_taken,total_control_ride_minutes,control_ride_minutes_array,total_control_ride_revenue,control_ride_revenue_array,total_standard_minutes,total_membership_minutes,membership_ride_minutes_array,initial_standard_ride_revenue,initial_membership_ride_revenue,adjusted_standard_ride_revenue,adjusted_membership_ride_revenue,initial_standard_ride_revenue_array,initial_membership_ride_revenue_array,adjusted_standard_ride_revenue_array,adjusted_membership_ride_revenue_array,standard_ride_minutes_array
908,0,0,True,False,,0.0,3,3,,0,3,38.511222031056825,"[16.558473142449778, 18.007573403520297, 3.945175485086752]",18.019376592112163,"[7.457804525555414, 8.022953627372917, 2.5386184391838333]",32.639196466095406,0.0,[],15.72928662177721,0.0,0.0,0.0,"[2.4083694042149935, 4.845093403445299, 8.475823814116918]",[],"[0.0, 0.0, 0.0]",[],"[3.6112036005512644, 9.859213854987946, 19.168779010556197]"
908,0,1,True,False,,0.0,2,2,,0,2,30.78867743739782,"[9.934006217090033, 20.854671220307786]",14.00758420058515,"[4.874262424665114, 9.133321775920036]",6.608111156584073,0.0,[],4.577163351067789,0.0,0.0,0.0,"[2.602163351067788, 1.975]",[],"[0.0, 0.0]",[],"[4.108111156584073, 2.5]"
908,0,2,True,False,,0.0,2,2,,0,2,13.055779369400911,"[10.014883472284335, 3.040895897116575]",7.091753954066355,"[4.90580455419089, 2.185949399875464]",27.866508181502446,0.0,[],12.867938190785955,0.0,0.0,0.0,"[5.786306383943114, 7.08163180684284]",[],"[0.0, 0.0]",[],"[12.272580471649011, 15.593927709853435]"
908,0,3,True,False,,0.0,3,3,,0,3,21.268613427639597,"[10.828756154135739, 6.9990384611888175, 3.44081881231504]",11.294759236779443,"[5.223214900112938, 3.729624999863639, 2.3419193368028655]",23.015060998143017,0.0,[],11.975873789275777,0.0,0.0,0.0,"[3.0916784776117834, 3.69074331947702, 5.193451992186974]",[],"[0.0, 0.0, 0.0]",[],"[5.3632781477225215, 6.899341844812871, 10.752441005607626]"
908,0,4,True,False,,0.0,2,2,,0,2,22.08829858999196,"[17.866561039894798, 4.221737550097163]",10.614436450096864,"[7.967958805558971, 2.6464776445378932]",35.46952508293535,0.0,[],15.833114782344786,0.0,0.0,0.0,"[8.08623015710072, 7.746884625244067]",[],"[0.0, 0.0]",[],"[18.169820915642873, 17.29970416729248]"
908,0,5,True,False,,0.0,1,1,,0,1,5.593674851041339,[5.593674851041339],3.181533191906122,[3.181533191906122],12.427866839464986,0.0,[],5.846868067391345,0.0,0.0,0.0,[5.846868067391345],[],[0.0],[],[12.427866839464986]
908,0,6,True,False,,0.0,2,2,,0,2,13.471675430333265,"[3.988195501755793, 9.483479928577472]",7.253953417829974,"[2.5553962456847596, 4.698557172145215]",5.4871145969310735,0.0,[],4.1399746928031185,0.0,0.0,0.0,"[1.975, 2.164974692803119]",[],"[0.0, 0.0]",[],"[2.5, 2.9871145969310735]"
908,0,7,True,False,,0.0,1,1,,0,1,5.506786535066602,[5.506786535066602],3.147646748675975,[3.147646748675975],3.3746480432256165,0.0,[],2.3161127368579906,0.0,0.0,0.0,[2.3161127368579906],[],[0.0],[],[3.3746480432256165]
908,0,8,True,False,,0.0,3,3,,0,3,30.59515867474498,"[16.652212996183042, 2.5, 11.442945678561935]",14.93211188315054,"[7.494363068511387, 1.975, 5.462748814639155]",19.505379643240914,0.0,[],10.607098060863956,0.0,0.0,0.0,"[3.264003200347057, 3.8575146422286033, 3.485580218288296]",[],"[0.0, 0.0, 0.0]",[],"[5.8051364111463, 7.326960621098983, 6.373282610995631]"
908,0,9,True,False,,0.0,2,2,,0,2,9.677065879968534,"[7.177065879968535, 2.5]",5.774055693187728,"[3.7990556931877286, 1.975]",17.784801277702392,0.0,[],8.936072498303934,0.0,0.0,0.0,"[3.4813684325276566, 5.454704065776277]",[],"[0.0, 0.0]",[],"[6.362483160327324, 11.42231811737507]"
908,0,10,True,False,,0.0,2,2,,0,2,17.527079312730365,"[10.1500546526703, 7.377024660060066]",8.835560931964844,"[4.958521314541418, 3.8770396174234256]",27.227189997800785,0.0,[],12.618604099142306,0.0,0.0,0.0,"[5.0152718278810955, 7.603332271261212]",[],"[0.0, 0.0]",[],"[10.295568789438706, 16.93162120836208]"
908,0,11,True,False,,0.0,4,4,,0,4,24.576571966207467,"[5.4657405908479495, 2.631008553995837, 11.386281405805796, 5.093541415557883]",13.584863066820912,"[3.1316388304307003, 2.0260933360583766, 5.440649748264261, 2.9864811520675745]",29.507833021608437,0.0,[],15.508054878427291,0.0,0.0,0.0,"[4.072491673333619, 5.753928452563931, 3.097305912377803, 2.5843288401519366]",[],"[0.0, 0.0, 0.0, 0.0]",[],"[7.878183777778512, 12.189560134779311, 5.377707467635393, 4.062381641415222]"
908,0,12,True,False,,0.0,2,2,,0,2,24.287375220561984,"[11.466154193772326, 12.821221026789658]",11.472076336019175,"[5.471800135571208, 6.000276200447967]",13.31018541032552,0.0,[],7.190972310026953,0.0,0.0,0.0,"[5.099931327519076, 2.0910409825078773]",[],"[0.0, 0.0]",[],"[10.512644429536092, 2.797540980789429]"
908,0,13,True,True,1.0,5.99,5,5,True,1,6,60.188667954657035,"[9.321935528684184, 7.4224064899235005, 12.086583851720503, 21.085709268587483, 10.27203281574137]",28.47358050231625,"[4.6355548561868325, 3.8947385310701654, 5.713767702170997, 9.223426614749119, 5.006092798139135]",37.94103458759935,15.62841506895454,[15.62841506895454],19.797003489163746,7.095081876892271,14.797003489163746,6.095081876892271,"[4.381669678343612, 4.306306571773684, 3.5978197738929754, 2.5569962277532747, 4.954211237400201]",[7.095081876892271],"[3.381669678343612, 3.306306571773684, 2.5978197738929754, 1.5569962277532745, 3.9542112374002008]",[6.095081876892271],"[8.670947893188748, 8.477709158394061, 6.6610763433153215, 3.992298019880191, 10.139003172821027]"
908,0,14,True,False,,0.0,2,2,,0,2,14.413924810755265,"[3.405123487907062, 11.008801322848203]",7.621430676194554,"[2.3279981602837543, 5.2934325159107996]",9.4703573925744,0.0,[],5.693439383104016,0.0,0.0,0.0,"[2.841638089803926, 2.85180129330009]",[],"[0.0, 0.0]",[],"[4.722148948215195, 4.748208444359205]"
908,0,15,True,False,,0.0,2,2,,0,2,33.96787786371484,"[23.41736577564733, 10.550512088067508]",15.247472366848786,"[10.132772652502458, 5.114699714346329]",8.971712824926758,0.0,[],5.498968001721436,0.0,0.0,0.0,"[3.523968001721436, 1.975]",[],"[0.0, 0.0]",[],"[6.471712824926758, 2.5]"
908,0,16,True,True,1.0,5.99,7,7,True,1,8,47.86238605893496,"[7.809107516328473, 7.7956420739581915, 11.11767595452411, 4.9976099172364865, 7.502358376425005, 3.6721567788113747, 4.9678354416513075]",25.666330562984626,"[4.045551931368104, 4.040300408843695, 5.335893622264403, 2.9490678677222295, 3.925919766805752, 2.432141143736436, 2.9374558222440097]",79.73925960475032,7.050672543499689,[7.050672543499689],38.09831124585263,3.749762291964879,31.098311245852628,2.749762291964879,"[8.321436518815467, 3.9535232591858116, 4.546111393113964, 2.015012213507722, 5.529406839967921, 7.820391198452527, 5.912429822809217]",[3.749762291964879],"[7.321436518815467, 2.9535232591858116, 3.546111393113964, 1.0150122135077222, 4.529406839967921, 6.820391198452527, 4.912429822809217]",[2.749762291964879],"[18.77291415080889, 7.573136562014901, 9.09259331567683, 2.6025954192505694, 11.613863692225438, 17.488182560134685, 12.595973904639017]"
908,0,17,True,False,,0.0,4,4,,0,4,28.482155759031144,"[5.487756330895966, 7.071843206691158, 12.36083914901075, 3.5617170724332667]",15.108040746022144,"[3.140224969049427, 3.7580188506095515, 5.820727268114193, 2.389069658248974]",38.540462188585906,0.0,[],19.030780253548507,0.0,0.0,0.0,"[3.5134497776794475, 5.060390944893726, 5.493949467731418, 4.962990063243913]",[],"[0.0, 0.0, 0.0, 0.0]",[],"[6.4447430196908915, 10.411258833060835, 11.522947353157482, 10.161512982676697]"
908,0,18,True,False,,0.0,1,1,,0,1,5.316203802138274,[5.316203802138274],3.0733194828339268,[3.0733194828339268],8.468969870114757,0.0,[],4.302898249344755,0.0,0.0,0.0,[4.302898249344755],[],[0.0],[],[8.468969870114757]
908,0,19,True,True,1.0,5.99,5,5,True,1,6,52.85257139564494,"[2.5, 18.043876272355288, 17.063293427355802, 8.350876776431258, 6.894524919502588]",25.612502844301524,"[1.975, 8.037111746218564, 7.654684436668763, 4.25684194280819, 3.6888647186060095]",25.313511847105936,9.203920195103871,[9.203920195103871],14.872269620371315,4.58952887609051,9.872269620371315,3.58952887609051,"[3.4939656708549687, 1.975, 2.157114286175091, 2.7282256946216026, 4.517963968719652]",[4.58952887609051],"[2.4939656708549687, 0.9750000000000001, 1.1571142861750912, 1.7282256946216026, 3.5179639687196524]",[3.58952887609051],"[6.394783771422997, 2.5, 2.966959708141259, 4.431347934927186, 9.020420432614493]"
908,0,20,True,False,,0.0,4,4,,0,4,44.142529964087835,"[10.557264537560037, 14.321848997891877, 13.764294911598796, 5.499121517037126]",21.215586685994257,"[5.117333169648415, 6.585521109177832, 6.368075015523531, 3.144657391644479]",21.31453887377663,0.0,[],12.312670160772885,0.0,0.0,0.0,"[4.6718493540563895, 2.835121884404308, 2.8306989223121883, 1.975]",[],"[0.0, 0.0, 0.0, 0.0]",[],"[9.41499834373433, 4.705440729241816, 4.694099800800482, 2.5]"
908,0,21,True,False,,0.0,1,1,,0,1,3.082222054268559,[3.082222054268559],2.202066601164738,[2.202066601164738],17.978495612145355,0.0,[],8.011613288736688,0.0,0.0,0.0,[8.011613288736688],[],[0.0],[],[17.978495612145355]
908,0,22,True,True,1.0,5.99,5,5,True,2,7,60.66260180147116,"[7.026297190792545, 8.817639204078576, 20.541182869463945, 10.620187984025764, 13.657294553110331]",28.658414702573754,"[3.7402559044090924, 4.438879289590645, 9.011061319090938, 5.141873313770048, 6.326344875713029]",68.8571136393595,32.382955481310916,"[18.127336579649732, 14.255618901661187]",31.854274319350203,14.629352637711257,26.854274319350196,12.629352637711259,"[15.621733905458978, 4.678282174151805, 3.497990467809215, 5.232158457590573, 2.824109314339631]","[8.069661266063395, 6.559691371647863]","[14.621733905458978, 3.678282174151805, 2.497990467809215, 4.232158457590573, 1.8241093143396312]","[7.069661266063396, 5.559691371647863]","[37.49162539861276, 9.431492754235396, 6.405103763613372, 10.85168835279634, 4.677203370101618]"
908,0,23,True,False,,0.0,2,2,,0,2,27.102728987338356,"[19.54446059550105, 7.558268391837307]",12.57006430506196,"[8.62233963224541, 3.9477246728165496]",21.735634516913677,0.0,[],10.476897461596336,0.0,0.0,0.0,"[3.4440234521177477, 7.032874009478587]",[],"[0.0, 0.0]",[],"[6.266726800301917, 15.468907716611762]"
908,0,24,True,False,,0.0,3,3,,0,3,21.148919343815564,"[5.8241958036341215, 12.824723540181441, 2.5]",11.248078544088068,"[3.2714363634173074, 6.001642180670762, 1.975]",23.00130268887536,0.0,[],11.97050804866139,0.0,0.0,0.0,"[2.4271519310198375, 3.9918695900177035, 5.551486527623849]",[],"[0.0, 0.0, 0.0]",[],"[3.6593639256918915, 7.671460487224881, 11.670478275958587]"
908,0,25,True,False,,0.0,1,1,,0,1,2.9643975343611695,[2.9643975343611695],2.156115038400856,[2.156115038400856],3.060193475025623,0.0,[],2.1934754552599927,0.0,0.0,0.0,[2.1934754552599927],[],[0.0],[],[3.060193475025623]
908,0,26,True,True,1.0,5.99,5,5,True,1,6,32.2965257541755,"[4.423702189325971, 10.520379961468795, 7.782171983170258, 4.979791140775865, 4.590480479434608]",17.595645044128446,"[2.725243853837129, 5.10294818497283, 4.035047073436401, 2.9421185449025877, 2.790287386979497]",29.625395808894908,6.215965323457657,[6.215965323457657],16.553904365469016,3.4242264761484864,11.553904365469016,2.4242264761484864,"[3.0731844203747167, 2.7139656707444737, 2.659932689728993, 3.1693646827479474, 4.937456901872884]",[3.4242264761484864],"[2.0731844203747167, 1.7139656707444737, 1.659932689728993, 2.1693646827479474, 3.937456901872884]",[2.4242264761484864],"[5.315857488140299, 4.394783771139676, 4.256237665971777, 5.562473545507557, 10.0960433381356]"
908,0,27,True,False,,0.0,3,3,,0,3,25.10780223655102,"[9.891403944156341, 4.977180047559614, 10.239218244835065]",12.7920428722549,"[4.857647538220974, 2.9411002185482493, 4.993295115485676]",25.31848342174724,0.0,[],12.874208534481422,0.0,0.0,0.0,"[3.5196325063231213, 4.441918361152189, 4.912657667006113]",[],"[0.0, 0.0, 0.0]",[],"[6.460596170059285, 8.825431695262024, 10.03245555642593]"
908,0,28,True,True,1.0,5.99,6,5,,1,7,39.68188466784437,"[13.355483325415854, 7.5568884663072655, 5.676366941671278, 7.452268616520384, 5.6408773179295935]",20.475935020459307,"[6.208638496912183, 3.9471865018598336, 3.2137831072517984, 3.90638476044295, 3.1999421539925414]",41.06769066769093,12.702011058593486,[12.702011058593486],21.01639936039946,5.95378431285146,16.01639936039946,4.95378431285146,"[1.975, 5.3870347892201575, 5.5108590017231585, 1.975, 6.168505569456148]",[5.95378431285146],"[0.9750000000000001, 4.3870347892201575, 4.5108590017231585, 0.9750000000000001, 5.168505569456148]",[4.95378431285146],"[2.5, 11.248807151846558, 11.566305132623482, 2.5, 13.252578383220891]"
908,0,29,True,False,,0.0,3,3,,0,3,45.0551775617445,"[2.5, 15.650741772323824, 26.904435789420678]",20.571519249080357,"[1.975, 7.103789291206292, 11.492729957874065]",23.875761473172957,0.0,[],12.311546974537453,0.0,0.0,0.0,"[5.528595839794563, 3.9260282131776036, 2.856922921565288]",[],"[0.0, 0.0, 0.0]",[],"[11.611784204601443, 7.502636444045137, 4.76134082452638]"
908,0,30,True,False,,0.0,4,4,,0,4,32.32702173279449,"[13.517431510398104, 8.790676843712328, 5.258370722588339, 4.7605426560957245]",16.607538475789855,"[6.271798289055261, 4.428363969047808, 3.050764581809452, 2.8566116358773326]",39.39332008663364,0.0,[],19.363394833787122,0.0,0.0,0.0,"[5.924413339347749, 2.086168346797349, 5.8325195668192915, 5.520293580822733]",[],"[0.0, 0.0, 0.0, 0.0]",[],"[12.626700870122434, 2.7850470430701244, 12.391075812357156, 11.59049636108393]"
908,0,31,True,False,,0.0,3,3,,0,3,23.668427680437784,"[6.620430578169653, 9.726276759441845, 7.3217203428262865]",12.230686795370737,"[3.5819679254861647, 4.79324793618232, 3.855470933702252]",35.13701124432364,0.0,[],16.70343438528622,0.0,0.0,0.0,"[7.886419512061428, 5.055811877149728, 3.7612029960750624]",[],"[0.0, 0.0, 0.0]",[],"[17.657485928362636, 10.399517633717252, 7.08000768224375]"
908,0,32,True,True,1.0,5.99,6,6,True,1,7,55.5855883198021,"[7.170462366005707, 21.955543782438777, 11.206460035243095, 5.449802969099101, 4.714280039981359, 5.089039127034059]",27.67837944472282,"[3.7964803227422257, 9.562662075151124, 5.370519413744807, 3.1254231579486493, 2.83856921559273, 2.984725259543283]",63.626326270053234,12.312365449797836,[12.312365449797836],30.814267245320764,5.801822525421156,24.814267245320764,4.801822525421156,"[4.309513861532201, 4.595001873539294, 3.562221559413854, 10.005495304757723, 5.0142599630798825, 3.32777468299781]",[5.801822525421156],"[3.309513861532201, 3.5950018735392937, 2.562221559413854, 9.005495304757723, 4.0142599630798825, 2.32777468299781]",[4.801822525421156],"[8.485932978287694, 9.217953521895625, 6.569798870291933, 23.091013601942876, 10.292974264307391, 5.968653033327718]"
908,0,33,True,False,,0.0,3,3,,0,3,19.847177078601813,"[3.0083526488490837, 11.083197261195398, 5.755627168557332]",10.740399060654708,"[2.1732575330511428, 5.322446931866206, 3.2446945957373594]",22.430142075008916,0.0,[],11.747755409253477,0.0,0.0,0.0,"[5.491349494038142, 3.3189265600170983, 2.9374793551982368]",[],"[0.0, 0.0, 0.0]",[],"[11.516280753943954, 5.94596553850538, 4.967895782559581]"
908,0,34,True,False,,0.0,4,4,,0,4,62.82033478952566,"[16.782700459640562, 10.650214567421104, 16.854200587857505, 18.53321917460649]",28.49993056791501,"[7.545253179259819, 5.153583681294231, 7.573138229264427, 8.227955478096531]",33.003930325192336,0.0,[],16.871532826825014,0.0,0.0,0.0,"[4.926280975152336, 4.209660668345295, 2.7940534153897967, 4.941537767937586]",[],"[0.0, 0.0, 0.0, 0.0]",[],"[10.067387115775219, 8.229899149603321, 4.60013696253794, 10.106507097275859]"
908,0,35,True,False,,0.0,3,3,,0,3,30.63695480382321,"[14.882112100572218, 10.302024054462231, 5.452818648788758]",14.94841237349105,"[6.804023719223165, 5.01778938124027, 3.1265992730276158]",26.70563488578317,0.0,[],13.415197605455436,0.0,0.0,0.0,"[7.074981066365869, 3.289720365919706, 3.0504961731698614]",[],"[0.0, 0.0, 0.0]",[],"[15.576874529143254, 5.87107786133258, 5.2576824953073364]"
908,0,36,True,False,,0.0,2,2,,0,2,34.37989818553131,"[11.912381888924301, 22.46751629660701]",15.408160292357213,"[5.645828936680478, 9.762331355676734]",16.713400684815525,0.0,[],8.518226267078056,0.0,0.0,0.0,"[3.2330976828168914, 5.285128584261164]",[],"[0.0, 0.0]",[],"[5.725891494402285, 10.987509190413242]"
908,0,37,True,False,,0.0,2,2,,0,2,17.680526650002754,"[4.43438535391696, 13.246141296085794]",8.895405393501076,"[2.7294102880276148, 6.16599510547346]",13.213285247031141,0.0,[],7.153181246342145,0.0,0.0,0.0,"[3.0910543258503878, 4.062126920491758]",[],"[0.0, 0.0]",[],"[5.361677758590737, 7.851607488440404]"
908,0,38,True,False,,0.0,3,3,,0,3,38.60484362661023,"[11.946225677209654, 8.944295575411093, 17.714322373989482]",18.05588901437799,"[5.659028014111765, 4.488275274410327, 7.9085857258558985]",20.622119987953074,0.0,[],11.042626795301697,0.0,0.0,0.0,"[5.422846007040177, 3.1357455762762942, 2.4840352119852267]",[],"[0.0, 0.0, 0.0]",[],"[11.340630787282505, 5.4762707084007545, 3.805218492269812]"
908,0,39,True,False,,0.0,1,1,,0,1,5.3392231295998505,[5.3392231295998505],3.0822970205439417,[3.0822970205439417],4.4514960491594895,0.0,[],2.736083459172201,0.0,0.0,0.0,[2.736083459172201],[],[0.0],[],[4.4514960491594895]
908,0,40,True,False,,0.0,1,1,,0,1,28.477118868083338,[28.477118868083338],12.106076358552501,[12.106076358552501],24.906551937789295,0.0,[],10.713555255737825,0.0,0.0,0.0,[10.713555255737825],[],[0.0],[],[24.906551937789295]
908,0,41,True,True,1.0,5.99,7,7,True,2,9,63.701901468520916,"[9.480142934594175, 3.7453990743324455, 6.005123917013158, 16.63483970331118, 8.584998431733842, 10.437021947199181, 8.814375460336931]",31.843741572723154,"[4.697255744491729, 2.460705638989654, 3.3419983276351317, 7.48758748429136, 4.348149388376198, 5.07043855940768, 4.437606429531403]",59.01304626856697,17.923960988082595,"[8.952918438054256, 8.971042550028338]",30.01508804474112,8.990344785352212,23.01508804474112,6.990344785352212,"[3.0477707743133258, 2.3165115504705263, 2.316896516598587, 4.409908333936424, 2.808056173151595, 9.422274962081788, 5.693669734188874]","[4.49163819084116, 4.498706594511052]","[2.0477707743133258, 1.316511550470526, 1.3168965165985869, 3.409908333936424, 1.8080561731515947, 8.422274962081788, 4.693669734188874]","[3.4916381908411602, 3.498706594511052]","[5.250694293111091, 3.3756706422321177, 3.3766577348681714, 8.743354702401087, 4.636041469619474, 21.59557682585074, 12.035050600484292]"
908,0,42,True,False,,0.0,2,2,,0,2,28.965679622073623,"[9.654501636409796, 19.31117798566383]",13.296615052608713,"[4.76525563819982, 8.531359414408893]",18.332655056702322,0.0,[],9.149735472113905,0.0,0.0,0.0,"[3.1024675937039414, 6.047267878409964]",[],"[0.0, 0.0]",[],"[5.390942547958824, 12.941712508743496]"
908,0,43,True,True,1.0,5.99,5,5,True,2,7,42.9856160462959,"[12.17799894656841, 3.342720760632507, 3.3090223859587216, 6.604495014277072, 17.551378938859198]",21.764390258055407,"[5.74941958916168, 2.3036610966466777, 2.2905187305239014, 3.5757530555680583, 7.845037786155087]",43.65598308967771,33.77697264868695,"[20.085898835366997, 13.69107381331995]",22.025833404974307,15.17301933298791,17.025833404974307,13.17301933298791,"[1.975, 3.3882037594151426, 6.271994538678322, 5.0793103362356025, 5.311324770645241]","[8.833500545793129, 6.3395187871947805]","[0.9750000000000001, 2.3882037594151426, 5.271994538678322, 4.0793103362356025, 4.311324770645241]","[7.833500545793129, 5.3395187871947805]","[2.5, 6.12359938311575, 13.5179347145598, 10.459770092911802, 11.05467889909036]"
908,0,44,True,True,1.0,5.99,5,5,True,1,6,37.27629008125223,"[10.506486406035869, 2.5, 14.592642808106348, 7.177160867110011, 2.5]",19.537753131688373,"[5.097529698353989, 1.975, 6.691130695161476, 3.7990927381729045, 1.975]",25.461898193186418,9.189270847316866,[9.189270847316866],14.930140295342703,4.583815630453578,9.930140295342703,3.5838156304535778,"[4.076926367639108, 2.5153919222906156, 3.2260482547310008, 3.1367737506819786, 1.975]",[4.583815630453578],"[3.076926367639108, 1.5153919222906156, 2.2260482547310008, 2.1367737506819786, 0.9750000000000001]",[3.5838156304535778],"[7.889554788818225, 3.885620313565681, 5.707816037771797, 5.4789070530307145, 2.5]"
908,0,45,True,False,,0.0,1,1,,0,1,9.745899116470698,[9.745899116470698],4.800900655423572,[4.800900655423572],13.39266692029921,0.0,[],6.223140098916692,0.0,0.0,0.0,[6.223140098916692],[],[0.0],[],[13.39266692029921]
908,0,46,True,False,,0.0,4,4,,0,4,53.70220091537102,"[8.79019794619951, 13.793290528403134, 9.687325351238101, 21.431387089530276]",24.9438583569947,"[4.428177199017809, 6.379383306077222, 4.77805688698286, 9.358240964916808]",42.87836537163591,0.0,[],20.722562494938003,0.0,0.0,0.0,"[5.376825992220973, 2.932917972023737, 3.5664219869096754, 8.84639654378362]",[],"[0.0, 0.0, 0.0, 0.0]",[],"[11.222630749284546, 4.956199928265992, 6.580569197204295, 20.118965496881078]"
908,0,47,True,False,,0.0,1,1,,0,1,4.734588993260941,[4.734588993260941],2.846489707371767,[2.846489707371767],6.722958403265199,0.0,[],3.621953777273428,0.0,0.0,0.0,[3.621953777273428],[],[0.0],[],[6.722958403265199]
908,0,48,True,False,,0.0,3,3,,0,3,31.40463608992518,"[5.749809536169986, 14.296995878430202, 11.357830675324994]",15.247808075070822,"[3.2424257191062944, 6.575828392587779, 5.429553963376748]",29.099745978181115,0.0,[],14.348900931490636,0.0,0.0,0.0,"[4.785713527793163, 6.303386989637902, 3.2598004140595704]",[],"[0.0, 0.0, 0.0]",[],"[9.706957763572213, 13.598428178558724, 5.79436003605018]"
908,0,49,True,False,,0.0,2,2,,0,2,12.59104597803326,"[5.885953582734198, 6.7050923952990615]",6.910507931432972,"[3.2955218972663376, 3.614986034166634]",21.155283575881263,0.0,[],10.250560594593694,0.0,0.0,0.0,"[4.658943459738435, 5.591617134855259]",[],"[0.0, 0.0]",[],"[9.381906307021628, 11.773377268859637]"
908,0,50,True,False,,0.0,3,3,,0,3,39.76429395643338,"[2.781631724481672, 16.194437347320818, 20.78822488463089]",18.508074643009017,"[2.0848363725478523, 7.315830565455119, 9.107407705006047]",45.841155057429035,0.0,[],20.878050472397323,0.0,0.0,0.0,"[6.294182587618953, 7.720998323665874, 6.862869561112497]",[],"[0.0, 0.0, 0.0]",[],"[13.574827147740905, 17.233329035040704, 15.032998874647427]"
908,0,51,True,False,,0.0,2,2,,0,2,16.210044184986344,"[6.3528722406212195, 9.857171944365124]",8.321917232144674,"[3.4776201738422756, 4.8442970583023985]",28.473156451235717,0.0,[],13.10453101598193,0.0,0.0,0.0,"[5.9616332392136115, 7.142897776768318]",[],"[0.0, 0.0]",[],"[12.722136510804132, 15.751019940431583]"
908,0,52,True,False,,0.0,2,2,,0,2,23.036916041868423,"[10.754935383216685, 12.28198065865174]",10.984397256328688,"[5.194424799454508, 5.789972456874179]",13.833609219377108,0.0,[],7.395107595557072,0.0,0.0,0.0,"[2.458473193724558, 4.936634401832515]",[],"[0.0, 0.0]",[],"[3.7396748557039943, 10.093934363673114]"
908,0,53,True,False,,0.0,3,3,,0,3,33.33996605998928,"[5.680679105957811, 11.111699880525705, 16.547587073505763]",16.00258676339582,"[3.215464851323546, 5.333562953405025, 7.453558958667248]",28.357698059098766,0.0,[],14.059502243048518,0.0,0.0,0.0,"[2.227391645142034, 8.405282489301335, 3.426828108605149]",[],"[0.0, 0.0, 0.0]",[],"[3.147158064466753, 18.987903818721374, 6.222636175910638]"
908,0,54,True,True,1.0,5.99,5,5,True,1,6,47.161507669084976,"[3.1255520939917067, 11.957653574655518, 11.988787583019064, 12.877070745595896, 7.21244367182279]",23.39298799094314,"[2.2189653166567656, 5.663484894115652, 5.675627157377435, 6.022057590782399, 3.812853032010888]",63.49563319146236,2.7186578454655264,[2.7186578454655264],29.763296944670323,2.0602765597315553,24.763296944670323,1.0602765597315553,"[5.446485014924815, 1.975, 7.576690648445071, 4.101971632638387, 10.663149648662047]",[2.0602765597315553],"[4.446485014924815, 0.9750000000000001, 6.576690648445071, 3.1019716326383864, 9.663149648662047]",[1.0602765597315553],"[11.401243628012345, 2.5, 16.86330935498736, 7.9537734170215035, 24.77730679144115]"
908,0,55,True,False,,0.0,4,4,,0,4,48.68075842725413,"[9.014421073527942, 8.809032367866228, 8.194812846381883, 22.662492139478083]",22.985495786629112,"[4.515624218675898, 4.435522623467829, 4.195977010088934, 9.838371934396452]",40.5696726322942,0.0,[],19.82217232659474,0.0,0.0,0.0,"[5.73237874594202, 4.95886411491642, 5.840479722648754, 3.2904497430875463]",[],"[0.0, 0.0, 0.0, 0.0]",[],"[12.134304476774409, 10.150933627990819, 12.41148646833014, 5.872948059198837]"
908,0,56,True,False,,0.0,4,4,,0,4,42.69505840593613,"[2.5, 5.035695725637982, 17.878753955371224, 17.280608724926925]",20.65107277831509,"[1.975, 2.9639213329988134, 7.972714042594777, 7.739437402721501]",45.133106772857204,0.0,[],21.60191164141431,0.0,0.0,0.0,"[7.826841335172779, 3.5842562286042225, 3.0958828798818208, 7.094931197755489]",[],"[0.0, 0.0, 0.0, 0.0]",[],"[17.504721372237896, 6.626298022062109, 5.374058666363642, 15.628028712193561]"
908,0,57,True,False,,0.0,1,1,,0,1,7.026946307744784,[7.026946307744784],3.740509060020466,[3.740509060020466],3.7875289794836142,0.0,[],2.47713630199861,0.0,0.0,0.0,[2.47713630199861],[],[0.0],[],[3.7875289794836142]
908,0,58,True,True,1.0,5.99,7,7,True,3,10,48.95935783827192,"[10.708101238312409, 2.5, 3.8136160667696637, 5.743839024789566, 13.749294084571375, 2.669772147365501, 9.774735276463403]",26.094149556926045,"[5.17615948294184, 1.975, 2.487310266040169, 3.240097219667931, 6.362224692982836, 2.0412111374725455, 4.812146757820727]",53.690378968990004,21.75342908319214,"[7.285877604259984, 9.00670762091356, 5.4608438580186]",27.939247797906106,11.483837342444936,20.939247797906102,8.483837342444936,"[5.63411903327215, 4.496418313550578, 3.537192926190549, 3.8810691821988104, 2.115456827778168, 3.5851891307304515, 4.689802384185397]","[3.841492265661394, 4.512615972156288, 3.129729104627254]","[4.63411903327215, 3.4964183135505773, 2.537192926190549, 2.8810691821988104, 1.1154568277781678, 2.5851891307304515, 3.689802384185396]","[2.841492265661394, 3.512615972156288, 2.129729104627254]","[11.882356495569613, 8.965175162950198, 6.505622887668074, 7.387356877432847, 2.8601457122517124, 6.62869007879603, 9.461031754321528]"
908,0,59,True,False,,0.0,4,4,,0,4,36.639898852855296,"[5.834521922272527, 13.43477895131577, 7.87961734342037, 9.490980635846624]",18.289560552613565,"[3.2754635496862856, 6.2395637910131505, 4.073050763933944, 4.701482447980183]",55.19904886852366,0.0,[],25.527629058724226,0.0,0.0,0.0,"[4.896337801743478, 9.407327348866474, 3.294486643330403, 7.929477264783873]",[],"[0.0, 0.0, 0.0, 0.0]",[],"[9.990609748060198, 21.557249612478138, 5.883299085462572, 17.76789042252275]"
908,0,60,True,False,,0.0,1,1,,0,1,7.811715287599286,[7.811715287599286],4.046568962163722,[4.046568962163722],8.075584632411708,0.0,[],4.149478006640566,0.0,0.0,0.0,[4.149478006640566],[],[0.0],[],[8.075584632411708]
908,0,61,True,True,1.0,5.99,5,5,True,2,7,32.51004525668739,"[11.177071241777504, 3.4355927938465314, 10.274253427793909, 2.5, 5.123127793269449]",17.678917650108083,"[5.359057784293227, 2.3398811896001472, 5.006958836839624, 1.975, 2.998019839375085]",33.44926728322241,33.531036183272036,"[19.36289554069139, 14.168140642580642]",18.045214240456744,15.077104111476093,13.045214240456739,13.077104111476093,"[5.192803981648571, 4.739381969068786, 2.111463403206112, 2.771570737065722, 3.2299941494675495]","[8.551529260869643, 6.525574850606451]","[4.192803981648571, 3.7393819690687855, 1.1114634032061121, 1.7715707370657219, 2.2299941494675495]","[7.551529260869643, 5.525574850606451]","[10.750779440124541, 9.588158895048167, 2.8499061620669544, 4.542489069399287, 5.7179337165834605]"
908,0,62,True,False,,0.0,2,2,,0,2,16.463940533388026,"[4.533507746988821, 11.930432786399207]",8.420936808021331,"[2.7680680213256403, 5.652868786695691]",27.58712136934834,0.0,[],12.758977334045852,0.0,0.0,0.0,"[6.974326151850541, 5.784651182195311]",[],"[0.0, 0.0]",[],"[15.318785004744976, 12.26833636460336]"
908,0,63,True,False,,0.0,2,2,,0,2,18.283092051350707,"[6.517237262697586, 11.765854788653122]",9.130405900026776,"[3.5417225324520585, 5.588683367574718]",11.65240388536668,0.0,[],6.544437515293005,0.0,0.0,0.0,"[4.1586700259687985, 2.3857674893242065]",[],"[0.0, 0.0]",[],"[8.099153912740508, 3.553249972626171]"
908,0,64,True,False,,0.0,1,1,,0,1,9.783522833727337,[9.783522833727337],4.815573905153662,[4.815573905153662],16.854693143163985,0.0,[],7.573330325833954,0.0,0.0,0.0,[7.573330325833954],[],[0.0],[],[16.854693143163985]
908,0,65,True,False,,0.0,2,2,,0,2,19.114979553710988,"[5.232204093601153, 13.882775460109833]",9.454842025947285,"[3.04055959650445, 6.414282429442835]",19.564887049388815,0.0,[],9.630305949261638,0.0,0.0,0.0,"[6.99228865804672, 2.6380172912149185]",[],"[0.0, 0.0]",[],"[15.364842712940305, 4.200044336448509]"
908,0,66,True,True,1.0,5.99,5,5,True,3,8,47.2055686412188,"[7.481754978104862, 10.632089536297322, 6.155170635616324, 10.396523994472014, 12.54002949672828]",23.410171770075337,"[3.917884441460896, 5.146514919155956, 3.4005165478903665, 5.054644357844086, 5.890611503724029]",38.091080479024086,33.81363229878529,"[3.8842967355889497, 15.787097829490628, 14.14223773370572]",19.855521386819397,16.187316596526266,14.855521386819396,13.187316596526266,"[2.1339252277504595, 4.006574536853606, 3.7702326103361017, 4.134079715873657, 5.810709296005571]","[2.5148757268796906, 7.156968153501345, 6.515472716145231]","[1.1339252277504595, 3.0065745368536057, 2.7702326103361017, 3.134079715873657, 4.810709296005571]","[1.5148757268796904, 6.156968153501345, 5.515472716145231]","[2.907500583975537, 7.709165479111809, 7.103160539323338, 8.03610183557348, 12.335152041039926]"
908,0,67,True,False,,0.0,2,2,,0,2,19.878037703162562,"[10.885754245804481, 8.992283457358083]",9.7524347042334,"[5.245444155863748, 4.506990548369652]",28.241686463596483,0.0,[],13.014257720802629,0.0,0.0,0.0,"[7.332301745475727, 5.681955975326902]",[],"[0.0, 0.0]",[],"[16.236671142245452, 12.005015321351031]"
908,0,68,True,False,,0.0,1,1,,0,1,6.9491839466181435,[6.9491839466181435],3.710181739181076,[3.710181739181076],11.44275947886416,0.0,[],5.462676196757022,0.0,0.0,0.0,[5.462676196757022],[],[0.0],[],[11.44275947886416]
908,0,69,True,False,,0.0,4,4,,0,4,38.6732012678161,"[6.648036002891937, 9.426379022166925, 8.990735353361913, 13.608050889395324]",19.082548494448275,"[3.5927340411278554, 4.6762878186451005, 4.506386787811146, 6.307139846864176]",28.383331721485025,0.0,[],15.069499371379159,0.0,0.0,0.0,"[2.8530431779257714, 2.7172898643922823, 6.179875211121842, 3.3192911179392643]",[],"[0.0, 0.0, 0.0, 0.0]",[],"[4.751392763912235, 4.4033073445955955, 13.281731310568825, 5.94690030240837]"
908,0,70,True,False,,0.0,1,1,,0,1,5.0377352786636305,[5.0377352786636305],2.964716758678816,[2.964716758678816],3.7607028647715026,0.0,[],2.466674117260886,0.0,0.0,0.0,[2.466674117260886],[],[0.0],[],[3.7607028647715026]
908,0,71,True,False,,0.0,1,1,,0,1,8.841557251765131,[8.841557251765131],4.448207328188401,[4.448207328188401],12.147528572144664,0.0,[],5.737536143136419,0.0,0.0,0.0,[5.737536143136419],[],[0.0],[],[12.147528572144664]
908,0,72,True,True,1.0,5.99,5,5,True,3,8,41.026265524178086,"[6.540963282982968, 16.477578080621946, 6.568862758133091, 8.938861402440082, 2.5]",21.000243554429456,"[3.550975680363358, 7.426255451442559, 3.5618564756719056, 4.486155946951632, 1.975]",33.379863832726244,40.457976382209246,"[24.07725721023638, 10.818549510840185, 5.56216966113268]",18.018146894763237,18.778610789061606,13.018146894763237,15.778610789061606,"[4.5311841241293696, 3.8575137542892595, 1.975, 4.780510728503199, 2.8739382878414093]","[10.390130311992188, 5.219234309227672, 3.169246167841745]","[3.53118412412937, 2.8575137542892595, 0.9750000000000001, 3.7805107285031987, 1.8739382878414095]","[9.390130311992188, 4.219234309227672, 2.169246167841745]","[9.054318266998385, 7.326958344331434, 2.5, 9.693617252572304, 4.8049699688241265]"
908,0,73,True,False,,0.0,1,1,,0,1,8.619195474997014,[8.619195474997014],4.361486235248835,[4.361486235248835],17.337821025517485,0.0,[],7.76175019995182,0.0,0.0,0.0,[7.76175019995182],[],[0.0],[],[17.337821025517485]
908,0,74,True,False,,0.0,3,3,,0,3,46.95904804879153,"[12.51756254320005, 18.833271838929146, 15.608213666662332]",21.314028739028696,"[5.88184939184802, 8.344976017182368, 7.087203329998309]",41.400552889936236,0.0,[],19.14621562707513,0.0,0.0,0.0,"[6.3259359682898735, 8.286828210599563, 4.533451448185696]",[],"[0.0, 0.0, 0.0]",[],"[13.656246072538137, 18.684174898973236, 9.060131918424862]"
908,0,75,True,False,,0.0,4,4,,0,4,33.08684067522371,"[8.281729619266235, 13.310753066837249, 8.994357989120227, 2.5]",16.903867863337247,"[4.229874551513832, 6.191193696066527, 4.5077996157568885, 1.975]",48.45516444210932,0.0,[],22.897514132422636,0.0,0.0,0.0,"[4.0321263700996735, 10.043393728625878, 3.9210624931836913, 4.900931540513395]",[],"[0.0, 0.0, 0.0, 0.0]",[],"[7.774683000255571, 23.18818904775866, 7.489903828676131, 10.002388565418961]"
908,0,76,True,False,,0.0,2,2,,0,2,19.23969765457187,"[8.849215558751565, 10.390482095820303]",9.503482085283029,"[4.451194067913111, 5.052288017369919]",20.88548685021517,0.0,[],10.145339871583916,0.0,0.0,0.0,"[4.553759597497046, 5.59158027408687]",[],"[0.0, 0.0]",[],"[9.112204096146272, 11.773282754068898]"
908,0,77,True,False,,0.0,3,3,,0,3,15.348380570600334,"[2.5, 8.350531278920869, 4.497849291679464]",8.98586842253413,"[1.975, 4.256707198779139, 2.7541612237549913]",37.270967764458874,0.0,[],17.53567742813896,0.0,0.0,0.0,"[2.8798174610942464, 10.167955764517142, 4.487904202527574]",[],"[0.0, 0.0, 0.0]",[],"[4.820044772036528, 23.507578883377285, 8.943344109045059]"
908,0,78,True,False,,0.0,3,3,,0,3,13.355575180935324,"[7.873146445185319, 2.5, 2.9824287357500032]",8.208674320564775,"[4.0705271136222745, 1.975, 2.1631472069425013]",32.159457295282095,0.0,[],15.542188345160014,0.0,0.0,0.0,"[5.6449462328793665, 3.506431085987402, 6.390811026293247]",[],"[0.0, 0.0, 0.0]",[],"[11.91011854584453, 6.426746374326672, 13.82259237511089]"
908,0,79,True,False,,0.0,1,1,,0,1,5.557058745879454,[5.557058745879454],3.167252910892987,[3.167252910892987],2.9957671956079697,0.0,[],2.1683492062871084,0.0,0.0,0.0,[2.1683492062871084],[],[0.0],[],[2.9957671956079697]
908,0,80,True,True,1.0,5.99,5,5,True,2,7,33.24715339346389,"[5.903162589622089, 9.909217645148592, 10.296350007109966, 4.638423151583241, 2.5]",17.966389823450918,"[3.3022334099526147, 4.864594881607951, 5.015576502772887, 2.808985029117464, 1.975]",75.66176432767044,10.294775648374502,"[5.046590934690214, 5.248184713684288]",34.50808808779147,6.014962502866056,29.50808808779147,4.014962502866056,"[5.584676230888488, 7.157385604790856, 9.153023378922928, 5.937243578211747, 6.675759294977454]","[2.9681704645291838, 3.0467920383368723]","[4.584676230888488, 6.157385604790856, 8.153023378922928, 4.937243578211747, 5.675759294977454]","[1.9681704645291835, 2.0467920383368723]","[11.75558007920125, 15.788168217412451, 20.90518815108443, 12.659598918491659, 14.55322896148065]"
908,0,81,True,False,,0.0,2,2,,0,2,14.276834623615711,"[7.2149160638458, 7.061918559769911]",7.567965503210127,"[3.8138172648998623, 3.754148238310265]",14.122048926040035,0.0,[],7.507599081155615,0.0,0.0,0.0,"[1.975, 5.532599081155614]",[],"[0.0, 0.0]",[],"[2.5, 11.622048926040035]"
908,0,82,True,False,,0.0,2,2,,0,2,18.200911516387492,"[2.6354654709658014, 15.565446045421693]",9.098355491391123,"[2.027831533676663, 7.07052395771446]",11.22768491694639,0.0,[],6.378797117609092,0.0,0.0,0.0,"[3.7418015113074468, 2.636995606301645]",[],"[0.0, 0.0]",[],"[7.03026028540371, 4.19742463154268]"
908,0,83,True,False,,0.0,4,4,,0,4,32.66921758436722,"[3.8969059280384415, 5.408530735257536, 8.966362454148914, 14.397418466922325]",16.740994857903214,"[2.5197933119349925, 3.109326986750439, 4.496881357118077, 6.614993202099707]",38.14555802558529,0.0,[],18.87676762997826,0.0,0.0,0.0,"[4.207482682629833, 6.673065597958809, 1.975, 6.021219349389621]",[],"[0.0, 0.0, 0.0, 0.0]",[],"[8.224314570845726, 14.546322046048227, 2.5, 12.874921408691334]"
908,0,84,True,True,1.0,5.99,6,6,True,4,10,47.28248541772985,"[5.1186844400984635, 11.638645289609663, 8.721625838859095, 6.498640900639157, 9.492891287366746, 5.811997661156731]",24.44016931291464,"[2.9962869316384007, 5.5390716629477685, 4.401434077155047, 3.5344699512492714, 4.702227602073031, 3.2666790878511254]",78.14063261643231,50.76850547220977,"[13.997656376976018, 10.258065266465126, 7.289022886653977, 19.22376094211465]",36.47484672040861,23.799717134161813,30.474846720408603,19.799717134161813,"[7.975079868535015, 3.7549966210296346, 3.753442017738281, 5.659044454678481, 12.64046404513675, 2.6918197132904433]","[6.459085987020647, 5.0006454539214, 3.842718925795051, 8.497266767424716]","[6.975079868535015, 2.7549966210296346, 2.753442017738281, 4.659044454678481, 11.64046404513675, 1.6918197132904431]","[5.459085987020647, 4.0006454539214, 2.842718925795051, 7.497266767424715]","[17.884820175730805, 7.064093900075986, 7.060107737790464, 11.946267832508926, 29.847343705478842, 4.33799926484729]"
908,0,85,True,True,1.0,5.99,7,7,True,2,9,88.48331769449965,"[17.41184458698574, 7.913289076878868, 7.397143365033388, 10.389751774207117, 15.74394114810947, 11.033016986994662, 18.594330756290393]",41.50849390085486,"[7.790619388924439, 4.086182739982759, 3.8848859123630217, 5.052003191940775, 7.1401370477626935, 5.302876624927919, 8.251788994953253]",68.03448001863248,19.285972755549146,"[9.371588246770866, 9.91438450877828]",33.53344720726667,9.521529374664167,26.53344720726667,7.521529374664167,"[3.093595657243883, 4.990596625083497, 2.0644961930117973, 3.5898028569020393, 7.961758808038953, 5.265511404094577, 6.567685662891924]","[4.654919416240638, 4.866609958423529]","[2.093595657243883, 3.990596625083497, 1.0644961930117973, 2.5898028569020393, 6.961758808038953, 4.265511404094577, 5.567685662891924]","[3.654919416240638, 3.8666099584235294]","[5.368193992933033, 10.232299038675633, 2.7294774179789676, 6.640520145902665, 17.85066361035629, 10.937208728447633, 14.276117084338265]"
908,0,86,True,False,,0.0,1,1,,0,1,6.106907699244537,[6.106907699244537],3.3816940027053692,[3.3816940027053692],4.300780008518101,0.0,[],2.6773042033220595,0.0,0.0,0.0,[2.6773042033220595],[],[0.0],[],[4.300780008518101]
908,0,87,True,False,,0.0,4,4,,0,4,41.51087265473917,"[11.707142331916897, 6.147084483517245, 16.500727299829627, 7.155918539475403]",20.189240335348277,"[5.56578550944759, 3.397362948571726, 7.435283646933555, 3.7908082303954074]",37.88323457442192,0.0,[],18.77446148402455,0.0,0.0,0.0,"[5.810666090041605, 5.326256884811911, 4.5475392047023355, 3.0899993044686993]",[],"[0.0, 0.0, 0.0, 0.0]",[],"[12.335041256516934, 11.09296637131259, 9.096254371031629, 5.358972575560768]"
908,0,88,True,True,1.0,5.99,10,3,,1,11,30.143574349213218,"[7.658391471776163, 12.620828952944404, 9.864353924492653]",14.755993996193157,"[3.9867726739927036, 5.922123291648318, 4.847098030552134]",47.41602598424714,4.424985943294663,[4.424985943294663],21.492250133856388,2.7257445178849187,18.492250133856388,1.7257445178849187,"[6.575942910853086, 7.147663324798189, 7.768643898205112]",[2.7257445178849187],"[5.575942910853086, 6.147663324798189, 6.768643898205112]",[1.7257445178849187],"[14.297289515007911, 15.76323929435433, 17.355497174884903]"
908,0,89,True,False,,0.0,4,4,,0,4,25.34905362445585,"[8.696691898848597, 7.105576980521852, 7.046784745085401, 2.5]",13.886130913537782,"[4.391709840550953, 3.7711750224035225, 3.7482460505833064, 1.975]",39.33689455312093,0.0,[],19.341388875717165,0.0,0.0,0.0,"[7.748573224952609, 4.487745759662644, 3.919865672358578, 3.1852042187433316]",[],"[0.0, 0.0, 0.0, 0.0]",[],"[17.304033910134894, 8.94293784528883, 7.486835057329687, 5.603087740367517]"
908,0,90,True,False,,0.0,4,4,,0,4,20.80081928808268,"[4.9165186986318234, 7.011642448831553, 5.787102865367527, 3.085555275251774]",12.112319522352244,"[2.9174422924664114, 3.734540555044306, 3.2569701174933354, 2.203366557348192]",28.510396336069206,0.0,[],15.11905457106699,0.0,0.0,0.0,"[5.489202045320183, 2.031703423900206, 5.623149101846601, 1.975]",[],"[0.0, 0.0, 0.0, 0.0]",[],"[11.510774475179955, 2.645393394615913, 11.854228466273335, 2.5]"
908,0,91,True,False,,0.0,1,1,,0,1,3.2048283365133887,[3.2048283365133887],2.2498830512402215,[2.2498830512402215],4.725260844808594,0.0,[],2.8428517294753517,0.0,0.0,0.0,[2.8428517294753517],[],[0.0],[],[4.725260844808594]
908,0,92,True,False,,0.0,1,1,,0,1,7.859313196347401,[7.859313196347401],4.065132146575486,[4.065132146575486],4.955776969400808,0.0,[],2.932753018066315,0.0,0.0,0.0,[2.932753018066315],[],[0.0],[],[4.955776969400808]
908,0,93,True,True,1.0,5.99,8,8,True,2,10,47.78120686960429,"[7.714263680247436, 14.519352455493612, 2.5, 2.5, 5.8217448893921, 8.720274273076809, 2.5, 3.505571571394327]",26.63467067914567,"[4.0085628352965, 6.662547457642509, 1.975, 1.975, 3.2704805068629192, 4.400906966499956, 1.975, 2.3671729128437877]",114.63599612568196,15.005796784027343,"[2.197443964664915, 12.808352819362428]",52.70803848901596,7.852260745770664,44.70803848901596,5.852260745770664,"[6.594638719663913, 10.007009055592619, 5.502387281066191, 8.711198697028165, 4.385864584361059, 4.417160118219154, 4.525648892789794, 8.564131140295066]","[1.8570031462193168, 5.995257599551347]","[5.594638719663913, 9.007009055592619, 4.502387281066191, 7.7111986970281645, 3.3858645843610593, 3.417160118219154, 3.525648892789795, 7.564131140295066]","[0.8570031462193168, 4.995257599551347]","[14.345227486317725, 23.094895014340047, 11.544582771964594, 19.77230435135427, 8.681704062464254, 8.761949021074754, 9.040125366127679, 19.39520805203863]"
908,0,94,True,False,,0.0,1,1,,0,1,6.713988990984723,[6.713988990984723],3.6184557064840424,[3.6184557064840424],5.122140907228139,0.0,[],2.997634953818974,0.0,0.0,0.0,[2.997634953818974],[],[0.0],[],[5.122140907228139]
908,0,95,True,False,,0.0,1,1,,0,1,13.829828305979078,[13.829828305979078],6.39363303933184,[6.39363303933184],14.907784131392203,0.0,[],6.8140358112429595,0.0,0.0,0.0,[6.8140358112429595],[],[0.0],[],[14.907784131392203]
908,0,96,True,False,,0.0,1,1,,0,1,11.884468466118756,[11.884468466118756],5.634942701786315,[5.634942701786315],5.442574911598186,0.0,[],3.1226042155232925,0.0,0.0,0.0,[3.1226042155232925],[],[0.0],[],[5.442574911598186]
908,0,97,True,False,,0.0,3,3,,0,3,33.184112439873516,"[14.013071618886471, 10.91093089744094, 8.260109923546102]",15.94180385155067,"[6.465097931365724, 5.255263050001966, 4.22144287018298]",18.192659689793057,0.0,[],10.095137279019292,0.0,0.0,0.0,"[4.071472851232979, 1.975, 4.0486644277863135]",[],"[0.0, 0.0, 0.0]",[],"[7.875571413417894, 2.5, 7.817088276375163]"
908,0,98,True,False,,0.0,1,1,,0,1,3.342985921378614,[3.342985921378614],2.3037645093376593,[2.3037645093376593],9.800593334454215,0.0,[],4.822231400437143,0.0,0.0,0.0,[4.822231400437143],[],[0.0],[],[9.800593334454215]
908,0,99,True,False,,0.0,3,3,,0,3,29.667461739455355,"[8.476020265642175, 13.171171408028716, 8.020270065784464]",14.570310078387589,"[4.305647903600448, 6.136756849131199, 4.1279053256559415]",33.34113493560226,0.0,[],16.00304262488488,0.0,0.0,0.0,"[8.00057983461069, 2.1708134704622193, 5.831649319811971]",[],"[0.0, 0.0, 0.0]",[],"[17.950204704129977, 3.0020858216979978, 12.388844409774284]"
908,0,100,True,False,,0.0,3,3,,0,3,25.267310995565694,"[14.315144036133155, 8.352673392584604, 2.5994935668479346]",12.854251288270621,"[6.582906174091931, 4.257542623107996, 2.0138024910706944]",18.19573701680028,0.0,[],10.096337436552108,0.0,0.0,0.0,"[3.2596794399438647, 2.640763586565723, 4.195894410042522]",[],"[0.0, 0.0, 0.0]",[],"[5.7940498460099095, 4.20708611939929, 8.194601051391082]"
908,0,101,True,False,,0.0,1,1,,0,1,2.5,[2.5],1.975,[1.975],6.910859465917574,0.0,[],3.695235191707854,0.0,0.0,0.0,[3.695235191707854],[],[0.0],[],[6.910859465917574]
908,0,102,True,False,,0.0,2,2,,0,2,7.379110389773839,"[3.755242179212543, 3.6238682105612954]",4.8778530520117975,"[2.464544449892892, 2.413308602118905]",34.47988773769595,0.0,[],15.44715621770142,0.0,0.0,0.0,"[8.330687485632481, 7.116468732068937]",[],"[0.0, 0.0]",[],"[18.796634578544822, 15.683253159151121]"
908,0,103,True,True,1.0,5.99,5,5,True,3,8,48.35060094257708,"[3.2373226994498427, 11.818963027549605, 20.772542825855908, 7.325230902445132, 5.196541487276591]",23.85673436760506,"[2.2625558527854386, 5.609395580744346, 9.101291702083804, 3.856840051953602, 3.0266511800378706]",56.49306631627886,13.506488754410212,"[7.116529520108125, 3.1949796171510436, 3.1949796171510436]",27.03229586334876,8.267530614219982,22.03229586334876,5.267530614219982,"[3.1575271331094035, 5.920489505895687, 5.38916419663936, 6.8344803003455565, 5.730634727358754]","[3.775446512842169, 2.246042050688907, 2.246042050688907]","[2.1575271331094035, 4.920489505895687, 4.38916419663936, 5.8344803003455565, 4.730634727358754]","[2.775446512842169, 1.246042050688907, 1.246042050688907]","[5.532120854126675, 12.616639758706889, 11.254267170870152, 14.96020589832194, 12.129832634253214]"
908,0,104,True,False,,0.0,4,4,,0,4,31.896677287572512,"[3.889705431879501, 13.357508831383809, 8.737755247491807, 5.911707776817398]",16.439704142153282,"[2.5169851184330057, 6.209428444239686, 4.407724546521805, 3.3055660329587853]",47.06312654037376,0.0,[],22.354619350745768,0.0,0.0,0.0,"[7.144515528689421, 4.733985454848593, 4.547759965385248, 5.9283584018225035]",[],"[0.0, 0.0, 0.0, 0.0]",[],"[15.755168022280566, 9.574321679098956, 9.096820424064738, 12.636816414929497]"
908,0,105,True,False,,0.0,3,3,,0,3,45.110433570120684,"[20.623165977034436, 10.561133450434184, 13.926134142652064]",20.59306909234707,"[9.04303473104343, 5.118842045669332, 6.431192315634305]",32.782896076602924,0.0,[],15.78532946987514,0.0,0.0,0.0,"[4.534127385478545, 4.439882695186549, 6.811319389210047]",[],"[0.0, 0.0, 0.0]",[],"[9.061865090970628, 8.820212038939868, 14.900818946692429]"
908,0,106,True,False,,0.0,4,4,,0,4,52.72253357737472,"[9.610140386514567, 9.1882727564944, 13.075539997248022, 20.84858043711773]",24.56178809517614,"[4.747954750740681, 4.583426375032816, 6.099460598926728, 9.130946370475915]",51.59645046528891,0.0,[],24.122615681462673,0.0,0.0,0.0,"[4.898540124977814, 6.334759207099647, 5.340645660223876, 7.548670689161338]",[],"[0.0, 0.0, 0.0, 0.0]",[],"[9.996256730712345, 13.678869761793965, 11.129860667240708, 16.791463305541892]"
908,0,107,True,False,,0.0,2,2,,0,2,24.149169646426436,"[5.8005757100845114, 18.348593936341924]",11.41817616210631,"[3.2622245269329597, 8.15595163517335]",20.859027435925675,0.0,[],10.135020700011014,0.0,0.0,0.0,"[2.4340046959293895, 7.701016004081624]",[],"[0.0, 0.0]",[],"[3.6769351177676657, 17.18209231815801]"
908,0,108,True,False,,0.0,1,1,,0,1,2.5,[2.5],1.975,[1.975],9.786022452592546,0.0,[],4.816548756511093,0.0,0.0,0.0,[4.816548756511093],[],[0.0],[],[9.786022452592546]
908,0,109,True,False,,0.0,1,1,,0,1,5.968545678312053,[5.968545678312053],3.327732814541701,[3.327732814541701],12.073360789713536,0.0,[],5.70861070798828,0.0,0.0,0.0,[5.70861070798828],[],[0.0],[],[12.073360789713536]
908,0,110,True,False,,0.0,4,4,,0,4,34.38632752750022,"[5.63339543030148, 17.504298799556846, 3.1387285979469994, 8.109904699694892]",17.410667735725085,"[3.197024217817577, 7.82667653182717, 2.2241041531993297, 4.162862832881008]",40.7350098308591,0.0,[],19.886653834035048,0.0,0.0,0.0,"[3.639291940221877, 7.6622787699723665, 3.6477884573677763, 4.937294666473029]",[],"[0.0, 0.0, 0.0, 0.0]",[],"[6.767415231338146, 17.08276607685222, 6.789201172737887, 10.095627349930846]"
908,0,111,True,False,,0.0,1,1,,0,1,6.103244815978313,[6.103244815978313],3.380265478231542,[3.380265478231542],7.1959748999494595,0.0,[],3.8064302109802894,0.0,0.0,0.0,[3.8064302109802894],[],[0.0],[],[7.1959748999494595]
908,0,112,True,False,,0.0,1,1,,0,1,6.435243568186607,[6.435243568186607],3.5097449915927768,[3.5097449915927768],7.7025158031268735,0.0,[],4.00398116321948,0.0,0.0,0.0,[4.00398116321948],[],[0.0],[],[7.7025158031268735]
908,0,113,True,False,,0.0,2,2,,0,2,13.90060121138956,"[7.516728800665984, 6.383872410723576]",7.421234472441928,"[3.9315242322597337, 3.4897102401821947]",20.816893760806927,0.0,[],10.118588566714703,0.0,0.0,0.0,"[6.7322553421015625, 3.38633322461314]",[],"[0.0, 0.0]",[],"[14.698090620773236, 6.118803140033692]"
908,0,114,True,False,,0.0,3,3,,0,3,20.142957839828668,"[10.790826304325297, 5.607243439405552, 3.744888096097819]",10.85575355753318,"[5.208422258686865, 3.1868249413681653, 2.4605063574781494]",19.08526677771735,0.0,[],10.443254043309768,0.0,0.0,0.0,"[3.647331655783748, 2.618285151107897, 4.177637236418122]",[],"[0.0, 0.0, 0.0]",[],"[6.788029886624995, 4.149449105404864, 8.147787785687493]"
908,0,115,True,True,1.0,5.99,5,5,True,2,7,36.62006602166645,"[9.03456367855279, 8.333821701859465, 6.943304061633589, 9.808376579620607, 2.5]",19.28182574844992,"[4.523479834635587, 4.2501904637251915, 3.7078885840371, 4.825266866052036, 1.975]",49.93420021911284,16.320745221409506,"[4.634935252860819, 11.685809968548687]",24.47433808545401,8.365090636349708,19.47433808545401,6.3650906363497075,"[2.7632477438586474, 4.917933985231044, 3.5262231989763637, 8.07640654311912, 5.190526614268836]","[2.8076247486157193, 5.557465887733988]","[1.7632477438586471, 3.917933985231044, 2.5262231989763637, 7.076406543119119, 4.190526614268836]","[1.8076247486157195, 4.557465887733988]","[4.521148061176018, 10.045984577515497, 6.477495381990676, 18.144632161843894, 10.744940036586758]"
908,0,116,True,False,,0.0,4,4,,0,4,45.78462268194631,"[21.552484244228452, 13.341451626930343, 3.694834942105205, 7.195851868682311]",21.856002845959065,"[9.405468855249097, 6.203166134502834, 2.44098562742103, 3.8063822287861013]",41.319646837837,0.0,[],20.11466226675643,0.0,0.0,0.0,"[6.271413587251295, 6.397483737270145, 4.8838191573512395, 2.5619457848837515]",[],"[0.0, 0.0, 0.0, 0.0]",[],"[13.51644509551614, 13.839701890436269, 9.958510659874973, 4.004989192009619]"
908,0,117,True,False,,0.0,3,3,,0,3,47.51553219679562,"[16.046083521910813, 8.870951321870137, 22.598497353014665]",21.53105755675029,"[7.257972573545217, 4.459671015529354, 9.81341396767572]",47.246957585216265,0.0,[],21.426313458234347,0.0,0.0,0.0,"[8.689220639923118, 4.408227558964226, 8.328865259347001]",[],"[0.0, 0.0, 0.0]",[],"[19.715950358777224, 8.739045022985193, 18.791962203453846]"
908,0,118,True,False,,0.0,3,3,,0,3,28.584718166383553,"[9.205597212036741, 8.131931463503157, 11.24718949084365]",14.148040084889583,"[4.590182912694329, 4.171453270766231, 5.386403901429024]",32.41955969259834,0.0,[],15.643628280113353,0.0,0.0,0.0,"[2.5124096224737458, 5.112009914847565, 8.019208742792042]",[],"[0.0, 0.0, 0.0]",[],"[3.8779733909583225, 10.543615166275808, 17.99797113536421]"
908,0,119,True,True,1.0,5.99,8,8,True,1,9,86.82416498677101,"[6.230608951041702, 3.3315410747209784, 5.87491759197582, 17.511560076493534, 13.659116494574764, 16.39048422789434, 5.231127704789735, 18.59480886528014]",41.8614243448407,"[3.429937490906264, 2.299301019141182, 3.29121786087057, 7.829508429832479, 6.327055432884158, 7.392288848878793, 3.0401398048679966, 8.251975457459254]",81.72504890220279,3.1150958767201535,[3.1150958767201535],39.87276907185909,2.21488739192086,31.87276907185909,1.2148873919208598,"[7.744319930255124, 1.9796790271130853, 2.579229872811652, 7.590874838815358, 6.360929727589328, 2.233902533668432, 2.8935862072647787, 8.49024693434133]",[2.21488739192086],"[6.744319930255124, 0.9796790271130853, 1.579229872811652, 6.590874838815358, 5.360929727589328, 1.2339025336684322, 1.8935862072647787, 7.4902469343413305]",[1.2148873919208598],"[17.29312802629519, 2.5119975054181674, 4.049307366183723, 16.899679073885533, 13.745973660485456, 3.163852650431877, 4.855349249396868, 19.205761370105975]"
908,0,120,True,True,1.0,5.99,5,5,True,0,5,44.064062659595535,"[2.9921815849885083, 11.664178717397244, 9.3708044138502, 12.108363532057481, 7.928534411302106]",22.18498443724226,"[2.1669508181455184, 5.549029699784925, 4.654613721401578, 5.722261777502418, 4.092128420407821]",47.45705936514078,0.0,[],23.508253152404905,0.0,18.508253152404905,0.0,"[4.328233807064029, 3.432166542074405, 5.701554807716259, 5.012325998834249, 5.033971996715963]",[],"[3.328233807064029, 2.432166542074405, 4.701554807716259, 4.012325998834249, 4.033971996715963]",[],"[8.533932838625715, 6.2363244668574485, 12.055268737733996, 10.288015381626279, 10.343517940297343]"
908,0,121,True,True,1.0,5.99,5,5,True,0,5,72.78436630438978,"[6.490451752022861, 21.9891529948775, 6.683602028317157, 19.309085035778534, 18.312074493393723]",33.38590285871201,"[3.5312761832889157, 9.575769668002225, 3.6066047910436914, 8.530543163953627, 8.141709052423552]",47.87200335270672,0.0,[],23.67008130755562,0.0,18.670081307555623,0.0,"[8.365822834567023, 4.479830731317719, 4.028348170522333, 2.222392907677797, 4.573686663470751]",[],"[7.365822834567022, 3.4798307313177195, 3.028348170522333, 1.222392907677797, 3.5736866634707503]",[],"[18.886725216838517, 8.922642900814665, 7.764995309031622, 3.134340788917428, 9.163299137104488]"
908,0,122,True,False,,0.0,2,2,,0,2,21.53338455129578,"[15.2936253750118, 6.239759176283979]",10.398019975005354,"[6.964513896254602, 3.4335060787507516]",20.975525204081077,0.0,[],10.180454829591621,0.0,0.0,0.0,"[6.554739055991918, 3.625715773599702]",[],"[0.0, 0.0]",[],"[14.242920656389533, 6.732604547691543]"
908,0,123,True,False,,0.0,1,1,,0,1,9.128473449754685,[9.128473449754685],4.560104645404327,[4.560104645404327],8.837408493900032,0.0,[],4.446589312621013,0.0,0.0,0.0,[4.446589312621013],[],[0.0],[],[8.837408493900032]
908,0,124,True,False,,0.0,4,4,,0,4,46.63696156261027,"[8.074712257260037, 7.087783976074849, 8.723104039406605, 22.75136128986878]",22.18841500941801,"[4.149137780331415, 3.7642357506691915, 4.4020105753685765, 9.873030903048823]",42.40129471069905,0.0,[],20.53650493717263,0.0,0.0,0.0,"[2.645542774360065, 6.53191008007321, 6.195344640493164, 5.16370744224619]",[],"[0.0, 0.0, 0.0, 0.0]",[],"[4.219340447077089, 14.184384820700538, 13.321396514085036, 10.676172928836385]"
908,0,125,True,True,1.0,5.99,6,6,True,3,9,43.54199532709967,"[6.833295005520593, 6.794599065052797, 5.023326002949756, 8.672759904353626, 10.742054732296493, 5.4759606169264075]",22.98137817756887,"[3.6649850521530314, 3.649893635370591, 2.959097141150405, 4.382376362697914, 5.189401345595632, 3.135624640601299]",60.172095668832306,29.060851980287875,"[17.112855683059756, 6.278258957162335, 5.669737340065783]",29.4671173108446,14.333732272312272,23.4671173108446,11.333732272312272,"[2.9769778111997107, 5.003412021574416, 7.416607905988004, 5.1427359206558325, 6.952383651426636, 1.975]","[7.674013716393305, 3.448520993293311, 3.2111975626256557]","[1.9769778111997107, 4.003412021574416, 6.416607905988004, 4.1427359206558325, 5.952383651426636, 0.9750000000000001]","[6.674013716393305, 2.448520993293311, 2.2111975626256557]","[5.069173874871053, 10.26515902967799, 16.452840784584623, 10.622399796553417, 15.26252218314522, 2.5]"
908,0,126,True,False,,0.0,1,1,,0,1,5.559400458294093,[5.559400458294093],3.168166178734696,[3.168166178734696],5.938513273777159,0.0,[],3.316020176773092,0.0,0.0,0.0,[3.316020176773092],[],[0.0],[],[5.938513273777159]
908,0,127,True,False,,0.0,2,2,,0,2,31.05227520614224,"[26.892989768835548, 4.159285437306694]",14.110387330395476,"[11.488266009845864, 2.622121320549611]",22.042745944451433,0.0,[],10.59667091833606,0.0,0.0,0.0,"[5.433064528442852, 5.163606389893208]",[],"[0.0, 0.0]",[],"[11.36683212421244, 10.675913820238994]"
908,0,128,True,False,,0.0,2,2,,0,2,17.36760071271647,"[12.168203374190108, 5.199397338526363]",8.773364277959423,"[5.745599315934142, 3.0277649620252816]",16.449432277028926,0.0,[],8.415278588041282,0.0,0.0,0.0,"[5.075481356833226, 3.3397972312080557]",[],"[0.0, 0.0]",[],"[10.449952197008272, 5.999480080020655]"
908,0,129,True,False,,0.0,3,3,,0,3,38.172973086136146,"[14.842122918605837, 12.287120003011546, 11.043730164518763]",17.887459503593096,"[6.788427938256277, 5.791976801174504, 5.307054764162317]",27.328231444486043,0.0,[],13.658010263349556,0.0,0.0,0.0,"[4.733917724269657, 4.291929737230604, 4.6321628018492955]",[],"[0.0, 0.0, 0.0]",[],"[9.574148010947837, 8.440845480078472, 9.313237953459733]"
908,0,130,True,True,1.0,5.99,5,5,True,2,7,33.84585304401644,"[5.793998814218887, 11.268553852755298, 4.720494911033831, 5.456571626229352, 6.606233839779065]",18.199882687166408,"[3.259659537545366, 5.394736002574566, 2.8409930153031944, 3.1280629342294475, 3.5764311975138354]",57.32125876640681,10.836899254298018,"[8.03397228018318, 2.802926974114839]",27.355290918898653,6.226390709176227,22.355290918898653,4.226390709176227,"[6.758224003522724, 5.169751797767501, 2.880125802252036, 6.190522344843928, 6.3566669705124665]","[4.1332491892714405, 2.093141519904787]","[5.758224003522724, 4.169751797767501, 1.8801258022520357, 5.190522344843928, 5.3566669705124665]","[3.1332491892714405, 1.0931415199047871]","[14.764676932109547, 10.691671276326923, 4.820835390389835, 13.30903165344597, 13.73504351413453]"
908,0,131,True,True,1.0,5.99,5,5,True,2,7,54.37280807117805,"[21.159060565287906, 9.262803335571318, 5.66996616977962, 2.5, 15.780978000539205]",26.20539514775944,"[9.252033620462283, 4.612493300872814, 3.211286806214052, 1.975, 7.15458142021029]",31.915175129400943,15.705467030506426,"[4.96608060851429, 10.739386421992137]",17.446918300466365,8.125132141897506,12.446918300466365,6.125132141897506,"[5.372654438346448, 2.5137376486629908, 3.4022724042314527, 1.975, 4.183253809225476]","[2.9367714373205733, 5.188360704576933]","[4.372654438346448, 1.513737648662991, 2.4022724042314527, 0.9750000000000001, 3.1832538092254756]","[1.9367714373205733, 4.188360704576933]","[11.211934457298584, 3.8813785863153614, 6.159672831362699, 2.5, 8.162189254424296]"
908,0,132,True,True,1.0,5.99,6,6,True,2,8,71.01446226965635,"[7.223720647753784, 5.363155959593392, 2.5, 32.404533076229335, 8.453542683311586, 15.069509902768253]",33.69564028516598,"[3.817251052623976, 3.091630824241423, 1.975, 13.637767899729441, 4.296881646491519, 6.877108862079619]",48.89432024346633,28.570196458369708,"[10.537624155338671, 18.032572303031035]",25.068784894951868,13.142376618764187,19.068784894951868,11.142376618764185,"[4.137620303293598, 4.171144132356321, 7.119471208929766, 2.8307481637774465, 1.975, 4.8348010865947355]","[5.109673420582082, 8.032703198182105]","[3.1376203032935983, 3.1711441323563214, 6.119471208929766, 1.8307481637774465, 0.9750000000000001, 3.834801086594736]","[4.109673420582082, 7.032703198182104]","[8.04518026485538, 8.131138800913645, 15.69095181776863, 4.694226060967812, 2.5, 9.83282329896086]"
908,0,133,True,False,,0.0,4,4,,0,4,19.002596622376434,"[3.1172925598017422, 2.5, 9.821634935524692, 3.563669127050001]",11.41101268272681,"[2.2157440983226797, 1.975, 4.83043762485463, 2.3898309595495]",35.88620517486159,0.0,[],17.99562001819602,0.0,0.0,0.0,"[7.603228391717622, 3.6648973181552984, 1.975, 4.752494308323099]",[],"[0.0, 0.0, 0.0, 0.0]",[],"[16.931354850558005, 6.833070046552047, 2.5, 9.621780277751535]"
908,0,134,True,False,,0.0,1,1,,0,1,2.843563983840358,[2.843563983840358],2.1089899536977397,[2.1089899536977397],7.218650445847155,0.0,[],3.8152736738803905,0.0,0.0,0.0,[3.8152736738803905],[],[0.0],[],[7.218650445847155]
908,0,135,True,False,,0.0,1,1,,0,1,11.033801710408401,[11.033801710408401],5.303182667059277,[5.303182667059277],2.5,0.0,[],1.975,0.0,0.0,0.0,[1.975],[],[0.0],[],[2.5]
908,0,136,True,False,,0.0,1,1,,0,1,12.464316381038138,[12.464316381038138],5.861083388604874,[5.861083388604874],17.09555103001419,0.0,[],7.667264901705534,0.0,0.0,0.0,[7.667264901705534],[],[0.0],[],[17.09555103001419]
908,0,137,True,True,1.0,5.99,6,6,True,2,8,55.74960180130685,"[3.3054801571502312, 12.856928202343864, 4.3986812587395265, 7.528504544991657, 25.160007638081574, 2.5]",27.742344702509676,"[2.28913726128859, 6.014201998914107, 2.7154856909084155, 3.9361167725467463, 10.812402978851814, 1.975]",58.23107551392968,10.239019403397315,"[5.599096535219818, 4.639922868177496]",28.710119450432575,5.993217567324953,22.71011945043258,3.993217567324953,"[7.36364587481284, 6.966080097444001, 3.547395794680303, 4.758193973121834, 4.099803710373596, 1.975]","[3.1836476487357293, 2.809569918589224]","[6.36364587481284, 5.966080097444001, 2.547395794680303, 3.7581939731218346, 3.099803710373596, 0.9750000000000001]","[2.1836476487357293, 1.8095699185892238]","[16.317040704648306, 15.297641275497439, 6.531784088923854, 9.636394802876499, 7.948214641983579, 2.5]"
908,0,138,True,True,1.0,5.99,5,5,True,1,6,42.61458430471005,"[2.5, 2.5, 12.138584943392262, 17.682639836000345, 7.793359525317445]",21.61968787883692,"[1.975, 1.975, 5.734048127922982, 7.896229536040135, 4.039410214873804]",47.04816973514035,7.68269312862412,[7.68269312862412],23.348786196704737,3.9962503201634068,18.348786196704737,2.9962503201634068,"[4.249822981617738, 3.9681125257361334, 6.303734278730443, 3.1758029001943897, 5.651313510426034]",[3.9962503201634068],"[3.2498229816177377, 2.9681125257361334, 5.303734278730443, 2.1758029001943897, 4.651313510426034]",[2.9962503201634068],"[8.332879440045481, 7.610544937784957, 13.59931866341139, 5.57898179537023, 11.926444898528292]"
908,0,139,True,False,,0.0,4,4,,0,4,28.538259567765714,"[2.5068605993211848, 4.488751965444767, 11.456581519100567, 10.086065483899194]",15.129921231428629,"[1.9776756337352621, 2.7506132665234593, 5.468066792449221, 4.933565538720686]",52.41678405270893,0.0,[],24.442545780556486,0.0,0.0,0.0,"[5.442769705804437, 6.246139108561802, 7.418221494366593, 5.33541547182365]",[],"[0.0, 0.0, 0.0, 0.0]",[],"[11.39171719437035, 13.451638739902055, 16.45697819068357, 11.116449927752948]"
908,0,140,True,False,,0.0,3,3,,0,3,38.156632901310815,"[18.066854258741206, 12.934564139568517, 7.15521450300109]",17.88108683151122,"[8.04607316090907, 6.044480014431722, 3.790533656170425]",37.29046469046014,0.0,[],17.543281229279454,0.0,0.0,0.0,"[1.981675669077049, 5.079005639079083, 10.482599921123322]",[],"[0.0, 0.0, 0.0]",[],"[2.5171171001975616, 10.458988818151495, 24.31435877211108]"
908,0,141,True,False,,0.0,2,2,,0,2,12.759560657219012,"[10.259560657219012, 2.5]",6.976228656315415,"[5.001228656315415, 1.975]",7.999343418847542,0.0,[],5.1197439333505415,0.0,0.0,0.0,"[2.4673918023287973, 2.652352131021744]",[],"[0.0, 0.0]",[],"[3.762543082894352, 4.23680033595319]"
908,0,142,True,False,,0.0,4,4,,0,4,36.44014828254029,"[11.061739085263248, 10.816830813708197, 3.8313698873162467, 10.730208496252601]",18.211657830190717,"[5.314078243252667, 5.218564017346197, 2.4942342560533364, 5.184781313538514]",49.45637147766178,0.0,[],23.287984876288093,0.0,0.0,0.0,"[4.266841210754396, 3.534285724272645, 7.888179113787664, 7.598678827473391]",[],"[0.0, 0.0, 0.0, 0.0]",[],"[8.37651592501127, 6.498168523776013, 17.661997727660676, 16.919689301213822]"
908,0,143,True,False,,0.0,4,4,,0,4,31.2423624272961,"[8.484442864168514, 5.436773916429761, 11.681814851882047, 5.639330794815779]",16.184521346645482,"[4.308932717025721, 3.1203418274076067, 5.555907792233999, 3.1993390099781536]",28.121179180378938,0.0,[],14.967259880347784,0.0,0.0,0.0,"[3.317338277589953, 4.334839369292517, 4.6556533702159815, 2.6594288632493335]",[],"[0.0, 0.0, 0.0, 0.0]",[],"[5.941893019461418, 8.550870177673122, 9.373470180040979, 4.254945803203419]"
908,0,144,True,False,,0.0,3,3,,0,3,33.57558669821036,"[5.822224447261629, 10.38630333174339, 17.36705891920534]",16.094478812302043,"[3.2706675344320355, 5.050658299379922, 7.773152978490083]",24.797711603141206,0.0,[],12.671107525225072,0.0,0.0,0.0,"[6.543983605259336, 1.975, 4.152123919965735]",[],"[0.0, 0.0, 0.0]",[],"[14.215342577588041, 2.5, 8.082369025553167]"
908,0,145,True,True,1.0,5.99,5,5,True,2,7,48.41882351054076,"[11.498634245912578, 2.8283868127099603, 19.100091117476648, 5.2051145465359845, 9.786596787905594]",23.8833411691109,"[5.484467355905906, 2.103070856956885, 8.449035535815893, 3.029994673149034, 4.816772747283181]",32.651558725228824,16.54249206258842,"[6.488625612242983, 10.053866450345435]",17.73410790283924,8.451571904409484,12.734107902839243,6.451571904409484,"[2.7779475535006632, 4.492874906170826, 4.068458424459629, 3.768490840536962, 2.626336178171161]","[3.5305639887747637, 4.9210079156347195]","[1.7779475535006635, 3.4928749061708264, 3.068458424459629, 2.768490840536962, 1.6263361781711612]","[2.5305639887747637, 3.92100791563472]","[4.558839880770932, 8.956089503002119, 7.867842113999048, 7.0986944629152875, 4.1700927645414385]"
908,0,146,True,False,,0.0,4,4,,0,4,44.63501171532237,"[7.195222081524176, 7.618157025828658, 25.322401956106138, 4.4992306518634]",21.407654568975726,"[3.806136611794429, 3.9710812400731768, 10.875736762881393, 2.7546999542267265]",39.373576431706766,0.0,[],19.35569480836564,0.0,0.0,0.0,"[2.0118679551464034, 2.998146949459405, 10.603065192276457, 3.742614711483375]",[],"[0.0, 0.0, 0.0, 0.0]",[],"[2.5945332183241114, 5.123453716562577, 24.623244082760145, 7.032345414059936]"
908,0,147,True,False,,0.0,1,1,,0,1,4.95300201181967,[4.95300201181967],2.9316707846096715,[2.9316707846096715],11.631443844694852,0.0,[],5.536263099430992,0.0,0.0,0.0,[5.536263099430992],[],[0.0],[],[11.631443844694852]
908,0,148,True,False,,0.0,2,2,,0,2,10.11886188553256,"[3.8768244714773363, 6.242037414055225]",5.946356135357699,"[2.5119615438761613, 3.4343945914815377]",10.34215268345773,0.0,[],6.033439546548514,0.0,0.0,0.0,"[2.8367568687321434, 3.196682677816371]",[],"[0.0, 0.0]",[],"[4.709632996749086, 5.632519686708643]"
908,0,149,True,False,,0.0,1,1,,0,1,6.699515009030548,[6.699515009030548],3.6128108535219137,[3.6128108535219137],7.141097356977565,0.0,[],3.7850279692212503,0.0,0.0,0.0,[3.7850279692212503],[],[0.0],[],[7.141097356977565]
908,0,150,True,True,1.0,5.99,5,5,True,1,6,32.73225842557591,"[6.207063617956727, 6.9844545901715, 8.917729688225789, 4.754064709711369, 5.868945819510525]",17.765580785974606,"[3.420754811003124, 3.723937290166885, 4.477914578408058, 2.854085236787434, 3.2888888696091048]",39.624679492191184,10.880579907979365,[10.880579907979365],20.453625001954563,5.243426164111953,15.453625001954562,4.243426164111953,"[3.5884626309834515, 4.108837671115639, 2.956616621243696, 3.3837330174663545, 6.415975061145421]",[5.243426164111953],"[2.5884626309834515, 3.1088376711156394, 1.9566166212436957, 2.3837330174663545, 5.415975061145421]",[4.243426164111953],"[6.637083669188337, 7.971378643886254, 5.016965695496656, 6.112135942221421, 13.887115541398515]"
908,0,151,True,True,1.0,5.99,7,7,True,1,8,69.16980704799442,"[18.780114265859538, 11.10316955283423, 10.163571739099758, 5.601151019208044, 5.521860316093317, 11.207208646111454, 6.792731508788082]",33.976224748717826,"[8.32424456368522, 5.330236125605349, 4.963792978248906, 3.184448897491137, 3.153525523276394, 5.370811371983467, 3.6491652884273518]",70.42076041753751,11.714606561761647,[11.714606561761647],34.46409656283963,5.5686965590870425,27.464096562839625,4.5686965590870425,"[2.108542001828998, 6.254790279863626, 4.243848390974969, 6.11022331164534, 2.911008005187941, 7.498082922986262, 5.337601650352493]",[5.5686965590870425],"[1.108542001828998, 5.254790279863626, 3.2438483909749687, 5.11022331164534, 1.911008005187941, 6.498082922986262, 4.337601650352493]",[4.5686965590870425],"[2.8424153893051227, 13.473821230419555, 8.317559976858893, 13.103136696526514, 4.900020526122925, 16.661751084580157, 11.12205551372434]"
908,0,152,True,False,,0.0,3,3,,0,3,44.69018762043635,"[13.15514278562457, 10.265575970153636, 21.269468864658148]",20.429173171970177,"[6.130505686393582, 5.003574628359918, 9.295092857216678]",21.804069863785827,0.0,[],11.503587246876474,0.0,0.0,0.0,"[4.040313821859508, 2.1846547961254696, 5.278618628891496]",[],"[0.0, 0.0, 0.0]",[],"[7.795676466306429, 3.0375764003217163, 10.970816997157682]"
908,0,153,True,False,,0.0,2,2,,0,2,20.333055215728166,"[9.488524085727803, 10.84453113000036]",9.929891534133985,"[4.700524393433843, 5.229367140700141]",32.380881494930634,0.0,[],14.628543783022948,0.0,0.0,0.0,"[8.824612410191765, 5.803931372831183]",[],"[0.0, 0.0]",[],"[20.063108744081447, 12.317772750849187]"
908,0,154,True,False,,0.0,2,2,,0,2,7.280531055196369,"[2.5, 4.780531055196369]",4.839407111526585,"[1.975, 2.8644071115265843]",17.596501900732186,0.0,[],8.862635741285553,0.0,0.0,0.0,"[5.360146287665776, 3.5024894536197766]",[],"[0.0, 0.0]",[],"[11.179862276066093, 6.416639624666094]"
908,0,155,True,True,1.0,5.99,5,5,True,3,8,53.60789893972776,"[12.906132459767264, 3.7427431807468468, 13.473035221236614, 15.228472802631911, 8.257515275345126]",25.907080586493827,"[6.033391659309233, 2.4596698404912702, 6.25448373628228, 6.9391043930264455, 4.220430957384599]",40.352671975378684,27.95782501369812,"[14.576176146614621, 7.620742517352039, 5.760906349731461]",20.737542070397687,13.903551755342267,15.737542070397687,10.903551755342267,"[3.947382598933209, 4.305339288546984, 4.5156157954585785, 4.090229360916206, 3.8789750265427103]","[6.684708697179702, 3.9720895817672957, 3.24675347639527]","[2.947382598933209, 3.3053392885469837, 3.5156157954585785, 3.090229360916206, 2.8789750265427103]","[5.684708697179702, 2.9720895817672957, 2.24675347639527]","[7.55739127931592, 8.475228944992265, 9.014399475534816, 7.923665027990272, 7.3819872475454105]"
908,0,156,True,False,,0.0,4,4,,0,4,58.74437319114504,"[26.28987582284719, 4.649795320498888, 15.38072982489091, 12.423972222908047]",26.910305544546564,"[11.253051570910404, 2.813420174994566, 6.998484631707455, 5.845349166934138]",61.683751997683,0.0,[],28.05666327909637,0.0,0.0,0.0,"[8.363880494263118, 8.545611404538736, 8.300046412939658, 2.84712496735486]",[],"[0.0, 0.0, 0.0, 0.0]",[],"[18.881744857084918, 19.34772155009932, 18.7180677254863, 4.7362178650124624]"
908,0,157,True,False,,0.0,1,1,,0,1,11.299699130657737,[11.299699130657737],5.4068826609565175,[5.4068826609565175],6.9073800714451155,0.0,[],3.6938782278635953,0.0,0.0,0.0,[3.6938782278635953],[],[0.0],[],[6.9073800714451155]
908,0,158,True,False,,0.0,2,2,,0,2,20.41230101812652,"[8.611171239839491, 11.801129778287027]",9.960797397069342,"[4.358356783537402, 5.6024406135319404]",21.34103342867698,0.0,[],10.323003037184023,0.0,0.0,0.0,"[6.366928761880507, 3.956074275303515]",[],"[0.0, 0.0]",[],"[13.761355799693607, 7.579677628983372]"
908,0,159,True,False,,0.0,2,2,,0,2,17.263632981836135,"[10.24201829457614, 7.021614687259997]",8.732816862916094,"[4.994387134884695, 3.7384297280313987]",15.603435610464132,0.0,[],8.08533988808101,0.0,0.0,0.0,"[3.245232087786293, 4.840107800294718]",[],"[0.0, 0.0]",[],"[5.7570053532981875, 9.846430257165943]"
908,0,160,True,False,,0.0,4,4,,0,4,32.170219411044116,"[7.428644516799747, 4.652362662752402, 13.654289828168917, 6.43492240332305]",16.546385570307205,"[3.8971713615519015, 2.814421438473437, 6.3251730329858775, 3.5096197372959894]",42.51449011115298,0.0,[],20.580651143349662,0.0,0.0,0.0,"[4.496246517971532, 7.097425681564567, 4.475977885349542, 4.511001058464023]",[],"[0.0, 0.0, 0.0, 0.0]",[],"[8.964734661465464, 15.63442482452453, 8.91276380858857, 9.002566816574417]"
908,0,161,True,True,1.0,5.99,5,5,True,2,7,54.094266144611055,"[10.532872352039853, 4.032462999799107, 16.38918183728956, 12.624037403039496, 10.515711552443037]",26.09676379639831,"[5.107820217295543, 2.572660569921652, 7.3917809165429285, 5.923374587185403, 5.1011275054527845]",32.96571696217155,32.56638923164854,"[22.94418146159964, 9.622207770048902]",17.856629615246902,14.700891800342932,12.856629615246906,12.700891800342932,"[3.7224151878117957, 1.9766887340059602, 3.819725527769146, 5.880494300451963, 2.4573058652080393]","[9.94823077002386, 4.7526610303190715]","[2.7224151878117957, 0.9766887340059603, 2.819725527769146, 4.880494300451963, 1.4573058652080393]","[8.94823077002386, 3.752661030319072]","[6.980551763619989, 2.50433008719477, 7.230065455818323, 12.514087949876828, 3.7366817056616393]"
908,0,162,True,True,1.0,5.99,5,5,True,1,6,57.699445325053546,"[15.129219548509978, 6.10516326302458, 13.806827500646449, 16.561448126745777, 6.096786886126762]",27.502783676770886,"[6.900395623918891, 3.381013672579586, 6.384662725252115, 7.458964769430853, 3.3777468855894375]",69.31610514026862,11.392224049739696,[11.392224049739696],32.03328100470476,5.442967379398482,27.03328100470476,4.442967379398482,"[7.739705096184748, 4.3594001923983585, 8.116311738403756, 2.446660050585571, 9.371203927132328]",[5.442967379398482],"[6.739705096184748, 3.3594001923983585, 7.116311738403756, 1.4466600505855707, 8.371203927132328]",[4.442967379398482],"[17.28129511842243, 8.613846647175277, 18.246953175394246, 3.7093847450912065, 21.464625454185455]"
908,0,163,True,False,,0.0,1,1,,0,1,4.897409916396821,[4.897409916396821],2.9099898673947604,[2.9099898673947604],8.803937841263004,0.0,[],4.433535758092571,0.0,0.0,0.0,[4.433535758092571],[],[0.0],[],[8.803937841263004]
908,0,164,True,False,,0.0,3,3,,0,3,18.214799488514636,"[2.5649053738471146, 7.346697752079414, 8.303196362588109]",10.103771800520708,"[2.000313095800375, 3.8652121233109713, 4.238246581409363]",21.58358621583497,0.0,[],11.417598624175639,0.0,0.0,0.0,"[3.7452474605781734, 5.697351163597466, 1.975]",[],"[0.0, 0.0, 0.0]",[],"[7.039096052764546, 12.044490163070424, 2.5]"
908,0,165,True,False,,0.0,3,3,,0,3,50.087178117945925,"[7.364495033227596, 30.309334550147266, 12.413348534571062]",22.53399946599891,"[3.872153062958762, 12.820640474557434, 5.841205928482714]",25.0990026290938,0.0,[],12.788611025346581,0.0,0.0,0.0,"[3.4065578269641175, 3.4466941785152363, 5.935359019867228]",[],"[0.0, 0.0, 0.0]",[],"[6.170661094779788, 6.273574816705734, 12.654766717608277]"
908,0,166,True,False,,0.0,1,1,,0,1,3.110968122539184,[3.110968122539184],2.213277567790282,[2.213277567790282],13.664383796892697,0.0,[],6.329109680788152,0.0,0.0,0.0,[6.329109680788152],[],[0.0],[],[13.664383796892697]
908,0,167,True,False,,0.0,1,1,,0,1,9.37529516438748,[9.37529516438748],4.656365114111117,[4.656365114111117],4.5425684350082305,0.0,[],2.7716016896532096,0.0,0.0,0.0,[2.7716016896532096],[],[0.0],[],[4.5425684350082305]
908,0,168,True,True,1.0,5.99,6,6,True,1,7,56.10271588385105,"[4.817083907734261, 17.256628329979076, 10.454981595362781, 14.194769728259946, 5.19221783295907, 4.187034489555912]",27.88005919470191,"[2.878662724016362, 7.73008504869184, 5.077442822191485, 6.535960194021379, 3.0249649548540374, 2.6329434509268057]",48.76727141470563,5.933602552965535,[5.933602552965535],25.019235851735196,3.314104995656559,19.019235851735196,2.314104995656559,"[5.8021540226548165, 3.1696603796435565, 4.106333737053865, 3.758670434185868, 6.207417278197091, 1.975]",[3.314104995656559],"[4.8021540226548165, 2.1696603796435565, 3.1063337370538653, 2.758670434185868, 5.207417278197091, 0.9750000000000001]",[2.314104995656559],"[12.313215442704657, 5.563231742675786, 7.964958300138116, 7.0735139338099176, 13.352351995377155, 2.5]"
908,0,169,True,False,,0.0,2,2,,0,2,10.527809028585231,"[3.984141201330808, 6.543667827254423]",6.1058455211482405,"[2.5538150685190155, 3.552030452629225]",18.496954590401167,0.0,[],9.213812290256456,0.0,0.0,0.0,"[5.9285266441407956, 3.2852856461156597]",[],"[0.0, 0.0]",[],"[12.637247805489219, 5.859706784911948]"
908,0,170,True,False,,0.0,3,3,,0,3,23.857092861000687,"[9.72155074988082, 8.749362092602771, 5.386180018517094]",12.304266215790268,"[4.79140479245352, 4.412251216115081, 3.1006102072216666]",25.887066528032793,0.0,[],13.09595594593279,0.0,0.0,0.0,"[4.1447105664495645, 1.975, 6.976245379483226]",[],"[0.0, 0.0, 0.0]",[],"[8.063360426793754, 2.5, 15.32370610123904]"
908,0,171,True,False,,0.0,1,1,,0,1,4.515795892781978,[4.515795892781978],2.7611603981849715,[2.7611603981849715],7.100122013469816,0.0,[],3.7690475852532286,0.0,0.0,0.0,[3.7690475852532286],[],[0.0],[],[7.100122013469816]
908,0,172,True,False,,0.0,4,4,,0,4,22.335678881263846,"[2.5, 7.3923751010478185, 9.752860207140113, 2.6904435730759126]",12.7109147636929,"[1.975, 3.883026289408649, 4.803615480784645, 2.049272993499606]",47.47754375210456,0.0,[],22.51624206332078,0.0,0.0,0.0,"[9.062063986073321, 2.0866873690547827, 7.211217126108343, 4.156273582084333]",[],"[0.0, 0.0, 0.0, 0.0]",[],"[20.67195893864954, 2.786377869371237, 15.92619775925216, 8.093009184831622]"
908,0,173,True,False,,0.0,1,1,,0,1,5.137638166052651,[5.137638166052651],3.003678884760534,[3.003678884760534],7.3426283588226084,0.0,[],3.8636250599408175,0.0,0.0,0.0,[3.8636250599408175],[],[0.0],[],[7.3426283588226084]
908,0,174,True,True,1.0,5.99,7,7,True,4,11,70.46068937938226,"[15.80219720336973, 3.313228348300971, 21.57328802118734, 9.036051482670361, 9.92186804347511, 5.4884278023033986, 5.325628478075354]",34.47966885795908,"[7.162856909314195, 2.2921590558373786, 9.413582328263063, 4.52406007824144, 4.869528536955293, 3.1404868428983255, 3.076995106449388]",58.1512091671468,28.265861608698614,"[2.270344662224645, 1.4466449185221937, 6.3404586976521715, 18.208413330299603]",29.678971575187255,15.02368602739246,22.678971575187255,11.02368602739246,"[1.975, 3.544250894555869, 8.048134918343948, 5.167201030442455, 5.9869202782211906, 2.982464453623791, 1.975]","[1.8854344182676117, 1.5641915182236557, 3.4727788920843468, 8.101281198816846]","[0.9750000000000001, 2.544250894555869, 7.048134918343948, 4.167201030442455, 4.9869202782211906, 1.9824644536237912, 0.9750000000000001]","[0.8854344182676116, 0.5641915182236555, 2.4727788920843468, 7.101281198816846]","[2.5, 6.5237202424509455, 18.072140816266533, 10.685130847288345, 12.786975072362027, 5.083242188778952, 2.5]"
908,0,175,True,False,,0.0,1,1,,0,1,34.74215568043319,[34.74215568043319],14.549440715368945,[14.549440715368945],5.550955045993829,0.0,[],3.1648724679375935,0.0,0.0,0.0,[3.1648724679375935],[],[0.0],[],[5.550955045993829]
908,0,176,True,True,1.0,5.99,5,5,True,1,6,49.09817012609089,"[7.138709122596288, 3.468258625071596, 19.76654622605645, 16.224656152366553, 2.5]",24.14828634917545,"[3.7840965578125525, 2.3526208637779225, 8.708953028162016, 7.327615899422955, 1.975]",56.81556800823397,14.62190059453861,[14.62190059453861],27.158071523211248,6.702541231870058,22.158071523211248,5.702541231870058,"[3.5659724070530454, 4.882387579480266, 2.9945115003794203, 6.657758831694522, 9.057441204603995]",[6.702541231870058],"[2.5659724070530454, 3.882387579480266, 1.9945115003794203, 5.657758831694522, 8.057441204603995]",[5.702541231870058],"[6.579416428341142, 9.954839947385297, 5.114132052254924, 14.507073927421851, 20.660105652830755]"
908,0,177,True,False,,0.0,1,1,,0,1,5.064510453555579,[5.064510453555579],2.9751590768866762,[2.9751590768866762],4.717247642605157,0.0,[],2.839726580616011,0.0,0.0,0.0,[2.839726580616011],[],[0.0],[],[4.717247642605157]
908,0,178,True,False,,0.0,3,3,,0,3,43.86904126782117,"[19.337387419752787, 12.524410061004055, 12.007243787064326]",20.108926094450258,"[8.541581093703588, 5.884519923791582, 5.682825076955087]",27.7583440966349,0.0,[],13.825754197687612,0.0,0.0,0.0,"[5.242061583448896, 2.2126843957065994, 6.371008218532117]",[],"[0.0, 0.0, 0.0]",[],"[10.877080983202298, 3.109447168478459, 13.771815944954145]"
908,0,179,True,False,,0.0,4,4,,0,4,34.75853077339945,"[3.121056820653308, 11.459219511985681, 6.656853855394371, 13.521400585366088]",17.555827001625783,"[2.21721216005479, 5.469095609674416, 3.5961730036038047, 6.273346228292774]",38.28791973501875,0.0,[],18.932288696657313,0.0,0.0,0.0,"[3.6678750015282278, 3.380163037809745, 8.499560295153433, 3.3846903621659066]",[],"[0.0, 0.0, 0.0, 0.0]",[],"[6.840705132123661, 6.102982148230115, 19.2296417824447, 6.114590672220273]"
908,0,180,True,False,,0.0,4,4,,0,4,43.465574311111574,"[14.20902211697871, 16.912815872697937, 7.722233056589541, 4.621503264845379]",20.95157398133351,"[6.5415186256216975, 7.595998190352196, 4.011670892069921, 2.802386273289698]",49.710083127101754,0.0,[],23.38693241956969,0.0,0.0,0.0,"[4.747835247251061, 3.0111736839272765, 7.333039951384611, 8.294883537006738]",[],"[0.0, 0.0, 0.0, 0.0]",[],"[9.609833967310411, 5.156855599813529, 16.23856397790926, 18.70482958206856]"
908,0,181,True,False,,0.0,3,3,,0,3,29.145460027562994,"[4.10909767676955, 11.729497130304107, 13.306865220489335]",14.366729410749567,"[2.6025480939401247, 5.574503880818602, 6.189677435990841]",39.12631934276125,0.0,[],18.259264543676885,0.0,0.0,0.0,"[7.998565236786829, 6.382848480776047, 3.87785082611401]",[],"[0.0, 0.0, 0.0]",[],"[17.945039068684178, 13.802175591733453, 7.379104682343615]"
908,0,182,True,False,,0.0,1,1,,0,1,7.4450264848130905,[7.4450264848130905],3.9035603290771053,[3.9035603290771053],24.426757089257766,0.0,[],10.526435264810528,0.0,0.0,0.0,[10.526435264810528],[],[0.0],[],[24.426757089257766]
908,0,183,True,False,,0.0,1,1,,0,1,9.30793347608656,[9.30793347608656],4.630094055673759,[4.630094055673759],6.248126353762531,0.0,[],3.4367692779673873,0.0,0.0,0.0,[3.4367692779673873],[],[0.0],[],[6.248126353762531]
908,0,184,True,True,1.0,5.99,8,4,,1,9,44.045983046373834,"[5.583772164902295, 4.81002896529266, 7.519506896011319, 26.132675020167564]",21.177933388085798,"[3.177671144311895, 2.8759112964641376, 3.9326076894444144, 11.191743257865351]",28.590131427310464,2.916538226280892,[2.916538226280892],15.150151256651082,2.1374499082495477,11.150151256651082,1.137449908249548,"[3.2050240703662642, 3.1416544612286845, 2.312679383620869, 6.490793341435264]",[2.1374499082495477],"[2.2050240703662642, 2.1416544612286845, 1.312679383620869, 5.490793341435264]",[1.137449908249548],"[5.653907872734011, 5.491421695458165, 3.3658445733868434, 14.078957285731446]"
908,0,185,True,False,,0.0,1,1,,0,1,9.901468453312837,[9.901468453312837],4.861572696792006,[4.861572696792006],17.15576096637459,0.0,[],7.69074677688609,0.0,0.0,0.0,[7.69074677688609],[],[0.0],[],[17.15576096637459]
908,0,186,True,True,1.0,5.99,5,5,True,1,6,44.88629885635131,"[11.334054220953911, 10.761380189969278, 8.08035327823523, 2.5, 12.210511167192893]",22.505656553977012,"[5.420281146172026, 5.196938274088018, 4.151337778511739, 1.975, 5.762099355205228]",37.664108825634685,10.29708957935875,[10.29708957935875],19.689002441997527,5.015864935949912,14.68900244199753,4.015864935949912,"[5.345057217934163, 5.613634901276283, 3.3122780250880806, 2.3472781810178116, 3.070754116681191]",[5.015864935949912],"[4.345057217934163, 4.613634901276283, 2.3122780250880806, 1.3472781810178116, 2.070754116681191]",[4.015864935949912],"[11.14117235367734, 11.829833080195598, 5.92891801304636, 3.4545594385072094, 5.309625940208182]"
908,0,187,True,False,,0.0,2,2,,0,2,24.892224321245187,"[9.079714993182888, 15.812509328062298]",11.707967485285621,"[4.541088847341326, 7.166878637944296]",14.237683304616954,0.0,[],7.5526964888006125,0.0,0.0,0.0,"[4.509298288882351, 3.0433981999182613]",[],"[0.0, 0.0]",[],"[8.998200740723977, 5.239482563892977]"
908,0,188,True,False,,0.0,1,1,,0,1,8.838663764883549,[8.838663764883549],4.447078868304584,[4.447078868304584],6.624680787577609,0.0,[],3.5836255071552676,0.0,0.0,0.0,[3.5836255071552676],[],[0.0],[],[6.624680787577609]
908,0,189,True,False,,0.0,3,3,,0,3,33.16707389892707,"[11.527813188001486, 3.956885643944152, 17.68237506698143]",15.935158820581556,"[5.49584714332058, 2.5431854011382193, 7.896126276122757]",24.724286529936563,0.0,[],12.642471746675259,0.0,0.0,0.0,"[2.3144717873099667, 4.113304288946624, 6.214695670418669]",[],"[0.0, 0.0, 0.0]",[],"[3.3704404802819656, 7.98283151011955, 13.371014539535048]"
908,0,190,True,False,,0.0,2,2,,0,2,22.823710625165873,"[11.397881387621155, 11.425829237544717]",10.90124714381469,"[5.44517374117225, 5.456073402642439]",25.532448999529315,0.0,[],11.957655109816432,0.0,0.0,0.0,"[6.350600720184, 5.607054389632434]",[],"[0.0, 0.0]",[],"[13.71948902611282, 11.812959973416497]"
908,0,191,True,False,,0.0,4,4,,0,4,28.120183897476853,"[7.001353669959116, 10.104323603657438, 4.022155436037049, 6.99235118782325]",14.966871720015972,"[3.730527931284055, 4.940686205426401, 2.568640620054449, 3.7270169632510672]",34.10629012074822,0.0,[],17.301453147091806,0.0,0.0,0.0,"[5.324704963658713, 3.4571818332006763, 5.902780508951745, 2.6167858412806733]",[],"[0.0, 0.0, 0.0, 0.0]",[],"[11.088987086304392, 6.300466238976092, 12.571232074235242, 4.145604721232496]"
908,0,192,True,False,,0.0,1,1,,0,1,5.828440422123426,[5.828440422123426],3.273091764628136,[3.273091764628136],9.5653679817857,0.0,[],4.730493512896423,0.0,0.0,0.0,[4.730493512896423],[],[0.0],[],[9.5653679817857]
908,0,193,True,False,,0.0,2,2,,0,2,11.269193123921662,"[7.051085877792338, 4.218107246129324]",6.394985318329448,"[3.749923492339012, 2.645061825990436]",15.22201330447206,0.0,[],7.936585188744104,0.0,0.0,0.0,"[5.056020668201944, 2.88056452054216]",[],"[0.0, 0.0]",[],"[10.400052995389599, 4.8219603090824625]"
908,0,194,True,False,,0.0,3,3,,0,3,16.8868678266913,"[6.90671411875157, 5.47051516775178, 4.50963854018795]",9.585878452409608,"[3.6936185063131126, 3.1335009154231943, 2.7587590306733007]",32.237512528412225,0.0,[],15.572629886080769,0.0,0.0,0.0,"[4.906076124467025, 4.441027003569687, 6.225526758044057]",[],"[0.0, 0.0, 0.0]",[],"[10.015579806325704, 8.823146162999198, 13.398786559087325]"
908,0,195,True,False,,0.0,3,3,,0,3,29.605040494860035,"[7.490120922906619, 5.631674203760813, 16.483245368192602]",14.545965792995414,"[3.9211471599335814, 3.196352939466717, 7.428465693595115]",21.388210665514592,0.0,[],11.341402159550691,0.0,0.0,0.0,"[5.725394112439985, 2.239905718499654, 3.376102328611053]",[],"[0.0, 0.0, 0.0]",[],"[12.116395160102526, 3.1792454320503936, 6.092570073361674]"
908,0,196,True,False,,0.0,3,3,,0,3,29.174855918860743,"[4.046311234520931, 3.504118301740112, 21.6244263825997]",14.37819380835569,"[2.578061381463163, 2.3666061376786436, 9.433526289213884]",22.90917616190076,0.0,[],11.934578703141298,0.0,0.0,0.0,"[6.283362079092417, 3.3816058753281784, 2.2696107487207007]",[],"[0.0, 0.0, 0.0]",[],"[13.547082254083122, 6.106681731610713, 3.255412176206924]"
908,0,197,True,False,,0.0,3,3,,0,3,24.516654399650676,"[15.196727401429019, 6.819926998221657, 2.5]",12.561495215863763,"[6.926723686557318, 3.6597715293064463, 1.975]",44.05944064053299,0.0,[],20.18318184980787,0.0,0.0,0.0,"[9.54278335948943, 6.274536051429585, 4.365862438888853]",[],"[0.0, 0.0, 0.0]",[],"[21.904572716639564, 13.524451413922012, 8.630416509971418]"
908,0,198,True,False,,0.0,3,3,,0,3,17.806780271648883,"[3.9002080070166834, 9.091430041203745, 4.815142223428456]",9.944644305943065,"[2.521081122736507, 4.545657716069461, 2.877905467137098]",40.800976884585914,0.0,[],18.91238098498851,0.0,0.0,0.0,"[8.67012824338509, 3.8025965098723833, 6.439656231731034]",[],"[0.0, 0.0, 0.0]",[],"[19.666995495859204, 7.186144897108675, 13.947836491618034]"
908,0,199,True,False,,0.0,3,3,,0,3,24.064329864190533,"[4.785751107561618, 4.06937644718851, 15.209202309440407]",12.385088647034308,"[2.866442931949031, 2.5870568144035193, 6.931588900681759]",39.44566696919497,0.0,[],18.383810117986037,0.0,0.0,0.0,"[9.20580630200914, 4.072238989162174, 5.105764826814723]",[],"[0.0, 0.0, 0.0]",[],"[21.040528979510615, 7.877535869646599, 10.527602120037752]"
908,0,200,True,True,1.0,5.99,7,7,True,0,7,91.33685430341436,"[20.327642794518628, 19.64627564108254, 12.35330838061109, 12.898217881266753, 10.894919262660464, 9.489834535053438, 5.72665580822145]",42.6213731783316,"[8.927780689862265, 8.66204750002219, 5.817790268438325, 6.030304973694034, 5.249018512437581, 4.701035468670841, 3.2333957652063656]",49.58542677718698,0.0,[],26.338316443102922,0.0,19.338316443102922,0.0,"[2.0268484351130884, 2.0160959358127855, 3.958203191031924, 3.710862919526908, 3.176596996133744, 2.5124922916069465, 8.937216673877526]",[],"[1.0268484351130884, 1.0160959358127852, 2.958203191031924, 2.710862919526908, 2.176596996133744, 1.5124922916069468, 7.937216673877525]",[],"[2.632944705418175, 2.6053741943917568, 7.585136387261343, 6.950930562889508, 5.581017938804472, 3.8781853630947354, 20.351837625326986]"
908,0,201,True,False,,0.0,4,4,,0,4,29.96029984933609,"[8.344471109830932, 10.366147123855143, 6.5593092107245585, 4.690372404925455]",15.684516941241077,"[4.254343732834064, 5.042797378303506, 3.558130592182578, 2.8292452379209276]",57.555399031902994,0.0,[],26.44660562244217,0.0,0.0,0.0,"[4.5828772220599445, 6.592076473478897, 12.155361914624134, 3.116290012279195]",[],"[0.0, 0.0, 0.0, 0.0]",[],"[9.186864671948575, 14.338657624304862, 28.60349208877983, 5.426384646869731]"
908,0,202,True,False,,0.0,2,2,,0,2,16.418887424271897,"[4.825492907747777, 11.593394516524121]",8.40336609546604,"[2.881942234021633, 5.521423861444408]",19.76781130566951,0.0,[],9.70944640921111,0.0,0.0,0.0,"[3.565716475712794, 6.1437299334983155]",[],"[0.0, 0.0]",[],"[6.57876019413537, 13.189051111534141]"
908,0,203,True,False,,0.0,3,3,,0,3,20.84005617606511,"[5.469096965882457, 7.845525011687051, 7.525434198495602]",11.127621908665393,"[3.1329478166941582, 4.05975475455795, 3.9349193374132847]",40.44094422750068,0.0,[],18.771968248725265,0.0,0.0,0.0,"[8.007506896385202, 4.386964111402538, 6.377497240937525]",[],"[0.0, 0.0, 0.0]",[],"[17.967966400987695, 8.68452336257061, 13.788454463942372]"
908,0,204,True,True,1.0,5.99,5,5,True,0,5,26.71550074640026,"[2.5, 4.6024339875820495, 9.012493919539109, 7.497520766242147, 3.1030520730369577]",15.419045291096104,"[1.975, 2.7949492551569994, 4.514872628620253, 3.924033098834437, 2.210190308484414]",58.360081034527965,0.0,[],27.76043160346591,0.0,22.76043160346591,0.0,"[4.047369733463939, 5.28739060111612, 2.4290511946791926, 10.619061042365631, 5.377559031841026]",[],"[3.047369733463939, 4.28739060111612, 1.4290511946791926, 9.619061042365631, 4.377559031841026]",[],"[7.813768547343433, 10.993309233631075, 3.6642338325107504, 24.664259082988796, 11.22451033805391]"
908,0,205,True,False,,0.0,2,2,,0,2,24.81524301523954,"[12.94721651165121, 11.86802650358833]",11.67794477594342,"[6.0494144395439715, 5.628530336399449]",20.855453596619487,0.0,[],10.1336269026816,0.0,0.0,0.0,"[7.895947023490055, 2.2376798791915453]",[],"[0.0, 0.0]",[],"[17.681915444846293, 3.1735381517731924]"
908,0,206,True,True,1.0,5.99,5,5,True,1,6,61.63404152719665,"[2.5, 30.68476538548095, 3.8837194157567225, 2.5, 22.065556725958977]",29.0372761956067,"[1.975, 12.967058500337572, 2.514650572145122, 1.975, 9.605567123124002]",44.27915488024489,12.454884487820811,[12.454884487820811],22.2688704032955,5.857404950250117,17.268870403295505,4.857404950250117,"[6.223441546312142, 6.9447053600422315, 3.012521278290057, 2.498056069501045, 3.5901461491500295]",[5.857404950250117],"[5.223441546312142, 5.9447053600422315, 2.012521278290057, 1.4980560695010448, 2.5901461491500295]",[4.857404950250117],"[13.393439862338827, 15.242834256518542, 5.160310969974504, 3.841169408977038, 6.641400382435973]"
908,0,207,True,False,,0.0,2,2,,0,2,7.929190036709135,"[5.429190036709135, 2.5]",5.0923841143165625,"[3.1173841143165624, 1.975]",18.461908020573077,0.0,[],9.200144128023501,0.0,0.0,0.0,"[3.7532879621949173, 5.446856165828583]",[],"[0.0, 0.0]",[],"[7.059712723576711, 11.402195296996368]"
908,0,208,True,False,,0.0,4,4,,0,4,38.962020860660246,"[9.066431127976076, 7.783943606356951, 3.6573113383489786, 18.454334787978237]",19.195188135657496,"[4.53590813991067, 4.035738006479211, 2.4263514219561015, 8.197190567311512]",50.0240708785149,0.0,[],23.50938764262081,0.0,0.0,0.0,"[5.155140303542816, 5.357963376050668, 6.247165447414824, 6.749118515612503]",[],"[0.0, 0.0, 0.0, 0.0]",[],"[10.65420590652004, 11.174265066796583, 13.45427037798673, 14.741329527211546]"
908,0,209,True,False,,0.0,4,4,,0,4,38.39529339543498,"[9.115838793393857, 4.896050275361902, 11.194158230969325, 13.1892460957099]",18.974164424219644,"[4.555177129423605, 2.909459607391142, 5.365721710078037, 6.143805977326861]",24.368638931249798,0.0,[],13.503769183187423,0.0,0.0,0.0,"[5.0483734581249795, 2.1949408925590435, 1.975, 4.285454832503399]",[],"[0.0, 0.0, 0.0, 0.0]",[],"[10.380444764423025, 3.0639510065616493, 2.5, 8.424243160265126]"
908,0,210,True,False,,0.0,2,2,,0,2,16.341328253535583,"[6.219799324289425, 10.121528929246157]",8.373118018878877,"[3.425721736472876, 4.947396282406001]",34.63117994183912,0.0,[],15.506160177317259,0.0,0.0,0.0,"[9.643076868886668, 5.863083308430591]",[],"[0.0, 0.0]",[],"[22.161735561247866, 12.46944438059126]"
908,0,211,True,False,,0.0,3,3,,0,3,28.20291488050254,"[6.17386283666441, 13.752061768391656, 8.276990275446474]",13.999136803395992,"[3.4078065062991203, 6.363304089672746, 4.228026207424125]",51.56062503715071,0.0,[],23.108643764488775,0.0,0.0,0.0,"[7.930603904298064, 4.673937654521577, 10.504102205669136]",[],"[0.0, 0.0, 0.0]",[],"[17.770779241789906, 9.420352960311735, 24.369492835049066]"
908,0,212,True,False,,0.0,1,1,,0,1,9.526530456181524,[9.526530456181524],4.715346877910795,[4.715346877910795],6.525216111653413,0.0,[],3.544834283544831,0.0,0.0,0.0,[3.544834283544831],[],[0.0],[],[6.525216111653413]
908,0,213,True,True,1.0,5.99,6,6,True,3,9,59.35613417249347,"[10.351397075433741, 7.896594138157993, 10.344231170378627, 3.0856435114871066, 11.195477530116776, 16.482790746919218]",29.148892327272453,"[5.03704485941916, 4.079671713881617, 5.034250156447665, 2.2034009694799717, 5.366236236745543, 7.428288391298495]",67.35745961154396,16.780583844497503,"[6.529463508058285, 4.383268810026018, 5.867851526413201]",32.26940924850214,9.544427699354028,26.269409248502143,6.544427699354027,"[6.836070042046742, 6.063015124507202, 5.719462653667074, 3.486397483573969, 7.153276334639486, 3.0111876100676707]","[3.546490768142731, 2.709474835910147, 3.2884620953011483]","[5.836070042046742, 5.063015124507202, 4.719462653667074, 2.486397483573969, 6.153276334639486, 2.0111876100676707]","[2.546490768142731, 1.709474835910147, 2.2884620953011483]","[14.96428215909421, 12.982090062838978, 12.101186291454036, 6.375378163010177, 15.777631627280734, 5.156891307865822]"
908,0,214,True,False,,0.0,3,3,,0,3,34.37363088384714,"[21.05354830914502, 8.130054791820022, 5.1900277828820975]",16.405716044700384,"[9.21088384056656, 4.170721368809809, 3.0241108353240183]",29.369033077990196,0.0,[],14.453922900416178,0.0,0.0,0.0,"[6.2367379490774875, 4.35313672971556, 3.8640482216231296]",[],"[0.0, 0.0, 0.0]",[],"[13.427533202762788, 8.597786486450152, 7.343713388777255]"
908,0,215,True,False,,0.0,4,4,,0,4,36.65937647923479,"[8.676005070442654, 14.041037303618214, 2.9536843163700928, 10.988649788803828]",18.29715682690157,"[4.383641977472635, 6.476004548411104, 2.1519368833843364, 5.285573417633493]",38.624567818567016,0.0,[],19.063581449241138,0.0,0.0,0.0,"[2.2752781702990275, 3.99507580483661, 9.4224690500498, 3.3707584240556994]",[],"[0.0, 0.0, 0.0, 0.0]",[],"[3.2699440264077624, 7.679681550863103, 21.596074487307177, 6.078867753988972]"
908,0,216,True,False,,0.0,3,3,,0,3,18.346700977184458,"[7.594731064874989, 3.690405430816111, 7.061564481493358]",10.15521338110194,"[3.961945115301246, 2.4392581180182833, 3.7540101477824095]",20.201898699843472,0.0,[],10.878740492938954,0.0,0.0,0.0,"[5.402234465987474, 2.2832819255184345, 3.193224101433046]",[],"[0.0, 0.0, 0.0]",[],"[11.287780682019164, 3.290466475688293, 5.623651542136015]"
908,0,217,True,False,,0.0,3,3,,0,3,21.51851288074791,"[9.288809970300042, 5.205623461394791, 7.024079449053075]",11.392220023491683,"[4.622635888417016, 3.0301931499439685, 3.7393909851306995]",19.309708553019,0.0,[],10.530786335677412,0.0,0.0,0.0,"[2.4119636748595426, 6.081938333856679, 2.0368843269611885]",[],"[0.0, 0.0, 0.0]",[],"[3.620419679127033, 13.030611112453023, 2.6586777614389443]"
908,0,218,True,True,1.0,5.99,6,6,True,2,8,56.683535615688946,"[2.5431382910967275, 8.454362649495751, 13.216025420835013, 15.757844886761973, 5.790164675800999, 10.92199969169848]",28.10657889011869,"[1.9918239335277237, 4.297201433303343, 6.154249914125655, 7.14555950583717, 3.2581642235623898, 5.259579879762407]",77.64193660760881,17.96744846792418,"[5.615706862813762, 12.351741605110417]",36.28035527696744,9.00730490249043,30.28035527696744,7.00730490249043,"[8.797725909302564, 4.092334644123922, 3.6264148056136403, 5.989695955332003, 4.371912429529445, 9.402271533065866]","[3.190125676497367, 5.817179225993063]","[7.797725909302564, 3.0923346441239223, 2.6264148056136403, 4.989695955332003, 3.3719124295294454, 8.402271533065866]","[2.190125676497367, 4.817179225993063]","[19.994168998211702, 7.929063190061339, 6.734396937470873, 12.794092193158981, 8.645929306485757, 21.54428598222017]"
908,0,219,True,False,,0.0,3,3,,0,3,22.49117705709173,"[5.666536873869621, 8.080554589405688, 8.74408559381642]",11.771559052265776,"[3.209949380809152, 4.1514162898682185, 4.410193381588404]",27.961554210197523,0.0,[],13.905006141977033,0.0,0.0,0.0,"[4.199490874750932, 4.490398459321192, 5.21511680790491]",[],"[0.0, 0.0, 0.0]",[],"[8.20382275577162, 8.949739639285108, 10.807991815140795]"
908,0,220,True,False,,0.0,2,2,,0,2,21.979489181567743,"[8.97190630477525, 13.007582876792492]",10.57200078081142,"[4.499043458862348, 6.0729573219490725]",27.79885329129845,0.0,[],12.841552783606396,0.0,0.0,0.0,"[3.0426293231799493, 9.798923460426446]",[],"[0.0, 0.0]",[],"[5.237511085076793, 22.561342206221656]"
908,0,221,True,False,,0.0,1,1,,0,1,20.851349042836254,[20.851349042836254],9.132026126706139,[9.132026126706139],11.72755494071621,0.0,[],5.573746426879322,0.0,0.0,0.0,[5.573746426879322],[],[0.0],[],[11.72755494071621]
908,0,222,True,False,,0.0,2,2,,0,2,19.90424156722719,"[5.506986424164807, 14.397255143062381]",9.762654211218603,"[3.1477247054242747, 6.614929505794329]",28.137963099131532,0.0,[],12.973805608661298,0.0,0.0,0.0,"[6.254056976770764, 6.719748631890534]",[],"[0.0, 0.0]",[],"[13.471940966078883, 14.66602213305265]"
908,0,223,True,False,,0.0,2,2,,0,2,27.475620746505978,"[9.3338676401757, 18.141753106330277]",12.715492091137332,"[4.640208379668524, 8.075283711468808]",11.707609977308353,0.0,[],6.565967891150258,0.0,0.0,0.0,"[2.456210749547793, 4.109757141602465]",[],"[0.0, 0.0]",[],"[3.7338737167892138, 7.973736260519139]"
908,0,224,True,False,,0.0,2,2,,0,2,24.489712869868956,"[17.634315789157853, 6.855397080711104]",11.550988019248894,"[7.877383157771563, 3.673604861477331]",18.685816463453467,0.0,[],9.287468420746851,0.0,0.0,0.0,"[2.4441753087053346, 6.8432931120415175]",[],"[0.0, 0.0]",[],"[3.7030136120649604, 14.982802851388506]"
908,0,225,True,False,,0.0,1,1,,0,1,7.117654455191747,[7.117654455191747],3.7758852375247813,[3.7758852375247813],7.748406631057083,0.0,[],4.021878586112262,0.0,0.0,0.0,[4.021878586112262],[],[0.0],[],[7.748406631057083]
908,0,226,True,False,,0.0,4,4,,0,4,33.28689628435216,"[14.786640996773308, 4.658247854135826, 7.673765171913172, 6.168242261529857]",16.981889550897343,"[6.76678998874159, 2.816716663112972, 3.992768417046137, 3.4056144819966443]",26.89170341692845,0.0,[],14.487764332602096,0.0,0.0,0.0,"[5.261158431597322, 3.3323514884154726, 3.919254412589301, 1.975]",[],"[0.0, 0.0, 0.0, 0.0]",[],"[10.926047260505953, 5.980388431834545, 7.485267724587951, 2.5]"
908,0,227,True,False,,0.0,2,2,,0,2,22.749539191521656,"[15.620126196917457, 7.129412994604199]",10.872320284693448,"[7.091849216797809, 3.780471067895638]",17.36417784722608,0.0,[],8.772029360418172,0.0,0.0,0.0,"[4.28161060037883, 4.490418760039342]",[],"[0.0, 0.0]",[],"[8.414386154817512, 8.949791692408567]"
908,0,228,True,False,,0.0,4,4,,0,4,37.14437817486717,"[9.833643692175983, 13.70846111591074, 9.227458163517806, 4.374815203262646]",18.4863074881982,"[4.835121039948634, 6.346299835205189, 4.598708683771944, 2.7061779292724317]",26.638326366570258,0.0,[],14.388947282962402,0.0,0.0,0.0,"[3.9819995561870996, 2.5518814095920326, 2.4525195349612297, 5.402546782222039]",[],"[0.0, 0.0, 0.0, 0.0]",[],"[7.64615270817205, 3.979183101518032, 3.7244090640031526, 11.288581492877023]"
908,0,229,True,False,,0.0,2,2,,0,2,25.721358070689185,"[13.444645421636592, 12.276712649052591]",12.031329647568782,"[6.243411714438271, 5.787917933130511]",12.227125855466014,0.0,[],6.768579083631746,0.0,0.0,0.0,"[1.975, 4.793579083631745]",[],"[0.0, 0.0]",[],"[2.5, 9.727125855466014]"
908,0,230,True,False,,0.0,2,2,,0,2,13.652397856078736,"[7.258501725080301, 6.393896130998435]",7.324435163870707,"[3.830815672781317, 3.49361949108939]",13.441114191477002,0.0,[],7.242034534676031,0.0,0.0,0.0,"[2.2485719472104693, 4.993462587465562]",[],"[0.0, 0.0]",[],"[3.201466531308895, 10.239647660168107]"
908,0,231,True,False,,0.0,3,3,,0,3,24.50828101262922,"[7.364656335024804, 7.7241909548234915, 9.419433722780925]",12.558229594925395,"[3.8722159706596737, 4.012434472381162, 4.67357915188456]",41.91792458985283,0.0,[],19.347990590042606,0.0,0.0,0.0,"[6.686476090536601, 4.1772944653413555, 8.48422003416465]",[],"[0.0, 0.0, 0.0]",[],"[14.580707924452822, 8.146908885490655, 19.190307779909357]"
908,0,232,True,False,,0.0,3,3,,0,3,21.179599797596744,"[11.807811691338294, 6.250580355861622, 3.121207750396829]",11.260043921062731,"[5.605046559621935, 3.4377263387860326, 2.2172710226547636]",20.959869314955796,0.0,[],11.174349032832762,0.0,0.0,0.0,"[3.4859188198406397, 5.237780584248558, 2.450649628743564]",[],"[0.0, 0.0, 0.0]",[],"[6.374150820104204, 10.866104062175788, 3.7196144326758063]"
908,0,233,True,False,,0.0,1,1,,0,1,5.199916037192907,[5.199916037192907],3.027967254505234,[3.027967254505234],20.926436143183462,0.0,[],9.16131009584155,0.0,0.0,0.0,[9.16131009584155],[],[0.0],[],[20.926436143183462]
908,0,234,True,False,,0.0,2,2,,0,2,33.04373134352576,"[26.062447663300567, 6.9812836802251885]",14.887055223975045,"[11.164354588687221, 3.722700635287824]",22.94378595742235,0.0,[],10.948076523394716,0.0,0.0,0.0,"[6.597762045005311, 4.350314478389405]",[],"[0.0, 0.0]",[],"[14.35323601283413, 8.590549944588219]"
908,0,235,True,False,,0.0,3,3,,0,3,35.21939569125279,"[11.289473347373857, 10.411202299476477, 13.518720044402455]",16.735564319588587,"[5.4028946054758045, 5.0603688967958265, 6.272300817316958]",22.989993726665585,0.0,[],11.96609755339958,0.0,0.0,0.0,"[7.464198214045737, 2.4887769741453982, 2.0131223652084436]",[],"[0.0, 0.0, 0.0]",[],"[16.57486721550189, 3.8173768567830724, 2.5977496543806247]"
908,0,236,True,False,,0.0,2,2,,0,2,49.163438506704864,"[20.93495899450052, 28.22847951220435]",21.173741017614898,"[9.164634007855202, 12.009107009759695]",12.944621063783357,0.0,[],7.048402214875509,0.0,0.0,0.0,"[4.699402985234716, 2.348999229640793]",[],"[0.0, 0.0]",[],"[9.485648680089016, 3.458972383694341]"
908,0,237,True,False,,0.0,2,2,,0,2,11.564399937112263,"[6.920808794684831, 4.643591142427432]",6.5101159754737825,"[3.699115429927084, 2.8110005455466984]",12.623116528863676,0.0,[],6.9230154462568345,0.0,0.0,0.0,"[2.118175826960786, 4.8048396192960485]",[],"[0.0, 0.0]",[],"[2.8671175050276565, 9.75599902383602]"
908,0,238,True,False,,0.0,4,4,,0,4,44.27809194189322,"[10.094896192026368, 17.357061316719285, 8.67445330693611, 8.151681126211455]",21.268455857338356,"[4.937009514890284, 7.769253913520521, 4.383036789705083, 4.179155639222468]",34.1499481739011,0.0,[],17.31847978782143,0.0,0.0,0.0,"[5.239762898533504, 1.975, 3.074486412961941, 7.029230476325985]",[],"[0.0, 0.0, 0.0, 0.0]",[],"[10.871186919316678, 2.5, 5.319195930671643, 15.459565323912782]"
908,0,239,True,True,1.0,5.99,5,5,True,0,5,30.34027276677627,"[4.0027222897266945, 5.0734859056269395, 3.7775278553694194, 11.422571773648208, 6.063964942405011]",16.832706379042747,"[2.5610616929934107, 2.9786595031945065, 2.4732358635940734, 5.454802991722802, 3.3649463275379543]",60.78273348592984,0.0,[],28.70526605951264,0.0,23.70526605951264,0.0,"[7.072821862644082, 3.4740697439551114, 4.797503896463326, 2.58305186884201, 10.777818687608109]",[],"[6.072821862644082, 2.4740697439551114, 3.7975038964633256, 1.5830518688420099, 9.777818687608109]",[],"[15.571338109343799, 6.3437685742438745, 9.737189478111091, 4.059107356005153, 25.07132996822592]"
908,0,240,True,True,1.0,5.99,5,5,True,2,7,41.15032300352617,"[6.343484891589927, 12.386672003538425, 5.722221060354226, 11.790231189742858, 4.907713858300728]",21.048625971375206,"[3.4739591077200718, 5.830802081379986, 3.231666213538148, 5.598190163999715, 2.9140084047372836]",34.7946986942097,10.952079515251782,"[6.783004425183622, 4.16907509006816]",18.569932490741785,6.271311010948195,13.569932490741783,4.271311010948195,"[3.4293061569263674, 2.6242108245696, 4.558781315462669, 1.975, 5.982634193783147]","[3.6453717258216125, 2.6259392851265826]","[2.4293061569263674, 1.6242108245696, 3.5587813154626686, 0.9750000000000001, 4.982634193783147]","[2.6453717258216125, 1.6259392851265826]","[6.228990145965044, 4.164643139922052, 9.125080296058124, 2.5, 12.775985112264479]"
908,0,241,True,False,,0.0,4,4,,0,4,33.10048449428408,"[12.309522610448854, 8.683220507123618, 8.359877520943114, 3.7478638557684927]",16.90918895277079,"[5.800713818075053, 4.386455997778212, 4.260352233167815, 2.461666903749712]",70.68476984022237,0.0,[],31.56706023768673,0.0,0.0,0.0,"[6.54959018510916, 6.889308609131234, 6.090106825912713, 12.038054617533621]",[],"[0.0, 0.0, 0.0, 0.0]",[],"[14.229718423356822, 15.100791305464703, 13.05155596387875, 28.302704147522107]"
908,0,242,True,False,,0.0,3,3,,0,3,18.147304353106556,"[4.015040242241309, 8.130124788823936, 6.002139322041312]",10.077448697711558,"[2.5658656944741107, 4.170748667641336, 3.340834335596112]",21.704381383142767,0.0,[],11.46470873942568,0.0,0.0,0.0,"[2.3977765712130195, 4.862411908122312, 4.204520260090348]",[],"[0.0, 0.0, 0.0]",[],"[3.584042490289794, 9.903620277236698, 8.216718615616278]"
908,0,243,True,False,,0.0,3,3,,0,3,47.8221182879099,"[12.003172794101738, 17.57678489855243, 18.242160595255736]",21.650626132284863,"[5.681237389699678, 7.854946110435447, 8.114442632149737]",41.705307439723676,0.0,[],19.265069901492232,0.0,0.0,0.0,"[8.292678044528854, 5.313276336586176, 5.659115520377204]",[],"[0.0, 0.0, 0.0]",[],"[18.699174473150908, 11.059682914323528, 11.946450052249242]"
908,0,244,True,False,,0.0,2,2,,0,2,11.939442215520508,"[3.635959294545201, 8.303482920975307]",6.6563824640529985,"[2.4180241248726286, 4.23835833918037]",6.38375998028148,0.0,[],4.489666392309777,0.0,0.0,0.0,"[2.184566771132939, 2.305099621176838]",[],"[0.0, 0.0]",[],"[3.0373506952126648, 3.346409285068816]"
908,0,245,True,True,1.0,5.99,6,6,True,2,8,61.41948678512666,"[9.329238961657342, 4.086194970412989, 10.46593012937749, 2.5, 25.891384528958994, 9.146738194719836]",29.953599846199392,"[4.638403195046363, 2.593616038461066, 5.081712750457221, 1.975, 11.097639966294008, 4.567227895940736]",50.46139237979794,10.61204510886651,"[7.554516310622348, 3.0575287982441623]",25.679943028121194,6.138697592457939,19.679943028121194,4.138697592457939,"[5.233368490373766, 5.431823554998649, 6.127066032662708, 2.2857582103323235, 3.5348175746757113, 3.0671091650780387]","[3.946261361142716, 2.1924362313152232]","[4.233368490373766, 4.431823554998649, 5.127066032662708, 1.2857582103323237, 2.5348175746757113, 2.0671091650780387]","[2.946261361142716, 1.1924362313152232]","[10.854791000958375, 11.363650141022177, 13.14632316067361, 3.296815923929035, 6.499532242758234, 5.300279910456509]"
908,0,246,True,True,1.0,5.99,6,6,True,1,7,77.69807852316805,"[17.621942642452375, 21.99008092785622, 8.615089990380188, 6.028755391558914, 17.425570608625836, 6.016638962294525]",36.302250624035544,"[7.872557630556426, 9.576131561863926, 4.359885096248274, 3.3512146027079766, 7.795972537364077, 3.3464891952948648]",58.87224901528262,6.33445636564885,[6.33445636564885],28.96017711596022,3.470437982603052,22.96017711596022,2.470437982603052,"[4.3844868071050325, 5.065315078314407, 5.257920127397163, 4.666110566012577, 7.00687494297819, 2.5794695941528527]",[3.470437982603052],"[3.384486807105032, 4.065315078314407, 4.257920127397163, 3.6661105660125775, 6.00687494297819, 1.5794695941528527]",[2.470437982603052],"[8.678171300269312, 10.423884816190787, 10.917743916402982, 9.400283502596352, 15.40224344353382, 4.049922036289366]"
908,0,247,True,False,,0.0,2,2,,0,2,23.956249225364523,"[11.035066154017839, 12.921183071346682]",11.342937197892164,"[5.303675800066958, 6.039261397825206]",11.170226664021062,0.0,[],6.356388398968214,0.0,0.0,0.0,"[2.886642742712847, 3.4697456562553675]",[],"[0.0, 0.0]",[],"[4.8375454941355045, 6.332681169885557]"
908,0,248,True,True,1.0,5.99,5,5,True,4,9,31.210326422138586,"[9.372061030123879, 8.461004811495185, 5.050504941847773, 5.556070102935407, 2.77068553573634]",17.172027304634046,"[4.655103801748313, 4.2997918764831216, 2.9696969273206317, 3.1668673401448086, 2.0805673589371727]",51.30655677640879,43.95440722853163,"[5.341024573062505, 20.670303352929675, 12.602054729476942, 5.341024573062505]",25.00955714279943,21.142218819127336,20.00955714279943,17.142218819127336,"[5.740870353942657, 8.818089151593325, 4.214794793331851, 3.0236589815754935, 3.2121438623561023]","[3.082999583494377, 9.061418307642574, 5.9148013444960075, 3.082999583494377]","[4.740870353942657, 7.818089151593325, 3.2147947933318513, 2.0236589815754935, 2.2121438623561023]","[2.082999583494377, 8.061418307642574, 4.9148013444960075, 2.082999583494377]","[12.156077830622197, 20.046382439982885, 8.243063572645772, 5.188869183526906, 5.672163749631031]"
908,0,249,True,False,,0.0,2,2,,0,2,20.75993682522143,"[8.7716463561837, 11.98829046903773]",10.096375361836358,"[4.420942078911644, 5.675433282924715]",30.962834451970394,0.0,[],14.075505436268454,0.0,0.0,0.0,"[7.345619451329541, 6.729885984938914]",[],"[0.0, 0.0]",[],"[16.27081910597318, 14.692015345997214]"
908,0,250,True,False,,0.0,1,1,,0,1,7.628781721497453,[7.628781721497453],3.9752248713840066,[3.9752248713840066],15.836839712446466,0.0,[],7.1763674878541215,0.0,0.0,0.0,[7.1763674878541215],[],[0.0],[],[15.836839712446466]
908,0,251,True,False,,0.0,1,1,,0,1,4.377758497149793,[4.377758497149793],2.7073258138884198,[2.7073258138884198],13.692354345036291,0.0,[],6.340018194564154,0.0,0.0,0.0,[6.340018194564154],[],[0.0],[],[13.692354345036291]
908,0,252,True,False,,0.0,1,1,,0,1,5.543113648823596,[5.543113648823596],3.1618143230412024,[3.1618143230412024],11.59224659511826,0.0,[],5.5209761720961215,0.0,0.0,0.0,[5.5209761720961215],[],[0.0],[],[11.59224659511826]
908,0,253,True,False,,0.0,1,1,,0,1,14.385531905429694,[14.385531905429694],6.610357443117581,[6.610357443117581],15.663691885155565,0.0,[],7.10883983521067,0.0,0.0,0.0,[7.10883983521067],[],[0.0],[],[15.663691885155565]
908,0,254,True,False,,0.0,1,1,,0,1,10.01463136545323,[10.01463136545323],4.90570623252676,[4.90570623252676],9.465780729574503,0.0,[],4.691654484534056,0.0,0.0,0.0,[4.691654484534056],[],[0.0],[],[9.465780729574503]
908,0,255,True,False,,0.0,1,1,,0,1,13.06938677301585,[13.06938677301585],6.097060841476182,[6.097060841476182],3.0113197290855966,0.0,[],2.1744146943433824,0.0,0.0,0.0,[2.1744146943433824],[],[0.0],[],[3.0113197290855966]
908,0,256,True,False,,0.0,4,4,,0,4,28.26823334039,"[5.814265229468844, 9.673562590334573, 5.541728984827872, 7.23867653575871]",15.024611002752101,"[3.267563439492849, 4.772689410230484, 3.16127430408287, 3.823083848945897]",36.98878347708243,0.0,[],18.425625556062148,0.0,0.0,0.0,"[2.940812822243599, 5.052032949815946, 4.565556956978284, 5.867222827024318]",[],"[0.0, 0.0, 0.0, 0.0]",[],"[4.976443133957947, 10.389828076451144, 9.142453735841755, 12.480058530831585]"
908,0,257,True,True,1.0,5.99,5,5,True,0,5,48.564437657863024,"[8.94680909058853, 10.019938512135703, 20.35426670180955, 3.304015299197914, 5.9394080541313246]",23.940130686566583,"[4.489255545329527, 4.907776019732925, 8.938164013705725, 2.2885659666871865, 3.316369141111217]",43.012536298228206,0.0,[],21.774889156309,0.0,16.774889156309,0.0,"[3.317306531721718, 7.086708714997588, 5.055080898102564, 4.084934494590099, 2.2308585168970305]",[],"[2.317306531721718, 6.086708714997588, 4.055080898102564, 3.0849344945900996, 1.2308585168970305]",[],"[5.941811619799277, 15.606945423070739, 10.397643328468112, 7.910088447666921, 3.156047479223155]"
908,0,258,True,False,,0.0,4,4,,0,4,32.85733355123688,"[3.641392404003942, 13.501849341944812, 8.995938774307081, 6.71815303098104]",16.814360084982383,"[2.4201430375615374, 6.265721243358477, 4.508416121979762, 3.6200796820826056]",59.084265133348644,0.0,[],27.04286340200597,0.0,0.0,0.0,"[4.053719585233983, 7.9898093905244405, 8.818931838996757, 6.180402587250791]",[],"[0.0, 0.0, 0.0, 0.0]",[],"[7.830050218548675, 17.922588180831898, 20.048543176914762, 13.28308355705331]"
908,0,259,True,False,,0.0,2,2,,0,2,29.416534586950263,"[16.947921495407467, 12.468613091542796]",13.472448488910603,"[7.609689383208912, 5.862759105701691]",20.938175787650714,0.0,[],10.165888557183779,0.0,0.0,0.0,"[5.001318872476682, 5.1645696847070965]",[],"[0.0, 0.0]",[],"[10.25979198070944, 10.678383806941273]"
908,0,260,True,False,,0.0,2,2,,0,2,22.85270597002176,"[15.82106012629204, 7.03164584372972]",10.912555328308487,"[7.170213449253896, 3.742341879054591]",26.52932995411197,0.0,[],12.346438682103667,0.0,0.0,0.0,"[7.1055677403204065, 5.240870941783261]",[],"[0.0, 0.0]",[],"[15.655301898257452, 10.874028055854517]"
908,0,261,True,False,,0.0,3,3,,0,3,24.59101198302248,"[12.030972314389903, 3.764368413533668, 8.79567125509891]",12.590494673378767,"[5.692079202612062, 2.4681036812781305, 4.4303117894885755]",39.88838837587745,0.0,[],18.556471466592207,0.0,0.0,0.0,"[8.97220718020364, 4.384254367902235, 5.200009918486331]",[],"[0.0, 0.0, 0.0]",[],"[20.441556872317022, 8.677575302313423, 10.769256201247003]"
908,0,262,True,False,,0.0,1,1,,0,1,14.55260647964782,[14.55260647964782],6.6755165270626495,[6.6755165270626495],3.1749934366736827,0.0,[],2.2382474403027364,0.0,0.0,0.0,[2.2382474403027364],[],[0.0],[],[3.1749934366736827]
908,0,263,True,True,1.0,5.99,5,5,True,2,7,55.6871502472857,"[11.797890159931015, 8.111968371566197, 10.28415945025381, 16.66352135402697, 8.829610911507704]",26.717988596441423,"[5.601177162373096, 4.163667664910817, 5.010822185598986, 7.498773328070518, 4.443548255488004]",67.79175450726567,30.05705385805622,"[6.729476716013655, 23.327577142042568]",31.43878425783361,13.722251004641926,26.43878425783361,11.722251004641926,"[3.5226055532051843, 11.461683476576173, 5.053692860313198, 9.0493701688908, 2.351432198848256]","[3.624495919245325, 10.097755085396601]","[2.5226055532051843, 10.461683476576173, 4.053692860313198, 8.0493701688908, 1.3514321988482558]","[2.624495919245325, 9.097755085396601]","[6.46821936719278, 26.82482942711839, 10.39408425721333, 20.63941068946359, 3.465210766277579]"
908,0,264,True,False,,0.0,3,3,,0,3,25.232381321140778,"[2.5, 7.032013796560662, 15.700367524580116]",12.840628715244904,"[1.975, 3.742485380658658, 7.123143334586246]",19.35022958744959,0.0,[],10.54658953910534,0.0,0.0,0.0,"[2.8502193206059245, 4.599018598359763, 3.0973516201396536]",[],"[0.0, 0.0, 0.0]",[],"[4.744152104117755, 9.228252816307082, 5.377824667024752]"
908,0,265,True,False,,0.0,1,1,,0,1,7.6682099264980765,[7.6682099264980765],3.99060187133425,[3.99060187133425],6.8372885614286645,0.0,[],3.666542538957179,0.0,0.0,0.0,[3.666542538957179],[],[0.0],[],[6.8372885614286645]
908,0,266,True,True,1.0,5.99,7,7,True,2,9,40.72618654209084,"[14.713087986415431, 2.8618774563890788, 3.722005588164381, 5.270935890632254, 5.6082994588568145, 5.205462149914375, 3.3445180117185163]",22.88321275141543,"[6.738104314702018, 2.1161322079917406, 2.4515821793841086, 3.0556649973465793, 3.1872367889541575, 3.0301302384666062, 2.3043620245702217]",80.90707301093536,16.994537601301584,"[10.44127471422721, 6.553262887074374]",38.55375847426479,8.627869664507617,31.553758474264782,6.627869664507617,"[4.1908096039174785, 7.191944978821004, 6.595334479410952, 4.757570436128926, 3.919065708291429, 8.856219349102464, 3.042813918592534]","[5.072097138548612, 3.555772525959006]","[3.1908096039174785, 6.191944978821004, 5.595334479410952, 3.7575704361289266, 2.919065708291429, 7.856219349102463, 2.042813918592534]","[4.072097138548612, 2.555772525959006]","[8.181563086967893, 15.876781996976934, 14.347011485669107, 9.63479599007417, 7.48478386741392, 20.144152177185802, 5.237984406647522]"
908,0,267,True,False,,0.0,3,3,,0,3,13.680361518127881,"[5.8295737567504755, 3.617308746725465, 4.233479014651941]",8.335340992069874,"[3.2735337651326857, 2.4107504112229314, 2.651056815714257]",26.52899532852654,0.0,[],13.346308178125351,0.0,0.0,0.0,"[3.151627492341987, 4.683648659489834, 5.511032026293531]",[],"[0.0, 0.0, 0.0]",[],"[5.516993570107659, 9.445252973050856, 11.566748785368029]"
908,0,268,True,True,1.0,5.99,5,5,True,1,6,61.21938799971497,"[28.049578149201142, 5.703927366636516, 7.09186166378447, 10.780000548554552, 9.594020271538287]",28.87556131988884,"[11.939335478188445, 3.2245316729882414, 3.7658260488759434, 5.204200213936276, 4.7416679058999325]",46.636759919770604,3.611976312808421,[3.611976312808421],23.188336368710537,2.408670761995284,18.188336368710537,1.408670761995284,"[2.527828213360478, 10.41561617205048, 3.9479372252644587, 1.975, 4.321954758035118]",[2.408670761995284],"[1.5278282133604781, 9.41561617205048, 2.9479372252644587, 0.9750000000000001, 3.321954758035118]",[1.408670761995284],"[3.917508239385841, 24.142605569360207, 7.558813398113997, 2.5, 8.51783271291056]"
908,0,269,True,False,,0.0,4,4,,0,4,43.97789480858154,"[5.491038636198605, 21.270833112577215, 13.815630306407792, 3.400392753397927]",21.1513789753468,"[3.141505068117456, 9.295624913905113, 6.388095819499039, 2.3261531738251913]",49.669980609464226,0.0,[],23.37129243769105,0.0,0.0,0.0,"[6.471718793628648, 4.076950288373663, 5.415402139385875, 7.407221216302864]",[],"[0.0, 0.0, 0.0, 0.0]",[],"[14.030048188791405, 7.889616124035031, 11.321543947143269, 16.428772349494523]"
908,0,270,True,True,1.0,5.99,5,5,True,2,7,57.93352779044979,"[12.77387876603764, 7.070622260220586, 2.731442481880538, 21.370926795069767, 13.986657487241263]",27.59407583827542,"[5.9818127187546795, 3.7575426814860284, 2.06526256793341, 9.33466145007721, 6.454796420024093]",58.030705203383356,24.93289253776344,"[17.676668496634065, 7.256224041129375]",27.63197502931951,11.723828089727743,22.63197502931951,9.723828089727743,"[12.690072887640051, 4.3727813614738364, 5.222210246932168, 3.0270061228488694, 2.319904410424585]","[7.893900713687286, 3.829927376040456]","[11.690072887640051, 3.3727813614738364, 4.222210246932168, 2.0270061228488694, 1.319904410424585]","[6.893900713687286, 2.829927376040456]","[29.97454586574372, 8.648157337112401, 10.82618012033889, 5.197451597048383, 3.3843702831399614]"
908,0,271,True,False,,0.0,2,2,,0,2,21.21296705057985,"[5.236903713034893, 15.976063337544957]",10.273057149726142,"[3.0423924480836084, 7.230664701642533]",30.211091207156674,0.0,[],13.782325570791103,0.0,0.0,0.0,"[5.926480716822561, 7.855844853968542]",[],"[0.0, 0.0]",[],"[12.632001838006566, 17.579089369150108]"
908,0,272,True,False,,0.0,1,1,,0,1,12.310125799219254,[12.310125799219254],5.800949061695509,[5.800949061695509],14.641160116438781,0.0,[],6.710052445411125,0.0,0.0,0.0,[6.710052445411125],[],[0.0],[],[14.641160116438781]
908,0,273,True,False,,0.0,1,1,,0,1,13.792415810037738,[13.792415810037738],6.3790421659147185,[6.3790421659147185],11.689715349681737,0.0,[],5.558988986375878,0.0,0.0,0.0,[5.558988986375878],[],[0.0],[],[11.689715349681737]
908,0,274,True,False,,0.0,1,1,,0,1,5.922671377677632,[5.922671377677632],3.3098418372942766,[3.3098418372942766],14.442507062855647,0.0,[],6.632577754513703,0.0,0.0,0.0,[6.632577754513703],[],[0.0],[],[14.442507062855647]
908,0,275,True,False,,0.0,4,4,,0,4,26.710258238721103,"[2.835155109779853, 8.555833722081687, 9.848689162383069, 5.470580244476495]",14.417000713101231,"[2.1057104928141426, 4.3367751516118584, 4.840988773329397, 3.133526295345833]",19.121469516274917,0.0,[],11.457373111347218,0.0,0.0,0.0,"[3.083308019138168, 2.6896700162170863, 2.3189603027067918, 3.365434773285172]",[],"[0.0, 0.0, 0.0, 0.0]",[],"[5.341815433687611, 4.332487221069452, 3.381949494119978, 6.065217367397876]"
908,0,276,True,False,,0.0,2,2,,0,2,35.50384005141108,"[4.967046547776663, 30.53679350363442]",15.846497620050323,"[2.937148153632899, 12.909349466417424]",28.912368980264517,0.0,[],13.275823902303161,0.0,0.0,0.0,"[8.609040949990533, 4.666782952312628]",[],"[0.0, 0.0]",[],"[19.510361410232136, 9.40200757003238]"
908,0,277,True,True,1.0,5.99,6,6,True,2,8,36.021649958129544,"[7.1930699229490065, 3.937240381958686, 2.5, 16.110202008633916, 3.781137644587937, 2.5]",20.048443483670525,"[3.8052972699501124, 2.5355237489638878, 1.975, 7.282978783367227, 2.4746436813892956, 1.975]",35.424069962641575,15.060611122079905,"[9.548897021754907, 5.511714100324997]",19.815387285430216,7.873638337611164,13.815387285430214,5.873638337611163,"[4.176666050796807, 5.2530513524893045, 3.650968197964093, 1.975, 2.3025147992484403, 2.45718688493157]","[4.724069838484414, 3.1495684991267487]","[3.1766660507968068, 4.2530513524893045, 2.650968197964093, 0.9750000000000001, 1.3025147992484403, 1.4571868849315697]","[3.724069838484414, 2.1495684991267487]","[8.145297566145658, 10.905259878177704, 6.797354353754084, 2.5, 3.339781536534462, 3.736376628029666]"
908,0,278,True,False,,0.0,4,4,,0,4,23.94640225629538,"[2.9395915682258194, 4.952407368607716, 7.765412448588506, 8.28899087087334]",13.3390968799552,"[2.1464407116080695, 2.931438873757009, 4.028510854949518, 4.2327064396406024]",45.36066761700827,0.0,[],21.690660370633225,0.0,0.0,0.0,"[2.1039057354342514, 5.302991156021049, 7.153598221872565, 7.13016525730536]",[],"[0.0, 0.0, 0.0, 0.0]",[],"[2.8305275267544903, 11.033310656464227, 15.778456979160422, 15.718372454629128]"
908,0,279,True,False,,0.0,1,1,,0,1,21.903713741481337,[21.903713741481337],9.54244835917772,[9.54244835917772],10.428093624278455,0.0,[],5.066956513468598,0.0,0.0,0.0,[5.066956513468598],[],[0.0],[],[10.428093624278455]
908,0,280,True,False,,0.0,3,3,,0,3,30.120715436433777,"[12.164773323581713, 9.619499098735522, 8.336443014116538]",14.747079020209174,"[5.744261596196869, 4.751604648506854, 4.25121277550545]",34.57954445005113,0.0,[],16.48602233551994,0.0,0.0,0.0,"[4.771516466966043, 7.756813312464499, 3.9576925560894]",[],"[0.0, 0.0, 0.0]",[],"[9.670555043502672, 17.32516233965256, 7.583827066895897]"
908,0,281,True,False,,0.0,3,3,,0,3,26.402309866448586,"[2.5, 19.587443744473592, 4.314866121974994]",13.29690084791495,"[1.975, 8.639103060344702, 2.682797787570248]",19.958578799899158,0.0,[],10.783845731960671,0.0,0.0,0.0,"[3.596803454258877, 1.975, 5.212042277701793]",[],"[0.0, 0.0, 0.0]",[],"[6.658470395535582, 2.5, 10.800108404363574]"
908,0,282,True,True,1.0,5.99,11,5,,1,12,29.481040891129247,"[4.277836855244011, 5.510705355093491, 3.0605244220148156, 8.427196282090762, 8.204777976686165]",16.497605947540407,"[2.6683563735451648, 3.1491750884864618, 2.193604524585778, 4.286606550015398, 4.1998634109076045]",49.5826998727849,10.288041906238801,[10.288041906238801],24.337252950386116,5.012336343433133,19.337252950386116,4.012336343433133,"[2.570667265302193, 5.5788229300626675, 10.097324388696798, 3.2805103222080665, 2.809928044116388]",[5.012336343433133],"[1.5706672653021931, 4.5788229300626675, 9.097324388696798, 2.2805103222080665, 1.8099280441163883]",[4.012336343433133],"[4.027351962313316, 11.740571615545301, 23.32647279153025, 5.847462364636068, 4.64084113875997]"
908,0,283,True,False,,0.0,2,2,,0,2,8.271793918452566,"[3.7689136980533426, 4.502880220399224]",5.225999628196502,"[2.469876342240804, 2.756123285955698]",15.722415795797978,0.0,[],8.131742160361213,0.0,0.0,0.0,"[4.284776181077746, 3.8469659792834667]",[],"[0.0, 0.0]",[],"[8.422503028404474, 7.299912767393504]"
908,0,284,True,False,,0.0,1,1,,0,1,8.546976320546582,[8.546976320546582],4.333320765013167,[4.333320765013167],2.5,0.0,[],1.975,0.0,0.0,0.0,[1.975],[],[0.0],[],[2.5]
908,0,285,True,True,1.0,5.99,5,5,True,0,5,52.7314788510324,"[8.630381408641426, 7.763333869445521, 4.435967022659916, 18.738691853817, 13.163104696468537]",25.565276751902637,"[4.365848749370157, 4.027700209083753, 2.730027138837367, 8.30808982298863, 6.13361083162273]",34.539381399038426,0.0,[],18.47035874562499,0.0,13.470358745624988,0.0,"[5.37629786601151, 2.736571171956975, 2.569651919754957, 5.076875497155781, 2.7109622907457656]",[],"[4.37629786601151, 1.736571171956975, 1.5696519197549572, 4.076875497155781, 1.7109622907457653]",[],"[11.22127657951669, 4.452746594761474, 4.024748512192198, 10.453526915784053, 4.387082796784013]"
908,0,286,True,False,,0.0,3,3,,0,3,27.428632926324024,"[5.061245275413774, 11.164804994996395, 11.202582655913854]",13.69716684126637,"[2.9738856574113717, 5.354273948048594, 5.369007235806404]",32.12223992518483,0.0,[],15.527673570822083,0.0,0.0,0.0,"[8.597113073861657, 3.680600869409144, 3.249959627551283]",[],"[0.0, 0.0, 0.0]",[],"[19.479777112465783, 6.873335562587548, 5.769127250131494]"
908,0,287,True,False,,0.0,1,1,,0,1,7.88451449798962,[7.88451449798962],4.0749606542159515,[4.0749606542159515],8.022726967596522,0.0,[],4.128863517362644,0.0,0.0,0.0,[4.128863517362644],[],[0.0],[],[8.022726967596522]
908,0,288,True,False,,0.0,2,2,,0,2,10.786811844541928,"[3.8183199190127826, 6.968491925529145]",6.206856619371353,"[2.4891447684149854, 3.7177118509563667]",15.632082089891822,0.0,[],8.096512015057812,0.0,0.0,0.0,"[3.8947149243988477, 4.201797090658963]",[],"[0.0, 0.0]",[],"[7.422345959997045, 8.209736129894777]"
908,0,289,True,False,,0.0,3,3,,0,3,20.257312792910707,"[6.705646803081375, 10.947964161750624, 2.6037018280787088]",10.900351989235176,"[3.6152022532017365, 5.269706023082744, 2.015443712950696]",37.91161417757422,0.0,[],17.78552952925395,0.0,0.0,0.0,"[4.510424431641791, 4.116066319809299, 9.159038777802857]",[],"[0.0, 0.0, 0.0]",[],"[9.001088286261002, 7.989913640536665, 20.920612250776557]"
908,0,290,True,False,,0.0,2,2,,0,2,30.403787449549995,"[5.829376449034834, 24.574411000515163]",13.8574771053245,"[3.2734568151235854, 10.584020290200915]",20.14802879053652,0.0,[],9.857731228309243,0.0,0.0,0.0,"[5.929661268834656, 3.928069959474587]",[],"[0.0, 0.0]",[],"[12.64015709957604, 7.50787169096048]"
908,0,291,True,True,1.0,5.99,6,6,True,3,9,48.68350318982387,"[6.2866448396169226, 10.179870879906256, 9.452559136038811, 7.978456176865149, 2.5, 12.285972157396726]",24.98656624403131,"[3.4517914874506, 4.97014964316344, 4.6864980630551365, 4.111597908977409, 1.975, 5.791529141384723]",54.901750487319674,24.16021503876707,"[5.226506644767074, 12.69319665379067, 6.240511740209327]",27.411682690054676,12.422483865119158,21.411682690054672,9.422483865119158,"[4.309591899687937, 5.9226650444471325, 4.936435626838978, 4.813329735448947, 2.471979628185588, 4.957680755446093]","[3.038337591459159, 5.950346694978362, 3.4337995786816378]","[3.3095918996879368, 4.9226650444471325, 3.936435626838978, 3.8133297354489466, 1.471979628185588, 3.9576807554460927]","[2.038337591459159, 4.950346694978362, 2.4337995786816378]","[8.486133076122915, 12.622218062684954, 10.093424684202507, 9.777768552433196, 3.7743067389374048, 10.1478993729387]"
908,0,292,True,True,1.0,5.99,6,6,True,1,7,101.76752816575541,"[25.24423525757748, 13.067039811437906, 28.71452939350023, 9.192434124635607, 19.373173104618655, 6.176116473985515]",45.6893359846446,"[10.845251750455217, 6.096145526460783, 12.19866646346509, 4.585049308607887, 8.555537510801276, 3.408685424854351]",45.0648866258036,14.932436247428383,[14.932436247428383],23.57530578406341,6.823650136497069,17.57530578406341,5.823650136497069,"[7.501701986304946, 2.9773031435356225, 4.795155889158284, 2.4477159398197936, 3.8069497489700788, 2.046479076274681]",[6.823650136497069],"[6.501701986304946, 1.9773031435356228, 3.7951558891582846, 1.4477159398197936, 2.8069497489700788, 1.046479076274681]",[5.823650136497069],"[16.671030734115245, 5.07000806034775, 9.731168946559704, 3.712092153384086, 7.197307048641227, 2.683279682755592]"
908,0,293,True,False,,0.0,1,1,,0,1,4.99312950767369,[4.99312950767369],2.9473205079927394,[2.9473205079927394],6.701827023835531,0.0,[],3.613712539295857,0.0,0.0,0.0,[3.613712539295857],[],[0.0],[],[6.701827023835531]
908,0,294,True,True,1.0,5.99,7,7,True,1,8,90.6513807678742,"[10.361017124413998, 11.237614969786565, 8.487260340573561, 18.457505739249715, 16.147095397458184, 15.366952653451257, 10.593934542940932]",42.354038499470946,"[5.040796678521459, 5.38266983821676, 4.31003153282369, 8.198427238307389, 7.297367205008692, 6.9931115348459905, 5.131634471746963]",48.45697935714023,4.11179046907709,[4.11179046907709],25.898221949284686,2.603598282940065,18.89822194928469,1.6035982829400652,"[3.631541697640241, 1.975, 4.924532504415103, 4.342475812748818, 3.3011498278372913, 2.8831714473475407, 4.840350659295694]",[2.603598282940065],"[2.631541697640241, 0.9750000000000001, 3.924532504415103, 3.342475812748818, 2.3011498278372913, 1.8831714473475407, 3.8403506592956944]",[1.6035982829400652],"[6.7475428144621565, 2.5, 10.062903857474623, 8.570450801920046, 5.900384173941773, 4.828644736788566, 9.847052972553062]"
908,0,295,True,False,,0.0,3,3,,0,3,40.91812867261846,"[18.964500961844813, 13.727655531278225, 8.22597217949542]",18.958070182321197,"[8.396155375119477, 6.353785657198508, 4.208129150003214]",30.918244968487286,0.0,[],15.058115537710044,0.0,0.0,0.0,"[7.267205725860252, 5.153009759721409, 2.6379000521283826]",[],"[0.0, 0.0, 0.0]",[],"[16.06975827143654, 10.648742973644639, 4.19974372340611]"
908,0,296,True,False,,0.0,3,3,,0,3,19.978936423343875,"[2.5, 6.915747887626658, 10.563188535717218]",10.791785205104112,"[1.975, 3.6971416761743967, 5.119643528929715]",11.687501387892194,0.0,[],7.558125541277956,0.0,0.0,0.0,"[2.168435384404427, 2.8627794122163497, 2.526910744657179]",[],"[0.0, 0.0, 0.0]",[],"[2.995988165139557, 4.776357467221409, 3.915155755531228]"
908,0,297,True,False,,0.0,3,3,,0,3,23.70374263834622,"[4.842230164340712, 8.208125279290588, 10.65338719471492]",12.244459628955028,"[2.8884697640928776, 4.20116885892333, 5.154821005938819]",41.3360805796164,0.0,[],19.121071426050396,0.0,0.0,0.0,"[8.821349256541644, 7.418857514298147, 2.880864655210604]",[],"[0.0, 0.0, 0.0]",[],"[20.054741683440113, 16.45860901102089, 4.822729885155394]"
908,0,298,True,False,,0.0,3,3,,0,3,46.440285233530126,"[9.407783194334572, 23.442681366163676, 13.58982067303188]",21.11171124107675,"[4.669035445790483, 10.142645732803834, 6.300030062482434]",26.258150565174212,0.0,[],13.240678720417943,0.0,0.0,0.0,"[4.044931806828371, 5.093372129011238, 4.102374784578333]",[],"[0.0, 0.0, 0.0]",[],"[7.807517453406081, 10.495825971823686, 7.954807139944444]"
908,0,299,True,False,,0.0,3,3,,0,3,16.290360341156855,"[2.5, 6.079657928894328, 7.710702412262527]",9.353240533051174,"[1.975, 3.371066592268788, 4.007173940782385]",27.935478249166835,0.0,[],13.894836517175065,0.0,0.0,0.0,"[4.260453222029599, 3.9391080261776508, 5.695275268967815]",[],"[0.0, 0.0, 0.0]",[],"[8.360136466742562, 7.53617442609654, 12.03916735632773]"
908,0,300,True,False,,0.0,2,2,,0,2,17.090016784056573,"[3.2172500245657347, 13.872766759490837]",8.665106545782063,"[2.2547275095806363, 6.410379036201427]",11.565216703767419,0.0,[],6.510434514469294,0.0,0.0,0.0,"[1.975, 4.535434514469293]",[],"[0.0, 0.0]",[],"[2.5, 9.065216703767419]"
908,0,301,True,False,,0.0,4,4,,0,4,37.81474876957924,"[15.509723486827333, 12.45460395592541, 4.4791079782863, 5.371313348540202]",18.747752020135906,"[7.048792159862661, 5.857295542810911, 2.7468521115316573, 3.094812205930679]",27.24869187361621,0.0,[],14.626989830710322,0.0,0.0,0.0,"[3.5530326344754717, 3.189117508161535, 4.505309316885679, 3.379530371187636]",[],"[0.0, 0.0, 0.0, 0.0]",[],"[6.546237524296081, 5.613121815798808, 8.987972607399177, 6.101359926122144]"
908,0,302,True,False,,0.0,2,2,,0,2,11.262473054793741,"[6.433783095511256, 4.828689959282485]",6.392364491369559,"[3.5091754072493897, 2.8831890841201693]",22.623045879205808,0.0,[],10.822987892890266,0.0,0.0,0.0,"[7.758758121380728, 3.0642297715095377]",[],"[0.0, 0.0]",[],"[17.330149029181353, 5.292896850024455]"
908,0,303,True,False,,0.0,2,2,,0,2,16.109630554972533,"[2.5, 13.609630554972535]",8.282755916439289,"[1.975, 6.307755916439289]",9.92882195088545,0.0,[],5.872240560845325,0.0,0.0,0.0,"[3.821854378098503, 2.050386182746823]",[],"[0.0, 0.0]",[],"[7.235524046406417, 2.6932979044790333]"
908,0,304,True,False,,0.0,3,3,,0,3,14.578835110732948,"[2.922597005673025, 3.170555856703201, 8.485682248356722]",8.68574569318585,"[2.1398128322124794, 2.236516784114248, 4.309416076859122]",31.24405701111722,0.0,[],15.185182234335716,0.0,0.0,0.0,"[5.294016787909503, 4.232125515411284, 5.659039931014929]",[],"[0.0, 0.0, 0.0]",[],"[11.010299456178213, 8.287501321567396, 11.946256233371612]"
908,0,305,True,False,,0.0,3,3,,0,3,31.38488885413485,"[10.683906494554325, 14.47001725396466, 6.230965105615866]",15.24010665311259,"[5.166723532876187, 6.643306729046217, 3.430076391190188]",27.440318278510084,0.0,[],13.701724128618931,0.0,0.0,0.0,"[2.3835234705875696, 8.03596282105493, 3.2822378369764325]",[],"[0.0, 0.0, 0.0]",[],"[3.5474960784296656, 18.040930310397258, 5.85189188968316]"
908,0,306,True,False,,0.0,1,1,,0,1,3.6207893672811373,[3.6207893672811373],2.4121078532396436,[2.4121078532396436],7.764608281718735,0.0,[],4.028197229870306,0.0,0.0,0.0,[4.028197229870306],[],[0.0],[],[7.764608281718735]
908,0,307,True,True,1.0,5.99,5,5,True,3,8,49.150260467221706,"[15.35007095131985, 6.925688808748184, 5.470219600334643, 11.34501319463976, 10.059267912179266]",24.168601582216464,"[6.986527671014742, 3.701018635411792, 3.133385644130511, 5.4245551459095065, 4.923114485749913]",51.58706556532866,28.065449953372394,"[4.135556969431575, 16.91581951462824, 7.014073469312577]",25.118955570478178,13.945525481815231,20.118955570478178,10.945525481815235,"[4.913993525878661, 7.072415048490191, 1.975, 6.507913454374703, 4.649633541734621]","[2.612867218078314, 7.597169610705014, 3.735488653031905]","[3.9139935258786616, 6.072415048490191, 0.9750000000000001, 5.507913454374703, 3.6496335417346217]","[1.6128672180783143, 6.597169610705014, 2.735488653031905]","[10.035880835586312, 15.570294996128695, 2.5, 14.122855011217187, 9.358034722396466]"
908,0,308,True,False,,0.0,2,2,,0,2,15.119205863560289,"[11.42089453084525, 3.69831133271504]",7.896490286788513,"[5.454148867029647, 2.4423414197588658]",18.328004992136087,0.0,[],9.147921946933074,0.0,0.0,0.0,"[6.002210522419095, 3.1457114245139786]",[],"[0.0, 0.0]",[],"[12.826180826715628, 5.501824165420458]"
908,0,309,True,False,,0.0,3,3,,0,3,34.453731147381916,"[16.236467666181127, 10.30231900715223, 7.914944474048557]",16.436955147478947,"[7.33222238981064, 5.0179044127893695, 4.0868283448789375]",34.587613053653264,0.0,[],16.489169090924776,0.0,0.0,0.0,"[8.26262667532762, 5.204279756503776, 3.022262659093378]",[],"[0.0, 0.0, 0.0]",[],"[18.62211968032723, 10.780204503855835, 5.185288869470201]"
908,0,310,True,True,1.0,5.99,5,5,True,2,7,71.34876119551598,"[8.52683697978046, 19.953391822196995, 22.852652944593302, 4.957286133370303, 15.058593315574925]",32.82601686625124,"[4.3254664221143795, 8.781822810656827, 9.912534648391388, 2.9333415920144184, 6.872851393074221]",43.719701001164026,14.912620868916655,"[3.8682158561617013, 11.044405012754954]",22.050683390453973,7.815922138877496,17.050683390453973,5.815922138877496,"[2.8714972746467025, 4.82073801043525, 4.862221048364843, 7.171408750721179, 2.3248183062859966]","[2.5086041839030635, 5.307317954974432]","[1.8714972746467027, 3.8207380104352504, 3.862221048364843, 6.171408750721179, 1.3248183062859966]","[1.5086041839030635, 4.307317954974432]","[4.798710960632571, 9.796764129321154, 9.903130893243187, 15.824125001849177, 3.39697001611794]"
908,0,311,True,False,,0.0,1,1,,0,1,5.725881285367321,[5.725881285367321],3.2330937012932552,[3.2330937012932552],2.5,0.0,[],1.975,0.0,0.0,0.0,[1.975],[],[0.0],[],[2.5]
908,0,312,True,False,,0.0,4,4,,0,4,54.80010952166519,"[15.982175199985784, 9.969404946694537, 10.700267292170578, 18.14826208281429]",25.372042713449424,"[7.233048327994456, 4.8880679292108695, 5.173104243946526, 8.077822212297573]",45.44541896982358,0.0,[],21.723713398231197,0.0,0.0,0.0,"[2.8386984311158865, 3.206507999027245, 6.3944147381764465, 9.284092229911618]",[],"[0.0, 0.0, 0.0, 0.0]",[],"[4.7146113618356065, 5.657712818018577, 13.831832661990887, 21.24126212797851]"
908,0,313,True,False,,0.0,3,3,,0,3,24.27216384160341,"[13.452979070553813, 6.184513972262782, 4.634670798786814]",12.46614389822533,"[6.246661837515987, 3.411960449182485, 2.807521611526858]",54.2639689111796,0.0,[],24.162947875360047,0.0,0.0,0.0,"[12.604498883321654, 6.651746910939077, 4.906702081099313]",[],"[0.0, 0.0, 0.0]",[],"[29.75512534185039, 14.491658745997634, 10.017184823331572]"
908,0,314,True,False,,0.0,1,1,,0,1,8.257311324341119,[8.257311324341119],4.2203514164930365,[4.2203514164930365],2.5,0.0,[],1.975,0.0,0.0,0.0,[1.975],[],[0.0],[],[2.5]
908,0,315,True,False,,0.0,2,2,,0,2,28.46212567262797,"[13.862736330037734, 14.599389342590237]",13.10022901232491,"[6.406467168714716, 6.693761843610193]",28.40830243544059,0.0,[],13.079237949821831,0.0,0.0,0.0,"[3.534406648088471, 9.54483130173336]",[],"[0.0, 0.0]",[],"[6.498478584842234, 21.909823850598357]"
908,0,316,True,True,1.0,5.99,5,5,True,1,6,44.80067969061829,"[14.958673129693103, 10.635822388155063, 10.366582696290923, 3.890173192172398, 4.949428284306798]",22.47226507934113,"[6.83388252058031, 5.147970731380474, 5.04296725155346, 2.5171675449472355, 2.930277030879651]",42.44072743167206,18.523272927370552,[18.523272927370552],21.551883698352103,8.224076441674516,16.551883698352103,7.224076441674516,"[2.747258846935919, 2.8172935734894198, 2.974716537227804, 7.6648454945650775, 5.3477692461338835]",[8.224076441674516],"[1.7472588469359194, 1.8172935734894198, 1.974716537227804, 6.6648454945650775, 4.3477692461338835]",[7.224076441674516],"[4.4801508895792805, 4.659727111511333, 5.063375736481548, 17.089347421961737, 11.148126272138162]"
908,0,317,True,False,,0.0,3,3,,0,3,37.68224164885903,"[7.379883014741975, 19.14166046500307, 11.16069816911399]",17.696074243055023,"[3.8781543757493706, 8.465247581351198, 5.352672285954457]",31.77419047820806,0.0,[],15.391934286501144,0.0,0.0,0.0,"[3.6097971637749984, 5.747028954482817, 6.035108168243329]",[],"[0.0, 0.0, 0.0]",[],"[6.691787599423073, 12.171869114058504, 12.910533764726484]"
908,0,318,True,False,,0.0,3,3,,0,3,20.338939783871087,"[8.635299967275731, 3.2725979661763063, 8.43104185041905]",10.932186515709724,"[4.367766987237536, 2.2763132068087595, 4.288106321663429]",11.235133102303145,0.0,[],7.381701909898227,0.0,0.0,0.0,"[2.962566033806484, 1.975, 2.4441358760917424]",[],"[0.0, 0.0, 0.0]",[],"[5.032220599503805, 2.5, 3.702912502799339]"
908,0,319,True,False,,0.0,2,2,,0,2,16.88990190277831,"[6.74016241310407, 10.14973948967424]",8.587061742083542,"[3.6286633411105873, 4.958398400972953]",14.904893492142643,0.0,[],7.812908461935631,0.0,0.0,0.0,"[5.837908461935631, 1.975]",[],"[0.0, 0.0]",[],"[12.404893492142643, 2.5]"
908,0,320,True,False,,0.0,3,3,,0,3,34.01207696769007,"[11.841185196926311, 11.18912688374667, 10.981764887017091]",16.26471001739913,"[5.618062226801261, 5.363759484661202, 5.282888305936666]",29.180981827756703,0.0,[],14.380582912825114,0.0,0.0,0.0,"[9.217257177761624, 3.18832573506349, 1.975]",[],"[0.0, 0.0, 0.0]",[],"[21.06989019938878, 5.611091628367923, 2.5]"
908,0,321,True,True,1.0,5.99,7,7,True,2,9,92.03940927000447,"[15.164128354330723, 6.694016417896738, 15.577510924905766, 11.846797054005098, 12.939023016552994, 6.4964074909234855, 23.321526011389665]",42.895369615301746,"[6.914010058188982, 3.610666402979728, 7.075229260713249, 5.620250851061988, 6.046218976455668, 3.5335989214601593, 10.09539514444197]",92.0812575131457,38.237124409084736,"[8.366538505258907, 29.87058590382583]",42.911690430126825,16.91247851954305,35.911690430126825,14.912478519543049,"[4.241794685345514, 6.806190052901668, 4.110373492377201, 10.568477042429418, 9.170002408111374, 3.305622516819163, 4.709230232142488]","[4.262950017050974, 12.649528502492075]","[3.241794685345514, 5.806190052901668, 3.1103734923772017, 9.568477042429418, 8.170002408111374, 2.305622516819163, 3.7092302321424877]","[3.262950017050974, 11.649528502492075]","[8.312294064988498, 14.88766680231197, 7.97531664712103, 24.53455651904979, 20.948724123362496, 5.911852607228623, 9.510846749083301]"
908,0,322,True,True,1.0,5.99,6,6,True,4,10,66.96385678104976,"[8.083762596042352, 13.630071042153737, 8.461922625526602, 2.5, 12.929874945909166, 21.358225571417908]",32.11590414460941,"[4.152667412456517, 6.315727706439958, 4.300149823955375, 1.975, 6.042651228904575, 9.329707972852985]",42.44006537833778,45.463170294016166,"[8.098497108255629, 8.26698480178429, 12.842768226842624, 16.254920157133625]",22.551625497551733,21.730636414666307,16.551625497551733,17.730636414666307,"[4.354242165577734, 2.8826134919065716, 3.0421731241668875, 5.139880396918792, 3.7067159184031584, 3.4260004005785927]","[4.158413872219695, 4.224124072695873, 6.008679608468624, 7.339418861282114]","[3.3542421655777335, 1.8826134919065713, 2.0421731241668875, 4.139880396918792, 2.7067159184031584, 2.4260004005785927]","[3.158413872219695, 3.224124072695873, 5.008679608468624, 6.339418861282114]","[8.600620937378803, 4.8272140818117215, 5.23634134401766, 10.615077940817415, 6.940297226674765, 6.220513847637417]"
908,0,323,True,False,,0.0,2,2,,0,2,27.38003609948489,"[18.938162674511585, 8.441873424973304]",12.678214078799108,"[8.38588344305952, 4.292330635739589]",26.642096434390552,0.0,[],12.390417609412316,0.0,0.0,0.0,"[7.447965258529934, 4.942452350882381]",[],"[0.0, 0.0]",[],"[16.533244252640856, 10.108852181749695]"
908,0,324,True,False,,0.0,3,3,,0,3,25.48391929425903,"[6.267755757616239, 12.48055535040623, 6.735608186236561]",12.938728524761022,"[3.4444247454703336, 5.86741658665843, 3.626887192632259]",25.79159353195397,0.0,[],13.058721477462049,0.0,0.0,0.0,"[4.663223879178636, 3.5116224898067547, 4.8838751084766585]",[],"[0.0, 0.0, 0.0]",[],"[9.39288174148368, 6.440057666171166, 9.958654124299123]"
908,0,325,True,False,,0.0,3,3,,0,3,48.9924915130996,"[21.994786032429722, 21.68977402244431, 5.307931458225565]",22.107071690108846,"[9.577966552647592, 9.459011868753281, 3.0700932687079705]",26.205687068699838,0.0,[],13.220217956792936,0.0,0.0,0.0,"[3.804213264297911, 5.2239040324853905, 4.192100660009634]",[],"[0.0, 0.0, 0.0]",[],"[7.1902904212766945, 10.830523160218949, 8.184873487204191]"
908,0,326,True,False,,0.0,2,2,,0,2,21.949963850915033,"[11.429701401494636, 10.520262449420398]",10.560485901856865,"[5.457583546582908, 5.102902355273955]",9.82616338960096,0.0,[],5.832203721944375,0.0,0.0,0.0,"[3.857203721944375, 1.975]",[],"[0.0, 0.0]",[],"[7.3261633896009615, 2.5]"
908,0,327,True,False,,0.0,4,4,,0,4,42.02373854059869,"[19.503035137451462, 3.2763426792762704, 10.99634276573098, 8.24801795813998]",20.38925803083349,"[8.60618370360607, 2.2777736449177457, 5.288573678635082, 4.216727003674593]",41.41303659803286,0.0,[],20.15108427323282,0.0,0.0,0.0,"[4.948219876520392, 3.858707003452664, 1.975, 9.369157393259762]",[],"[0.0, 0.0, 0.0, 0.0]",[],"[10.123640709026645, 7.3300179575709326, 2.5, 21.459377931435284]"
908,0,328,True,False,,0.0,2,2,,0,2,41.84478938402319,"[29.075082835455568, 12.76970654856762]",18.319467859769045,"[12.339282305827671, 5.980185553941372]",14.373257692906854,0.0,[],7.605570500233673,0.0,0.0,0.0,"[3.945835625055666, 3.6597348751780068]",[],"[0.0, 0.0]",[],"[7.553424679629913, 6.8198330132769405]"
908,0,329,True,False,,0.0,3,3,,0,3,35.20387319552198,"[8.220995795729719, 9.813492688745818, 17.169384711046444]",16.72951054625357,"[4.206188360334591, 4.827262148610869, 7.696060037308113]",16.556620449337824,0.0,[],9.457081975241751,0.0,0.0,0.0,"[3.362114800121496, 4.119967175120255, 1.975]",[],"[0.0, 0.0, 0.0]",[],"[6.056704615696144, 7.99991583364168, 2.5]"
908,0,330,True,False,,0.0,3,3,,0,3,28.500999133619136,"[10.570439198099912, 7.686332805836404, 10.24422712968282]",14.115389662111463,"[5.122471287258966, 3.997669794276198, 4.9952485805763]",38.55733396192201,0.0,[],18.037360245149586,0.0,0.0,0.0,"[3.4428048639602444, 3.5814810081954347, 11.013074372993907]",[],"[0.0, 0.0, 0.0]",[],"[6.263602215282678, 6.619182072295986, 25.67454967434335]"
908,0,331,True,True,1.0,5.99,6,6,True,2,8,78.34623040266975,"[18.58395854544507, 16.863953582137245, 13.588812720414063, 4.789689270354524, 9.686865283862227, 14.832951000456626]",36.555029857041205,"[8.247743832723579, 7.576941897033526, 6.299636960961485, 2.8679788154382644, 4.777877460706269, 6.784850890178085]",52.6487547919796,14.445151967294771,"[5.748098026428453, 8.697053940866319]",26.533014368872045,7.633609267244961,20.533014368872045,5.633609267244961,"[7.626872201990408, 2.9357144965937967, 2.4403749478382792, 3.323124958653633, 6.396312744595194, 3.8106150192007315]","[3.241758230307097, 4.391851036937864]","[6.626872201990408, 1.9357144965937967, 1.440374947838279, 2.323124958653633, 5.396312744595194, 2.8106150192007315]","[2.241758230307097, 3.3918510369378643]","[16.99198000510361, 4.963370504086658, 3.693269097021228, 5.956730663214443, 13.836699345115882, 7.206705177437772]"
908,0,332,True,True,1.0,5.99,5,5,True,2,7,37.704271994583344,"[9.365765992186809, 8.136024778966492, 6.687365168407704, 9.613078047748173, 3.902038007274162]",19.704666077887502,"[4.652648736952855, 4.173049663796932, 3.6080724156790045, 4.749100438621788, 2.521794822836923]",57.07537792944484,19.754105161643814,"[3.9817413515555375, 15.772363810088276]",27.25939739248349,9.704101013041088,22.25939739248349,7.704101013041088,"[2.400487060153849, 5.750470521688232, 5.342728106484696, 4.992113501341889, 8.77359820281482]","[2.5528791271066598, 7.151221885934428]","[1.400487060153849, 4.750470521688232, 4.342728106484696, 3.9921135013418882, 7.773598202814822]","[1.5528791271066598, 6.151221885934428]","[3.590992461932946, 12.18069364535444, 11.135200273037682, 10.2361884649792, 19.932303084140568]"
908,0,333,True,False,,0.0,2,2,,0,2,26.915118322639543,"[20.56962630377498, 6.345492018864561]",12.496896145829421,"[9.022154258472243, 3.4747418873571787]",43.131890871935795,0.0,[],18.82143744005496,0.0,0.0,0.0,"[6.610148968441794, 12.211288471613166]",[],"[0.0, 0.0]",[],"[14.384997354978958, 28.746893516956835]"
908,0,334,True,True,1.0,5.99,5,5,True,2,7,25.036521092337097,"[6.7982177323497615, 8.044014610021987, 2.5, 3.817062594746885, 3.8772261552184606]",14.764243226011468,"[3.6513049156164072, 4.137165697908575, 1.975, 2.488654411951285, 2.5121182005351996]",37.957003977597964,30.4458594655653,"[22.111126243882037, 8.334733221683262]",19.803231551263202,13.873885191570468,14.803231551263204,11.873885191570468,"[4.950568925720109, 3.455998520283924, 3.7609607083236782, 3.784041959567489, 3.8516614373680045]","[9.623339235113995, 4.250545956456472]","[3.950568925720109, 2.455998520283924, 2.7609607083236782, 2.784041959567489, 2.8516614373680045]","[8.623339235113995, 3.250545956456472]","[10.129663912102844, 6.297432103292113, 7.079386431599175, 7.138569127096125, 7.3119524035077035]"
908,0,335,True,False,,0.0,3,3,,0,3,33.38354887209351,"[8.93609064826792, 8.69268991368435, 15.754768310141243]",16.01958406011647,"[4.485075352824489, 4.390149066336896, 7.144359640955085]",17.628058565260734,0.0,[],9.874942840451688,0.0,0.0,0.0,"[3.580522013654765, 3.4262823260621795, 2.8681385007347417]",[],"[0.0, 0.0, 0.0]",[],"[6.616723111935295, 6.221236733492768, 4.790098719832671]"
908,0,336,True,False,,0.0,2,2,,0,2,23.085834069840264,"[12.51521399016697, 10.570620079673294]",11.003475287237704,"[5.880933456165119, 5.122541831072585]",9.280823750421677,0.0,[],5.619521262664454,0.0,0.0,0.0,"[3.644521262664454, 1.975]",[],"[0.0, 0.0]",[],"[6.780823750421677, 2.5]"
908,0,337,True,True,1.0,5.99,5,5,True,1,6,47.99481514538272,"[11.001939070341633, 7.471189575433645, 10.107561316283785, 12.8043056478219, 6.609819535501754]",23.71797790669926,"[5.290756237433237, 3.9137639344191215, 4.941948913350677, 5.993679202650541, 3.577829618845684]",31.69815009436038,8.44983968418753,[8.44983968418753],17.36227853680055,4.295437476833137,12.362278536800547,3.295437476833137,"[6.209161226299678, 2.6396906596676804, 3.264123012935571, 3.27430363789762, 1.975]",[4.295437476833137],"[5.209161226299678, 1.6396906596676806, 2.264123012935571, 2.27430363789762, 0.9750000000000001]",[3.295437476833137],"[13.35682365717866, 4.204335024788924, 5.80544362291172, 5.8315477894810765, 2.5]"
908,0,338,True,True,1.0,5.99,7,7,True,2,9,47.70584470068241,"[6.253045363998502, 5.933159956203987, 7.0470815223521015, 12.449589888035554, 3.700155358427283, 6.111056294979046, 6.21175631668594]",25.605279433266144,"[3.438687691959416, 3.313932382919555, 3.7483617937173195, 5.8553400563338664, 2.4430605897866404, 3.3833119550418282, 3.4225849635075165]",64.0870705534355,24.15920455728381,"[21.151393244972766, 3.0078113123110453]",31.99395751583984,11.422089777340688,24.99395751583984,9.422089777340686,"[2.4575545857642216, 8.88271684806821, 4.103434330157845, 6.40273208421096, 2.17879784460206, 5.3540585685268915, 2.6146632545096526]","[9.249043365539379, 2.173046411801308]","[1.4575545857642216, 7.88271684806821, 3.103434330157845, 5.40273208421096, 1.1787978446020602, 4.3540585685268915, 1.6146632545096524]","[8.249043365539379, 1.1730464118013078]","[3.737319450677491, 20.212094482226178, 7.957523923481654, 13.853159190284513, 3.0225585759027185, 11.164252739812543, 4.140162191050391]"
908,0,339,True,False,,0.0,2,2,,0,2,32.293144651626115,"[9.910438438945995, 22.38270621268012]",14.594326414134185,"[4.865070991188938, 9.729255422945247]",13.723466623533623,0.0,[],7.352151983178113,0.0,0.0,0.0,"[5.12249273997367, 2.229659243204443]",[],"[0.0, 0.0]",[],"[10.570494205060692, 3.152972418472931]"
908,0,340,True,False,,0.0,1,1,,0,1,17.523112696495883,[17.523112696495883],7.834013951633395,[7.834013951633395],8.259882431239973,0.0,[],4.22135414818359,0.0,0.0,0.0,[4.22135414818359],[],[0.0],[],[8.259882431239973]
908,0,341,True,False,,0.0,1,1,,0,1,4.778714930997274,[4.778714930997274],2.863698823088937,[2.863698823088937],7.359032624033198,0.0,[],3.870022723372947,0.0,0.0,0.0,[3.870022723372947],[],[0.0],[],[7.359032624033198]
908,0,342,True,False,,0.0,2,2,,0,2,40.961355650993056,"[20.180206705512255, 20.781148945480805]",17.974928703887294,"[8.87028061514978, 9.104648088737514]",24.996465862841415,0.0,[],11.748621686508152,0.0,0.0,0.0,"[3.522758270941487, 8.225863415566664]",[],"[0.0, 0.0]",[],"[6.4686109511320184, 18.527854911709397]"
908,0,343,True,False,,0.0,2,2,,0,2,7.863523871577983,"[3.24452437769863, 4.618999493879353]",5.066774309915413,"[2.2653645073024657, 2.8014098026129477]",19.472438200262218,0.0,[],9.594250898102265,0.0,0.0,0.0,"[3.5508441769591825, 6.043406721143083]",[],"[0.0, 0.0]",[],"[6.540626094767134, 12.931812105495084]"
908,0,344,True,False,,0.0,3,3,,0,3,27.89868269665272,"[8.325366886820786, 11.669314779340098, 7.904001030491833]",13.88048625169456,"[4.246893085860107, 5.551032763942638, 4.082560401891815]",42.6105919212435,0.0,[],19.618130849284963,0.0,0.0,0.0,"[4.41658677684706, 6.829693069977949, 8.371851002459955]",[],"[0.0, 0.0, 0.0]",[],"[8.760478914992461, 14.947930948661407, 18.90218205758963]"
908,0,345,True,False,,0.0,3,3,,0,3,33.92747478184447,"[9.841267507290539, 4.406225854912621, 19.679981419641305]",16.231715164919343,"[4.83809432784331, 2.7184280834159225, 8.67519275366011]",30.306202016568893,0.0,[],14.819418786461869,0.0,0.0,0.0,"[4.102369025195083, 7.176223207987287, 3.540826553279499]",[],"[0.0, 0.0, 0.0]",[],"[7.954792372295083, 15.836469764069967, 6.514939880203844]"
908,0,346,True,True,1.0,5.99,6,6,True,1,7,71.44846159966221,"[15.09445965732229, 9.449138510411627, 12.915737622689086, 5.387648179228295, 14.777848666387682, 13.823628963623236]",33.864900023868266,"[6.886839266355693, 4.685164019060535, 6.037137672848743, 3.101182789899035, 6.763360979891196, 6.391215295813062]",74.67445115834508,7.606478190902146,[7.606478190902146],35.12303595175459,3.966526494451837,29.123035951754584,2.966526494451837,"[5.019363102950707, 3.311833011811232, 5.164312656887829, 4.496870313723701, 8.490438504051165, 8.64021836232995]",[3.966526494451837],"[4.019363102950707, 2.311833011811232, 4.164312656887829, 3.4968703137237007, 7.4904385040511645, 7.640218362329949]",[2.966526494451837],"[10.306059238335145, 5.927776953362133, 10.677724761250843, 8.966334137753078, 19.206252574490165, 19.590303493153716]"
908,0,347,True,False,,0.0,4,4,,0,4,44.806274763983026,"[12.482803644114997, 9.114346442837759, 9.623028359522786, 13.586096317507483]",21.47444715795338,"[5.868293421204849, 4.554595112706727, 4.752981060213887, 6.2985775638279184]",27.493953345234797,0.0,[],14.722641804641572,0.0,0.0,0.0,"[6.897825308043692, 3.418499484983002, 2.3131664811622383, 2.0931505304526397]",[],"[0.0, 0.0, 0.0, 0.0]",[],"[15.122628994983826, 6.201280730725646, 3.3670935414416365, 2.8029500780836907]"
908,0,348,True,False,,0.0,2,2,,0,2,31.209400769290383,"[8.234709720262826, 22.974691049027555]",14.17166630002325,"[4.211536790902502, 9.960129509120748]",23.558527499442086,0.0,[],11.187825724782414,0.0,0.0,0.0,"[8.72012015634853, 2.4677055684338836]",[],"[0.0, 0.0]",[],"[19.795179888073154, 3.763347611368933]"
908,0,349,True,False,,0.0,1,1,,0,1,5.1773015316915,[5.1773015316915],3.019147597359685,[3.019147597359685],2.5,0.0,[],1.975,0.0,0.0,0.0,[1.975],[],[0.0],[],[2.5]
908,0,350,True,False,,0.0,3,3,,0,3,38.14763957664347,"[12.025728929689606, 4.156773471134655, 21.96513717581921]",17.877579434890954,"[5.690034282578947, 2.621141653742516, 9.56640349856949]",25.502802537250975,0.0,[],12.94609298952788,0.0,0.0,0.0,"[5.963504933526895, 1.975, 5.007588056000985]",[],"[0.0, 0.0, 0.0]",[],"[12.72693572699204, 2.5, 10.275866810258936]"
908,0,351,True,False,,0.0,4,4,,0,4,72.04644555545822,"[21.22631560936559, 18.63498341616784, 7.995723414867104, 24.189423115057696]",32.098113766628714,"[9.27826308765258, 8.26764353230546, 4.118332131798171, 10.433875014872502]",32.339224176748345,0.0,[],16.612297428931853,0.0,0.0,0.0,"[3.2954053838240087, 1.975, 4.159241878316205, 7.18265016679164]",[],"[0.0, 0.0, 0.0, 0.0]",[],"[5.885654830317971, 2.5, 8.100620200810784, 15.852949145619588]"
908,0,352,True,False,,0.0,4,4,,0,4,47.06749421299047,"[13.493797469672893, 9.846571297094478, 2.5, 21.2271254462231]",22.356322743066286,"[6.262581013172428, 4.840162805866846, 1.975, 9.27857892402701]",53.36219592703992,0.0,[],24.811256411545568,0.0,0.0,0.0,"[4.78565132017453, 4.716886903253046, 8.105300021587095, 7.203418166530898]",[],"[0.0, 0.0, 0.0, 0.0]",[],"[9.70679825685777, 9.530479239110376, 18.218718004069473, 15.906200427002302]"
908,0,353,True,True,1.0,5.99,5,5,True,1,6,44.64104168316068,"[14.794846335119665, 4.4367815155017984, 13.51992148275552, 2.5, 9.389492349783692]",22.410006256432666,"[6.76999007069667, 2.7303447910457015, 6.272769378274653, 1.975, 4.66190201641564]",34.45328796927026,8.889381479682827,[8.889381479682827],18.436782308015403,4.466858777076302,13.436782308015403,3.4668587770763026,"[5.249297849830195, 2.1860912250860194, 1.975, 4.71322097914987, 4.313172253949317]",[4.466858777076302],"[4.249297849830195, 1.1860912250860194, 0.9750000000000001, 3.71322097914987, 3.3131722539493174]",[3.4668587770763026],"[10.895635512385116, 3.0412595515026135, 2.5, 9.521079433717615, 8.495313471664916]"
908,0,354,True,False,,0.0,2,2,,0,2,20.091087606282535,"[12.3764793456087, 7.714608260673836]",9.83552416645019,"[5.826826944787394, 4.008697221662796]",16.137629526190004,0.0,[],8.293675515214101,0.0,0.0,0.0,"[4.210671153171276, 4.083004362042825]",[],"[0.0, 0.0]",[],"[8.232490136336606, 7.905139389853398]"
908,0,355,True,False,,0.0,1,1,,0,1,11.864207844948375,[11.864207844948375],5.6270410595298666,[5.6270410595298666],4.034936115595057,0.0,[],2.5736250850820723,0.0,0.0,0.0,[2.5736250850820723],[],[0.0],[],[4.034936115595057]
908,0,356,True,True,1.0,5.99,5,5,True,1,6,56.44596810058143,"[7.045119643215145, 34.87076414533547, 6.256679071308083, 2.8527546992838726, 5.420650541438861]",27.013927559226758,"[3.7475966608539064, 14.599598016680835, 3.4401048378101526, 2.11257433272071, 3.114053711161156]",59.95186240367762,19.988817591393296,[19.988817591393296],28.381226337434274,8.795638860643386,23.381226337434274,7.795638860643386,"[5.10178147880245, 5.8881121884411325, 7.240736120275192, 4.309766828576242, 5.840829721339258]",[8.795638860643386],"[4.10178147880245, 4.8881121884411325, 6.240736120275192, 3.3097668285762425, 4.840829721339258]",[7.795638860643386],"[10.51738840718577, 12.533620996002904, 16.001887487885107, 8.486581611733955, 12.41238390086989]"
908,0,357,True,False,,0.0,2,2,,0,2,14.52168212038012,"[11.137916607387863, 3.383765512992257]",7.663456026948247,"[5.343787476881267, 2.3196685500669805]",25.555843702066323,0.0,[],11.966779043805866,0.0,0.0,0.0,"[6.168096973334741, 5.798682070471125]",[],"[0.0, 0.0]",[],"[13.25153070085831, 12.304313001208012]"
908,0,358,True,True,1.0,5.99,5,5,True,1,6,45.29311879092622,"[4.482389958135676, 12.937621800591007, 10.615184372916353, 7.989300572470395, 9.268622086812792]",22.664316328461226,"[2.748132083672914, 6.0456725022304925, 5.139921905437378, 4.115827223263453, 4.614762613856989]",48.12623872634063,2.486818767828826,[2.486818767828826],23.769233103272846,1.969859319453242,18.769233103272846,0.9698593194532421,"[5.457524520462414, 5.218740771355598, 6.290384453371748, 4.202489180708277, 2.6000941773748085]",[1.969859319453242],"[4.457524520462414, 4.218740771355598, 5.290384453371748, 3.2024891807082767, 1.6000941773748087]",[0.9698593194532421],"[11.429550052467727, 10.81728402911692, 13.56508834197884, 8.211510719764812, 4.10280558301233]"
908,0,359,True,False,,0.0,2,2,,0,2,15.80757468423568,"[10.854172305670671, 4.953402378565009]",8.164954126851915,"[5.2331271992115616, 2.931826927640354]",34.62556837197606,0.0,[],15.503971665070662,0.0,0.0,0.0,"[3.4921119318210945, 12.011859733249567]",[],"[0.0, 0.0]",[],"[6.390030594413063, 28.235537777562993]"
908,0,360,True,False,,0.0,2,2,,0,2,12.660254698810494,"[9.460398626123752, 3.1998560726867433]",6.937499332536094,"[4.689555464188263, 2.24794386834783]",21.19454579678498,0.0,[],10.265872860746141,0.0,0.0,0.0,"[4.14589190673175, 6.119980954014391]",[],"[0.0, 0.0]",[],"[8.066389504440385, 13.128156292344592]"
908,0,361,True,False,,0.0,3,3,,0,3,28.913090088970236,"[8.876651689677223, 15.286522126261245, 4.749916273031767]",14.27610513469839,"[4.461894158974117, 6.9617436292418855, 2.8524673464823893]",14.391257308562672,0.0,[],8.612590350339442,0.0,0.0,0.0,"[2.7454083901932504, 2.5651649376456866, 3.3020170225005048]",[],"[0.0, 0.0, 0.0]",[],"[4.475406128700642, 4.013243429860736, 5.902607750001295]"
908,0,362,True,True,1.0,5.99,5,5,True,1,6,68.55818758927745,"[15.46946839368851, 22.138551090458332, 14.818788213892283, 11.04038983945919, 5.090990051779141]",31.737693159818207,"[7.033092673538519, 9.63403492527875, 6.779327403417991, 5.305752037389084, 2.985486120193865]",54.678150772041874,12.241514440118973,[12.241514440118973],26.32447880109633,5.7741906316464,21.32447880109633,4.7741906316464,"[2.2151944510909343, 1.975, 9.838507693967836, 6.024275765755444, 6.271500890282116]",[5.7741906316464],"[1.2151944510909343, 0.9750000000000001, 8.838507693967836, 5.024275765755444, 5.271500890282116]",[4.7741906316464],"[3.1158832079254726, 2.5, 22.66284024094317, 12.882758373731907, 13.516668949441323]"
908,0,363,True,False,,0.0,4,4,,0,4,45.35567469009807,"[7.124988382939988, 11.372050849462296, 11.97148952284507, 14.887145934850714]",21.68871312913825,"[3.7787454693465956, 5.435099831290295, 5.668880913909578, 6.805986914591779]",30.88504794234428,0.0,[],16.04516869751427,0.0,0.0,0.0,"[4.378359930863386, 3.6561573854843066, 2.605166550751366, 5.405484830415211]",[],"[0.0, 0.0, 0.0, 0.0]",[],"[8.66246136118817, 6.810659962780273, 4.115811668593246, 11.296114949782591]"
908,0,364,True,False,,0.0,2,2,,0,2,15.389626195763906,"[4.234674078452801, 11.154952117311106]",8.001954216347924,"[2.6515228905965924, 5.350431325751332]",33.45784391123073,0.0,[],15.048559125379986,0.0,0.0,0.0,"[4.788132447986378, 10.260426677393609]",[],"[0.0, 0.0]",[],"[9.713160123041993, 23.744683788188738]"
908,0,365,True,True,1.0,5.99,5,5,True,0,5,61.110777050829206,"[16.019600633724448, 19.17244111303893, 7.5914184218808645, 8.010521413832917, 10.31679546835204]",28.833203049823393,"[7.247644247152535, 8.477252034085183, 3.960653184533537, 4.124103351394838, 5.023550232657296]",54.80167008421994,0.0,[],26.37265133284578,0.0,21.37265133284578,0.0,"[8.294418316642258, 3.3859723962867214, 8.607628460440942, 3.7871456613492414, 2.297486498126617]",[],"[7.294418316642257, 2.3859723962867214, 7.607628460440941, 2.7871456613492414, 1.297486498126617]",[],"[18.70363670933912, 6.117877939196721, 19.50673964215626, 7.146527336792926, 3.326888456734915]"
908,0,366,True,False,,0.0,1,1,,0,1,12.786649258919562,[12.786649258919562],5.98679321097863,[5.98679321097863],4.520073875799826,0.0,[],2.762828811561932,0.0,0.0,0.0,[2.762828811561932],[],[0.0],[],[4.520073875799826]
908,0,367,True,False,,0.0,4,4,,0,4,37.88464175594708,"[8.642705009122649, 7.755570282596636, 6.601956982267945, 14.884409481959848]",18.775010284819363,"[4.370654953557834, 4.0246724102126885, 3.5747632230844983, 6.8049196979643405]",29.926274514707394,0.0,[],15.671247060735885,0.0,0.0,0.0,"[3.869385453886397, 4.237829578644476, 3.1372384404698357, 4.426793587735174]",[],"[0.0, 0.0, 0.0, 0.0]",[],"[7.357398599708711, 8.302127124729424, 5.48009856530727, 8.786650224961987]"
908,0,368,True,False,,0.0,3,3,,0,3,46.02626377692319,"[18.22250109123919, 10.361066732450828, 17.442695953233173]",20.950242873000047,"[8.106775425583285, 5.040816025655823, 7.802651421760937]",40.37445392828012,0.0,[],18.746037032029246,0.0,0.0,0.0,"[2.8131347406120106, 10.380030198477519, 5.552872092939718]",[],"[0.0, 0.0, 0.0]",[],"[4.649063437466694, 24.05135948327569, 11.674031007537739]"
908,0,369,True,True,1.0,5.99,7,7,True,0,7,82.12836735166746,"[2.9982896535197145, 14.611440959001321, 18.330565100773384, 15.440622150365199, 9.219042616379609, 19.02840687162823, 2.5]",39.030063267150304,"[2.1693329648726887, 6.698461974010516, 8.148920389301619, 7.021842638642427, 4.595426620388047, 8.421078679935011, 1.975]",69.76110225692322,0.0,[],34.20682988020006,0.0,27.20682988020006,0.0,"[5.897906248475223, 2.283813424450372, 6.412162083331512, 7.753380053359353, 2.869552801924125, 4.148151641983983, 4.84186362667549]",[],"[4.897906248475223, 1.2838134244503718, 5.412162083331512, 6.753380053359353, 1.8695528019241248, 3.1481516419839832, 3.8418636266754898]",[],"[12.55873397044929, 3.2918292934624915, 13.877338675209003, 17.316359111177828, 4.793725133138781, 8.072183697394829, 9.850932376090999]"
908,0,370,True,False,,0.0,1,1,,0,1,2.8687687805041366,[2.8687687805041366],2.1188198243966134,[2.1188198243966134],2.5,0.0,[],1.975,0.0,0.0,0.0,[1.975],[],[0.0],[],[2.5]
908,0,371,True,False,,0.0,2,2,,0,2,19.511778116965747,"[6.9158580639158265, 12.59592005304992]",9.60959346561664,"[3.6971846449271726, 5.9124088206894685]",37.73362553354772,0.0,[],16.71611395808361,0.0,0.0,0.0,"[3.5380484300724593, 13.178065528011153]",[],"[0.0, 0.0]",[],"[6.50781648736528, 31.22580904618244]"
908,0,372,True,True,1.0,5.99,8,8,True,4,12,99.66884258669847,"[16.383880269873192, 9.547208012160619, 6.72217784553213, 27.231827705691025, 9.347719895042074, 16.280132360848114, 4.383563306447505, 9.772333191103804]",46.870848608812395,"[7.389713305250545, 4.723411124742642, 3.6216493597575306, 11.6204128052195, 4.645610759066409, 7.349251620730764, 2.709589689514527, 4.811209944530484]",86.07317376557157,35.16227515821696,"[14.3756843885378, 1.7334378987236225, 10.117746623241757, 8.935406247713773]",41.56853776857291,17.71328731170461,33.56853776857291,13.713287311704612,"[2.431539618472647, 5.173023899190726, 4.990266516853193, 6.302080748723438, 6.698927008999769, 5.4462415512422435, 7.532498751427912, 2.9939596736629834]","[6.606516911529742, 1.6760407805022128, 4.945921183064286, 4.484808436608372]","[1.4315396184726472, 4.173023899190726, 3.9902665168531932, 5.302080748723438, 5.698927008999769, 4.4462415512422435, 6.532498751427912, 1.9939596736629834]","[5.606516911529742, 0.6760407805022128, 3.9459211830642853, 3.484808436608372]","[3.6706144063401207, 10.70006127997622, 10.23145260731588, 13.595078842880609, 14.612633356409663, 11.400619362159599, 16.749996798533108, 5.112717111956368]"
908,0,373,True,False,,0.0,3,3,,0,3,28.315514473503868,"[10.737102670791554, 8.67149498805954, 8.906916814652774]",14.04305064466651,"[5.187470041608706, 4.381883045343221, 4.473697557714582]",12.430978858498595,0.0,[],7.848081754814452,0.0,0.0,0.0,"[2.0453198812823663, 3.727591470886872, 2.075170402645214]",[],"[0.0, 0.0, 0.0]",[],"[2.6803073879035035, 6.993824284325313, 2.7568471862697796]"
908,0,374,True,True,1.0,5.99,7,7,True,2,9,67.6520290169457,"[20.39904543242749, 4.689613188036136, 4.37754983382388, 11.894944633317184, 14.694832016390993, 7.152906504321523, 4.443137408628503]",33.384291316608824,"[8.95562771864672, 2.8289491433340928, 2.7072444351913134, 5.639028406993702, 6.7309844863924875, 3.789633536685394, 2.732823589365116]",56.81547480139435,20.381081875116454,"[14.60811957279759, 5.772962302318864]",29.1580351725438,9.948621931295417,22.158035172543798,7.948621931295417,"[2.0363475138825406, 2.8504677990705245, 4.762070719784219, 5.487175120088394, 5.8083680369360255, 6.238605982782093, 1.975]","[6.69716663339106, 3.251455297904357]","[1.0363475138825406, 1.8504677990705247, 3.7620707197842194, 4.487175120088394, 4.8083680369360255, 5.238605982782093, 0.9750000000000001]","[5.69716663339106, 2.251455297904357]","[2.65730131764754, 4.744789228385961, 9.646335178933896, 11.505577230995883, 12.329148812656475, 13.432323032774597, 2.5]"
908,0,375,True,False,,0.0,3,3,,0,3,40.07043621793054,"[3.7856599320244606, 31.150688448328527, 5.134087837577552]",18.62747012499291,"[2.4764073734895398, 13.148768494848126, 3.0022942566552455]",26.965337160807625,0.0,[],13.516481492714973,0.0,0.0,0.0,"[4.301492212537333, 4.147602720352951, 5.06738655982469]",[],"[0.0, 0.0, 0.0]",[],"[8.465364647531624, 8.070776206033207, 10.429196307242794]"
908,0,376,True,False,,0.0,1,1,,0,1,20.89858024338672,[20.89858024338672],9.15044629492082,[9.15044629492082],14.032199768020583,0.0,[],6.472557909528027,0.0,0.0,0.0,[6.472557909528027],[],[0.0],[],[14.032199768020583]
908,0,377,True,False,,0.0,1,1,,0,1,6.8386153574196555,[6.8386153574196555],3.6670599893936657,[3.6670599893936657],6.7303420372736555,0.0,[],3.6248333945367257,0.0,0.0,0.0,[3.6248333945367257],[],[0.0],[],[6.7303420372736555]
908,0,378,True,False,,0.0,3,3,,0,3,25.15742980091052,"[10.359909776732936, 8.68699141193271, 6.110528612244876]",12.811397622355102,"[5.040364812925845, 4.387926650653757, 3.383106158775502]",22.98655862745033,0.0,[],11.964757864705629,0.0,0.0,0.0,"[4.5079922796692085, 4.203013325947637, 3.2537522590887824]",[],"[0.0, 0.0, 0.0]",[],"[8.994851999151816, 8.212854681917017, 5.778851946381494]"
908,0,379,True,False,,0.0,1,1,,0,1,13.329191505886923,[13.329191505886923],6.1983846872959,[6.1983846872959],13.866918488516735,0.0,[],6.408098210521526,0.0,0.0,0.0,[6.408098210521526],[],[0.0],[],[13.866918488516735]
908,0,380,True,False,,0.0,4,4,,0,4,40.51699200864519,"[3.9174458650698556, 9.62009916644016, 7.320523447087706, 19.658923530047474]",19.801626883371625,"[2.5278038873772437, 4.751838674911662, 3.8550041443642056, 8.666980176718514]",34.12296974790953,0.0,[],17.30795820168472,0.0,0.0,0.0,"[4.058105501860421, 3.2291762602843304, 6.933634837035249, 3.0870416025047174]",[],"[0.0, 0.0, 0.0, 0.0]",[],"[7.841296158616465, 5.7158365648316165, 15.21444830009038, 5.35138872437107]"
908,0,381,True,False,,0.0,4,4,,0,4,42.68102805665363,"[18.688041054470325, 3.922449866630781, 12.207839791986324, 7.8626973435662]",20.645600942094916,"[8.288336011243427, 2.5297554479860045, 5.761057518874666, 4.0664519639908185]",55.442190586956,0.0,[],25.62245432891284,0.0,0.0,0.0,"[5.406724844465952, 2.309797595790498, 7.7873247102851675, 10.118607178371224]",[],"[0.0, 0.0, 0.0, 0.0]",[],"[11.29929447298962, 3.3584553738217893, 17.40339669303889, 23.381044047105703]"
908,0,382,True,False,,0.0,2,2,,0,2,24.66216406584778,"[14.830297942637594, 9.831866123210185]",11.618243985680634,"[6.783816197628662, 4.834427788051972]",17.428439200644693,0.0,[],8.79709128825143,0.0,0.0,0.0,"[4.1733671193909725, 4.623724168860458]",[],"[0.0, 0.0]",[],"[8.13683876766916, 9.291600432975534]"
908,0,383,True,False,,0.0,3,3,,0,3,39.1123984133399,"[15.996505438913132, 18.83123022246765, 4.284662751959119]",18.253835381202563,"[7.238637121176122, 8.344179786762384, 2.6710184732640565]",19.75423513852494,0.0,[],10.704151704024728,0.0,0.0,0.0,"[3.108676202813126, 5.620475501211602, 1.975]",[],"[0.0, 0.0, 0.0]",[],"[5.406862058495194, 11.847373080029747, 2.5]"
908,0,384,True,False,,0.0,4,4,,0,4,41.61863863401618,"[6.777657203050587, 11.72751417621361, 16.232876652580774, 6.880590602171208]",20.23126906726631,"[3.6432863091897287, 5.573730528723308, 7.330821894506502, 3.683430334846771]",26.254833695086962,0.0,[],14.239385141083915,0.0,0.0,0.0,"[3.3711270323158127, 4.525139769714849, 2.2821277901572823, 4.060990548895971]",[],"[0.0, 0.0, 0.0, 0.0]",[],"[6.079812903373878, 9.038819922345768, 3.287507154249442, 7.848693715117872]"
908,0,385,True,False,,0.0,3,3,,0,3,21.259989008655612,"[5.5973846025908225, 4.61973958985786, 11.04286481620693]",11.291395713375689,"[3.1829799950104207, 2.8016984400445657, 5.306717278320702]",33.835823952384516,0.0,[],16.19597134142996,0.0,0.0,0.0,"[4.594656069052775, 5.091144988304453, 6.510170284072732]",[],"[0.0, 0.0, 0.0]",[],"[9.217066843725064, 10.490115354626802, 14.128641754032646]"
908,0,386,True,False,,0.0,2,2,,0,2,20.04611973245643,"[15.552304965968961, 4.493814766487468]",9.817986695658007,"[7.065398936727895, 2.7525877589301126]",18.097070815818526,0.0,[],9.057857618169226,0.0,0.0,0.0,"[2.52332360958418, 6.534534008585045]",[],"[0.0, 0.0]",[],"[3.90595797329277, 14.191112842525758]"
908,0,387,True,False,,0.0,4,4,,0,4,45.22544732866229,"[24.298058078570676, 7.686430892250015, 6.736473991637999, 6.504484366203596]",21.63792445817829,"[10.476242650642565, 3.997708047977506, 3.62722485673882, 3.5367489028194026]",27.267403028069722,0.0,[],14.63428718094719,0.0,0.0,0.0,"[3.57678317953167, 4.917977465786861, 2.0305205229631182, 4.109006012665542]",[],"[0.0, 0.0, 0.0, 0.0]",[],"[6.607136357773512, 10.046096066120157, 2.6423603152900474, 7.971810288886006]"
908,0,388,True,False,,0.0,4,4,,0,4,45.724118116979405,"[17.187944769613615, 8.198863156373628, 8.778470037156778, 11.558840153835385]",21.832406065621967,"[7.70329846014931, 4.197556630985715, 4.423603314491143, 5.507947659995801]",34.13280363104306,0.0,[],17.311793416106795,0.0,0.0,0.0,"[4.0126185956708476, 2.907039004817759, 6.425862181929836, 3.9662736336883535]",[],"[0.0, 0.0, 0.0, 0.0]",[],"[7.724663065822686, 4.889843602096818, 13.912467133153426, 7.605829829970137]"
908,0,389,True,False,,0.0,3,3,,0,3,24.484538324543585,"[6.858096635907756, 14.364003253267379, 3.262438435368453]",12.548969946572,"[3.674657688004025, 6.601961268774278, 2.2723509897936967]",24.59547025135584,0.0,[],12.592233398028778,0.0,0.0,0.0,"[3.7513804354561677, 4.32416717656755, 4.516685786005061]",[],"[0.0, 0.0, 0.0]",[],"[7.054821629374789, 8.523505580942436, 9.017143041038617]"
908,0,390,True,False,,0.0,3,3,,0,3,19.623867812214165,"[11.251926236269334, 3.821768792924948, 4.5501727830198835]",10.653308446763525,"[5.38825123214504, 2.4904898292407296, 2.774567385377755]",38.85842695843521,0.0,[],18.154786513789734,0.0,0.0,0.0,"[4.249050671208522, 7.216785505170637, 6.688950337410574]",[],"[0.0, 0.0, 0.0]",[],"[8.330899156944927, 15.940475654283683, 14.5870521472066]"
908,0,391,True,False,,0.0,1,1,,0,1,17.355057654394685,[17.355057654394685],7.768472485213927,[7.768472485213927],10.950207862719523,0.0,[],5.270581066460614,0.0,0.0,0.0,[5.270581066460614],[],[0.0],[],[10.950207862719523]
908,0,392,True,False,,0.0,4,4,,0,4,22.59405534723637,"[4.067721923571061, 6.011984154710223, 8.899759229648016, 3.614590039307071]",12.811681585422184,"[2.5864115501927136, 3.344673820336987, 4.470906099562726, 2.4096901153297576]",47.87449888024041,0.0,[],22.67105456329376,0.0,0.0,0.0,"[7.491650045957096, 4.657102004709559, 3.754109662660418, 6.768192849966688]",[],"[0.0, 0.0, 0.0, 0.0]",[],"[16.645256528095118, 9.377184627460407, 7.061819647847225, 14.79023807683766]"
908,0,393,True,False,,0.0,4,4,,0,4,53.113895384557935,"[19.137533735144398, 3.30082203367641, 25.174022816372464, 5.501516799364664]",24.7144191999776,"[8.463638156706317, 2.2873205931338, 10.817868898385262, 3.145591551752219]",41.28395559383254,0.0,[],20.10074268159469,0.0,0.0,0.0,"[5.048117211838544, 4.989576869307103, 3.2146786257764948, 6.848369974672548]",[],"[0.0, 0.0, 0.0, 0.0]",[],"[10.379787722662932, 10.229684280274624, 5.678663143016653, 14.995820447878328]"
908,0,394,True,False,,0.0,2,2,,0,2,28.352479162619524,"[9.58063478771633, 18.771844374903196]",13.057466873421614,"[4.736447567209368, 8.321019306212246]",18.00262490873773,0.0,[],9.021023714407715,0.0,0.0,0.0,"[5.594703808878734, 3.42631990552898]",[],"[0.0, 0.0]",[],"[11.78129181763778, 6.221333091099949]"
908,0,395,True,False,,0.0,2,2,,0,2,28.61618238826535,"[12.609811254450303, 16.006371133815048]",13.160311131423487,"[5.917826389235619, 7.242484742187869]",18.409171678073616,0.0,[],9.17957695444871,0.0,0.0,0.0,"[5.279020489669915, 3.900556464778795]",[],"[0.0, 0.0]",[],"[10.971847409410039, 7.437324268663577]"
908,0,396,True,True,1.0,5.99,5,5,True,1,6,60.72492026993102,"[22.145489852523696, 5.26666836211691, 24.217576623332263, 4.391838825968486, 4.703346605989665]",28.682718905273102,"[9.63674104248424, 3.054000661225595, 10.444854883099582, 2.71281714212771, 2.8343051763359695]",50.84415672169864,14.63300218563215,[14.63300218563215],24.829221121462467,6.706870852396539,19.829221121462467,5.706870852396539,"[4.028337556767597, 2.7306805073782003, 2.1822507622497564, 7.0011078628459815, 8.886844432220935]",[6.706870852396539],"[3.028337556767597, 1.7306805073782006, 1.1822507622497562, 6.0011078628459815, 7.886844432220935]",[5.706870852396539],"[7.76496809427589, 4.437642326610771, 3.0314122108968107, 15.387456058579438, 20.22267803133573]"
908,0,397,True,False,,0.0,1,1,,0,1,11.370180055787214,[11.370180055787214],5.434370221757014,[5.434370221757014],6.8093850924473776,0.0,[],3.6556601860544773,0.0,0.0,0.0,[3.6556601860544773],[],[0.0],[],[6.8093850924473776]
908,0,398,True,False,,0.0,2,2,,0,2,20.939365151541118,"[9.360086371856507, 11.579278779684612]",10.166352409101037,"[4.650433685024038, 5.515918724076999]",20.49768872686188,0.0,[],9.994098603476134,0.0,0.0,0.0,"[5.523544554671739, 4.470554048804395]",[],"[0.0, 0.0]",[],"[11.598832191465997, 8.898856535395886]"
908,0,399,True,False,,0.0,2,2,,0,2,19.63535273860778,"[17.13535273860778, 2.5]",9.657787568057033,"[7.682787568057034, 1.975]",34.21611787161777,0.0,[],15.34428596993093,0.0,0.0,0.0,"[8.24001492779751, 7.104271042133418]",[],"[0.0, 0.0]",[],"[18.564140840506436, 15.651977031111329]"
908,0,400,True,False,,0.0,2,2,,0,2,8.446151477913869,"[5.94615147791387, 2.5]",5.2939990763864095,"[3.3189990763864095, 1.975]",13.266988164903786,0.0,[],7.174125384312478,0.0,0.0,0.0,"[3.0496520807229226, 4.124473303589555]",[],"[0.0, 0.0]",[],"[5.255518155699801, 8.011470009203986]"
908,0,401,True,False,,0.0,1,1,,0,1,23.72870739149811,[23.72870739149811],10.254195882684263,[10.254195882684263],10.895472434038387,0.0,[],5.249234249274971,0.0,0.0,0.0,[5.249234249274971],[],[0.0],[],[10.895472434038387]
908,0,402,True,False,,0.0,3,3,,0,3,24.422972386201522,"[10.339326525416295, 9.866473783070118, 4.217172077715109]",12.524959230618595,"[5.032337344912356, 4.847924775397346, 2.6446971103088925]",32.06695751716184,0.0,[],15.50611343169312,0.0,0.0,0.0,"[4.494473544730354, 3.408842281717068, 7.602797605245697]",[],"[0.0, 0.0, 0.0]",[],"[8.960188576231678, 6.176518671069404, 16.93025026986076]"
908,0,403,True,True,1.0,5.99,5,5,True,3,8,62.629869965088616,"[10.469804809079747, 7.573327584718142, 20.717895442868112, 20.170336288904497, 3.698505839518117]",29.42564928638456,"[5.083223875541101, 3.9535977580400754, 9.079979222718563, 8.866431152672753, 2.4424172774120656]",45.04674382658632,24.95517676655072,"[6.935852689883215, 4.86966101750297, 13.149663059164535]",22.568230092368665,12.73251893895478,17.568230092368665,9.732518938954781,"[2.491271342458586, 3.036154703725181, 5.77859325480161, 6.142942880863032, 5.119267910520258]","[3.704982549054454, 2.899167796826158, 6.1283685930741685]","[1.4912713424585864, 2.036154703725181, 4.77859325480161, 5.142942880863032, 4.119267910520258]","[2.704982549054454, 1.8991677968261584, 5.1283685930741685]","[3.823772672970734, 5.220909496731234, 12.252803217440025, 13.187033027853929, 10.562225411590404]"
908,0,404,True,False,,0.0,2,2,,0,2,16.34437431161774,"[13.069805238575038, 3.2745690730427057]",8.37430598153092,"[6.097224043044265, 2.2770819384866554]",17.152316265330406,0.0,[],8.689403343478858,0.0,0.0,0.0,"[4.553769545614989, 4.1356337978638695]",[],"[0.0, 0.0]",[],"[9.112229604140998, 8.04008666118941]"
908,0,405,True,False,,0.0,2,2,,0,2,19.59527097724601,"[4.207612694377284, 15.387658282868728]",9.642155681125946,"[2.6409689508071406, 7.001186730318804]",13.270473301336654,0.0,[],7.1754845875212965,0.0,0.0,0.0,"[3.2464042678028076, 3.9290803197184885]",[],"[0.0, 0.0]",[],"[5.760010943084121, 7.510462358252534]"
908,0,406,True,False,,0.0,2,2,,0,2,21.621917308068554,"[8.29039456089743, 13.331522747171121]",10.432547750146735,"[4.2332538787499985, 6.199293871396738]",12.146914764959226,0.0,[],6.737296758334098,0.0,0.0,0.0,"[4.618842677513335, 2.1184540808207633]",[],"[0.0, 0.0]",[],"[9.279083788495731, 2.8678309764634946]"
908,0,407,True,False,,0.0,1,1,,0,1,6.799890358017013,[6.799890358017013],3.6519572396266353,[3.6519572396266353],10.920350519270665,0.0,[],5.25893670251556,0.0,0.0,0.0,[5.25893670251556],[],[0.0],[],[10.920350519270665]
908,0,408,True,False,,0.0,2,2,,0,2,26.2264806589278,"[12.927651861310688, 13.298828797617114]",12.228327456981845,"[6.041784225911169, 6.186543231070675]",28.29407420919486,0.0,[],13.034688941585998,0.0,0.0,0.0,"[3.9209248048928114, 9.113764136693186]",[],"[0.0, 0.0]",[],"[7.489550781776439, 20.804523427418424]"
908,0,409,True,False,,0.0,1,1,,0,1,2.620600540893278,[2.620600540893278],2.0220342109483784,[2.0220342109483784],11.158851032978273,0.0,[],5.3519519028615266,0.0,0.0,0.0,[5.3519519028615266],[],[0.0],[],[11.158851032978273]
908,0,410,True,True,1.0,5.99,5,5,True,5,10,50.76170245977825,"[10.538227616670563, 11.495027958356813, 14.589696369189404, 2.5, 11.63875051556147]",24.79706395931352,"[5.109908770501519, 5.483060903759157, 6.689981583983868, 1.975, 5.539112701068974]",69.24841264590214,46.39333235644708,"[8.147517580450597, 14.652468834307154, 4.043516398857117, 15.506313143975103, 4.043516398857117]",32.00688093190183,23.093399619014363,27.006880931901836,18.093399619014363,"[3.0693225295464166, 10.171318753167327, 6.158461892247883, 3.391562792879024, 9.216214964061184]","[4.177531856375733, 6.71446284537979, 2.5769713955542755, 7.0474621261502906, 2.5769713955542755]","[2.0693225295464166, 9.171318753167327, 5.158461892247883, 2.391562792879024, 8.216214964061184]","[3.1775318563757327, 5.71446284537979, 1.5769713955542755, 6.0474621261502906, 1.5769713955542755]","[5.305955203965171, 23.516201931198275, 13.22682536473816, 6.132212289433395, 21.067217856567137]"
908,0,411,True,False,,0.0,2,2,,0,2,30.33551569683238,"[8.534693602410655, 21.800822094421726]",13.83085112176463,"[4.328530504940156, 9.502320616824473]",21.786177709216297,0.0,[],10.496609306594356,0.0,0.0,0.0,"[3.215831010994229, 7.280778295600127]",[],"[0.0, 0.0]",[],"[5.68161797690828, 16.10455973230802]"
908,0,412,True,False,,0.0,2,2,,0,2,21.494011419782343,"[17.568697754129563, 3.92531366565278]",10.382664453715114,"[7.8517921241105295, 2.530872329604584]",13.911187307270783,0.0,[],7.425363049835605,0.0,0.0,0.0,"[3.5246139468976705, 3.900749102937935]",[],"[0.0, 0.0]",[],"[6.473369094609412, 7.437818212661371]"
908,0,413,True,False,,0.0,1,1,,0,1,11.079034393930154,[11.079034393930154],5.32082341363276,[5.32082341363276],5.882062457521896,0.0,[],3.2940043584335394,0.0,0.0,0.0,[3.2940043584335394],[],[0.0],[],[5.882062457521896]
908,0,414,True,True,1.0,5.99,6,6,True,4,10,49.86051014747291,"[2.5, 9.62533139578867, 8.382076526975885, 12.667651993195129, 11.860098734579365, 4.825351496933852]",25.445598957514434,"[1.975, 4.753879244357582, 4.269009845520595, 5.940384277346101, 5.625438506485953, 2.8818870838042026]",39.45353738096622,54.00757050835254,"[11.915742532246613, 8.825735259376822, 20.244310996852246, 13.02178171987686]",21.386879578576824,25.06295249825749,15.386879578576822,21.06295249825749,"[6.646363424578962, 3.8043408287708047, 3.4868594240503317, 2.6722014810004406, 2.8021144201762853, 1.975]","[5.647139587576179, 4.4420367511569605, 8.895281288772377, 6.0784948707519755]","[5.646363424578962, 2.8043408287708047, 2.4868594240503317, 1.6722014810004406, 1.8021144201762853, 0.9750000000000001]","[4.647139587576179, 3.442036751156961, 7.8952812887723764, 5.0784948707519755]","[14.47785493481785, 7.19061750966873, 6.376562625770081, 4.287696105129335, 4.620806205580219, 2.5]"
908,0,415,True,False,,0.0,1,1,,0,1,22.725914592111366,[22.725914592111366],9.863106690923432,[9.863106690923432],18.714914236035145,0.0,[],8.298816552053708,0.0,0.0,0.0,[8.298816552053708],[],[0.0],[],[18.714914236035145]
908,0,416,True,False,,0.0,2,2,,0,2,14.989597026083231,"[7.322523437382737, 7.667073588700496]",7.8459428401724605,"[3.855784140579267, 3.9901586995931932]",24.314924889291543,0.0,[],11.482820706823702,0.0,0.0,0.0,"[4.4607247856607115, 7.0220959211629905]",[],"[0.0, 0.0]",[],"[8.873653296565926, 15.441271592725617]"
908,0,417,True,False,,0.0,3,3,,0,3,38.323326399634595,"[15.404702149758954, 5.093855741408983, 17.82476850846666]",17.94609729585749,"[7.007833838405992, 2.986603739149503, 7.951659718301999]",15.95547325966997,0.0,[],9.22263457127129,0.0,0.0,0.0,"[2.9357510630361814, 4.196064868509687, 2.0908186397254207]",[],"[0.0, 0.0, 0.0]",[],"[4.963464264195336, 8.195038124383812, 2.796970871090823]"
908,0,418,True,False,,0.0,3,3,,0,3,36.20972678123685,"[7.415175829419105, 19.453255880664507, 9.34129507115324]",17.121793444682375,"[3.891918573473451, 8.586769793459158, 4.643105077749764]",35.035395814735985,0.0,[],16.663804367747037,0.0,0.0,0.0,"[4.870963184340341, 5.290700548637899, 6.502140634768796]",[],"[0.0, 0.0, 0.0]",[],"[9.925546626513695, 11.001796278558714, 14.108052909663579]"
908,0,419,True,True,1.0,5.99,6,6,True,2,8,58.845757704903576,"[13.168949439706303, 2.5, 10.287081464616696, 6.337618249176057, 14.17742352753478, 12.374685023869734]",28.949845504912396,"[6.135890281485458, 1.975, 5.011961771200512, 3.471671117178662, 6.529195175738564, 5.826127159309197]",64.4151961568353,34.20198362923641,"[17.295701099455282, 16.906282529781127]",31.121926501165763,15.3387736154022,25.121926501165763,13.3387736154022,"[7.900557235743947, 4.185293921761222, 5.655566994866035, 6.89432991869739, 3.558604616295739, 2.9275738138014313]","[7.74532342878756, 7.59345018661464]","[6.900557235743947, 3.1852939217612213, 4.655566994866035, 5.89432991869739, 2.558604616295739, 1.9275738138014311]","[6.74532342878756, 6.59345018661464]","[17.693736501907555, 8.16742031220826, 11.93735126888727, 15.113666458198436, 6.560524657168561, 4.942496958465208]"
908,0,420,True,False,,0.0,2,2,,0,2,17.05441120457257,"[9.821990707008055, 7.232420497564516]",8.651220369783303,"[4.830576375733141, 3.8206439940501613]",11.002714730293668,0.0,[],6.291058744814531,0.0,0.0,0.0,"[4.004996379738644, 2.286062365075887]",[],"[0.0, 0.0]",[],"[7.705118922406779, 3.29759580788689]"
908,0,421,True,True,1.0,5.99,5,5,True,1,6,65.34635453366008,"[11.695400564497051, 2.5, 25.891334122961343, 17.737061645299118, 7.522558200902569]",30.485078268127435,"[5.56120622015385, 1.975, 11.097620307954925, 7.917454041666656, 3.933797698352002]",37.76152066369815,9.264551505112793,[9.264551505112793],19.72699305884228,4.613175086993989,14.726993058842279,3.6131750869939894,"[2.833910444070621, 3.2295388956936555, 6.289271987137073, 4.339221551499161, 3.0350501804417673]",[4.613175086993989],"[1.833910444070621, 2.2295388956936555, 5.289271987137073, 3.3392215514991612, 2.0350501804417673]",[3.6131750869939894],"[4.702334471975951, 5.716766399214501, 13.562235864454031, 8.562106542305541, 5.218077385748121]"
908,0,422,True,False,,0.0,3,3,,0,3,28.531078049060433,"[8.940945053033388, 13.304579548282579, 6.285553447744464]",14.127120439133568,"[4.486968570683022, 6.188786023830206, 3.451365844620341]",26.878193741309612,0.0,[],13.482495559110749,0.0,0.0,0.0,"[3.7472780651513005, 5.22926485893212, 4.505952635027329]",[],"[0.0, 0.0, 0.0]",[],"[7.04430273115718, 10.844268869056716, 8.989622141095715]"
908,0,423,True,True,1.0,5.99,5,5,True,1,6,52.155283426457245,"[15.717068120607317, 14.902572117119503, 7.103803157305755, 3.7305697103244158, 10.701270321100251]",25.340560536318325,"[7.129656567036854, 6.812003125676606, 3.7704832313492447, 2.454922187026522, 5.173495425229098]",47.7017230961074,6.32421805851179,[6.32421805851179],23.60367200748189,3.4664450428195983,18.603672007481887,2.4664450428195983,"[7.426598971787654, 5.699673681718022, 2.2304929096985537, 4.719512547781682, 3.5273938964959752]",[3.4664450428195983],"[6.426598971787654, 4.699673681718022, 1.2304929096985535, 3.719512547781682, 2.5273938964959752]",[2.4664450428195983],"[16.478458902019625, 12.050445337738518, 3.155110024868086, 9.537211660978672, 6.4804971705025]"
908,0,424,True,False,,0.0,3,3,,0,3,23.95157471823741,"[2.7750022820060405, 4.457701337066675, 16.718871099164694]",12.341114140112591,"[2.0822508899823555, 2.7385035214560034, 7.520359728674231]",18.79937158663286,0.0,[],10.331754918786814,0.0,0.0,0.0,"[2.8118250678716383, 4.74109057934478, 2.778839271570396]",[],"[0.0, 0.0, 0.0]",[],"[4.64570530223497, 9.592539947037897, 4.5611263373599895]"
908,0,425,True,False,,0.0,4,4,,0,4,46.549376798742244,"[6.675381564940764, 8.179171336403886, 7.903986748085029, 23.790837149312566]",22.154256951509474,"[3.603398810326898, 4.189876821197515, 4.0825548317531615, 10.2784264882319]",49.36837588251095,0.0,[],23.253666594179272,0.0,0.0,0.0,"[10.463972814700295, 4.266020416758392, 4.10594347442019, 4.417729888300395]",[],"[0.0, 0.0, 0.0, 0.0]",[],"[24.266596960769984, 8.374411325021518, 7.963957626718436, 8.763409970001012]"
908,0,426,True,False,,0.0,3,3,,0,3,34.66056035424617,"[13.568999984159838, 12.460068130063533, 8.631492240022801]",16.517618538156007,"[6.291909993822337, 5.859426570724778, 4.366281973608892]",39.470090320304486,0.0,[],18.39333522491875,0.0,0.0,0.0,"[9.72398167724303, 4.884976666282629, 3.7843768813930914]",[],"[0.0, 0.0, 0.0]",[],"[22.36918378780264, 9.961478631493922, 7.1394279010079265]"
908,0,427,True,True,1.0,5.99,5,5,True,2,7,35.14909733658105,"[8.119130097739053, 8.72346405794859, 10.618266555378163, 5.188236625515248, 2.5]",18.70814796126661,"[4.16646073811823, 4.4021509825999505, 5.141123956597484, 3.0234122839509467, 1.975]",36.170644018066014,22.79613636270611,"[4.561130240631482, 18.23500612207463]",19.106551167045748,10.890493181455383,14.106551167045748,8.890493181455383,"[5.980027369567421, 4.208510882210172, 2.0211430282774083, 3.742483448086296, 3.154386438904449]","[2.7788407938462782, 8.111652387609105]","[4.980027369567421, 3.208510882210172, 1.0211430282774085, 2.742483448086296, 2.154386438904449]","[1.778840793846278, 7.111652387609106]","[12.769300947608771, 8.226950980026082, 2.6183154571215606, 7.032008841246912, 5.52406779206269]"
908,0,428,True,False,,0.0,4,4,,0,4,37.40050401535548,"[8.229984157388737, 4.832159027964967, 13.857118076208236, 10.481242753793538]",18.586196565988637,"[4.209693821381608, 2.8845420209063373, 6.404276049721212, 5.08768467397948]",22.869370726611372,0.0,[],12.919054583378434,0.0,0.0,0.0,"[3.9230536021956652, 3.5802500448607524, 3.1035573006115946, 2.312193635710422]",[],"[0.0, 0.0, 0.0, 0.0]",[],"[7.495009236399142, 6.616025756053211, 5.393736668234858, 3.3645990659241587]"
908,0,429,True,False,,0.0,3,3,,0,3,29.530320857727165,"[10.362304704813496, 12.633138979156119, 6.53487717375755]",14.516825134513594,"[5.041298834877264, 5.926924201870887, 3.548602097765445]",20.241979639372428,0.0,[],10.894372059355248,0.0,0.0,0.0,"[2.059585801080525, 2.6219809285455478, 6.212805329729175]",[],"[0.0, 0.0, 0.0]",[],"[2.716886669437242, 4.158925457809096, 13.36616751212609]"
908,0,430,True,False,,0.0,3,3,,0,3,25.232689119440256,"[7.2263099841253835, 4.115213672584537, 13.891165462730335]",12.8407487565817,"[3.8182608938088998, 2.6049333323079695, 6.417554530464831]",38.555947029642844,0.0,[],18.03681934156071,0.0,0.0,0.0,"[4.781490263258766, 6.923525969635798, 6.331803108666146]",[],"[0.0, 0.0, 0.0]",[],"[9.69612888015068, 15.188528127271276, 13.671290022220887]"
908,0,431,True,False,,0.0,3,3,,0,3,26.54213425851497,"[13.505292568085643, 7.679473024047095, 5.35736866638223]",13.351432360820837,"[6.267064101553401, 3.994994479378367, 3.08937377988907]",22.65597771676115,0.0,[],11.835831309536847,0.0,0.0,0.0,"[3.171711235406979, 2.7025177852300812, 5.961602288899788]",[],"[0.0, 0.0, 0.0]",[],"[5.568490347197382, 4.36543021853867, 12.722057151025096]"
908,0,432,True,False,,0.0,4,4,,0,4,28.331927685183658,"[11.429408301533943, 6.088636461275324, 3.8385428502476646, 6.975340072126726]",15.049451797221627,"[5.457469237598238, 3.3745682198973763, 2.4970317115965894, 3.7203826281294234]",27.274076640170453,0.0,[],14.636889889666474,0.0,0.0,0.0,"[4.159160570650046, 2.132165813008039, 5.61403600131467, 2.7315275046937204]",[],"[0.0, 0.0, 0.0, 0.0]",[],"[8.100411719615504, 2.9029892641231774, 11.830861541832487, 4.439814114599282]"
908,0,433,True,True,1.0,5.99,7,7,True,2,9,42.69940175851357,"[6.1182476384380555, 9.008895750146003, 9.905782340800341, 3.033388422394215, 2.583075561925641, 2.501632246973441, 9.548379797835864]",23.65276668582029,"[3.386116578990842, 4.513469342556942, 4.8632551129121335, 2.183021484733744, 2.007399469151, 1.975636576319642, 4.723868121155987]",82.20162414350645,28.809612924179522,"[6.667630928630577, 22.141981995548946]",39.058633415967506,13.235749040430013,32.05863341596752,11.235749040430013,"[6.348350190135323, 3.5816902936005515, 4.796782449002574, 3.365005972533769, 5.52458904203195, 9.318728806659987, 6.123486662003362]","[3.600376062165925, 9.635372978264089]","[5.348350190135323, 2.5816902936005515, 3.7967824490025737, 2.365005972533769, 4.52458904203195, 8.318728806659987, 5.123486662003362]","[2.600376062165925, 8.635372978264089]","[13.713718436244418, 6.619718701539876, 9.735339612827111, 6.064117878291715, 11.601510364184488, 21.330073863230737, 13.137145287188108]"
908,0,434,True,False,,0.0,1,1,,0,1,9.722199024373944,[9.722199024373944],4.7916576195058385,[4.7916576195058385],3.4482932221070914,0.0,[],2.3448343566217655,0.0,0.0,0.0,[2.3448343566217655],[],[0.0],[],[3.4482932221070914]
908,0,435,True,False,,0.0,3,3,,0,3,19.76109691623335,"[9.64615169046908, 3.202183503878888, 6.912761721885378]",10.706827797331005,"[4.761999159282942, 2.2488515665127666, 3.6959770715352973]",25.020947072571968,0.0,[],12.758169358303068,0.0,0.0,0.0,"[4.485437699874254, 2.632330630630742, 5.640401027798073]",[],"[0.0, 0.0, 0.0]",[],"[8.937019743267316, 4.18546315546344, 11.898464173841212]"
908,0,436,True,False,,0.0,2,2,,0,2,19.160910572330565,"[15.40379364109301, 3.757116931237554]",9.47275512320892,"[7.0074795200262745, 2.465275603182646]",12.549327311471597,0.0,[],6.894237651473922,0.0,0.0,0.0,"[2.1814472829786458, 4.712790368495277]",[],"[0.0, 0.0]",[],"[3.029352007637553, 9.519975303834045]"
908,0,437,True,False,,0.0,3,3,,0,3,20.28505505851345,"[4.7026383096941915, 6.571704048234153, 9.010712700585108]",10.911171472820246,"[2.8340289407807346, 3.56296457881132, 4.514177953228192]",17.846016491016133,0.0,[],9.959946431496292,0.0,0.0,0.0,"[2.277631480047871, 5.707314951448421, 1.975]",[],"[0.0, 0.0, 0.0]",[],"[3.275978153968901, 12.070038337047233, 2.5]"
908,0,438,True,False,,0.0,1,1,,0,1,9.62205331637971,[9.62205331637971],4.752600793388087,[4.752600793388087],8.32353330073054,0.0,[],4.246177987284911,0.0,0.0,0.0,[4.246177987284911],[],[0.0],[],[8.32353330073054]
908,0,439,True,False,,0.0,1,1,,0,1,22.15958101155519,[22.15958101155519],9.642236594506524,[9.642236594506524],7.529808194489604,0.0,[],3.9366251958509455,0.0,0.0,0.0,[3.9366251958509455],[],[0.0],[],[7.529808194489604]
908,0,440,True,False,,0.0,1,1,,0,1,7.543610192084343,[7.543610192084343],3.942007974912894,[3.942007974912894],4.815886061639885,0.0,[],2.8781955640395553,0.0,0.0,0.0,[2.8781955640395553],[],[0.0],[],[4.815886061639885]
908,0,441,True,True,1.0,5.99,6,6,True,0,6,70.89632092950283,"[7.492338549746927, 17.252893906182944, 16.218976529908527, 5.930347898349661, 5.004812631614085, 18.996951413700693]",33.64956516250611,"[3.922012034401302, 7.728628623411349, 7.3254008466643254, 3.312835680356368, 2.951876926329493, 8.408811051343271]",42.10397235548994,0.0,[],22.420549218641078,0.0,16.420549218641078,0.0,"[2.7855485062234524, 7.760419792326035, 3.214789240450857, 3.8595982360748975, 2.3087932444178785, 2.491400199147959]",[],"[1.7855485062234524, 6.760419792326035, 2.214789240450857, 2.8595982360748975, 1.3087932444178783, 1.491400199147959]",[],"[4.578329503137057, 17.33440972391291, 5.678946770386813, 7.332303169422814, 3.3558801138919954, 3.8241030747383564]"
908,0,442,True,True,1.0,5.99,5,5,True,1,6,48.061827686330496,"[15.07294201106425, 12.221207106120838, 4.268200517435407, 9.590736461683688, 6.908741590026316]",23.744112797668894,"[6.8784473843150575, 5.766270771387127, 2.6645982017998087, 4.740387220056638, 3.694409220110263]",39.41600367700221,5.975821684846445,[5.975821684846445],20.37224143403086,3.3305704570901136,15.372241434030862,2.3305704570901136,"[4.513699001591785, 2.4283360337571294, 4.591023065512756, 4.95075472836689, 3.888428604802299]",[3.3305704570901136],"[3.5136990015917853, 1.4283360337571296, 3.5910230655127564, 3.9507547283668902, 2.888428604802299]",[2.3305704570901136],"[9.009484619466116, 3.6624000865567425, 9.207751450032708, 10.130140329145872, 7.406227191800767]"
908,0,443,True,False,,0.0,1,1,,0,1,24.938122679919893,[24.938122679919893],10.725867845168759,[10.725867845168759],17.755465603061577,0.0,[],7.924631585194015,0.0,0.0,0.0,[7.924631585194015],[],[0.0],[],[17.755465603061577]
908,0,444,True,False,,0.0,2,2,,0,2,16.899267531638756,"[11.91532688833907, 4.983940643299684]",8.590714337339115,"[5.646977486452237, 2.943736850886877]",20.71444164668756,0.0,[],10.07863224220815,0.0,0.0,0.0,"[6.152156840429388, 3.926475401778761]",[],"[0.0, 0.0]",[],"[13.210658565203559, 7.503783081484002]"
908,0,445,True,False,,0.0,1,1,,0,1,3.092325361680287,[3.092325361680287],2.2060068910553117,[2.2060068910553117],9.960377470215143,0.0,[],4.884547213383906,0.0,0.0,0.0,[4.884547213383906],[],[0.0],[],[9.960377470215143]
908,0,446,True,False,,0.0,1,1,,0,1,2.5,[2.5],1.975,[1.975],6.0452754315499835,0.0,[],3.357657418304494,0.0,0.0,0.0,[3.357657418304494],[],[0.0],[],[6.0452754315499835]
908,0,447,True,False,,0.0,1,1,,0,1,6.944322440401945,[6.944322440401945],3.7082857517567587,[3.7082857517567587],10.217818438483016,0.0,[],4.9849491910083765,0.0,0.0,0.0,[4.9849491910083765],[],[0.0],[],[10.217818438483016]
908,0,448,True,False,,0.0,3,3,,0,3,40.69058440594742,"[7.1754556450614935, 22.85311829291589, 10.662010467970038]",18.869327918319495,"[3.7984277015739827, 9.912716134237197, 5.158184082508315]",22.80381057283478,0.0,[],11.893486123405566,0.0,0.0,0.0,"[5.297800565906552, 3.158863034412866, 3.436822523086147]",[],"[0.0, 0.0, 0.0]",[],"[11.020001451042441, 5.535546242084272, 6.2482628797080695]"
908,0,449,True,False,,0.0,3,3,,0,3,23.943161608744226,"[8.269910393222224, 12.498010154066414, 3.175241061455586]",12.337833027410246,"[4.225265053356667, 5.874223960085901, 2.2383440139676787]",22.90224473282838,0.0,[],11.931875445803069,0.0,0.0,0.0,"[3.3940638230742772, 3.5023821903651347, 5.035429432363657]",[],"[0.0, 0.0, 0.0]",[],"[6.138625187369941, 6.416364590679833, 10.347254954778606]"
908,0,450,True,True,1.0,5.99,5,5,True,4,9,36.0615708016698,"[2.6652740701680293, 7.3004946876554015, 11.607467497904432, 11.988334545941937, 2.5]",19.064012612651222,"[2.0394568873655317, 3.8471929281856068, 5.526912324182729, 5.675450472917356, 1.975]",70.46405286363868,37.85433312824151,"[2.9348766831568747, 8.581262738692894, 18.700274614173228, 7.637919092218513]",32.48098061681909,18.76318992001419,27.48098061681909,14.76318992001419,"[7.523154409742329, 5.095316522429771, 6.059209354171247, 5.656429671109407, 8.146870659366334]","[2.1446019064311814, 4.346692468090229, 8.29310709952756, 3.97878844596522]","[6.523154409742329, 4.095316522429771, 5.059209354171247, 4.656429671109407, 7.146870659366334]","[1.1446019064311812, 3.346692468090229, 7.2931070995275595, 2.97878844596522]","[16.726036948057253, 10.50081159597377, 12.97233167736217, 11.93956325925489, 18.3253093829906]"
908,0,451,True,False,,0.0,4,4,,0,4,33.28318554660093,"[4.471425539210023, 7.412214008815273, 18.89954599857564, 2.5]",16.980442363174365,"[2.743855960291909, 3.890763463437956, 8.3708229394445, 1.975]",29.154032109358297,0.0,[],15.370072522649737,0.0,0.0,0.0,"[5.703718381530928, 3.275957070686012, 4.415397070432798, 1.975]",[],"[0.0, 0.0, 0.0, 0.0]",[],"[12.060816362899814, 5.835787360733364, 8.757428385725122, 2.5]"
908,0,452,True,False,,0.0,3,3,,0,3,31.936149463646533,"[10.692872810329852, 8.495971370653532, 12.747305282663149]",15.455098290822148,"[5.170220396028642, 4.313428834554878, 5.971449060238628]",32.6599184146855,0.0,[],15.737368181727344,0.0,0.0,0.0,"[7.277062083033223, 3.9765328719515582, 4.483773226742564]",[],"[0.0, 0.0, 0.0]",[],"[16.095030982136468, 7.632135569106559, 8.932751863442471]"
908,0,453,True,False,,0.0,2,2,,0,2,12.254364825088125,"[8.893187180204038, 3.361177644884087]",6.779202281784368,"[4.4683430002795745, 2.310859281504794]",14.172054742739249,0.0,[],7.527101349668307,0.0,0.0,0.0,"[4.215962135508187, 3.3111392141601197]",[],"[0.0, 0.0]",[],"[8.246056757713301, 5.925997985025948]"
908,0,454,True,False,,0.0,3,3,,0,3,21.69315766918401,"[3.912305784934567, 7.301393205256351, 10.479458678993092]",11.460331490981766,"[2.5257992561244813, 3.847543350049977, 5.086988884807306]",18.58851364884226,0.0,[],10.24952032304848,0.0,0.0,0.0,"[2.195346281411664, 3.076182231173092, 4.977991810463725]",[],"[0.0, 0.0, 0.0]",[],"[3.064990465158113, 5.323544182495107, 10.199979001189037]"
908,0,455,True,True,1.0,5.99,5,5,True,4,9,46.17995271592557,"[10.957922877922138, 2.759502270629994, 8.804841212664067, 7.857038816920104, 15.800647537789269]",23.010181559210974,"[5.273589922389634, 2.076205885545698, 4.433888072938986, 4.0642451385988405, 7.162252539737815]",39.73511908143426,39.85452368566595,"[10.095413729101107, 11.232248945098403, 6.227747268494104, 12.299113742972342]",20.496696441759365,19.543264237409723,15.496696441759367,15.543264237409723,"[4.682838080418189, 2.940791068038336, 3.1762702060571075, 6.164567139355445, 3.5322299478902877]","[4.937211354349432, 5.380577088588377, 3.4288214347127006, 5.796654359759214]","[3.682838080418189, 1.9407910680383358, 2.1762702060571075, 5.164567139355445, 2.5322299478902877]","[3.937211354349432, 4.380577088588377, 2.4288214347127006, 4.796654359759214]","[9.443174565174843, 4.9763873539444505, 5.580180015531045, 13.24247984450114, 6.492897302282788]"
908,0,456,True,False,,0.0,2,2,,0,2,13.094292905624446,"[7.811144373217575, 5.283148532406871]",7.1067742331935335,"[4.046346305554854, 3.06042792763868]",18.62165261443319,0.0,[],9.262444519628945,0.0,0.0,0.0,"[3.191314353277157, 6.071130166351788]",[],"[0.0, 0.0]",[],"[5.618754751992711, 13.00289786244048]"
908,0,457,True,False,,0.0,4,4,,0,4,47.43435139773297,"[7.16046318959285, 6.494043172502242, 23.75124820725916, 10.028596828378717]",22.499397045115856,"[3.7925806439412115, 3.532676837275875, 10.262986800831072, 4.911152763067699]",33.25005750717399,0.0,[],16.96752242779786,0.0,0.0,0.0,"[7.007155897326289, 2.3792713989316345, 4.170376165060965, 3.4107189664789694]",[],"[0.0, 0.0, 0.0, 0.0]",[],"[15.402963839298176, 3.5365933305939343, 8.129169654002473, 6.181330683279408]"
908,0,458,True,False,,0.0,4,4,,0,4,34.86918936198928,"[8.706111961645737, 13.31685097543755, 7.217595262050889, 5.628631162855101]",17.59898385117582,"[4.395383665041837, 6.193571880420644, 3.8148621521998467, 3.1951661535134894]",31.54725002282577,0.0,[],16.30342750890205,0.0,0.0,0.0,"[3.2724736754829458, 6.456549358820042, 1.975, 4.599404474599064]",[],"[0.0, 0.0, 0.0, 0.0]",[],"[5.8268555781614, 13.991152202102672, 2.5, 9.229242242561702]"
908,0,459,True,False,,0.0,3,3,,0,3,21.570490033530998,"[11.329385497807285, 6.176924068905841, 4.064180466817871]",11.412491113077088,"[5.418460344144841, 3.409000386873278, 2.58503038205897]",20.813834502888437,0.0,[],11.117395456126491,0.0,0.0,0.0,"[2.308877806014561, 3.1029257711432017, 5.705591878968728]",[],"[0.0, 0.0, 0.0]",[],"[3.3560969384988746, 5.392117361905645, 12.065620202483917]"
908,0,460,True,False,,0.0,3,3,,0,3,25.66072588839123,"[11.102539793431982, 8.731291635939916, 5.826894459019332]",13.00768309647258,"[5.329990519438473, 4.405203738016567, 3.2724888390175395]",39.15940752291468,0.0,[],18.272168933936726,0.0,0.0,0.0,"[5.751179212155464, 2.7917175594509964, 9.729272162330265]",[],"[0.0, 0.0, 0.0]",[],"[12.182510800398626, 4.594147588335888, 22.382749134180166]"
908,0,461,True,False,,0.0,2,2,,0,2,17.5941798019608,"[6.880916009043688, 10.713263792917111]",8.861730122764712,"[3.683557243527038, 5.178172879237674]",21.701070631220773,0.0,[],10.463417546176101,0.0,0.0,0.0,"[7.575716519529695, 2.8877010266464067]",[],"[0.0, 0.0]",[],"[16.86081158853768, 4.840259042683094]"
908,0,462,True,False,,0.0,4,4,,0,4,28.827666428131813,"[11.642384215077605, 5.167714750294017, 7.82512416181248, 4.192443300947713]",15.242789906971407,"[5.540529843880266, 3.015408752614667, 4.051798423106867, 2.635052887369608]",34.70157509262704,0.0,[],17.533614286124546,0.0,0.0,0.0,"[2.7750040567836765, 3.0818552812214635, 2.8494889440639795, 8.827266004055428]",[],"[0.0, 0.0, 0.0, 0.0]",[],"[4.551292453291478, 5.338090464670419, 4.742279343753793, 20.069912830911353]"
908,0,463,True,False,,0.0,2,2,,0,2,20.74434945751105,"[14.477805957179715, 6.266543500331333]",10.09029628842931,"[6.646344323300089, 3.44395196512922]",10.72708496273157,0.0,[],6.183563135465312,0.0,0.0,0.0,"[2.7339540454129354, 3.449609090052377]",[],"[0.0, 0.0]",[],"[4.446036013879321, 6.2810489488522485]"
908,0,464,True,False,,0.0,2,2,,0,2,20.28093327449223,"[8.20945501872115, 12.071478255771082]",9.90956397705197,"[4.201687457301248, 5.707876519750722]",14.443162514287064,0.0,[],7.632833380571954,0.0,0.0,0.0,"[2.8296905734469107, 4.8031428071250435]",[],"[0.0, 0.0]",[],"[4.691514290889514, 9.751648223397549]"
908,0,465,True,True,1.0,5.99,7,4,,4,11,24.785206837842477,"[8.465109351564292, 4.073971424223913, 4.843190260269726, 7.402935801784548]",13.666230666758567,"[4.301392647110074, 2.588848855447326, 2.888844201505193, 3.8871449626959738]",38.156077833659005,40.334005673931266,"[15.392643474358886, 9.926270417607475, 13.084437628565684, 1.9306541533992212]",18.880870355127016,19.730262212833193,14.880870355127012,15.730262212833193,"[4.101127188949086, 7.304511276135496, 5.50023189004243, 1.975]","[7.003130954999966, 4.871245462866915, 6.102930675140617, 1.7529551198256963]","[3.1011271889490857, 6.304511276135496, 4.50023189004243, 0.9750000000000001]","[6.003130954999966, 3.871245462866915, 5.102930675140617, 0.7529551198256963]","[7.9516081767925275, 16.165413528552552, 11.539056128313923, 2.5]"
908,0,466,True,False,,0.0,4,4,,0,4,33.32211078770719,"[5.504832618442169, 13.296709302153824, 12.020568867111194, 2.5]",16.995623207205803,"[3.1468847211924458, 6.185716627839992, 5.688021858173366, 1.975]",48.120536515417506,0.0,[],22.76700924101283,0.0,0.0,0.0,"[4.091213383555456, 5.743056481639112, 5.841065086824046, 7.0916742889942155]",[],"[0.0, 0.0, 0.0, 0.0]",[],"[7.926188162962706, 12.161683286254132, 12.412987402112938, 15.619677664087732]"
908,0,467,True,False,,0.0,1,1,,0,1,3.603710085940766,[3.603710085940766],2.405446933516899,[2.405446933516899],5.327443202214607,0.0,[],3.077702848863697,0.0,0.0,0.0,[3.077702848863697],[],[0.0],[],[5.327443202214607]
908,0,468,True,False,,0.0,2,2,,0,2,29.58717815440751,"[12.297901046556362, 17.28927710785115]",13.53899948021893,"[5.796181408156981, 7.742818072061948]",20.757959524233723,0.0,[],10.095604214451152,0.0,0.0,0.0,"[7.079960454547345, 3.0156437599038064]",[],"[0.0, 0.0]",[],"[15.589642191147039, 5.168317333086683]"
908,0,469,True,True,1.0,5.99,5,5,True,1,6,45.30984876273476,"[5.90722451430582, 3.7787473226016304, 18.950916201808038, 14.168284405609427, 2.5046763184098446]",22.670841017466557,"[3.30381756057927, 2.4737114558146356, 8.390857318705134, 6.525630918187677, 1.9768237641798394]",31.58509446205917,12.463487078645464,[12.463487078645464],17.318186840203076,5.860759960671731,12.318186840203076,4.860759960671731,"[4.653153569768419, 1.975, 2.2795224373761744, 5.4133941888175965, 2.9971166442408865]",[5.860759960671731],"[3.653153569768419, 0.9750000000000001, 1.2795224373761744, 4.4133941888175965, 1.9971166442408863]",[4.860759960671731],"[9.367060435303639, 2.5, 3.280826762503011, 11.316395355942555, 5.120811908309965]"
908,0,470,True,True,1.0,5.99,5,5,True,1,6,56.88680991935757,"[6.962103156099426, 19.79321108096898, 11.517211526019272, 3.5372431540120006, 15.077041002257884]",27.185855868549453,"[3.715220230878776, 8.719352321577903, 5.4917124951475165, 2.37952483006468, 6.880045990880575]",36.47444970641526,5.661365498979048,[5.661365498979048],19.225035385501947,3.207932544601829,14.225035385501949,2.207932544601829,"[3.546656298977373, 3.561140935264576, 1.975, 4.964173292322215, 5.178064858937784]",[3.207932544601829],"[2.546656298977373, 2.561140935264576, 0.9750000000000001, 3.9641732923222155, 4.178064858937784]",[2.207932544601829],"[6.529887946095828, 6.567028039139938, 2.5, 10.164546903390296, 10.71298681778919]"
908,0,471,True,False,,0.0,4,4,,0,4,67.54248007936593,"[20.351945031205485, 10.461053665787652, 25.679696066779446, 11.049785315593342]",30.341567230952712,"[8.93725856217014, 5.079810929657184, 11.015081466043984, 5.309416273081403]",47.203692400928475,0.0,[],22.409440036362106,0.0,0.0,0.0,"[4.02068697716313, 12.628686063021828, 1.975, 3.785066996177146]",[],"[0.0, 0.0, 0.0, 0.0]",[],"[7.7453512234952075, 29.81714375133802, 2.5, 7.141197426095246]"
908,0,472,True,False,,0.0,1,1,,0,1,14.227156420531427,[14.227156420531427],6.548591004007257,[6.548591004007257],11.482595302846335,0.0,[],5.478212168110071,0.0,0.0,0.0,[5.478212168110071],[],[0.0],[],[11.482595302846335]
908,0,473,True,False,,0.0,2,2,,0,2,15.640802388187694,"[9.497332658379648, 6.143469729808047]",8.099912931393202,"[4.703959736768063, 3.3959531946251387]",10.05068507012113,0.0,[],5.919767177347241,0.0,0.0,0.0,"[3.7863136834110933, 2.1334534939361482]",[],"[0.0, 0.0]",[],"[7.144394060028444, 2.906291010092687]"
908,0,474,True,False,,0.0,1,1,,0,1,25.907167780474943,[25.907167780474943],11.103795434385228,[11.103795434385228],4.3981266504124905,0.0,[],2.715269393660871,0.0,0.0,0.0,[2.715269393660871],[],[0.0],[],[4.3981266504124905]
908,0,475,True,True,1.0,5.99,6,6,True,0,6,64.26647730749237,"[12.007714759534696, 17.527929479166282, 6.763816354114725, 3.5377394794156474, 17.128216233716167, 7.301061001544851]",31.063926149922025,"[5.683008756218531, 7.83589249687485, 3.637888378104743, 2.3797183969721027, 7.680004331149306, 3.847413790602492]",56.259781216828465,0.0,[],27.941314674563102,0.0,21.941314674563102,0.0,"[9.804442803814839, 3.72747392188254, 4.060249675850125, 2.2164376628546503, 2.7921135736474163, 5.340597036513532]",[],"[8.804442803814839, 2.72747392188254, 3.060249675850125, 1.2164376628546503, 1.7921135736474163, 4.340597036513532]",[],"[22.575494368755997, 6.993522876621897, 7.846794040641346, 3.119070930396539, 4.5951630093523494, 11.129735991060338]"
908,0,476,True,False,,0.0,4,4,,0,4,42.78074292305499,"[7.0938777242616045, 19.515250284819103, 3.105512714659951, 13.066102199314328]",20.684489739991445,"[3.766612312462026, 8.61094761107945, 2.211149958717381, 6.095779857732588]",30.386346921626206,0.0,[],15.85067529943422,0.0,0.0,0.0,"[2.1716713837977197, 5.611658989318128, 1.975, 6.092344926318372]",[],"[0.0, 0.0, 0.0, 0.0]",[],"[3.0042855994813324, 11.824766639277252, 2.5, 13.05729468286762]"
908,0,477,True,False,,0.0,4,4,,0,4,40.86660838591936,"[9.399088245627198, 6.84013371720583, 7.999401215076445, 16.627985208009893]",19.937977270508554,"[4.665644415794607, 3.667652149710274, 4.119766473879814, 7.484914231123859]",45.83618151831809,0.0,[],21.876110792144058,0.0,0.0,0.0,"[6.812616177685423, 4.986014030657269, 6.025090979504937, 4.0523896042964305]",[],"[0.0, 0.0, 0.0, 0.0]",[],"[14.904144045347238, 10.220548796557098, 12.884848665397275, 7.826640011016488]"
908,0,478,True,False,,0.0,3,3,,0,3,31.426027434211356,"[2.5, 25.216075483328773, 3.7099519508825822]",15.256150699342427,"[1.975, 10.834269438498222, 2.446881260844207]",26.230913293421253,0.0,[],13.230056184434288,0.0,0.0,0.0,"[9.280056184434288, 1.975, 1.975]",[],"[0.0, 0.0, 0.0]",[],"[21.230913293421253, 2.5, 2.5]"
908,0,479,True,False,,0.0,4,4,,0,4,32.13151059276557,"[4.071044687827546, 5.372608464110638, 2.5, 20.187857440827386]",16.531289131178575,"[2.5877074282527426, 3.095317301003149, 1.975, 8.87326440192268]",28.056775114562644,0.0,[],14.942142294679433,0.0,0.0,0.0,"[3.93567309921245, 3.685893980577479, 4.093740972437513, 3.2268342424519907]",[],"[0.0, 0.0, 0.0, 0.0]",[],"[7.527366921057563, 6.886907642506356, 7.932669160096187, 5.70983139090254]"
908,0,480,True,False,,0.0,4,4,,0,4,43.004134372509256,"[7.761729522396817, 4.374936962314815, 12.327871574304716, 18.539596313492904]",20.77161240527861,"[4.0270745137347586, 2.706225415302778, 5.8078699139788394, 8.230442562262233]",53.090292717519574,0.0,[],24.705214159832636,0.0,0.0,0.0,"[3.2486750499416845, 5.597129558753734, 6.1266910196689714, 9.732718531468246]",[],"[0.0, 0.0, 0.0, 0.0]",[],"[5.765833461388935, 11.787511689112137, 13.145361588894799, 22.391585978123704]"
908,0,481,True,False,,0.0,4,4,,0,4,28.690687729212364,"[13.204123925050432, 6.906365547201033, 2.5727703217069977, 6.007427935253899]",15.189368214392822,"[6.149608330769668, 3.693482563408403, 2.0033804254657293, 3.3428968947490207]",30.646072839690625,0.0,[],15.951968407479345,0.0,0.0,0.0,"[4.534612702484828, 5.130558287222932, 3.885601235480507, 2.401196182291076]",[],"[0.0, 0.0, 0.0, 0.0]",[],"[9.06310949355084, 10.591175095443417, 7.398977526873094, 3.5928107238232716]"
908,0,482,True,False,,0.0,3,3,,0,3,25.47204783119021,"[2.5841558060906893, 14.07965850872057, 8.80823351637895]",12.934098654164181,"[2.007820764375369, 6.4910668184010225, 4.435211071387791]",24.002710626222672,0.0,[],12.361057144226843,0.0,0.0,0.0,"[5.1035697828640725, 5.2824873613627705, 1.975]",[],"[0.0, 0.0, 0.0]",[],"[10.52197380221557, 10.980736824007103, 2.5]"
908,0,483,True,False,,0.0,1,1,,0,1,13.6454052471546,[13.6454052471546],6.3217080463902935,[6.3217080463902935],12.20526379507556,0.0,[],5.760052880079469,0.0,0.0,0.0,[5.760052880079469],[],[0.0],[],[12.20526379507556]
908,0,484,True,False,,0.0,2,2,,0,2,19.606582866630603,"[7.72424668720754, 11.882336179423064]",9.646567317985935,"[4.01245620801094, 5.634111109974995]",25.134090789514474,0.0,[],11.802295407910645,0.0,0.0,0.0,"[2.726078053068776, 9.07621735484187]",[],"[0.0, 0.0]",[],"[4.42584116171481, 20.708249627799663]"
908,0,485,True,False,,0.0,1,1,,0,1,3.8673912092338307,[3.8673912092338307],2.5082825716011943,[2.5082825716011943],14.256166641987765,0.0,[],6.5599049903752285,0.0,0.0,0.0,[6.5599049903752285],[],[0.0],[],[14.256166641987765]
908,0,486,True,False,,0.0,3,3,,0,3,26.405766445773146,"[7.096065752356771, 15.329512251065365, 3.9801884423510105]",13.298248913851529,"[3.7674656434191407, 6.978509777915493, 2.5522734925168944]",24.552923921759824,0.0,[],12.575640329486333,0.0,0.0,0.0,"[2.7690433114222506, 7.67043685491948, 2.136160163144601]",[],"[0.0, 0.0, 0.0]",[],"[4.5360084908262825, 17.10368424338328, 2.91323118755026]"
908,0,487,True,False,,0.0,3,3,,0,3,19.598208510736622,"[6.799881967341339, 6.915302534181706, 5.883024009213578]",10.643301319187284,"[3.6519539672631223, 3.6969679883308655, 3.2943793635932956]",16.319051209710295,0.0,[],9.364429971787015,0.0,0.0,0.0,"[3.9649944247702744, 3.420192045840176, 1.9792435011765646]",[],"[0.0, 0.0, 0.0]",[],"[7.6025498071032676, 6.205620630359426, 2.5108807722476016]"
908,0,488,True,True,1.0,5.99,5,1,,2,7,7.901577874730112,[7.901577874730112],4.081615371144744,[4.081615371144744],10.187640485101163,13.963685607026385,"[6.313693399857705, 7.64999220716868]",4.973179789189453,7.4458373867402905,3.973179789189454,5.4458373867402905,[4.973179789189453],"[3.462340425944505, 3.9834969607957853]",[3.973179789189454],"[2.462340425944505, 2.9834969607957853]",[10.187640485101163]
908,0,489,True,True,1.0,5.99,5,5,True,1,6,45.02302388604833,"[9.626392085344444, 12.340389830717823, 9.440273656928436, 8.67319927920324, 4.942769033854382]",22.558979315558844,"[4.754292913284333, 5.812752033979951, 4.681706726202091, 4.382547718889263, 2.927679923203209]",80.14095030290495,14.22689395558327,[14.22689395558327],36.25497061813294,6.5484886426774755,31.254970618132937,5.5484886426774755,"[6.311841431633626, 6.836305329519107, 4.818823909260765, 5.051460732241097, 13.23653921547834]",[6.5484886426774755],"[5.311841431633626, 5.836305329519107, 3.8188239092607654, 4.051460732241097, 12.23653921547834]",[5.5484886426774755],"[13.620106234958014, 14.964885460305403, 9.791856177591706, 10.388360851900247, 31.375741578149587]"
908,0,490,True,False,,0.0,1,1,,0,1,2.5,[2.5],1.975,[1.975],8.81138430544203,0.0,[],4.436439879122391,0.0,0.0,0.0,[4.436439879122391],[],[0.0],[],[8.81138430544203]
908,0,491,True,False,,0.0,3,3,,0,3,44.306557474392875,"[16.872887811796772, 19.3467536619427, 8.086916000653407]",20.279557415013223,"[7.580426246600742, 8.545233928157653, 4.153897240254828]",31.06036636638683,0.0,[],15.113542882890865,0.0,0.0,0.0,"[2.4342332981755845, 5.4636186546911425, 7.215690930024138]",[],"[0.0, 0.0, 0.0]",[],"[3.6775212773732933, 11.445176037669595, 15.937669051343944]"
908,0,492,True,True,1.0,5.99,7,7,True,2,9,65.77998546533077,"[8.179369569053014, 8.8004689412307, 11.580911850003558, 7.562641467454729, 5.263671498005738, 17.0272935655473, 7.365628574035729]",32.654194331479,"[4.1899541319306755, 4.432182887079973, 5.516555621501388, 3.9494301723073444, 3.052831884222238, 7.640644490563447, 3.8725951438739346]",69.9506567521019,24.025831620498977,"[11.964716456503034, 12.061115163995943]",34.28075613331974,11.370074331994601,27.280756133319745,9.370074331994601,"[5.069648826914768, 4.955559292288713, 6.468554667463362, 4.1586063468506325, 5.885239659080538, 4.887269015472592, 2.85587832524914]","[5.6662394180361835, 5.703834913958418]","[4.069648826914768, 3.9555592922887137, 5.468554667463362, 3.158606346850632, 4.885239659080538, 3.887269015472592, 1.8558783252491402]","[4.6662394180361835, 4.703834913958418]","[10.434996992089147, 10.142459723817215, 14.021935044777852, 8.098990632950338, 12.526255536103944, 9.967356449929722, 4.758662372433693]"
908,0,493,True,False,,0.0,2,2,,0,2,22.44829485102678,"[7.937743904334278, 14.510550946692504]",10.754834991900445,"[4.095720122690368, 6.659114869210077]",11.163382433388106,0.0,[],6.353719149021361,0.0,0.0,0.0,"[3.534484456538051, 2.8192346924833105]",[],"[0.0, 0.0]",[],"[6.498678093687309, 4.664704339700797]"
908,0,494,True,False,,0.0,2,2,,0,2,12.357348596102815,"[9.204859116312837, 3.152489479789978]",6.819365952480098,"[4.589895055362007, 2.2294708971180914]",13.935803149313372,0.0,[],7.434963228232215,0.0,0.0,0.0,"[1.975, 5.4599632282322155]",[],"[0.0, 0.0]",[],"[2.5, 11.435803149313372]"
908,0,495,True,False,,0.0,4,4,,0,4,44.99724411924032,"[20.10169829497799, 6.450671907399753, 3.116734592220864, 15.328139324641711]",21.548925206503725,"[8.839662335041417, 3.515762043885904, 2.2155264909661367, 6.977974336610267]",42.61434182684511,0.0,[],20.619593312469597,0.0,0.0,0.0,"[3.7022353116409588, 3.843462570721156, 5.129095321336678, 7.944800108770803]",[],"[0.0, 0.0, 0.0, 0.0]",[],"[6.928808491387073, 7.290929668515783, 10.587423900863275, 17.80717976607898]"
908,0,496,True,False,,0.0,4,4,,0,4,42.036335435219314,"[6.799316344200648, 13.84133510724139, 14.341126803404354, 7.054557180372921]",20.394170819735532,"[3.6517333742382525, 6.3981206918241424, 6.593039453327698, 3.751277300345439]",44.77916583237081,0.0,[],21.463874674624616,0.0,0.0,0.0,"[3.2996763200399184, 5.273566237029529, 7.453871235403755, 5.436760882151414]",[],"[0.0, 0.0, 0.0, 0.0]",[],"[5.896605948820303, 10.95786214622956, 16.54838778308655, 11.376309954234394]"
908,0,497,True,True,1.0,5.99,5,5,True,2,7,57.10360458223454,"[11.365977807758894, 12.305129507093637, 20.815140921620458, 10.11735634576155, 2.5]",27.270405787071475,"[5.432731345025968, 5.799000507766519, 9.117904959431979, 4.945768974847004, 1.975]",55.83245642870504,19.555962766427818,"[9.3914797430628, 10.16448302336502]",26.77465800719497,9.626825478906849,21.77465800719497,7.62682547890685,"[2.567883151066519, 3.6377190507990775, 5.557195731748829, 9.71779126481921, 5.294068808761335]","[4.662677099794491, 4.964148379112358]","[1.567883151066519, 2.6377190507990775, 4.557195731748829, 8.71779126481921, 4.294068808761335]","[3.6626770997944917, 3.964148379112358]","[4.020213207862869, 6.763382181536096, 11.685117260894433, 22.35331093543387, 11.010432842977782]"
908,0,498,True,False,,0.0,3,3,,0,3,24.167663159682633,"[7.640603725576355, 2.8448081759058335, 13.682251258200445]",12.425388632276228,"[3.9798354529747786, 2.109475188603275, 6.336077990698174]",22.340241542625378,0.0,[],11.712694201623897,0.0,0.0,0.0,"[2.779167731959064, 3.314575076137168, 5.618951393527665]",[],"[0.0, 0.0, 0.0]",[],"[4.561968543484779, 5.9348078875312, 11.843465111609397]"
908,0,499,True,True,1.0,5.99,7,2,,1,8,25.078950722422846,"[9.942814893256495, 15.13613582916635]",11.78079078174491,"[4.8776978083700335, 6.903092973374877]",11.888138100375134,17.967328385285246,[17.967328385285246],6.6363738591463015,8.007258070261246,4.636373859146302,7.007258070261246,"[2.2590991688571584, 4.377274690289143]",[8.007258070261246],"[1.2590991688571587, 3.3772746902891435]",[7.007258070261246],"[3.2284594073260475, 8.659678693049086]"
908,0,500,True,False,,0.0,2,2,,0,2,38.196569746876364,"[20.429159514393294, 17.767410232483066]",16.89666220128178,"[8.967372210613386, 7.929289990668396]",18.151454598156,0.0,[],9.079067293280842,0.0,0.0,0.0,"[5.502833279186074, 3.576234014094767]",[],"[0.0, 0.0]",[],"[11.54572635688737, 6.605728241268633]"
908,0,501,True,False,,0.0,4,4,,0,4,21.124940760726723,"[6.606749871647693, 4.984086712816309, 4.816040983625237, 4.7180631926374845]",12.23872689668342,"[3.5766324499426005, 2.9437938179983605, 2.8782559836138426, 2.8400446451286188]",49.674310437767204,0.0,[],23.372981070729214,0.0,0.0,0.0,"[6.408276085549222, 6.062354328087209, 6.215599206692256, 4.686751450400525]",[],"[0.0, 0.0, 0.0, 0.0]",[],"[13.867374578331336, 12.980395713044125, 13.373331299210912, 9.453208847180834]"
908,0,502,True,False,,0.0,4,4,,0,4,33.762084110061565,"[13.5371741282897, 3.089491365409775, 12.1765784248863, 4.9588401914757965]",17.167212802924013,"[6.279497910032982, 2.204901632509812, 5.748865585705657, 2.9339476746755606]",45.683800315649655,0.0,[],21.81668212310337,0.0,0.0,0.0,"[2.9669334848025217, 4.228980291812778, 1.975, 12.645768346488067]",[],"[0.0, 0.0, 0.0, 0.0]",[],"[5.043419191801338, 8.279436645673789, 2.5, 29.86094447817453]"
908,0,503,True,False,,0.0,3,3,,0,3,30.420789002422193,"[11.00749123320459, 14.458267886173406, 4.9550298830441974]",14.864107710944655,"[5.29292158094979, 6.638724475607629, 2.932461654387237]",23.56199980346655,0.0,[],12.189179923351954,0.0,0.0,0.0,"[4.519713176376326, 4.953573975729951, 2.7158927712456773]",[],"[0.0, 0.0, 0.0]",[],"[9.024905580452119, 10.137369168538335, 4.399725054476095]"
908,0,504,True,False,,0.0,4,4,,0,4,63.54387526987236,"[10.421002437128813, 27.709512273186768, 10.542501036958383, 14.870859522598392]",28.782111355250223,"[5.064190950480237, 11.80670978654284, 5.111575404413769, 6.7996352138133735]",50.72009735070599,0.0,[],23.780837966775337,0.0,0.0,0.0,"[12.232233221803808, 2.6693091620820413, 5.081260906018868, 3.7980346768706195]",[],"[0.0, 0.0, 0.0, 0.0]",[],"[28.800598004625147, 4.280279902774464, 10.464771553894535, 7.174447889411844]"
908,0,505,True,False,,0.0,1,1,,0,1,6.741975299981505,[6.741975299981505],3.629370366992787,[3.629370366992787],6.928124277939189,0.0,[],3.701968468396284,0.0,0.0,0.0,[3.701968468396284],[],[0.0],[],[6.928124277939189]
908,0,506,True,False,,0.0,2,2,,0,2,23.739856665280772,"[18.847386614475337, 4.892470050805436]",11.2585440994595,"[8.35048077964538, 2.90806331981412]",14.145500197796304,0.0,[],7.516745077140559,0.0,0.0,0.0,"[3.6499462986659896, 3.866798778474569]",[],"[0.0, 0.0]",[],"[6.794734099143563, 7.350766098652741]"
908,0,507,True,False,,0.0,2,2,,0,2,16.08645974487429,"[8.04894357178036, 8.037516173093932]",8.273719300500975,"[4.139087992994341, 4.134631307506634]",14.675983920336732,0.0,[],7.7236337289313255,0.0,0.0,0.0,"[1.975, 5.748633728931326]",[],"[0.0, 0.0]",[],"[2.5, 12.175983920336732]"
908,0,508,True,False,,0.0,2,2,,0,2,24.62095484948683,"[9.563676476109308, 15.057278373377521]",11.602172391299863,"[4.72983382568263, 6.872338565617233]",21.369965768119933,0.0,[],10.334286649566774,0.0,0.0,0.0,"[4.33448170432791, 5.999804945238864]",[],"[0.0, 0.0]",[],"[8.549953088020283, 12.820012680099651]"
908,0,509,True,False,,0.0,1,1,,0,1,6.187351387630842,[6.187351387630842],3.413067041176028,[3.413067041176028],4.697401404371525,0.0,[],2.8319865477048944,0.0,0.0,0.0,[2.8319865477048944],[],[0.0],[],[4.697401404371525]
908,0,510,True,False,,0.0,3,3,,0,3,51.3902667520363,"[11.068669482155414, 21.467905758919017, 18.85369151096187]",23.04220403329416,"[5.316781098040612, 9.372483245978417, 8.352939689275129]",36.342689666771946,0.0,[],17.17364897004106,0.0,0.0,0.0,"[6.494533460420677, 4.8740823514019205, 5.805033158218463]",[],"[0.0, 0.0, 0.0]",[],"[14.088547334411993, 9.933544490774153, 12.320597841585801]"
908,0,511,True,True,1.0,5.99,6,6,True,1,7,48.13646251659733,"[7.474261901428211, 18.075428229914838, 2.5, 4.284854887089259, 4.610479413686465, 11.191438084478554]",24.773220381472957,"[3.914962141557002, 8.049417009666787, 1.975, 2.671093405964811, 2.7980869713377214, 5.364660852946636]",76.17112695916207,2.620342141757732,[2.620342141757732],35.706739514073206,2.021933435285516,29.70673951407321,1.0219334352855156,"[7.476240137167988, 6.448703718561238, 5.310716723048862, 7.351307483469199, 6.288092563560667, 2.8316788882652553]",[2.021933435285516],"[6.476240137167988, 5.448703718561238, 4.310716723048862, 6.351307483469199, 5.288092563560667, 1.831678888265255]",[1.0219334352855156],"[16.605743941456378, 13.971035175798045, 11.05311980268939, 16.285403803767178, 13.559211701437608, 4.696612534013474]"
908,0,512,True,False,,0.0,3,3,,0,3,31.34139708740472,"[7.446067008313773, 10.57461486888915, 13.320715210201797]",15.22314486408784,"[3.9039661332423714, 5.1240997988667685, 6.195078931978701]",28.270124417989493,0.0,[],14.025348523015902,0.0,0.0,0.0,"[5.67445992571966, 2.047674461246319, 6.303214136049923]",[],"[0.0, 0.0, 0.0]",[],"[11.985794681332461, 2.686344772426459, 13.597984964230571]"
908,0,513,True,False,,0.0,2,2,,0,2,16.75527412888879,"[5.7461743440212025, 11.009099784867587]",8.534556910266629,"[3.2410079941682692, 5.293548916098359]",29.407174389082062,0.0,[],13.468798011742004,0.0,0.0,0.0,"[5.575383626175279, 7.893414385566725]",[],"[0.0, 0.0]",[],"[11.731752887628922, 17.67542150145314]"
908,0,514,True,False,,0.0,2,2,,0,2,30.128428250151593,"[17.87501235307982, 12.25341589707177]",13.750087017559121,"[7.971254817701131, 5.77883219985799]",34.2254257329451,0.0,[],15.34791603584859,0.0,0.0,0.0,"[11.083339332438715, 4.264576703409874]",[],"[0.0, 0.0]",[],"[25.854716237022345, 8.370709495922753]"
908,0,515,True,False,,0.0,2,2,,0,2,32.489401426533334,"[20.832925624324744, 11.656475802208588]",14.670866556347999,"[9.12484099348665, 5.54602556286135]",29.37846522203482,0.0,[],13.45760143659358,0.0,0.0,0.0,"[5.510241338821182, 7.947360097772397]",[],"[0.0, 0.0]",[],"[11.564721381592774, 17.813743840442044]"
908,0,516,True,False,,0.0,1,1,,0,1,13.565705047419511,[13.565705047419511],6.29062496849361,[6.29062496849361],5.047484113921255,0.0,[],2.96851880442929,0.0,0.0,0.0,[2.96851880442929],[],[0.0],[],[5.047484113921255]
908,0,517,True,False,,0.0,2,2,,0,2,14.872935200380548,"[3.2636751783671465, 11.609260022013402]",7.800444728148413,"[2.272833319563187, 5.527611408585226]",33.04962578076762,0.0,[],14.889354054499371,0.0,0.0,0.0,"[5.623910302212274, 9.265443752287098]",[],"[0.0, 0.0]",[],"[11.856180262082754, 21.193445518684864]"
908,0,518,True,True,1.0,5.99,6,6,True,1,7,60.85968096179565,"[15.054432017613852, 3.426257304454552, 16.074071152427194, 8.11657879709947, 8.723390485118701, 9.464951205081883]",29.735275575100303,"[6.871228486869403, 2.3362403487372756, 7.268887749446606, 4.165465730868793, 4.402122289196294, 4.6913309699819346]",62.87522188823666,4.995018375094379,[4.995018375094379],30.521336536412296,2.948057166286808,24.521336536412296,1.9480571662868078,"[4.748715404517682, 7.301758848015158, 5.164163411957303, 5.868987913825732, 4.6067346590635285, 2.8309762990328933]",[2.948057166286808],"[3.748715404517682, 6.301758848015158, 4.164163411957303, 4.868987913825732, 3.6067346590635285, 1.8309762990328935]",[1.9480571662868078],"[9.612090780814569, 16.158356020551686, 10.677342081941802, 12.484584394424955, 9.248037587342381, 4.694811023161265]"
908,0,519,True,False,,0.0,3,3,,0,3,15.384728493286058,"[2.5, 6.924923097567022, 5.959805395719037]",9.000044112381563,"[1.975, 3.7007200080511384, 3.3243241043304246]",22.42316190143612,0.0,[],11.745033141560087,0.0,0.0,0.0,"[2.166631437911473, 5.373029361522024, 4.205372342126591]",[],"[0.0, 0.0, 0.0]",[],"[2.9913626613114697, 11.212895798774419, 8.218903441350232]"
908,0,520,True,False,,0.0,1,1,,0,1,13.831846479063884,[13.831846479063884],6.394420126834915,[6.394420126834915],8.145089719996411,0.0,[],4.176584990798601,0.0,0.0,0.0,[4.176584990798601],[],[0.0],[],[8.145089719996411]
908,0,521,True,True,1.0,5.99,6,6,True,2,8,47.75791591791089,"[14.764608789447738, 3.2310516532403355, 8.76852109360007, 8.45357483606316, 5.905366472752256, 6.634793072807331]",24.625587207985248,"[6.758197427884618, 2.260110144763731, 4.419723226504027, 4.296894186064632, 3.30309292437338, 3.5875692983948593]",35.7229631817901,19.273213811600066,"[8.552164226556098, 10.721049585043966]",19.93195564089814,9.516553386524025,13.93195564089814,7.516553386524025,"[2.1730516357595073, 2.867717665596306, 4.441491493227932, 3.4150796476869467, 3.043258716894676, 3.9913564817327707]","[4.335344048356879, 5.181209338167147]","[1.173051635759507, 1.867717665596306, 3.4414914932279324, 2.4150796476869467, 2.043258716894676, 2.9913564817327707]","[3.335344048356878, 4.181209338167147]","[3.007824707075659, 4.789019655375143, 8.824337162122903, 6.192511917146017, 5.239124915114553, 7.6701448249558215]"
908,0,522,True,False,,0.0,2,2,,0,2,13.583331155354628,"[7.771765993667437, 5.8115651616871915]",7.297499150588306,"[4.030988737530301, 3.266510413058005]",35.978001271473204,0.0,[],16.031420495874553,0.0,0.0,0.0,"[8.073634815685441, 7.957785680189112]",[],"[0.0, 0.0]",[],"[18.137525168424204, 17.840476103049003]"
908,0,523,True,False,,0.0,3,3,,0,3,24.92936562692785,"[10.59282260748137, 2.5, 11.83654301944648]",12.722452594501863,"[5.131200816917734, 1.975, 5.616251777584128]",16.01528063400611,0.0,[],9.245959447262383,0.0,0.0,0.0,"[2.645683980782533, 2.8057117980478683, 3.794563668431983]",[],"[0.0, 0.0, 0.0]",[],"[4.2197025148270075, 4.63003025140479, 7.165547867774315]"
908,0,524,True,False,,0.0,1,1,,0,1,2.5,[2.5],1.975,[1.975],17.344544388470222,0.0,[],7.7643723115033865,0.0,0.0,0.0,[7.7643723115033865],[],[0.0],[],[17.344544388470222]
908,0,525,True,True,1.0,5.99,5,5,True,1,6,43.94624101596857,"[9.491575557159019, 2.5, 3.0141672828302455, 13.000103393610226, 15.940394782369072]",22.13903399622774,"[4.7017144672920175, 1.975, 2.175525240303796, 6.070040323507988, 7.216753965123939]",49.09503411944098,4.5502494124334865,[4.5502494124334865],24.147063306581984,2.7745972708490596,19.147063306581984,1.7745972708490598,"[5.189702053617422, 5.919658036515979, 2.2261861439656205, 7.121495804228756, 3.6900212682542057]",[2.7745972708490596],"[4.189702053617422, 4.919658036515979, 1.2261861439656205, 6.121495804228756, 2.6900212682542057]",[1.7745972708490598],"[10.74282577850621, 12.614507785938407, 3.1440670358092833, 15.69614308776604, 6.89749043142104]"
908,0,526,True,False,,0.0,3,3,,0,3,15.957150919844874,"[6.301275964799482, 6.656556796263766, 2.999318158781627]",9.223288858739501,"[3.457497626271798, 3.596057150542869, 2.1697340819248345]",23.583625493756763,0.0,[],12.19761394256514,0.0,0.0,0.0,"[5.265911066382038, 4.075377843423567, 2.8563250327595338]",[],"[0.0, 0.0, 0.0]",[],"[10.938233503543685, 7.885584213906583, 4.759807776306497]"
908,0,527,True,False,,0.0,2,2,,0,2,9.58391686717076,"[3.991763523230529, 5.592153343940232]",5.737727578196597,"[2.5567877740599063, 3.1809398041366905]",24.169586208102565,0.0,[],11.426138621160002,0.0,0.0,0.0,"[5.658263754828943, 5.767874866331058]",[],"[0.0, 0.0]",[],"[11.944266038022931, 12.225320170079636]"
908,0,528,True,False,,0.0,3,3,,0,3,28.374895802154665,"[17.515280532139357, 6.039411585311235, 4.820203684704073]",14.06620936284032,"[7.830959407534349, 3.355370518271382, 2.879879437034589]",17.264124109364055,0.0,[],9.733008402651981,0.0,0.0,0.0,"[2.2199144203537493, 3.6425516675383527, 3.8705423147598785]",[],"[0.0, 0.0, 0.0]",[],"[3.1279856932147414, 6.775773506508597, 7.360364909640714]"
908,0,529,True,True,1.0,5.99,6,6,True,3,9,43.99134438323445,"[9.435167976832885, 5.028359893871714, 6.291330655333651, 5.789377437047275, 11.76867729229053, 5.678431127858392]",23.156624309461435,"[4.679715510964825, 2.961060358609968, 3.453618955580124, 3.2578572004484374, 5.589784143993307, 3.214588139864773]",52.58794203838604,25.850647687288006,"[12.079839943648013, 4.526591189523962, 9.244216554116033]",26.509297394970556,13.081752598042325,20.509297394970556,10.081752598042325,"[3.2395332343646754, 3.4742866694925567, 3.310214683236344, 3.908384386652903, 6.723786479820816, 5.853091941403261]","[5.711137578022726, 2.7653705639143453, 4.605244456105253]","[2.2395332343646754, 2.4742866694925567, 2.310214683236344, 2.908384386652903, 5.723786479820816, 4.853091941403261]","[4.711137578022726, 1.765370563914345, 3.605244456105253]","[5.742392908627373, 6.344324793570658, 5.923627392913702, 7.457395863212572, 14.676375589284142, 12.443825490777591]"
908,0,530,True,False,,0.0,1,1,,0,1,9.12555802954073,[9.12555802954073],4.5589676315208845,[4.5589676315208845],9.916945889207293,0.0,[],4.867608896790845,0.0,0.0,0.0,[4.867608896790845],[],[0.0],[],[9.916945889207293]
908,0,531,True,False,,0.0,3,3,,0,3,31.102123364022997,"[2.6858811032384144, 21.963314199509323, 6.452928061275259]",15.129828111968969,"[2.0474936302629816, 9.565692537808637, 3.516641943897351]",13.52517315124355,0.0,[],8.274817528984986,0.0,0.0,0.0,"[3.39188491944878, 2.261808697379748, 2.621123912156457]",[],"[0.0, 0.0, 0.0]",[],"[6.133038254996872, 3.2354069163583277, 4.156727979888351]"
908,0,532,True,False,,0.0,2,2,,0,2,10.9577388868248,"[2.5, 8.4577388868248]",6.273518165861672,"[1.975, 4.2985181658616725]",19.63574563586243,0.0,[],9.657940797986349,0.0,0.0,0.0,"[4.259396940922013, 5.398543857064335]",[],"[0.0, 0.0]",[],"[8.357428053646187, 11.278317582216244]"
908,0,533,True,False,,0.0,1,1,,0,1,12.946514392179168,[12.946514392179168],6.049140612949875,[6.049140612949875],8.221094674571019,0.0,[],4.206226923082697,0.0,0.0,0.0,[4.206226923082697],[],[0.0],[],[8.221094674571019]
908,0,534,True,True,1.0,5.99,5,5,True,2,7,67.81985779854767,"[18.860581005795378, 15.462597530066475, 12.685392413950735, 2.5198863011668466, 18.291400547568223]",31.449744541433585,"[8.355626592260197, 7.030413036725926, 5.947303041440787, 1.9827556574550702, 8.133646213551607]",50.1969010998164,28.478132603223912,"[7.216205174735148, 21.261927428488764]",24.5767914289284,13.106471715257326,19.5767914289284,11.106471715257326,"[1.975, 8.058250075990799, 5.9889255975366265, 4.51154743560298, 4.043068319797992]","[3.8143200181467076, 9.292151697110619]","[0.9750000000000001, 7.0582500759908, 4.9889255975366265, 3.511547435602979, 3.043068319797992]","[2.8143200181467076, 8.292151697110619]","[2.5, 18.098077117925126, 12.79211691676058, 9.003967783597382, 7.802739281533312]"
908,0,535,True,True,1.0,5.99,5,5,True,0,5,78.42881942276736,"[17.20282711704872, 14.72980422444532, 27.511220717263598, 2.900586223616212, 16.08438114039351]",35.58723957487927,"[7.709102575649001, 6.744623647533675, 11.729376079732804, 2.131228627210323, 7.272908644753469]",63.546815998181366,0.0,[],29.783258239290735,0.0,24.783258239290735,0.0,"[3.2724817838399782, 7.805925849584813, 5.326400404530378, 7.214362643733799, 6.164087557601764]",[],"[2.2724817838399782, 6.805925849584813, 4.326400404530378, 6.214362643733799, 5.164087557601764]",[],"[5.826876368820456, 17.451091922012342, 11.09333437059071, 15.934263189061022, 13.241250147696832]"
908,0,536,True,True,1.0,5.99,5,5,True,2,7,56.86330778627266,"[14.63439889868556, 8.380487908706206, 18.234138371278963, 8.81530221427276, 6.798980393329163]",27.176690036646335,"[6.707415570487369, 4.26839028439542, 8.111313964798796, 4.437967863566376, 3.6516023533983737]",62.17949007319305,36.59047123881971,"[16.397382046142578, 20.19308919267713]",29.25000112854529,16.270283783139686,24.25000112854529,14.270283783139687,"[6.131215458258243, 5.222121103359534, 6.886016704760745, 5.51220546751008, 5.498442394656689]","[7.394978997995605, 8.875304785144081]","[5.131215458258243, 4.222121103359534, 5.886016704760745, 4.51220546751008, 4.498442394656689]","[6.394978997995605, 7.875304785144082]","[13.156962713482674, 10.825951547075727, 15.09235052502755, 11.569757609000206, 11.534467678606896]"
908,0,537,True,False,,0.0,4,4,,0,4,46.670889315504844,"[17.0477397920131, 10.311755373933824, 10.712943347130462, 8.598450802427456]",22.201646833046887,"[7.648618518885109, 5.021584595834192, 5.178047905380881, 4.353395812946708]",35.058228949446956,0.0,[],17.672709290284317,0.0,0.0,0.0,"[2.178812988039528, 8.697526618397431, 3.355603266116586, 3.440766417730769]",[],"[0.0, 0.0, 0.0, 0.0]",[],"[3.0225974052295586, 19.73724773948059, 6.040008374657912, 6.258375430078895]"
908,0,538,True,False,,0.0,2,2,,0,2,22.28740501844876,"[10.037684541487984, 12.249720476960775]",10.692087957195017,"[4.914696971180314, 5.777390986014702]",14.406382698968372,0.0,[],7.618489252597665,0.0,0.0,0.0,"[4.408999242878785, 3.2094900097188797]",[],"[0.0, 0.0]",[],"[8.741023699689194, 5.665358999279179]"
908,0,539,True,True,1.0,5.99,5,5,True,1,6,79.88183561148068,"[7.768175178944716, 4.788946751456172, 9.313627532441656, 45.224104167680004, 12.786981980958133]",36.153915888477464,"[4.02958831978844, 2.867689233067907, 4.632314737652246, 18.637400625395202, 5.986922972573672]",65.0293435904909,17.336350006957414,[17.336350006957414],30.36144400029145,7.761176502713392,25.36144400029145,6.761176502713392,"[4.456864516219716, 4.771523339196575, 3.734376942758102, 6.336532973071634, 11.062146229045423]",[7.761176502713392],"[3.4568645162197162, 3.771523339196575, 2.734376942758102, 5.336532973071634, 10.062146229045423]",[6.761176502713392],"[8.863755169794144, 9.670572664606603, 7.011222930148979, 13.683417879670856, 25.800374946270313]"
908,0,540,True,False,,0.0,1,1,,0,1,5.7395605265841585,[5.7395605265841585],3.238428605367822,[3.238428605367822],6.169491773602283,0.0,[],3.4061017917048906,0.0,0.0,0.0,[3.4061017917048906],[],[0.0],[],[6.169491773602283]
908,0,541,True,False,,0.0,2,2,,0,2,34.01788820627957,"[7.064814964285794, 26.953073241993778]",15.266976400449032,"[3.7552778360714596, 11.511698564377573]",26.817021331047396,0.0,[],12.458638319108484,0.0,0.0,0.0,"[2.5488041579417198, 9.909834161166765]",[],"[0.0, 0.0]",[],"[3.971292712671076, 22.84572861837632]"
908,0,542,True,False,,0.0,2,2,,0,2,20.28754412621282,"[10.634724615432248, 9.65281951078057]",9.912142209223,"[5.147542600018577, 4.7645996092044225]",19.83855389912874,0.0,[],9.73703602066021,0.0,0.0,0.0,"[4.560469600094043, 5.176566420566167]",[],"[0.0, 0.0]",[],"[9.129409231010365, 10.709144668118377]"
908,0,543,True,False,,0.0,1,1,,0,1,10.100093401565275,[10.100093401565275],4.939036426610457,[4.939036426610457],12.179016792312918,0.0,[],5.7498165490020385,0.0,0.0,0.0,[5.7498165490020385],[],[0.0],[],[12.179016792312918]
908,0,544,True,False,,0.0,4,4,,0,4,57.567723560600434,"[12.902148215039048, 13.484122346343424, 15.463919011040725, 15.717533988177237]",26.451412188634173,"[6.031837803865229, 6.258807715073936, 7.030928414305882, 7.129838255389123]",35.54013035124577,0.0,[],17.86065083698585,0.0,0.0,0.0,"[1.975, 8.122708294540518, 5.787942542445333, 1.975]",[],"[0.0, 0.0, 0.0, 0.0]",[],"[2.5, 18.26335460138594, 12.276775749859828, 2.5]"
908,0,545,True,False,,0.0,1,1,,0,1,21.897027557326716,[21.897027557326716],9.53984074735742,[9.53984074735742],9.43329525946243,0.0,[],4.678985151190348,0.0,0.0,0.0,[4.678985151190348],[],[0.0],[],[9.43329525946243]
908,0,546,True,False,,0.0,2,2,,0,2,9.937690691484415,"[5.409957415728168, 4.527733275756247]",5.875699369678922,"[3.1098833921339857, 2.7658159775449365]",21.544055738009725,0.0,[],10.402181737823792,0.0,0.0,0.0,"[2.8746745803950455, 7.527507157428746]",[],"[0.0, 0.0]",[],"[4.806857898448834, 16.73719783956089]"
908,0,547,True,False,,0.0,3,3,,0,3,18.3652357266502,"[9.983180991611276, 3.3583392705178046, 5.023715464521121]",10.162441933393579,"[4.893440586728397, 2.309752315501944, 2.959249031163237]",31.596430162051874,0.0,[],15.32260776320023,0.0,0.0,0.0,"[7.440169771227997, 5.185981720002665, 2.696456271969568]",[],"[0.0, 0.0, 0.0]",[],"[16.51325582366153, 10.733286461545296, 4.349887876845047]"
908,0,548,True,False,,0.0,2,2,,0,2,9.299349035837894,"[2.5, 6.799349035837894]",5.626746123976779,"[1.975, 3.651746123976779]",34.84846599066638,0.0,[],15.590901736359886,0.0,0.0,0.0,"[7.320710050417792, 8.270191685942095]",[],"[0.0, 0.0]",[],"[16.206948847225107, 18.64151714344127]"
908,0,549,True,False,,0.0,2,2,,0,2,11.410549159456565,"[3.358800870206902, 8.051748289249662]",6.45011417218806,"[2.309932339380692, 4.140181832807368]",10.927539519415484,0.0,[],6.261740412572038,0.0,0.0,0.0,"[3.8944551072214337, 2.367285305350605]",[],"[0.0, 0.0]",[],"[7.4216797621062405, 3.505859757309244]"
908,0,550,True,False,,0.0,2,2,,0,2,8.65062335699811,"[2.5, 6.1506233569981115]",5.373743109229263,"[1.975, 3.3987431092292635]",13.986044814563998,0.0,[],7.454557477679959,0.0,0.0,0.0,"[3.7944193211685597, 3.6601381565113997]",[],"[0.0, 0.0]",[],"[7.165177746586051, 6.8208670679779475]"
908,0,551,True,False,,0.0,2,2,,0,2,21.53576314647389,"[3.589530956629419, 17.94623218984447]",10.398947627124818,"[2.3999170730854735, 7.999030554039344]",27.173287959646814,0.0,[],12.597582304262259,0.0,0.0,0.0,"[6.4417171618220355, 6.1558651424402235]",[],"[0.0, 0.0]",[],"[13.953120927748808, 13.220167031898008]"
908,0,552,True,True,1.0,5.99,5,5,True,2,7,65.14164512968182,"[8.509425865563621, 13.923346916810132, 18.459262742113495, 15.710953376238294, 8.538656228956276]",30.405241600575913,"[4.318676087569813, 6.430105297555952, 8.199112469424264, 7.127271816732935, 4.330075929292947]",51.57837710065113,22.158097404261493,"[14.538934909374632, 7.6191624948868615]",25.11556706925394,10.641657987661983,20.11556706925394,8.641657987661983,"[3.1681562933976983, 10.906903293100076, 2.690863509913604, 3.999402911594307, 4.350241061248257]","[6.670184614656106, 3.971473373005876]","[2.1681562933976983, 9.906903293100076, 1.6908635099136042, 2.999402911594307, 3.3502410612482563]","[5.670184614656106, 2.971473373005876]","[5.559375111276149, 25.402316136154038, 4.335547461316934, 7.690776696395659, 8.59036169550835]"
908,0,553,True,False,,0.0,4,4,,0,4,76.21313301295444,"[20.516554609446647, 11.694720605640246, 34.5991344598675, 9.402723338000051]",33.723121875052236,"[9.001456297684193, 5.560941036199696, 14.493662439348325, 4.6670621018200205]",46.2971259137588,0.0,[],22.05587910636593,0.0,0.0,0.0,"[3.8840943403107433, 5.3953847128327475, 6.645257506626011, 6.131142546596428]",[],"[0.0, 0.0, 0.0, 0.0]",[],"[7.39511369310447, 11.27021721239166, 14.475019247759002, 13.156775760503661]"
908,0,554,True,False,,0.0,2,2,,0,2,12.135334996410668,"[2.972441308050215, 9.162893688360453]",6.732780648600161,"[2.159252110139584, 4.573528538460577]",23.659271985007607,0.0,[],11.227116074152967,0.0,0.0,0.0,"[5.4629381166347075, 5.76417795751826]",[],"[0.0, 0.0]",[],"[11.443431068294121, 12.215840916713487]"
908,0,555,True,False,,0.0,2,2,,0,2,13.475137411135492,"[10.76481675302836, 2.7103206581071326]",7.255303590342843,"[5.19827853368106, 2.057025056661782]",16.515072449614337,0.0,[],8.440878255349592,0.0,0.0,0.0,"[2.888793659928404, 5.552084595421187]",[],"[0.0, 0.0]",[],"[4.843060666483087, 11.672011783131248]"
908,0,556,True,False,,0.0,2,2,,0,2,15.124793821064738,"[4.342642099311622, 10.782151721753117]",7.898669590215248,"[2.6936304187315327, 5.205039171483715]",14.673585997044821,0.0,[],7.722698538847481,0.0,0.0,0.0,"[3.8300588836348637, 3.892639655212617]",[],"[0.0, 0.0]",[],"[7.256561240089394, 7.417024756955428]"
908,0,557,True,False,,0.0,2,2,,0,2,23.549590573524263,"[19.481406826490883, 4.0681837470333795]",11.184340323674462,"[8.597748662331444, 2.586591661343018]",14.986937726275496,0.0,[],7.844905713247444,0.0,0.0,0.0,"[5.6342779566456525, 2.2106277566017916]",[],"[0.0, 0.0]",[],"[11.882763991399107, 3.104173734876389]"
908,0,558,True,False,,0.0,1,1,,0,1,3.675339025735207,[3.675339025735207],2.433382220036731,[2.433382220036731],13.074419645531519,0.0,[],6.099023661757292,0.0,0.0,0.0,[6.099023661757292],[],[0.0],[],[13.074419645531519]
908,0,559,True,False,,0.0,1,1,,0,1,4.4726792315577555,[4.4726792315577555],2.7443449003075244,[2.7443449003075244],7.312384838583452,0.0,[],3.8518300870475466,0.0,0.0,0.0,[3.8518300870475466],[],[0.0],[],[7.312384838583452]
908,0,560,True,False,,0.0,3,3,,0,3,38.71375572265294,"[19.818016164443264, 10.674387875631338, 8.221351682578335]",18.098364731834646,"[8.729026304132873, 5.163011271496222, 4.2063271562055515]",21.591688020084973,0.0,[],11.420758327833141,0.0,0.0,0.0,"[4.750676190261622, 3.2059041330623512, 3.4641780045091677]",[],"[0.0, 0.0, 0.0]",[],"[9.61711843656826, 5.656164443749619, 6.318405139767096]"
908,0,561,True,True,1.0,5.99,6,6,True,1,7,48.63671800466692,"[3.6095410696376535, 2.5, 20.051247850145074, 3.6077176586881543, 14.136392746245807, 4.731818679950222]",24.968320021820098,"[2.4077210171586847, 1.975, 8.81998666155658, 2.40700988688838, 6.513193171035865, 2.845409285180587]",47.52569290825,5.930992247160115,[5.930992247160115],24.5350202342175,3.313086976392445,18.5350202342175,2.313086976392445,"[2.3703900303248817, 8.583455770320748, 2.967476549143878, 4.34276440954731, 4.29593347488068, 1.975]",[3.313086976392445],"[1.370390030324882, 7.583455770320748, 1.967476549143878, 3.3427644095473097, 3.295933474880681, 0.9750000000000001]",[2.313086976392445],"[3.51382059057662, 19.444758385437815, 5.0448116644714815, 8.57119079371105, 8.451111474053027, 2.5]"
908,0,562,True,False,,0.0,2,2,,0,2,20.299779921712837,"[5.780989371925706, 14.51879054978713]",9.916914169468006,"[3.2545858550510256, 6.662328314416981]",16.981696202564052,0.0,[],8.622861518999981,0.0,0.0,0.0,"[4.665039752898485, 3.9578217661014965]",[],"[0.0, 0.0]",[],"[9.397537827944833, 7.584158374619221]"
908,0,563,True,False,,0.0,1,1,,0,1,8.66960671012878,[8.66960671012878],4.3811466169502244,[4.3811466169502244],7.384264344140911,0.0,[],3.8798630942149557,0.0,0.0,0.0,[3.8798630942149557],[],[0.0],[],[7.384264344140911]
908,0,564,True,True,1.0,5.99,6,6,True,0,6,97.1680720144921,"[12.130465801473392, 17.34789853093379, 16.473592842765736, 19.16552225251628, 7.836877591082294, 24.213714995720593]",43.89554808565192,"[5.730881662574623, 7.765680427064178, 7.424701208678638, 8.47455367848135, 4.056382260522095, 10.443348848331032]",42.93737240347913,0.0,[],22.74557523735686,0.0,16.74557523735686,0.0,"[4.190492164750256, 3.5673154442389365, 4.758301537232791, 4.123100985448488, 2.107197367866014, 3.9991677378203736]",[],"[3.190492164750256, 2.5673154442389365, 3.758301537232791, 3.123100985448488, 1.1071973678660139, 2.9991677378203736]",[],"[8.180749140385272, 6.582860113433171, 9.636670608289208, 8.007951244739713, 2.838967609912856, 7.690173686718906]"
908,0,565,True,False,,0.0,4,4,,0,4,31.446638842219187,"[7.277663586287371, 3.487576323009316, 14.954873287478506, 5.726525645443992]",16.264189148465483,"[3.8382887986520746, 2.3601547659736335, 6.832400582116618, 3.233345001723157]",28.88755338009225,0.0,[],15.26614581823598,0.0,0.0,0.0,"[3.6395813170220417, 4.0805855503846775, 3.8714383339474505, 3.674540616881809]",[],"[0.0, 0.0, 0.0, 0.0]",[],"[6.76815722313344, 7.898937308678659, 7.362662394737052, 6.8577964535430995]"
908,0,566,True,False,,0.0,1,1,,0,1,7.1877178153967725,[7.1877178153967725],3.803209948004741,[3.803209948004741],5.867449588817841,0.0,[],3.288305339638958,0.0,0.0,0.0,[3.288305339638958],[],[0.0],[],[5.867449588817841]
908,0,567,True,False,,0.0,2,2,,0,2,17.156145062593083,"[10.325529498289999, 6.830615564303085]",8.690896574411303,"[5.0269565043331, 3.6639400700782034]",19.595115315089295,0.0,[],9.642094972884825,0.0,0.0,0.0,"[2.1915402258515266, 7.450554747033299]",[],"[0.0, 0.0]",[],"[3.055231348337248, 16.539883966752047]"
908,0,568,True,False,,0.0,2,2,,0,2,24.6266028701125,"[11.167230116559741, 13.45937275355276]",11.604375119343876,"[5.3552197454582995, 6.249155373885577]",17.18908924734072,0.0,[],8.703744806462883,0.0,0.0,0.0,"[3.499691856409476, 5.204052950053406]",[],"[0.0, 0.0]",[],"[6.409466298485836, 10.779622948854886]"
908,0,569,True,False,,0.0,4,4,,0,4,24.624946470523753,"[4.771242162346112, 4.1877422352889555, 4.662629908693694, 11.003332164194992]",13.603729123504264,"[2.8607844433149836, 2.6332194717626924, 2.818425664390541, 5.291299544036047]",31.289265353034022,0.0,[],16.202813487683272,0.0,0.0,0.0,"[3.802680016795132, 5.905540076679507, 4.302646210833472, 2.191947183375158]",[],"[0.0, 0.0, 0.0, 0.0]",[],"[7.186359017423415, 12.578307888921813, 8.468323617521722, 3.056274829167072]"
908,0,570,True,False,,0.0,4,4,,0,4,27.704349835583205,"[9.434720143454138, 8.613527936813803, 2.5, 7.156101755315266]",14.80469643587745,"[4.679540855947113, 4.359275895357383, 1.975, 3.7908796845729538]",38.29237227111955,0.0,[],18.934025185736623,0.0,0.0,0.0,"[6.740840327557801, 2.2510996920823834, 3.888823106130532, 6.053262059965906]",[],"[0.0, 0.0, 0.0, 0.0]",[],"[14.720103403994361, 3.207947928416367, 7.40723873366803, 12.957082205040784]"
908,0,571,True,False,,0.0,3,3,,0,3,44.168035146985105,"[26.34155826807992, 11.684210008475333, 6.142266870429851]",20.225533707324193,"[11.273207724551169, 5.55684190330538, 3.395484079467642]",27.868039150907315,0.0,[],13.868535268853854,0.0,0.0,0.0,"[4.828901979860284, 3.48680040978086, 5.552832879212709]",[],"[0.0, 0.0, 0.0]",[],"[9.817697384257139, 6.37641130713041, 11.673930459519767]"
908,0,572,True,False,,0.0,2,2,,0,2,43.16873978944972,"[18.076087550085727, 25.09265223936399]",18.83580851788539,"[8.049674144533434, 10.786134373351956]",12.012904192928364,0.0,[],6.685032635242063,0.0,0.0,0.0,"[2.379468402078121, 4.305564233163942]",[],"[0.0, 0.0]",[],"[3.5370984668669765, 8.475805726061388]"
908,0,573,True,False,,0.0,3,3,,0,3,49.294178009398415,"[31.528157035152, 12.051074940321161, 5.714946033925253]",22.224729423665384,"[13.29598124370928, 5.699919226725253, 3.228828953230849]",19.138701008957952,0.0,[],10.464093393493602,0.0,0.0,0.0,"[2.972760006800134, 3.480295886608952, 4.011037500084516]",[],"[0.0, 0.0, 0.0]",[],"[5.058358991795215, 6.359733042587056, 7.72060897457568]"
908,0,574,True,False,,0.0,1,1,,0,1,7.190513192342457,[7.190513192342457],3.804300145013558,[3.804300145013558],3.606425414279687,0.0,[],2.406505911569078,0.0,0.0,0.0,[2.406505911569078],[],[0.0],[],[3.606425414279687]
908,0,575,True,False,,0.0,2,2,,0,2,14.94062937153533,"[4.275406941012557, 10.665222430522773]",7.826845454898779,"[2.6674087069948973, 5.159436747903881]",18.471019375947915,0.0,[],9.203697556619687,0.0,0.0,0.0,"[5.280119147732345, 3.9235784088873418]",[],"[0.0, 0.0]",[],"[10.974664481364986, 7.496354894582928]"
908,0,576,True,False,,0.0,2,2,,0,2,24.726141923892847,"[9.588197411386927, 15.13794451250592]",11.64319535031821,"[4.739396990440902, 6.9037983598773085]",6.258756413874504,0.0,[],4.4409150014110566,0.0,0.0,0.0,"[2.1525053061857156, 2.288409695225341]",[],"[0.0, 0.0]",[],"[2.9551418107326044, 3.3036146031418996]"
908,0,577,True,True,1.0,5.99,5,5,True,5,10,51.734370881873886,"[9.723660882173467, 13.598789319501737, 7.110955844187976, 16.119016056426183, 5.181948779584523]",25.17640464393082,"[4.792227744047652, 6.303527834605678, 3.7732727792333107, 7.286416262006211, 3.020960024037964]",59.6775320255613,81.90494988542706,"[23.379360622934584, 11.997813606561044, 12.326828802103442, 14.559809663871869, 19.641137189956122]",28.274237489968908,36.94293045531656,23.274237489968908,31.942930455316553,"[5.361383947384085, 2.920155227591973, 8.948546919035937, 8.454851633147399, 2.5892997628095125]","[10.117950642944487, 5.679147306558807, 5.807463232820343, 6.678325768910029, 8.66004350408289]","[4.361383947384085, 1.9201552275919729, 7.948546919035938, 7.454851633147398, 1.5892997628095125]","[9.117950642944487, 4.679147306558807, 4.807463232820343, 5.678325768910029, 7.660043504082888]","[11.183035762523295, 4.92347494254352, 20.380889535989585, 19.11500418755743, 4.075127596947468]"
908,0,578,True,False,,0.0,2,2,,0,2,9.551993635965466,"[4.888220377339841, 4.663773258625627]",5.725277518026532,"[2.906405947162538, 2.8188715708639944]",21.3762972415097,0.0,[],10.336755924188783,0.0,0.0,0.0,"[4.764674813755093, 5.5720811104336905]",[],"[0.0, 0.0]",[],"[9.653012342961777, 11.723284898547924]"
908,0,579,True,False,,0.0,4,4,,0,4,48.72001045966738,"[6.854651343941177, 25.202587811641372, 10.320947121419994, 6.341824182664836]",23.000804079270278,"[3.6733140241370594, 10.829009246540135, 5.025169377353798, 3.4733114312392863]",39.9373623889528,0.0,[],19.57557133169159,0.0,0.0,0.0,"[4.209933439304303, 3.5443209166637217, 9.681147174872182, 2.1401698008513854]",[],"[0.0, 0.0, 0.0, 0.0]",[],"[8.230598562318724, 6.5238997863172346, 22.25935173044149, 2.9235123098753477]"
908,0,580,True,False,,0.0,2,2,,0,2,9.830006783326649,"[5.493811043707113, 4.336195739619535]",5.833702645497393,"[3.142586307045774, 2.691116338451619]",18.048913246565032,0.0,[],9.039076166160363,0.0,0.0,0.0,"[5.502127993589511, 3.536948172570852]",[],"[0.0, 0.0]",[],"[11.543917932280797, 6.504995314284236]"
908,0,581,True,True,1.0,5.99,5,5,True,2,7,35.10726037576206,"[6.147091705386496, 8.493637782925168, 13.701374148784687, 3.7249538665377595, 3.0402028721279466]",18.691831546547206,"[3.3973657651007336, 4.312518735340816, 6.343535918026028, 2.4527320079497263, 2.1856791201298993]",49.13384252226718,23.264379803489557,"[3.2944605878958435, 19.969919215593713]",24.1621985836842,11.073108123360928,19.162198583684198,9.073108123360928,"[5.71785871512632, 6.217750991773129, 4.518298934416415, 3.011437836633322, 4.696852105735014]","[2.284839629279379, 8.78826849408155]","[4.71785871512632, 5.217750991773129, 3.518298934416415, 2.011437836633322, 3.6968521057350143]","[1.2848396292793791, 7.7882684940815485]","[12.097073628529024, 13.378848696854176, 9.021279319016449, 5.157532914444416, 9.479107963423113]"
908,0,582,True,False,,0.0,4,4,,0,4,48.31132744304357,"[14.590081685463165, 2.5, 10.764108765260161, 20.45713699232024]",22.84141770278699,"[6.690131857330634, 1.975, 5.198002418451463, 8.978283427004893]",31.20993975512488,0.0,[],16.1718765044987,0.0,0.0,0.0,"[6.1729329731598686, 3.488130877130031, 1.975, 4.535812654208803]",[],"[0.0, 0.0, 0.0, 0.0]",[],"[13.263930700409919, 6.379822761871873, 2.5, 9.066186292843083]"
908,0,583,True,False,,0.0,4,4,,0,4,42.31810598686252,"[8.642792995135634, 13.634532828677028, 13.579689689514687, 6.461090473535169]",20.504061334876383,"[4.370689268102898, 6.317467803184041, 6.296078978910728, 3.519825284678716]",47.84363013079127,0.0,[],22.659015751008592,0.0,0.0,0.0,"[4.668414214611598, 1.975, 9.98501269378322, 6.030588842613774]",[],"[0.0, 0.0, 0.0, 0.0]",[],"[9.406190293875893, 2.5, 23.038494086623643, 12.898945750291729]"
908,0,584,True,False,,0.0,3,3,,0,3,53.122258149416794,"[18.012170381144195, 12.781257383669391, 22.328830384603204]",23.71768067827255,"[8.024746448646237, 5.984690379631063, 9.70824384999525]",44.20440101824517,0.0,[],20.239716397115615,0.0,0.0,0.0,"[4.350768953965771, 9.756630025647903, 6.132317417501941]",[],"[0.0, 0.0, 0.0]",[],"[8.5917152665789, 22.45289750166129, 13.159788250004977]"
908,0,585,True,False,,0.0,3,3,,0,3,21.18751061447607,"[6.645747845092626, 12.041762769383446, 2.5]",11.263129139645669,"[3.5918416595861244, 5.696287480059544, 1.975]",18.881320815753764,0.0,[],10.363715118143968,0.0,0.0,0.0,"[5.865046927892212, 2.412119757425768, 2.086548432825988]",[],"[0.0, 0.0, 0.0]",[],"[12.474479302287724, 3.620819890835302, 2.786021622630738]"
908,0,586,True,False,,0.0,3,3,,0,3,20.094807813388414,"[4.685393921431461, 12.909413891956952, 2.5]",10.83697504722148,"[2.82730362935827, 6.034671417863211, 1.975]",34.350155050350736,0.0,[],16.39656046963679,0.0,0.0,0.0,"[5.2499829477584266, 5.875126749975757, 5.271450771902604]",[],"[0.0, 0.0, 0.0]",[],"[10.897392173739554, 12.500324999937838, 10.952437876673343]"
908,0,587,True,False,,0.0,3,3,,0,3,16.171126285996053,"[3.948130049614873, 5.208105680516333, 7.014890555864849]",9.306739251538461,"[2.5397707193498005, 3.03116121540137, 3.735807316787291]",25.749823105339487,0.0,[],13.0424310110824,0.0,0.0,0.0,"[3.3397258424779346, 4.456404110028931, 5.2463010585755345]",[],"[0.0, 0.0, 0.0]",[],"[5.999297031994704, 8.862574641099823, 10.887951432244959]"
908,0,588,True,False,,0.0,1,1,,0,1,2.5087614480411196,[2.5087614480411196],1.9784169647360366,[1.9784169647360366],5.487034613737312,0.0,[],3.139943499357552,0.0,0.0,0.0,[3.139943499357552],[],[0.0],[],[5.487034613737312]
908,0,589,True,True,1.0,5.99,5,5,True,2,7,52.08717395084366,"[12.040848467906502, 7.430633108175178, 15.417541032581642, 9.666523169186389, 7.531628172993951]",25.31399784082903,"[5.695930902483536, 3.8979469121883197, 7.012841002706841, 4.769944035982691, 3.937334987467641]",51.46950628822833,19.70381467022658,"[10.317315443466619, 9.386499226759963]",25.073107452409047,9.684487721388368,20.07310745240905,7.684487721388367,"[4.740987384580475, 4.443343104166503, 3.6048824084134776, 4.8960867971212965, 7.387807758127298]","[5.023753022951982, 4.660734698436386]","[3.740987384580475, 3.4433431041665026, 2.6048824084134776, 3.8960867971212965, 6.387807758127298]","[4.023753022951982, 3.6607346984363853]","[9.592275345078141, 8.829084882478211, 6.67918566259866, 9.989966146464862, 16.378994251608457]"
908,0,590,True,True,1.0,5.99,5,5,True,1,6,56.866382659730455,"[13.125286395851488, 13.766099234605257, 17.871019414005946, 2.5, 9.603977615267759]",27.177889237294877,"[6.118861694382081, 6.36877870149605, 7.969697571462319, 1.975, 4.745551269954426]",63.51848301191208,11.006886285076215,[11.006886285076215],29.772208374645714,5.292685651179724,24.772208374645714,4.292685651179724,"[5.862475455755196, 10.928306777944005, 5.104589249331024, 5.901836891615487, 1.975]",[5.292685651179724],"[4.862475455755196, 9.928306777944005, 4.104589249331024, 4.901836891615487, 0.9750000000000001]",[4.292685651179724],"[12.467885783987683, 25.45719686652309, 10.524587818797498, 12.568812542603812, 2.5]"
908,0,591,True,False,,0.0,1,1,,0,1,2.734016396312226,[2.734016396312226],2.0662663945617683,[2.0662663945617683],8.706048721546173,0.0,[],4.3953590014030075,0.0,0.0,0.0,[4.3953590014030075],[],[0.0],[],[8.706048721546173]
908,0,592,True,False,,0.0,3,3,,0,3,7.9015290058010486,"[2.5, 2.9015290058010486, 2.5]",6.081596312262409,"[1.975, 2.131596312262409, 1.975]",36.08851528749761,0.0,[],17.07452096212407,0.0,0.0,0.0,"[3.5585275321488603, 8.457209192183587, 5.058784237791621]",[],"[0.0, 0.0, 0.0]",[],"[6.5603270055098974, 19.121049210727143, 10.407139071260566]"
908,0,593,True,False,,0.0,4,4,,0,4,31.852595076341153,"[4.2904809482684705, 5.855471061379657, 6.061322255462914, 15.645320811230116]",16.42251207977305,"[2.6732875698247036, 3.283633713938066, 3.3639156796305363, 7.101675116379745]",39.91279910468917,0.0,[],19.565991650828778,0.0,0.0,0.0,"[5.171399300421774, 2.9491480595617006, 4.2445072976073615, 7.200936993237942]",[],"[0.0, 0.0, 0.0, 0.0]",[],"[10.69589564210711, 4.997815537337694, 8.319249481044517, 15.899838444199851]"
908,0,594,True,False,,0.0,2,2,,0,2,14.062097310411357,"[4.868492331714348, 9.193604978697008]",7.48421795106043,"[2.898712009368596, 4.585505941691833]",10.396098930468954,0.0,[],6.054478582882892,0.0,0.0,0.0,"[4.079478582882892, 1.975]",[],"[0.0, 0.0]",[],"[7.896098930468954, 2.5]"
908,0,595,True,False,,0.0,3,3,,0,3,19.272054107528824,"[9.69920677416479, 3.486020456080663, 6.0868268772833725]",10.516101101936242,"[4.782690641924268, 2.3595479778714585, 3.3738624821405154]",32.949335479801924,0.0,[],15.850240837122751,0.0,0.0,0.0,"[4.186888206637905, 6.588100125739467, 5.075252504745379]",[],"[0.0, 0.0, 0.0]",[],"[8.171508222148473, 14.328461860870426, 10.449365396783023]"
908,0,596,True,False,,0.0,3,3,,0,3,19.55389546269543,"[5.432877688953546, 9.403933104853122, 4.717084668888759]",10.626019230451218,"[3.118822298691883, 4.667533910892718, 2.8396630208666163]",20.990918786831905,0.0,[],11.186458326864443,0.0,0.0,0.0,"[4.737362771105748, 4.112701395806979, 2.336394159951717]",[],"[0.0, 0.0, 0.0]",[],"[9.582981464373713, 7.981285630274304, 3.4266516921838894]"
908,0,597,True,True,1.0,5.99,9,9,True,1,10,91.41492821901019,"[15.144628310642558, 20.01822952532829, 3.4096928942880007, 8.952481482338426, 6.3790651241773855, 13.046587541365108, 12.092225442525871, 7.732207477754881, 4.639810420589675]",44.65182200541398,"[6.906405041150598, 8.807109514878034, 2.3297802287723206, 4.491467778111986, 3.4878353984291803, 6.088169141132393, 5.71596792258509, 4.015560916324404, 2.8095260640299733]",113.01506645936225,7.9652940564248995,[7.9652940564248995],53.07587591915128,4.106464682005711,44.07587591915128,3.106464682005711,"[4.598679323344376, 7.92363960057421, 7.57625153913909, 4.084957341492318, 9.261775435470472, 5.191955883418419, 3.3560981259432006, 6.760960358598143, 4.3215583111710485]",[4.106464682005711],"[3.5986793233443763, 6.92363960057421, 6.57625153913909, 3.0849573414923186, 8.261775435470472, 4.191955883418419, 2.3560981259432006, 5.760960358598143, 3.3215583111710485]",[3.106464682005711],"[9.227382880370195, 17.752922052754382, 16.862183433689975, 7.910147029467483, 21.184039578129415, 10.748604829277998, 6.041277246008207, 14.771693227174726, 8.516816182489867]"
908,0,598,True,True,1.0,5.99,5,5,True,1,6,35.718383429227536,"[12.3256005702783, 2.5, 7.155175050523628, 7.218018462109775, 6.519589346315833]",18.93016953739874,"[5.806984222408538, 1.975, 3.790518269704215, 3.8150272002228123, 3.542639845063175]",49.75463649305343,5.643555196234492,[5.643555196234492],24.404308232290838,3.200986526531452,19.404308232290838,2.200986526531452,"[5.887024563280922, 2.4910213955016305, 5.987559872663063, 5.173824011382493, 4.86487838946273]",[3.200986526531452],"[4.887024563280922, 1.4910213955016303, 4.987559872663063, 4.173824011382493, 3.86487838946273]",[2.200986526531452],"[12.530832213540824, 3.823131783337513, 12.788615058110418, 10.7021128496987, 9.909944588365974]"
908,0,599,True,False,,0.0,4,4,,0,4,45.56514178469053,"[8.583908983367564, 12.746874765785995, 8.348770940694484, 15.885587094842487]",21.770405296029306,"[4.34772450351335, 5.971281158656538, 4.25602066687085, 7.19537896698857]",41.91130828413563,0.0,[],20.345410230812895,0.0,0.0,0.0,"[2.766613184128281, 8.328103924394707, 4.376098253998315, 4.8745948682915925]",[],"[0.0, 0.0, 0.0, 0.0]",[],"[4.52977739520072, 18.79001006255053, 8.656662189739269, 9.934858636645108]"
908,0,600,True,False,,0.0,2,2,,0,2,20.400914819841773,"[9.167052671066417, 11.233862148775355]",9.956356779738291,"[4.575150541715903, 5.381206238022388]",26.80407237333101,0.0,[],12.453588225599095,0.0,0.0,0.0,"[9.191072858393355, 3.2625153672057405]",[],"[0.0, 0.0]",[],"[21.002750918957318, 5.801321454373694]"
908,0,601,True,False,,0.0,2,2,,0,2,11.628189031333802,"[4.623208661448201, 7.004980369885601]",6.534993722220182,"[2.8030513779647985, 3.7319423442553843]",12.337172600782079,0.0,[],6.81149731430501,0.0,0.0,0.0,"[4.708044921655313, 2.103452392649697]",[],"[0.0, 0.0]",[],"[9.50780749142388, 2.8293651093581973]"
908,0,602,True,False,,0.0,4,4,,0,4,41.806554472571776,"[14.628687417791737, 3.3271241036897936, 7.086391262294197, 16.764351688796054]",20.304556244302994,"[6.705188092938777, 2.2975784004390194, 3.763692592294737, 7.538097158630461]",26.301597685508156,0.0,[],14.25762309734818,0.0,0.0,0.0,"[3.8449728835011943, 3.3112812467904735, 3.973528057457136, 3.1278409095993767]",[],"[0.0, 0.0, 0.0, 0.0]",[],"[7.294802265387678, 5.926362171257624, 7.624430916556758, 5.4560023323060935]"
908,0,603,True,False,,0.0,3,3,,0,3,32.18554563894547,"[17.01320675476897, 10.93716514141915, 4.2351737427573495]",15.552362799188733,"[7.635150634359898, 5.2654944051534684, 2.6517177596753663]",16.438655331142343,0.0,[],9.411075579145512,0.0,0.0,0.0,"[2.9460015269189666, 4.126232249322179, 2.3388418029043674]",[],"[0.0, 0.0, 0.0]",[],"[4.989747504920427, 8.015980126467126, 3.4329276997547886]"
908,0,604,True,False,,0.0,2,2,,0,2,19.541307626847008,"[12.23467589171795, 7.306631735129057]",9.621109974470333,"[5.771523597770001, 3.849586376700332]",18.93295588287992,0.0,[],9.38385279432317,0.0,0.0,0.0,"[7.4088527943231695, 1.975]",[],"[0.0, 0.0]",[],"[16.43295588287992, 2.5]"
908,0,605,True,False,,0.0,2,2,,0,2,21.165845207106557,"[5.735732272999329, 15.430112934107227]",10.254679630771557,"[3.2369355864697384, 7.017744044301819]",31.16894801918705,0.0,[],14.15588972748295,0.0,0.0,0.0,"[8.953332868617458, 5.202556858865492]",[],"[0.0, 0.0]",[],"[20.393161201583226, 10.775786817603825]"
908,0,606,True,False,,0.0,3,3,,0,3,29.421802619592064,"[8.963447647911043, 4.116639417475472, 16.34171555420555]",14.474503021640906,"[4.495744582685306, 2.605489372815434, 7.373269066140165]",28.873913385396293,0.0,[],14.260826220304551,0.0,0.0,0.0,"[4.762499258079467, 6.619215038681037, 2.879111923544049]",[],"[0.0, 0.0, 0.0]",[],"[9.647433995075557, 14.408243688925735, 4.818235701394999]"
908,0,607,True,False,,0.0,1,1,,0,1,20.111384450893567,[20.111384450893567],8.84343993584849,[8.84343993584849],4.411029151439659,0.0,[],2.720301369061467,0.0,0.0,0.0,[2.720301369061467],[],[0.0],[],[4.411029151439659]
908,0,608,True,False,,0.0,3,3,,0,3,24.65701509689982,"[9.965726555797513, 4.8954591502617015, 9.795829390840607]",12.61623588779093,"[4.88663335676103, 2.9092290686020634, 4.8203734624278365]",36.74812720846793,0.0,[],17.33176961130249,0.0,0.0,0.0,"[3.7134765820328517, 8.062065588336266, 5.556227440933374]",[],"[0.0, 0.0, 0.0]",[],"[6.957632261622696, 18.1078604829135, 11.682634463931729]"
908,0,609,True,False,,0.0,1,1,,0,1,8.3001989444929,[8.3001989444929],4.237077588352231,[4.237077588352231],15.745565576817228,0.0,[],7.140770574958719,0.0,0.0,0.0,[7.140770574958719],[],[0.0],[],[15.745565576817228]
908,0,610,True,False,,0.0,2,2,,0,2,12.109610061028109,"[9.283602624260597, 2.8260074367675116]",6.722747923800963,"[4.620605023461633, 2.1021429003393295]",27.8670913588998,0.0,[],12.868165629970921,0.0,0.0,0.0,"[10.13757121382347, 2.7305944161474507]",[],"[0.0, 0.0]",[],"[23.42966977903454, 4.4374215798652585]"
908,0,611,True,True,1.0,5.99,6,6,True,2,8,54.6137211284838,"[6.013584832054441, 4.159785944341727, 15.770061783673794, 2.5, 19.310699097711847, 6.859589470701988]",27.29935124010868,"[3.3452980845012323, 2.6223165182932737, 7.15032409563278, 1.975, 8.53117264810762, 3.6752398935737753]",52.77701240808018,15.872126568429966,"[5.252598571938424, 10.619527996491541]",26.583034839151274,8.190129361687687,20.583034839151274,6.190129361687687,"[4.2530815475716475, 3.618822300134831, 3.3548477576412505, 3.8636976735730584, 7.903125825283079, 3.5894597349474058]","[3.0485134430559855, 5.141615918631701]","[3.2530815475716475, 2.618822300134831, 2.3548477576412505, 2.8636976735730584, 6.903125825283079, 2.5894597349474058]","[2.0485134430559855, 4.141615918631701]","[8.341234737363198, 6.714928974704694, 6.0380711734391035, 7.3428145476232265, 17.700322628930973, 6.6396403460189894]"
908,0,612,True,True,1.0,5.99,6,6,True,0,6,109.15903449635924,"[23.170148225165363, 13.421225600269132, 7.4110850069128595, 14.479969450562315, 29.388059406643766, 21.2885468068058]",48.57202345358011,"[10.036357807814491, 6.234277984104962, 3.8903231526960154, 6.647188085719303, 12.46134316859107, 9.302533254654263]",60.670641744830895,0.0,[],29.66155028048405,0.0,23.66155028048405,0.0,"[10.907024950001558, 4.7737812524466605, 3.4523136486410797, 4.771205266783733, 3.782225162611021, 1.975]",[],"[9.907024950001558, 3.77378125244666, 2.4523136486410797, 3.7712052667837326, 2.782225162611021, 0.9750000000000001]",[],"[25.402628076927073, 9.676362185760667, 6.287983714464307, 9.669757094317262, 7.1339106733615925, 2.5]"
908,0,613,True,False,,0.0,1,1,,0,1,3.3328539116523466,[3.3328539116523466],2.299813025544415,[2.299813025544415],5.429621216867675,0.0,[],3.1175522745783932,0.0,0.0,0.0,[3.1175522745783932],[],[0.0],[],[5.429621216867675]
908,0,614,True,False,,0.0,4,4,,0,4,47.32905535692724,"[11.696020084905696, 11.84422567001536, 8.16997153594253, 15.61883806606366]",22.458331589201627,"[5.561447833113221, 5.619248011305991, 4.186288899017587, 7.091346845764828]",50.929446887927355,0.0,[],23.862484286291668,0.0,0.0,0.0,"[2.338221244102712, 6.9412896206634205, 9.744064105107254, 4.838909316418281]",[],"[0.0, 0.0, 0.0, 0.0]",[],"[3.431336523340288, 15.234075950419026, 22.4206771925827, 9.843357221585336]"
908,0,615,True,False,,0.0,1,1,,0,1,8.470760937712063,[8.470760937712063],4.303596765707704,[4.303596765707704],2.5,0.0,[],1.975,0.0,0.0,0.0,[1.975],[],[0.0],[],[2.5]
908,0,616,True,False,,0.0,1,1,,0,1,12.291930993121857,[12.291930993121857],5.793853087317524,[5.793853087317524],9.060646729255703,0.0,[],4.533652224409725,0.0,0.0,0.0,[4.533652224409725],[],[0.0],[],[9.060646729255703]
908,0,617,True,True,1.0,5.99,5,5,True,0,5,65.8279563646744,"[8.072825804324637, 9.105409877035052, 4.376518180450609, 11.918113258343723, 32.35508924452038]",30.672902982223015,"[4.148402063686609, 4.551109852043671, 2.7068420903757375, 5.648064170754052, 13.618484805362948]",91.85534055203104,0.0,[],40.8235828152921,0.0,35.8235828152921,0.0,"[3.4901271033361048, 14.791788552081771, 10.973252458531611, 7.253090579144322, 4.315324122198293]",[],"[2.4901271033361048, 13.791788552081771, 9.973252458531611, 6.253090579144322, 3.315324122198293]",[],"[6.384941290605396, 35.36356038995326, 25.572442201363106, 16.033565587549543, 8.500831082559726]"
908,0,618,True,False,,0.0,2,2,,0,2,22.219067325314022,"[11.31597467303047, 10.90309265228355]",10.665436256872468,"[5.413230122481883, 5.252206134390585]",20.982707489983472,0.0,[],10.183255921093554,0.0,0.0,0.0,"[6.605883849933615, 3.5773720711599393]",[],"[0.0, 0.0]",[],"[14.374061153675937, 6.608646336307536]"
908,0,619,True,False,,0.0,1,1,,0,1,8.461549106307222,[8.461549106307222],4.300004151459817,[4.300004151459817],9.747549084749354,0.0,[],4.801544143052248,0.0,0.0,0.0,[4.801544143052248],[],[0.0],[],[9.747549084749354]
908,0,620,True,False,,0.0,3,3,,0,3,29.37734447232947,"[15.184475453417273, 6.466901818463265, 7.725967200448932]",14.457164344208493,"[6.921945426832736, 3.5220917092006734, 4.013127208175083]",24.372570241927754,0.0,[],12.505302394351823,0.0,0.0,0.0,"[2.871396083984677, 6.525195885167, 3.1087104252001465]",[],"[0.0, 0.0, 0.0]",[],"[4.7984514973966075, 14.167168936325641, 5.406949808205503]"
908,0,621,True,False,,0.0,4,4,,0,4,40.75628259921599,"[4.305147184206607, 6.547431565981444, 7.312639940224678, 22.591063908803264]",19.894950213694237,"[2.6790074018405767, 3.5534983107327633, 3.8519295766876245, 9.810514924433273]",37.609308046699674,0.0,[],18.667630138212875,0.0,0.0,0.0,"[5.711136188438623, 3.3954922777776892, 2.8391487317363877, 6.721852940260173]",[],"[0.0, 0.0, 0.0, 0.0]",[],"[12.079836380611853, 6.142287891737665, 4.715765978811251, 14.671417795538904]"
908,0,622,True,True,1.0,5.99,5,5,True,2,7,71.1786888424154,"[21.562898522688936, 3.7082050240803337, 13.188313157748295, 17.11170396889096, 15.607568169006875]",32.75968864854201,"[9.409530423848686, 2.44619995939133, 6.1434421315218355, 7.673564547867475, 7.086951585912681]",50.10202686517637,13.856473849265761,"[7.612313393443897, 6.244160455821863]",24.539790477418784,7.404024801213646,19.539790477418784,5.404024801213646,"[1.975, 3.286610627893911, 5.108173285488089, 9.402541216424902, 4.767465347611884]","[3.96880222344312, 3.4352225777705265]","[0.9750000000000001, 2.286610627893911, 4.108173285488089, 8.402541216424902, 3.7674653476118833]","[2.96880222344312, 2.4352225777705265]","[2.5, 5.863104174086952, 10.533777655097664, 21.54497747801257, 9.660167557979188]"
908,0,623,True,True,1.0,5.99,6,6,True,4,10,80.42003424708733,"[22.44987963947249, 19.431171260709586, 6.537525077568192, 8.171375403184136, 4.931021584597403, 18.89906128155552]",37.36381335636406,"[9.75545305939427, 8.57815679167674, 3.549634780251595, 4.186836407241813, 2.9230984179929873, 8.370633899806654]",55.319135389821945,42.10319745283586,"[9.581942666971793, 10.367526217853145, 19.574434358279994, 2.5792942097309273]",27.574462802030563,20.420247006605987,21.57446280203056,16.420247006605987,"[7.39891754483146, 6.1947029432464715, 1.975, 4.883172569981042, 3.669492486568852, 3.4531772574027357]","[4.736957640119, 5.043335224962727, 8.634029399729197, 2.0059247417950616]","[6.39891754483146, 5.1947029432464715, 0.9750000000000001, 3.8831725699810415, 2.669492486568852, 2.4531772574027357]","[3.7369576401189994, 4.043335224962727, 7.634029399729198, 1.0059247417950616]","[16.40748088418323, 13.319751136529414, 2.5, 9.956852743541132, 6.844852529663722, 6.29019809590445]"
908,0,624,True,False,,0.0,4,4,,0,4,30.43818348896643,"[6.033217359062729, 6.250686880739082, 7.314457433008332, 10.839821816156286]",15.870891560696908,"[3.3529547700344646, 3.437767883488242, 3.8526383988732498, 5.227530508300952]",32.41266371194072,0.0,[],16.64093884765688,0.0,0.0,0.0,"[4.589467911759648, 6.756330277013281, 1.975, 3.320140658883952]",[],"[0.0, 0.0, 0.0, 0.0]",[],"[9.203763876306791, 14.759821223110976, 2.5, 5.949078612522954]"
908,0,625,True,False,,0.0,4,4,,0,4,32.0701237527131,"[8.542140756269351, 5.560008017834853, 5.806177153605673, 12.161797825003221]",16.507348263558107,"[4.331434894945048, 3.168403126955593, 3.2644090899062124, 5.743101151751256]",47.47305423403372,0.0,[],22.514491151273152,0.0,0.0,0.0,"[2.623439578695714, 4.423091113025274, 12.84641172732773, 2.6215487322244337]",[],"[0.0, 0.0, 0.0, 0.0]",[],"[4.162665586399266, 8.777156700064806, 30.37541468545572, 4.157817262113932]"
908,0,626,True,False,,0.0,2,2,,0,2,30.646429727951606,"[8.532178221511279, 22.11425150644033]",13.952107593901127,"[4.327549506389399, 9.624558087511728]",23.312859759984224,0.0,[],11.092015306393849,0.0,0.0,0.0,"[8.399256107350208, 2.692759199043641]",[],"[0.0, 0.0]",[],"[18.972451557308222, 4.340408202676002]"
908,0,627,True,False,,0.0,1,1,,0,1,17.049273182184802,[17.049273182184802],7.6492165410520725,[7.6492165410520725],14.63990902860963,0.0,[],6.7095645211577555,0.0,0.0,0.0,[6.7095645211577555],[],[0.0],[],[14.63990902860963]
908,0,628,True,True,1.0,5.99,6,5,,2,8,51.267838650070246,"[9.79555695258992, 13.584489393757165, 8.620159587212768, 8.739962632377425, 10.527670084132962]",24.994457073527393,"[4.820267211510069, 6.297950863565295, 4.3618622390129795, 4.408585426627196, 5.105791332811855]",55.43931696956192,10.849204610516331,"[4.619211784854568, 6.229992825661762]",26.62133361812915,6.231189798101369,21.62133361812915,4.231189798101369,"[3.6817454487550383, 7.550397054972619, 5.324502739574752, 3.9642454961799434, 6.100442878646796]","[2.8014925960932815, 3.4296972020080876]","[2.6817454487550383, 6.550397054972619, 4.324502739574752, 2.9642454961799434, 5.100442878646796]","[1.8014925960932815, 2.4296972020080876]","[6.876270381423175, 16.795889884545176, 11.088468563012185, 7.60062947738447, 13.078058663196913]"
908,0,629,True,True,1.0,5.99,5,5,True,1,6,50.60458420986757,"[7.216130088422486, 4.6035662791365075, 19.514846200614667, 10.691173371448816, 8.578868270245094]",24.735787841848353,"[3.8142907344847696, 2.7953908488632377, 8.61079001823972, 5.169557614865038, 4.345758625395587]",53.88860954787604,3.7856654437602733,[3.7856654437602733],26.016557723671653,2.476409523066507,21.016557723671653,1.4764095230665066,"[3.4665056010266286, 7.391463768435801, 5.099371229705307, 7.352578494454642, 2.7066386300492757]",[2.476409523066507],"[2.4665056010266286, 6.391463768435801, 4.099371229705307, 6.352578494454642, 1.706638630049276]",[1.4764095230665066],"[6.324373335965714, 16.388368637014874, 10.511208281295659, 16.288662806293953, 4.3759964873058355]"
908,0,630,True,False,,0.0,4,4,,0,4,44.07742912744289,"[10.103309879688249, 10.9204746919396, 5.286027978578847, 17.767616577236193]",21.190197359702726,"[4.940290853078418, 5.258985129856444, 3.0615509116457504, 7.9293704651221155]",73.38303223136569,0.0,[],32.619382570232624,0.0,0.0,0.0,"[4.204516915508097, 15.352451789582002, 6.015415306694361, 7.046998558448161]",[],"[0.0, 0.0, 0.0, 0.0]",[],"[8.21671003976435, 36.801158434825645, 12.86003924793426, 15.505124508841437]"
908,0,631,True,False,,0.0,1,1,,0,1,6.19310894792985,[6.19310894792985],3.4153124896926417,[3.4153124896926417],16.30362096678277,0.0,[],7.35841217704528,0.0,0.0,0.0,[7.35841217704528],[],[0.0],[],[16.30362096678277]
908,0,632,True,False,,0.0,1,1,,0,1,2.8523674650855386,[2.8523674650855386],2.11242331138336,[2.11242331138336],15.199986254760853,0.0,[],6.927994639356733,0.0,0.0,0.0,[6.927994639356733],[],[0.0],[],[15.199986254760853]
908,0,633,True,False,,0.0,1,1,,0,1,9.816446728162388,[9.816446728162388],4.828414223983332,[4.828414223983332],11.150900625326122,0.0,[],5.348851243877188,0.0,0.0,0.0,[5.348851243877188],[],[0.0],[],[11.150900625326122]
908,0,634,True,False,,0.0,2,2,,0,2,16.00115650648068,"[11.945381719284581, 4.055774787196099]",8.240451037527466,"[5.658698870520987, 2.5817521670064787]",20.407913538603033,0.0,[],9.959086280055182,0.0,0.0,0.0,"[4.875952170764549, 5.083134109290634]",[],"[0.0, 0.0]",[],"[9.938338899396278, 10.469574639206753]"
908,0,635,True,False,,0.0,1,1,,0,1,2.5,[2.5],1.975,[1.975],20.19436849916267,0.0,[],8.875803714673442,0.0,0.0,0.0,[8.875803714673442],[],[0.0],[],[20.19436849916267]
908,0,636,True,False,,0.0,1,1,,0,1,10.995988962887688,[10.995988962887688],5.288435695526198,[5.288435695526198],4.400942959073869,0.0,[],2.716367754038809,0.0,0.0,0.0,[2.716367754038809],[],[0.0],[],[4.400942959073869]
908,0,637,True,False,,0.0,4,4,,0,4,44.33912859978822,"[9.141702205076376, 11.361649714645452, 5.8234542164718635, 18.012322463594526]",21.292260153917404,"[4.565263859979787, 5.431043388711727, 3.271147144424027, 8.024805760801865]",47.55238863323967,0.0,[],22.545431566963472,0.0,0.0,0.0,"[7.223269072006385, 3.188613019456521, 2.8107350059933376, 9.322814469507229]",[],"[0.0, 0.0, 0.0, 0.0]",[],"[15.957100184631756, 5.61182825501672, 4.642910271777789, 21.340549921813405]"
908,0,638,True,False,,0.0,2,2,,0,2,20.35562243877968,"[15.79755607192175, 4.55806636685793]",9.938692751124076,"[7.161046868049483, 2.7776458830745927]",9.53899375774331,0.0,[],5.720207565519891,0.0,0.0,0.0,"[3.745207565519891, 1.975]",[],"[0.0, 0.0]",[],"[7.03899375774331, 2.5]"
908,0,639,True,False,,0.0,2,2,,0,2,41.527091323322345,"[36.91787935798905, 4.609211965333292]",18.195565616095713,"[15.397972949615731, 2.797592666479984]",21.094507168000398,0.0,[],10.226857795520157,0.0,0.0,0.0,"[4.249416979743369, 5.977440815776787]",[],"[0.0, 0.0]",[],"[8.331838409598381, 12.762668758402018]"
908,0,640,True,False,,0.0,3,3,,0,3,29.20722231361909,"[2.952878807048256, 6.958756271381478, 19.295587235189355]",14.390816702311445,"[2.1516227347488197, 3.7139149458387766, 8.525279021723849]",26.0953277311038,0.0,[],13.177177815130484,0.0,0.0,0.0,"[4.047191667888624, 3.90665619267593, 5.223329954565929]",[],"[0.0, 0.0, 0.0]",[],"[7.8133119689451895, 7.452964596604947, 10.829051165553665]"
908,0,641,True,False,,0.0,4,4,,0,4,55.50607942116633,"[16.373068534297932, 17.975705446668602, 16.738229811798693, 4.419075628401103]",25.647370974254866,"[7.385496728376194, 8.010525124200754, 7.52790962660149, 2.7234394950764305]",37.13142436727165,0.0,[],18.481255503235943,0.0,0.0,0.0,"[2.89042297320782, 4.952040822740068, 6.154750516178826, 4.484041191109229]",[],"[0.0, 0.0, 0.0, 0.0]",[],"[4.8472383928405645, 10.133438007025816, 13.217309015843142, 8.933438951562126]"
908,0,642,True,True,1.0,5.99,5,5,True,4,9,43.05124079334991,"[11.012383707043837, 11.55842085236092, 7.40310976429293, 8.478246619888672, 4.599079849763557]",21.789983909406466,"[5.294829645747097, 5.507784132420759, 3.887212808074243, 4.3065161817565825, 2.7936411414077873]",60.47952476479933,32.701481707875686,"[2.361725053077076, 12.533423749951822, 8.102834192277772, 9.703498712569019]",28.58701465827174,16.753577866071517,23.58701465827174,12.753577866071518,"[4.83878256265548, 5.356526772118894, 4.071135265289847, 7.341825568969403, 6.978744489238116]","[1.9210727707000597, 5.888035262481211, 4.160105334988331, 4.784364497901917]","[3.8387825626554797, 4.356526772118894, 3.0711352652898465, 6.341825568969403, 5.978744489238116]","[0.9210727707000597, 4.888035262481211, 3.160105334988331, 3.7843644979019175]","[9.843032211937127, 11.170581466971521, 7.874705808435504, 16.261091202485648, 15.330114074969527]"
908,0,643,True,False,,0.0,3,3,,0,3,38.54784203621383,"[12.877995520368257, 4.669431167401098, 21.000415348444474]",18.033658394123393,"[6.022418252943621, 2.821078155286428, 9.190161985893345]",27.421217234067882,0.0,[],13.694274721286474,0.0,0.0,0.0,"[6.964097961181351, 3.348058433610502, 3.3821183264946213]",[],"[0.0, 0.0, 0.0]",[],"[15.292558874823976, 6.020662650283339, 6.107995708960567]"
908,0,644,True,False,,0.0,1,1,,0,1,2.8468140423396306,[2.8468140423396306],2.110257476512456,[2.110257476512456],14.225840786547685,0.0,[],6.548077906753598,0.0,0.0,0.0,[6.548077906753598],[],[0.0],[],[14.225840786547685]
908,0,645,True,True,1.0,5.99,6,6,True,4,10,49.48289542561015,"[17.603431643036323, 3.7028009601896614, 14.49598297010569, 8.36355552206025, 2.5, 2.817124330218224]",25.298329215987962,"[7.865338340784167, 2.4440923744739678, 6.6534333583412195, 4.261786653603497, 1.975, 2.098678488785107]",62.637313030448475,44.20091081595262,"[19.353180312171887, 4.934792938895335, 9.71240705495463, 10.200530509930765]",30.428552081874905,21.23835521822152,24.428552081874905,17.23835521822152,"[6.788979100979365, 8.21765632872999, 4.6381196454585325, 2.4676765465739607, 4.354156547988124, 3.961963912144933]","[8.547740321747035, 2.9245692461691806, 4.7878387514323055, 4.978206898872998]","[5.788979100979365, 7.21765632872999, 3.638119645458533, 1.4676765465739607, 3.3541565479881235, 2.961963912144933]","[7.547740321747036, 1.9245692461691806, 3.787838751432306, 3.9782068988729984]","[14.843536156357345, 18.506811099307665, 9.328511911432136, 3.763273196343489, 8.600401405097752, 7.594779261910084]"
908,0,646,True,False,,0.0,3,3,,0,3,26.174127365645983,"[7.911717158306253, 6.617168273240776, 11.645241934098955]",13.207909672601936,"[4.085569691739439, 3.580695626563903, 5.541644354298593]",36.59898676521831,0.0,[],17.27360483843514,0.0,0.0,0.0,"[2.9035806873404333, 2.7167375790097013, 11.653286572085007]",[],"[0.0, 0.0, 0.0]",[],"[4.880976121385726, 4.401891228230003, 27.31611941560258]"
908,0,647,True,False,,0.0,4,4,,0,4,38.79384590694694,"[7.726488444467082, 8.45852409571142, 8.565978433866492, 14.042854932901946]",19.129599903709305,"[4.013330493342162, 4.298824397327454, 4.340731589207932, 6.476713423831759]",72.1177365670487,0.0,[],32.12591726114899,0.0,0.0,0.0,"[14.563039937265392, 5.586508428562789, 6.7535003111439265, 5.222868584176885]",[],"[0.0, 0.0, 0.0, 0.0]",[],"[34.77702548016767, 11.76027802195587, 14.752564900369041, 10.827868164556115]"
908,0,648,True,False,,0.0,1,1,,0,1,12.187089752312293,[12.187089752312293],5.752965003401794,[5.752965003401794],7.477109827618111,0.0,[],3.9160728327710634,0.0,0.0,0.0,[3.9160728327710634],[],[0.0],[],[7.477109827618111]
908,0,649,True,True,1.0,5.99,5,5,True,1,6,37.81579510709325,"[15.149494494713919, 3.826028981297715, 10.384721469746276, 3.1930802884667875, 5.262469872868549]",19.748160091766366,"[6.908302852938428, 2.492151302706109, 5.050041373201048, 2.245301312502047, 3.0523632504187344]",57.478340096648104,7.227757508828543,[7.227757508828543],27.416552637692764,3.818825428443132,22.416552637692764,2.818825428443132,"[5.3468108114658826, 3.1624087133597745, 5.897094806312793, 8.965573486424468, 4.044664820129846]",[3.818825428443132],"[4.3468108114658826, 2.1624087133597745, 4.897094806312793, 7.965573486424468, 3.0446648201298454]",[2.818825428443132],"[11.145668747348417, 5.544637726563524, 12.556653349519982, 20.42454740108838, 7.806832872127808]"
908,0,650,True,False,,0.0,3,3,,0,3,22.487840137389142,"[7.680612346813253, 2.9196684302496885, 11.887559360326199]",11.770257653581766,"[3.9954388152571685, 2.1386706877973785, 5.636148150527218]",25.46642874410042,0.0,[],12.931907210199164,0.0,0.0,0.0,"[4.055051545262808, 2.5798385414947997, 6.297017123441556]",[],"[0.0, 0.0, 0.0]",[],"[7.833465500673866, 4.050868055114871, 13.582095188311682]"
908,0,651,True,True,1.0,5.99,6,6,True,0,6,62.481305275454815,"[3.258621730466898, 11.25485718306917, 6.628946057280221, 18.349495658451715, 12.53214324484103, 10.457241401345787]",30.36770905742738,"[2.2708624748820903, 5.389394301396976, 3.5852889623392863, 8.156303306796168, 5.887535865488002, 5.0783241465248565]",63.4027321350339,0.0,[],30.727065532663218,0.0,24.72706553266322,0.0,"[8.443186047287591, 5.237791033695216, 4.200123653879247, 4.745661900628549, 5.237031287920723, 2.863271609251897]",[],"[7.4431860472875915, 4.237791033695216, 3.200123653879247, 3.7456619006285488, 4.237031287920723, 1.8632716092518968]",[],"[19.08509242894254, 10.866130855628759, 8.205445266357042, 9.604261283662945, 10.864182789540315, 4.7776195109023]"
908,0,652,True,False,,0.0,1,1,,0,1,3.4334609388324178,[3.4334609388324178],2.339049766144643,[2.339049766144643],8.991534644726768,0.0,[],4.50669851144344,0.0,0.0,0.0,[4.50669851144344],[],[0.0],[],[8.991534644726768]
908,0,653,True,False,,0.0,4,4,,0,4,24.674149504658935,"[7.378548795639398, 4.3425896661305705, 4.900152693231075, 8.052858349657894]",13.622918306816986,"[3.8776340302993653, 2.6936099697909226, 2.911059550360119, 4.140614756366579]",37.6356285568999,0.0,[],18.677895137190962,0.0,0.0,0.0,"[2.9110929498507563, 3.348381914525572, 8.838041246337582, 3.580379026477052]",[],"[0.0, 0.0, 0.0, 0.0]",[],"[4.900238332950657, 6.021492088527108, 20.09754165727585, 6.616356478146287]"
908,0,654,True,False,,0.0,1,1,,0,1,5.24723113528663,[5.24723113528663],3.046420142761786,[3.046420142761786],8.274369367270493,0.0,[],4.227004053235492,0.0,0.0,0.0,[4.227004053235492],[],[0.0],[],[8.274369367270493]
908,0,655,True,False,,0.0,4,4,,0,4,23.993200404145345,"[7.1243047598715386, 7.162564214347822, 6.865798887196625, 2.8405325427293584]",13.357348157616684,"[3.7784788563499, 3.7934000435956508, 3.677661566006684, 2.10780769166445]",33.25615277646003,0.0,[],16.969899582819412,0.0,0.0,0.0,"[4.60639124172512, 1.975, 7.930672102063344, 2.457836239030947]",[],"[0.0, 0.0, 0.0, 0.0]",[],"[9.24715703006441, 2.5, 17.770954107854728, 3.7380416385408894]"
908,0,656,True,True,1.0,5.99,5,5,True,1,6,45.99274498689065,"[11.405121596114519, 13.237992088626473, 7.435469444044235, 10.958496234257437, 2.9556656238479864]",22.93717054488735,"[5.447997422484662, 6.162816914564325, 3.8998330831772514, 5.273813531360401, 2.152709593300715]",48.19328460901798,9.724638561917084,[9.724638561917084],23.795380997517015,4.7926090391476635,18.795380997517015,3.792609039147663,"[6.506132038399313, 2.7130265983189767, 7.870998400729665, 4.227784480966463, 2.477439479102597]",[4.7926090391476635],"[5.506132038399313, 1.7130265983189767, 6.870998400729665, 3.227784480966463, 1.477439479102597]",[3.792609039147663],"[14.118287277946957, 4.392375893125581, 17.61794461725555, 8.276370464016571, 3.788306356673326]"
908,0,657,True,True,1.0,5.99,5,5,True,2,7,56.455660320478714,"[12.138184866288318, 10.085247632881142, 9.031536783090065, 14.310154054635428, 10.890536983583758]",27.017707524986697,"[5.733892097852444, 4.933246576823645, 4.522299345405125, 6.580960081307817, 5.247309423597666]",69.61270567062505,21.19419576985991,"[12.533765984487735, 8.660429785372173]",32.148955211543765,10.265736350245364,27.14895521154377,8.265736350245364,"[3.796760834475592, 12.84365145487434, 5.384431998001463, 5.216614104927761, 4.907496819264611]","[5.8881687339502164, 4.377567616295147]","[2.796760834475592, 11.84365145487434, 4.384431998001463, 4.216614104927761, 3.907496819264611]","[4.8881687339502164, 3.377567616295148]","[7.171181626860492, 30.36833706378036, 11.24213332820888, 10.811831038276308, 10.019222613499002]"
908,0,658,True,False,,0.0,2,2,,0,2,24.58116058091604,"[14.092056118794979, 10.489104462121063]",11.586652626557257,"[6.495901886330042, 5.0907507402272145]",29.587874460226452,0.0,[],13.539271039488318,0.0,0.0,0.0,"[8.06233837202373, 5.476932667464588]",[],"[0.0, 0.0]",[],"[18.108559928265972, 11.479314531960481]"
908,0,659,True,False,,0.0,2,2,,0,2,17.43509950391224,"[6.832349748355231, 10.602749755557008]",8.799688806525774,"[3.6646164018585403, 5.135072404667233]",30.736565540015917,0.0,[],13.987260560606208,0.0,0.0,0.0,"[5.614993842301846, 8.372266718304362]",[],"[0.0, 0.0]",[],"[11.833317544363709, 18.903247995652208]"
908,0,660,True,False,,0.0,3,3,,0,3,26.423872761574142,"[9.201749494694644, 10.4215230242172, 6.8006002426622985]",13.305310377013914,"[4.588682302930911, 5.0643939794447075, 3.6522340946382963]",40.98006010996333,0.0,[],18.9822234428857,0.0,0.0,0.0,"[5.462251540287067, 7.228659599510214, 6.291312303088421]",[],"[0.0, 0.0, 0.0]",[],"[11.441670616120684, 15.97092205002619, 13.567467443816463]"
908,0,661,True,False,,0.0,1,1,,0,1,12.242389590191209,[12.242389590191209],5.774531940174572,[5.774531940174572],13.559467671046157,0.0,[],6.288192391708002,0.0,0.0,0.0,[6.288192391708002],[],[0.0],[],[13.559467671046157]
908,0,662,True,False,,0.0,1,1,,0,1,7.295200781878819,[7.295200781878819],3.8451283049327394,[3.8451283049327394],11.737429265262385,0.0,[],5.57759741345233,0.0,0.0,0.0,[5.57759741345233],[],[0.0],[],[11.737429265262385]
908,0,663,True,False,,0.0,1,1,,0,1,3.2530594876100944,[3.2530594876100944],2.268693200167937,[2.268693200167937],8.968175164847612,0.0,[],4.497588314290569,0.0,0.0,0.0,[4.497588314290569],[],[0.0],[],[8.968175164847612]
908,0,664,True,False,,0.0,2,2,,0,2,19.582044028522645,"[14.530776610180462, 5.0512674183421815]",9.63699717112383,"[6.66700287797038, 2.9699942931534506]",9.743104233599055,0.0,[],5.799810651103632,0.0,0.0,0.0,"[1.975, 3.8248106511036317]",[],"[0.0, 0.0]",[],"[2.5, 7.243104233599055]"
908,0,665,True,False,,0.0,2,2,,0,2,20.176845175628255,"[11.658021320227602, 8.518823855400653]",9.868969618495019,"[5.546628314888765, 4.322341303606255]",12.8444332168742,0.0,[],7.009328954580939,0.0,0.0,0.0,"[4.404422984066603, 2.6049059705143356]",[],"[0.0, 0.0]",[],"[8.72928970273488, 4.115143514139322]"
908,0,666,True,False,,0.0,1,1,,0,1,18.844658542100433,[18.844658542100433],8.34941683141917,[8.34941683141917],6.800410937776703,0.0,[],3.652160265732914,0.0,0.0,0.0,[3.652160265732914],[],[0.0],[],[6.800410937776703]
908,0,667,True,False,,0.0,1,1,,0,1,10.106287806675354,[10.106287806675354],4.941452244603388,[4.941452244603388],5.415989770339676,0.0,[],3.1122360104324738,0.0,0.0,0.0,[3.1122360104324738],[],[0.0],[],[5.415989770339676]
908,0,668,True,False,,0.0,4,4,,0,4,39.821151590003005,"[10.86615436137246, 7.852703161665056, 7.333286149637172, 13.769007917328318]",19.530249120101175,"[5.2378002009352596, 4.062554233049372, 3.8599815983584973, 6.369913087758045]",67.90089497275517,0.0,[],30.481349039374518,0.0,0.0,0.0,"[4.045657170737083, 8.179911831122926, 3.9474223491789826, 14.308357688335526]",[],"[0.0, 0.0, 0.0, 0.0]",[],"[7.809377360864317, 18.41003033621263, 7.557493203023032, 34.123994072655194]"
908,0,669,True,False,,0.0,3,3,,0,3,36.6832157016385,"[3.561255261446573, 16.164681496515694, 16.95727894367624]",17.306454123639018,"[2.3888895519641635, 7.304225783641121, 7.613338788033734]",17.698466331919384,0.0,[],9.90240186944856,0.0,0.0,0.0,"[2.937820954348762, 2.8541031421745355, 4.110477772925262]",[],"[0.0, 0.0, 0.0]",[],"[4.968771677817339, 4.754110620960347, 7.975584033141697]"
908,0,670,True,False,,0.0,2,2,,0,2,19.823743058957632,"[12.89586295428385, 6.927880104673783]",9.731259792993477,"[6.029386552170702, 3.7018732408227755]",20.665119531977385,0.0,[],10.05939661747118,0.0,0.0,0.0,"[5.045372933728964, 5.0140236837422165]",[],"[0.0, 0.0]",[],"[10.372751112125549, 10.292368419851837]"
908,0,671,True,False,,0.0,3,3,,0,3,22.661109595599896,"[5.365326570180564, 14.354746093618928, 2.941036931800404]",11.837832742283961,"[3.09247736237042, 6.598350976511382, 2.147004403402158]",35.60991866520877,0.0,[],16.887868279431423,0.0,0.0,0.0,"[8.573217214731681, 4.226236145257644, 4.088414919442097]",[],"[0.0, 0.0, 0.0]",[],"[19.41850567879918, 8.272400372455497, 7.919012613954094]"
908,0,672,True,False,,0.0,4,4,,0,4,30.08033917995938,"[4.598028754428486, 10.537004085159928, 6.131051599146847, 8.81425474122412]",15.731332280184159,"[2.7932312142271094, 5.109431593212372, 3.3911101236672705, 4.437559349077407]",42.7271228079911,0.0,[],20.663577895116532,0.0,0.0,0.0,"[5.755518014968714, 7.453834014748408, 5.479225865399408, 1.975]",[],"[0.0, 0.0, 0.0, 0.0]",[],"[12.193635935817214, 16.548292345508738, 11.485194526665147, 2.5]"
908,0,673,True,False,,0.0,2,2,,0,2,17.802978778297167,"[7.573076404288351, 10.229902374008818]",8.943161723535896,"[3.953499797672457, 4.989661925863439]",11.117502089164391,0.0,[],6.335825814774113,0.0,0.0,0.0,"[2.789405549354158, 3.546420265419955]",[],"[0.0, 0.0]",[],"[4.588219357318354, 6.529282731846037]"
908,0,674,True,False,,0.0,3,3,,0,3,36.02575569682524,"[6.0434527673976, 4.489897908841054, 25.49240502058659]",17.050044721761846,"[3.356946579285064, 2.7510601844480114, 10.942037958028772]",24.78813529037233,0.0,[],12.66737276324521,0.0,0.0,0.0,"[5.86768171753748, 1.975, 4.824691045707729]",[],"[0.0, 0.0, 0.0]",[],"[12.481235173173026, 2.5, 9.806900117199305]"
908,0,675,True,False,,0.0,2,2,,0,2,51.74170720434954,"[12.249674582844921, 39.49203262150462]",22.179265809696325,"[5.7773730873095195, 16.401892722386805]",22.763581006789693,0.0,[],10.87779659264798,0.0,0.0,0.0,"[6.68470235166212, 4.193094240985861]",[],"[0.0, 0.0]",[],"[14.576159876056716, 8.187421130732975]"
908,0,676,True,False,,0.0,4,4,,0,4,28.771128667357058,"[2.5, 13.707790334981247, 8.567888155553167, 3.9954501768226423]",15.220740180269253,"[1.975, 6.346038230642686, 4.3414763806657355, 2.5582255689608306]",50.658884070602355,0.0,[],23.75696478753492,0.0,0.0,0.0,"[6.30055098887039, 3.0153456028525674, 5.8093272333466475, 8.631740962465315]",[],"[0.0, 0.0, 0.0, 0.0]",[],"[13.59115638171895, 5.1675528278270955, 12.33160829063243, 19.568566570423883]"
908,0,677,True,False,,0.0,2,2,,0,2,6.726922593574843,"[2.7774758808511186, 3.9494467127237245]",4.623499811494189,"[2.0832155935319365, 2.5402842179622525]",27.97672202760165,0.0,[],12.910921590764644,0.0,0.0,0.0,"[3.9589515726768663, 8.951970018087778]",[],"[0.0, 0.0]",[],"[7.587055314556067, 20.38966671304558]"
908,0,678,True,False,,0.0,2,2,,0,2,8.933431292459886,"[3.0625533287510116, 5.870877963708875]",5.484038204059356,"[2.1943957982128945, 3.289642405846461]",8.959071420493151,0.0,[],5.49403785399233,0.0,0.0,0.0,"[2.2237639562772715, 3.270273897715058]",[],"[0.0, 0.0]",[],"[3.137856298146849, 5.8212151223463025]"
908,0,679,True,False,,0.0,4,4,,0,4,52.35145412130308,"[19.792452505173724, 6.882137781035485, 18.23829516114693, 7.438568673946936]",24.4170671073082,"[8.719056477017752, 3.6840337346038394, 8.112935112847303, 3.901041782839305]",42.48181958885742,0.0,[],20.567909639654395,0.0,0.0,0.0,"[7.141125295662855, 3.332609550120632, 6.90001218520351, 3.194162608667398]",[],"[0.0, 0.0, 0.0, 0.0]",[],"[15.746475117084243, 5.981050128514441, 15.12823637231669, 5.626057970942046]"
908,0,680,True,False,,0.0,2,2,,0,2,18.12548449959829,"[11.143491449498143, 6.981993050100147]",9.068938954843333,"[5.345961665304276, 3.7229772895390574]",20.577257647038355,0.0,[],10.02513048234496,0.0,0.0,0.0,"[6.680698787715818, 3.34443169462914]",[],"[0.0, 0.0]",[],"[14.565894327476457, 6.011363319561898]"
908,0,681,True,False,,0.0,3,3,,0,3,19.782741644777666,"[9.155529711239131, 5.966929988388462, 4.66028194515007]",10.71526924146329,"[4.570656587383262, 3.3271026954715004, 2.817509958608527]",21.98311182657073,0.0,[],11.573413612362586,0.0,0.0,0.0,"[6.4477160511191345, 1.975, 3.150697561243451]",[],"[0.0, 0.0, 0.0]",[],"[13.968502695177268, 2.5, 5.514609131393463]"
908,0,682,True,False,,0.0,4,4,,0,4,49.78546400396808,"[5.2245093736079316, 12.319522523907604, 16.90371201499409, 15.33772009145846]",23.41633096154755,"[3.0375586557070933, 5.804613784323966, 7.592447685847695, 6.9817108356688]",24.884987276387832,0.0,[],13.705145037791254,0.0,0.0,0.0,"[5.431654640410221, 1.975, 3.503654530470496, 2.794835866910538]",[],"[0.0, 0.0, 0.0, 0.0]",[],"[11.363217026692874, 2.5, 6.4196270012064, 4.6021432484885585]"
908,0,683,True,False,,0.0,2,2,,0,2,23.447129393197987,"[5.815309228646053, 17.631820164551932]",11.144380463347215,"[3.267970599171961, 7.876409864175254]",27.90357062674165,0.0,[],12.882392544429244,0.0,0.0,0.0,"[10.566255756570348, 2.3161367878588965]",[],"[0.0, 0.0]",[],"[24.52886091428294, 3.3747097124587087]"
908,0,684,True,False,,0.0,2,2,,0,2,14.039060041952833,"[8.299431691261262, 5.739628350691572]",7.475233416361606,"[4.236778359591892, 3.2384550567697135]",12.588829190616046,0.0,[],6.909643384340258,0.0,0.0,0.0,"[3.642996715164729, 3.266646669175529]",[],"[0.0, 0.0]",[],"[6.776914654268535, 5.81191453634751]"
908,0,685,True,True,1.0,5.99,5,5,True,2,7,33.099507001319004,"[2.5, 6.994355182793249, 6.664723684392344, 2.5, 14.44042813413341]",17.90880773051441,"[1.975, 3.727798521289367, 3.5992422369130144, 1.975, 6.631766972312031]",57.4280490784692,10.020860624150002,"[3.050282485312315, 6.970578138837687]",27.396939140602996,5.9081356434185,22.39693914060299,3.908135643418501,"[6.104814122358365, 4.149189223841649, 1.975, 8.211053510903483, 6.956882283499494]","[2.189610169271803, 3.718525474146698]","[5.104814122358365, 3.1491892238416486, 0.9750000000000001, 7.211053510903483, 5.956882283499494]","[1.1896101692718029, 2.718525474146698]","[13.089266980406064, 8.074844163696534, 2.5, 18.489880797188416, 15.27405713717819]"
908,0,686,True,False,,0.0,4,4,,0,4,48.234085349516974,"[15.910660385354191, 11.48899822026666, 8.500798331891884, 12.333628412004234]",22.81129328631162,"[7.205157550288135, 5.480709305903998, 4.315311349437835, 5.810115080681651]",58.71483660071759,0.0,[],26.898786274279857,0.0,0.0,0.0,"[5.273715043974127, 6.41313439333383, 5.356515365924944, 9.85542147104696]",[],"[0.0, 0.0, 0.0, 0.0]",[],"[10.95824370249776, 13.87983177777905, 11.170552220320369, 22.70620890012041]"
908,0,687,True,False,,0.0,2,2,,0,2,23.85929450070945,"[14.412429444520809, 9.44686505618864]",11.305124855276686,"[6.620847483363116, 4.68427737191357]",26.57796396300178,0.0,[],12.365405945570695,0.0,0.0,0.0,"[7.564545674803785, 4.8008602707669095]",[],"[0.0, 0.0]",[],"[16.832168396932783, 9.745795566068997]"
908,0,688,True,False,,0.0,3,3,,0,3,25.611386794116033,"[5.2477041850294475, 15.545090504799521, 4.818592104287062]",12.988440849705253,"[3.0466046321614844, 7.062585296871814, 2.8792509206719545]",21.971945146594457,0.0,[],11.56905860717184,0.0,0.0,0.0,"[5.989352683690275, 2.8173531403511785, 2.7623527831303845]",[],"[0.0, 0.0, 0.0]",[],"[12.793212009462245, 4.659879847054303, 4.518853290077909]"
908,0,689,True,False,,0.0,2,2,,0,2,23.813688297528863,"[4.146976799239506, 19.666711498289356]",11.287338436036256,"[2.6173209517034075, 8.670017484332849]",11.500716395314631,0.0,[],6.485279394172706,0.0,0.0,0.0,"[2.8573812648904386, 3.6278981292822676]",[],"[0.0, 0.0]",[],"[4.7625160638216375, 6.738200331492994]"
908,0,690,True,True,1.0,5.99,6,6,True,2,8,71.21999060785788,"[8.191172656900187, 21.1399459242375, 18.45164452635603, 11.15186654639161, 6.982019642508039, 5.3033413114645]",33.77579633706456,"[4.194557336191073, 9.244578910452626, 8.196141365278852, 5.349227953092727, 3.722987660578135, 3.068303111471155]",70.64487628167801,16.67002114336007,"[6.228856716950196, 10.441164426409875]",33.551501749854424,8.501308245910428,27.551501749854424,6.501308245910428,"[10.18391845572143, 4.787482367015974, 3.7850198870748284, 7.836162125999381, 4.9839189140428095, 1.975]","[3.4292541196105764, 5.072054126299851]","[9.18391845572143, 3.7874823670159734, 2.7850198870748284, 6.836162125999381, 3.9839189140428095, 0.9750000000000001]","[2.4292541196105764, 4.072054126299851]","[23.54850886082418, 9.711493248758906, 7.141076633525201, 17.528620835895847, 10.21517670267387, 2.5]"
908,0,691,True,False,,0.0,1,1,,0,1,8.93334439235315,[8.93334439235315],4.484004313017729,[4.484004313017729],13.723506273397625,0.0,[],6.3521674466250735,0.0,0.0,0.0,[6.3521674466250735],[],[0.0],[],[13.723506273397625]
908,0,692,True,False,,0.0,1,1,,0,1,5.132813253573622,[5.132813253573622],3.0017971688937126,[3.0017971688937126],14.462284571772585,0.0,[],6.640290982991308,0.0,0.0,0.0,[6.640290982991308],[],[0.0],[],[14.462284571772585]
908,0,693,True,False,,0.0,4,4,,0,4,31.407481873492657,"[11.245359603508879, 5.016919128041607, 12.240630494574336, 2.904572647367831]",16.248917930662135,"[5.385690245368463, 2.956598459936227, 5.773845892883991, 2.132783332473454]",47.09736296968334,0.0,[],22.3679715581765,0.0,0.0,0.0,"[3.6363907146411774, 4.024737098449865, 4.2233307032141045, 10.483513041871355]",[],"[0.0, 0.0, 0.0, 0.0]",[],"[6.759976191387634, 7.75573614987145, 8.264950521061808, 24.316700107362447]"
908,0,694,True,False,,0.0,4,4,,0,4,23.669647098195803,"[2.5, 8.542858570616946, 8.234827314376444, 4.391961213202413]",13.231162368296363,"[1.975, 4.33171484254061, 4.211582652606813, 2.7128648731489413]",34.19122405593065,0.0,[],17.334577381812952,0.0,0.0,0.0,"[2.964409671382065, 4.536115533319814, 3.575717113149167, 6.2583350639619075]",[],"[0.0, 0.0, 0.0, 0.0]",[],"[5.036947875338628, 9.06696290594824, 6.604402854228633, 13.482910420415147]"
908,0,695,True,False,,0.0,2,2,,0,2,19.00668303900856,"[7.955283982598357, 11.051399056410204]",9.412606385213339,"[4.102560753213359, 5.31004563199998]",9.343125583948977,0.0,[],5.643818977740101,0.0,0.0,0.0,"[2.7170221535872416, 2.9267968241528592]",[],"[0.0, 0.0]",[],"[4.4026209066339534, 4.940504677315023]"
908,0,696,True,False,,0.0,1,1,,0,1,4.094932223612806,[4.094932223612806],2.5970235672089945,[2.5970235672089945],14.087261632384878,0.0,[],6.494032036630103,0.0,0.0,0.0,[6.494032036630103],[],[0.0],[],[14.087261632384878]
908,0,697,True,False,,0.0,2,2,,0,2,26.46823506469961,"[11.857666149611681, 14.610568915087928]",12.322611675232848,"[5.624489798348556, 6.698121876884292]",28.84350527072685,0.0,[],13.248967055583472,0.0,0.0,0.0,"[8.785163801192386, 4.463803254391086]",[],"[0.0, 0.0]",[],"[19.96195846459586, 8.88154680613099]"
908,0,698,True,False,,0.0,3,3,,0,3,26.09872668061218,"[7.561217213381373, 13.162660252330705, 5.374849214900102]",13.17850340543875,"[3.9488747132187356, 6.133437498408975, 3.09619119381104]",20.015967755345606,0.0,[],10.806227424584787,0.0,0.0,0.0,"[6.177860484025883, 2.347976396424614, 2.2803905441342893]",[],"[0.0, 0.0, 0.0]",[],"[13.27656534365611, 3.4563497344220866, 3.283052677267408]"
908,0,699,True,False,,0.0,2,2,,0,2,19.37634843559406,"[10.006488319377539, 9.369860116216524]",9.556775889881685,"[4.90253044455724, 4.654245445324444]",23.29283169961637,0.0,[],11.084204362850384,0.0,0.0,0.0,"[6.143893384282217, 4.940310978568167]",[],"[0.0, 0.0]",[],"[13.189470216108248, 10.103361483508122]"
908,0,700,True,False,,0.0,2,2,,0,2,10.402807596824665,"[4.6626012179975005, 5.740206378827165]",6.057094962761619,"[2.818414475019025, 3.2386804877425943]",12.364020265758398,0.0,[],6.821967903645776,0.0,0.0,0.0,"[4.1238548619921875, 2.6981130416535883]",[],"[0.0, 0.0]",[],"[8.009884261518428, 4.354136004239971]"
908,0,701,True,False,,0.0,1,1,,0,1,8.135221662190862,[8.135221662190862],4.172736448254437,[4.172736448254437],4.19459451320702,0.0,[],2.635891860150738,0.0,0.0,0.0,[2.635891860150738],[],[0.0],[],[4.19459451320702]
908,0,702,True,False,,0.0,4,4,,0,4,59.5016321543673,"[14.559683903869411, 27.66264214725597, 11.547147423287722, 5.7321586799542]",27.205636540203248,"[6.678276722509071, 11.78843043742983, 5.503387495082212, 3.235541885182138]",36.72826146333411,0.0,[],18.3240219707003,0.0,0.0,0.0,"[4.77036567794635, 2.2931205567346415, 5.521795058014904, 5.7387406780044055]",[],"[0.0, 0.0, 0.0, 0.0]",[],"[9.667604302426538, 3.315693735217029, 11.594346302602318, 12.15061712308822]"
908,0,703,True,False,,0.0,2,2,,0,2,14.878841755580696,"[6.214311533766162, 8.664530221814534]",7.802748284676472,"[3.4235814981688035, 4.379166786507668]",17.92473496699799,0.0,[],8.990646637129215,0.0,0.0,0.0,"[4.5090752776325385, 4.481571359496677]",[],"[0.0, 0.0]",[],"[8.997628917006509, 8.927106049991478]"
908,0,704,True,True,1.0,5.99,8,8,True,2,10,65.26400018210128,"[12.285429474232288, 14.0584791312792, 8.268335053825208, 12.102156102407832, 6.158090567063168, 3.5453876983977453, 3.642399102399297, 5.203723052496538]",33.452960071019504,"[5.791317494950593, 6.482806861198888, 4.2246506709918314, 5.7198408799390545, 3.4016553211546356, 2.3827012023751206, 2.420535649935726, 3.0294519904736497]",58.70943654274073,10.044304037351283,"[3.880857437472347, 6.163446599878936]",30.896680251668887,5.917278574567001,22.896680251668887,3.9172785745670007,"[3.0783483663130156, 2.6899831341138656, 3.6285883653082034, 5.157040451474147, 4.4498803578252355, 2.9121944446517505, 5.9435365606514425, 3.0371085713312267]","[2.5135344006142155, 3.403744173952785]","[2.0783483663130156, 1.6899831341138654, 2.6285883653082034, 4.157040451474147, 3.4498803578252355, 1.9121944446517505, 4.9435365606514425, 2.0371085713312267]","[1.5135344006142153, 2.403744173952785]","[5.329098375161578, 4.3332900874714495, 6.7399701674569314, 10.65907808070294, 8.845847071346757, 4.903062678594232, 12.675734770901133, 5.22335531110571]"
908,0,705,True,False,,0.0,4,4,,0,4,52.626846153705046,"[17.780129426087743, 11.224975925925103, 16.271970765261837, 7.349770036430357]",24.52446999994497,"[7.9342504761742205, 5.37774061111079, 7.346068598452117, 3.8664103142078394]",37.43494796793444,0.0,[],18.599629707494433,0.0,0.0,0.0,"[3.3801678905101227, 7.02013192174425, 3.091575576936356, 5.107754318303704]",[],"[0.0, 0.0, 0.0, 0.0]",[],"[6.102994591051596, 15.436235696780129, 5.36301429983681, 10.532703380265907]"
908,0,706,True,False,,0.0,4,4,,0,4,39.537902316015945,"[8.58197738583942, 12.333594148916639, 4.127881772714429, 14.494449008545459]",19.419781903246218,"[4.346971180477373, 5.810101718077489, 2.6098738913586272, 6.6528351133327295]",34.8987031391547,0.0,[],17.610494224270333,0.0,0.0,0.0,"[4.3229324327223875, 3.257081504320821, 6.61699414143377, 3.413486145793354]",[],"[0.0, 0.0, 0.0, 0.0]",[],"[8.520339571083046, 5.787388472617489, 14.402549080599409, 6.188426014854754]"
908,0,707,True,False,,0.0,4,4,,0,4,30.555584136552255,"[8.071282397194912, 4.645246901520867, 4.618501120033293, 13.220553717803185]",15.91667781325538,"[4.147800134906015, 2.811646291593138, 2.801215436812984, 6.156015949943242]",63.13214630352161,0.0,[],28.621537058373427,0.0,0.0,0.0,"[4.173596649731569, 3.8534519511443155, 9.792189053860943, 10.8022994036366]",[],"[0.0, 0.0, 0.0, 0.0]",[],"[8.137427307004023, 7.316543464472604, 22.54407449707934, 25.13410103496564]"
908,0,708,True,False,,0.0,1,1,,0,1,6.7324015929081105,[6.7324015929081105],3.6256366212341633,[3.6256366212341633],12.23397768261865,0.0,[],5.771251296221274,0.0,0.0,0.0,[5.771251296221274],[],[0.0],[],[12.23397768261865]
908,0,709,True,False,,0.0,4,4,,0,4,26.967432885015743,"[3.293366039129903, 3.1333060755979703, 6.562917810772257, 13.977842959515613]",14.51729882515614,"[2.2844127552606626, 2.2219893694832082, 3.5595379462011802, 6.451358754211089]",26.966213827864948,0.0,[],14.51682339286733,0.0,0.0,0.0,"[3.1979150525266604, 4.62167520737412, 4.661234558721603, 2.0359985742449456]",[],"[0.0, 0.0, 0.0, 0.0]",[],"[5.635679621863232, 9.286346685574667, 9.387780919798981, 2.6564066006280656]"
908,0,710,True,False,,0.0,1,1,,0,1,4.313601726883569,[4.313601726883569],2.682304673484592,[2.682304673484592],2.5,0.0,[],1.975,0.0,0.0,0.0,[1.975],[],[0.0],[],[2.5]
908,0,711,True,False,,0.0,3,3,,0,3,19.104378166139703,"[7.726655324179475, 7.11333004764311, 4.264392794317117]",10.450707484794485,"[4.013395576429995, 3.7741987185808132, 2.663113189783676]",31.199697165909292,0.0,[],15.167881894704625,0.0,0.0,0.0,"[7.447261893381053, 5.207839110316712, 2.5127808910068596]",[],"[0.0, 0.0, 0.0]",[],"[16.53144075225911, 10.789331052094134, 3.8789253615560506]"
908,0,712,True,False,,0.0,2,2,,0,2,8.586412572101295,"[4.412634638210401, 4.173777933890894]",5.3487009031195045,"[2.720927508902056, 2.6277733942174484]",14.395365798443844,0.0,[],7.6141926613930995,0.0,0.0,0.0,"[3.0195829514765697, 4.59460970991653]",[],"[0.0, 0.0]",[],"[5.178417824298896, 9.216947974144949]"
908,0,713,True,False,,0.0,1,1,,0,1,6.53378801964012,[6.53378801964012],3.548177327659647,[3.548177327659647],11.507305562572453,0.0,[],5.4878491694032565,0.0,0.0,0.0,[5.4878491694032565],[],[0.0],[],[11.507305562572453]
908,0,714,True,False,,0.0,4,4,,0,4,32.364986822283484,"[8.646264222095045, 4.646155082198678, 11.18572248516528, 7.8868450328244855]",16.62234486069056,"[4.372043046617067, 2.812000482057485, 5.362431769214459, 4.075869562801549]",47.01382592579998,0.0,[],22.335392111061992,0.0,0.0,0.0,"[3.330635498591696, 7.322947789874277, 3.3220708029393657, 8.359738019656652]",[],"[0.0, 0.0, 0.0, 0.0]",[],"[5.975988457927425, 16.212686640703275, 5.954027699844527, 18.871123127324747]"
908,0,715,True,False,,0.0,2,2,,0,2,23.357558459478234,"[9.29921640060436, 14.058342058873876]",11.109447799196513,"[4.626694396235701, 6.482753402960812]",16.313975388962973,0.0,[],8.36245040169556,0.0,0.0,0.0,"[2.6928734163607135, 5.669576985334846]",[],"[0.0, 0.0]",[],"[4.340701067591573, 11.973274321371399]"
908,0,716,True,False,,0.0,4,4,,0,4,33.90827773320417,"[6.00545248971578, 3.221003037681318, 15.037966416221758, 9.64385578958532]",17.22422831594963,"[3.3421264709891543, 2.256191184695714, 6.864806902326486, 4.761103757938275]",32.31123789902422,0.0,[],16.601382780619446,0.0,0.0,0.0,"[3.363459395443142, 3.876546477827898, 5.120437438440059, 4.240939468908346]",[],"[0.0, 0.0, 0.0, 0.0]",[],"[6.060152296008056, 7.375760199558712, 10.565224201128357, 8.310101202329092]"
908,0,717,True,False,,0.0,3,3,,0,3,26.27134535510881,"[5.868836845991996, 4.061561500005467, 16.340947009111346]",13.245824688492437,"[3.288846369936879, 2.584008985002132, 7.372969333553425]",18.12291107029728,0.0,[],10.06793531741594,0.0,0.0,0.0,"[2.4028755829124933, 3.7746247265278474, 3.8904350079755994]",[],"[0.0, 0.0, 0.0]",[],"[3.5971168792628037, 7.114422375712429, 7.411371815322049]"
908,0,718,True,False,,0.0,3,3,,0,3,27.16967630004373,"[14.118863459236103, 8.47595273109617, 4.574860109711455]",13.596173757017054,"[6.50635674910208, 4.305621565127506, 2.7841954427874676]",45.684367472539215,0.0,[],20.816903314290293,0.0,0.0,0.0,"[5.556036484732072, 12.363756130409303, 2.8971106991489193]",[],"[0.0, 0.0, 0.0]",[],"[11.682144832646339, 29.137836231818724, 4.864386408074152]"
908,0,719,True,False,,0.0,2,2,,0,2,17.078358714833325,"[9.652594057799016, 7.425764657034309]",8.660559898784998,"[4.764511682541617, 3.8960482162433805]",29.037121564423146,0.0,[],13.324477410125027,0.0,0.0,0.0,"[3.8020425096464012, 9.522434900478626]",[],"[0.0, 0.0]",[],"[7.184724383708721, 21.852397180714423]"
908,0,720,True,True,1.0,5.99,6,6,True,1,7,55.22228181013132,"[15.067096282457232, 7.526711535334115, 12.312841064964582, 8.21172576842502, 9.388323510846705, 2.7155836481036677]",27.536689905951217,"[6.87616755015832, 3.9354174987803052, 5.802008015336187, 4.202573049685757, 4.661446169230215, 2.05907762276043]",68.96592288296448,12.058099513845882,[12.058099513845882],32.896709924356145,5.702658810399894,26.89670992435615,4.702658810399894,"[9.373242502389573, 3.6285279547386016, 7.035279222243043, 6.371741271676517, 4.487184937099868, 2.0007340362085486]",[5.702658810399894],"[8.373242502389573, 2.6285279547386016, 6.035279222243043, 5.371741271676517, 3.487184937099868, 1.0007340362085488]",[4.702658810399894],"[21.469852570229673, 6.739815268560517, 15.475074928828315, 13.773695568401326, 8.94149983871761, 2.5659847082270484]"
908,0,721,True,False,,0.0,1,1,,0,1,4.079416392790563,[4.079416392790563],2.5909723931883195,[2.5909723931883195],3.798500202525551,0.0,[],2.481415078984965,0.0,0.0,0.0,[2.481415078984965],[],[0.0],[],[3.798500202525551]
908,0,722,True,False,,0.0,2,2,,0,2,15.535580589644447,"[10.194898282760501, 5.340682306883944]",8.058876429961334,"[4.976010330276596, 3.0828660996847383]",9.920891173572961,0.0,[],5.869147557693456,0.0,0.0,0.0,"[2.014609799116113, 3.854537758577343]",[],"[0.0, 0.0]",[],"[2.6015635874772123, 7.31932758609575]"
908,0,723,True,True,1.0,5.99,10,10,True,3,13,101.6891293988513,"[10.16015702969262, 10.890428245981997, 5.503273632966985, 3.5193064020650078, 10.718321256576305, 23.533023866442985, 5.762293374145166, 10.14563846796742, 5.936031706834861, 15.520655416177949]",49.65876046555201,"[4.962461241580122, 5.247267015932979, 3.146276716857124, 2.3725294968053534, 5.180145290064759, 10.177879307912765, 3.247294415916615, 4.956799002507294, 3.3150523656655957, 7.0530556123094]",75.62917909213542,24.933690072908945,"[13.208557833711415, 6.548677624610948, 5.17645461458658]",39.49537984593282,12.724139128434489,29.495379845932817,9.724139128434489,"[1.975, 4.913191583676917, 3.4199894138722366, 2.0864399653795997, 6.192167603827315, 5.4686473250029515, 4.502749860633296, 3.7171383571705707, 5.245055736369929, 1.975]","[6.151337555147452, 3.55398427359827, 3.0188172996887666]","[0.9750000000000001, 3.913191583676917, 2.4199894138722366, 1.0864399653795997, 5.192167603827315, 4.4686473250029515, 3.502749860633296, 2.7171383571705707, 4.245055736369929, 0.9750000000000001]","[5.151337555147452, 2.55398427359827, 2.0188172996887666]","[2.5, 10.033824573530556, 6.205101061210863, 2.7857435009733327, 13.313250266223884, 11.458070064110132, 8.981409899059733, 6.9670214286424885, 10.884758298384433, 2.5]"
908,0,724,True,False,,0.0,1,1,,0,1,4.317028699470192,[4.317028699470192],2.6836411927933748,[2.6836411927933748],2.5,0.0,[],1.975,0.0,0.0,0.0,[1.975],[],[0.0],[],[2.5]
908,0,725,True,True,1.0,5.99,5,5,True,0,5,41.95903413139292,"[5.118882881010974, 8.114336287481725, 13.598894067623469, 6.266291438676325, 8.86062945660043]",21.364023311243244,"[2.99636432359428, 4.164591152117874, 6.303568686373153, 3.443853661083767, 4.455645488074168]",64.34801210957947,0.0,[],30.095724722735998,0.0,25.095724722735998,0.0,"[6.1037745921344175, 7.420599730384338, 9.438451359989566, 2.769543329248741, 4.363355710978934]",[],"[5.1037745921344175, 6.420599730384338, 8.438451359989566, 1.7695433292487406, 3.363355710978934]",[],"[13.086601518293378, 16.463076231754712, 21.637054769204013, 4.537290587817283, 8.623989002510086]"
908,0,726,True,False,,0.0,1,1,,0,1,16.74520818942788,[16.74520818942788],7.530631193876874,[7.530631193876874],4.939367688862905,0.0,[],2.9263533986565333,0.0,0.0,0.0,[2.9263533986565333],[],[0.0],[],[4.939367688862905]
908,0,727,True,False,,0.0,2,2,,0,2,38.65603880579028,"[20.164222138039875, 18.491816667750406]",17.075855134258212,"[8.864046633835551, 8.21180850042266]",29.031075551872995,0.0,[],13.322119465230468,0.0,0.0,0.0,"[6.932745922404343, 6.389373542826125]",[],"[0.0, 0.0]",[],"[15.212169031806008, 13.818906520066987]"
908,0,728,True,True,1.0,5.99,8,8,True,1,9,57.305279357584716,"[10.215384172633533, 5.650146699000079, 10.008398633773394, 7.459302000595845, 6.831168969856496, 2.715495306525486, 8.819966103509781, 5.605417471690101]",30.34905894945804,"[4.983999827327078, 3.203557212610031, 4.903275467171624, 3.90912778023238, 3.664155898244034, 2.05904316954494, 4.439786780368815, 3.1861128139591397]",89.83570488488094,5.419084710009949,[5.419084710009949],43.03592490510356,3.11344303690388,35.03592490510356,2.11344303690388,"[5.161256288288028, 4.245471838134376, 8.007619103617941, 6.950845862012342, 2.577699042155856, 4.141653227201911, 8.20148022432809, 3.749899319365021]",[3.11344303690388],"[4.161256288288028, 3.245471838134376, 7.007619103617941, 5.950845862012342, 1.577699042155856, 3.1416532272019113, 7.2014802243280895, 2.749899319365021]",[2.11344303690388],"[10.669887918687252, 8.321722661883015, 17.968254111840874, 15.258579133364979, 4.04538215937399, 8.055521095389516, 18.465333908533562, 7.051023895807747]"
908,0,729,True,False,,0.0,3,3,,0,3,22.969907845260135,"[12.517883763922999, 4.202967914803338, 6.249056166533797]",11.958264059651452,"[5.88197466792997, 2.6391574867733016, 3.4371319049481808]",24.825453832215608,0.0,[],12.681926994564089,0.0,0.0,0.0,"[4.474709706242432, 4.5714401992213425, 3.6357770891003134]",[],"[0.0, 0.0, 0.0]",[],"[8.909512067288288, 9.157538972362415, 6.7584027925649055]"
908,0,730,True,False,,0.0,1,1,,0,1,4.030461696775414,[4.030461696775414],2.5718800617424113,[2.5718800617424113],6.912709964917744,0.0,[],3.69595688631792,0.0,0.0,0.0,[3.69595688631792],[],[0.0],[],[6.912709964917744]
908,0,731,True,False,,0.0,4,4,,0,4,52.68285976846069,"[22.63553604195038, 5.675847453976074, 11.70812008076317, 12.663356191771062]",24.546315309699672,"[9.82785905636065, 3.213580507050669, 5.566166831497636, 5.938708914790714]",36.34898189868414,0.0,[],18.176102940486814,0.0,0.0,0.0,"[5.638413467701914, 2.9916568854450523, 4.546323440221324, 4.999709147118525]",[],"[0.0, 0.0, 0.0, 0.0]",[],"[11.893367865902343, 5.106812526782186, 9.093137026208524, 10.255664479791088]"
908,0,732,True,False,,0.0,4,4,,0,4,25.270915454722704,"[2.5, 8.724381479261996, 5.136663147356348, 8.909870828104358]",13.855657027341852,"[1.975, 4.402508776912178, 3.003298627468976, 4.4748496229607]",32.590702185352995,0.0,[],16.710373852287667,0.0,0.0,0.0,"[3.51768309596874, 3.9947868144724366, 4.9536045457210545, 4.244299396125437]",[],"[0.0, 0.0, 0.0, 0.0]",[],"[6.455597681971128, 7.678940549929324, 10.13744755313091, 8.318716400321634]"
908,0,733,True,False,,0.0,1,1,,0,1,16.93046670396838,[16.93046670396838],7.602882014547669,[7.602882014547669],2.546420718300046,0.0,[],1.9931040801370181,0.0,0.0,0.0,[1.9931040801370181],[],[0.0],[],[2.546420718300046]
908,0,734,True,False,,0.0,2,2,,0,2,7.851940543705307,"[3.6963376314532486, 4.155602912252059]",5.06225681204507,"[2.4415716762667667, 2.620685135778303]",6.09808915218174,0.0,[],4.378254769350878,0.0,0.0,0.0,"[2.4032547693508786, 1.975]",[],"[0.0, 0.0]",[],"[3.59808915218174, 2.5]"
908,0,735,True,False,,0.0,4,4,,0,4,35.63910273664277,"[12.214945781383186, 8.373785276344762, 5.172535824776103, 9.877835854138718]",17.89925006729068,"[5.763828854739443, 4.265776257774457, 3.0172889716626803, 4.8523559831141]",54.64875368041815,0.0,[],25.31301393536308,0.0,0.0,0.0,"[7.230887695370959, 9.636417573761578, 6.009959731804944, 2.435748934425601]",[],"[0.0, 0.0, 0.0, 0.0]",[],"[15.976635116335792, 22.144660445542506, 12.84605059437165, 3.6814075241682076]"
908,0,736,True,False,,0.0,3,3,,0,3,14.255950834394172,"[2.866148019921496, 5.4151018467353245, 5.974700967737352]",8.559820825413727,"[2.1177977277693834, 3.1118897202267766, 3.3301333774175674]",36.16840429080725,0.0,[],17.105677673414828,0.0,0.0,0.0,"[4.093643869774365, 6.925867599160054, 6.08616620448041]",[],"[0.0, 0.0, 0.0]",[],"[7.932420178908626, 15.1945323055386, 13.041451806360024]"
908,0,737,True,True,1.0,5.99,6,6,True,1,7,62.557897071240774,"[5.880635254187834, 5.873369913699212, 12.882633461008476, 11.078180090640528, 19.572307003848973, 7.270771347855756]",30.397579857783903,"[3.2934477491332554, 3.2906142663426925, 6.024227049793306, 5.320490235349806, 8.6331997315011, 3.835600825663745]",75.27051031149021,16.39421625454188,[16.39421625454188],35.35549902148119,7.393744339271334,29.355499021481183,6.393744339271334,"[2.9814060938266875, 2.4491054597121438, 5.273024188149242, 3.7363848701916598, 6.122897298059541, 14.79268111154191]",[7.393744339271334],"[1.9814060938266873, 1.4491054597121438, 4.273024188149242, 2.7363848701916598, 5.122897298059541, 13.79268111154191]",[6.393744339271334],"[5.080528445709454, 3.7156550249029325, 10.95647227730575, 7.0163714620298965, 13.135634097588564, 35.36584900395361]"
908,0,738,True,False,,0.0,3,3,,0,3,17.039598077382422,"[6.261061940939804, 8.278536136442616, 2.5]",9.645443250179143,"[3.4418141569665237, 4.2286290932126205, 1.975]",28.119869433360098,0.0,[],13.966749079010437,0.0,0.0,0.0,"[4.015467016772723, 3.2312756425284364, 6.7200064197092795]",[],"[0.0, 0.0, 0.0]",[],"[7.731966709673649, 5.721219596226759, 14.66668312745969]"
908,0,739,True,False,,0.0,3,3,,0,3,37.00440872257809,"[4.9248538781780455, 16.583249451369756, 15.496305393030287]",17.431719401805456,"[2.920693012489438, 7.467467286034205, 7.043559103281813]",33.02872200000061,0.0,[],15.881201580000237,0.0,0.0,0.0,"[6.862609730001468, 2.5559556172699223, 6.4626362327288485]",[],"[0.0, 0.0, 0.0]",[],"[15.032332641029406, 3.989629787871595, 14.006759571099611]"
908,0,740,True,True,1.0,5.99,6,6,True,2,8,48.43847703519209,"[11.417964322179106, 11.136253392533874, 4.327591926004874, 5.058569013303408, 11.572055022550684, 4.9260433586201495]",24.891006043724914,"[5.453006085649852, 5.343138823088211, 2.687760851141901, 2.972841915188329, 5.513101458794766, 2.9211569098618586]",36.31311358182751,26.025239930044684,"[20.887875110995537, 5.137364819049145]",20.16211429691273,12.149843572717426,14.16211429691273,10.149843572717426,"[3.9706377151425536, 1.975, 1.975, 4.795121322517926, 4.2057577096481324, 3.240597549604118]","[9.14627129328826, 3.0035722794291666]","[2.9706377151425536, 0.9750000000000001, 0.9750000000000001, 3.795121322517926, 3.205757709648132, 2.240597549604118]","[8.14627129328826, 2.0035722794291666]","[7.617019782416804, 2.5, 2.5, 9.731080314148528, 8.219891563200338, 5.745121922061841]"
908,0,741,True,False,,0.0,3,3,,0,3,15.53396877015,"[2.5, 2.5, 10.53396877015]",9.0582478203585,"[1.975, 1.975, 5.108247820358501]",45.17469973677072,0.0,[],20.61813289734058,0.0,0.0,0.0,"[5.8421896035404695, 7.91181073903546, 6.864132554764651]",[],"[0.0, 0.0, 0.0]",[],"[12.415870778308895, 17.722591638552462, 15.036237319909361]"
908,0,742,True,True,1.0,5.99,5,5,,1,6,31.46356320253372,"[4.906430150681062, 3.8574285845777503, 9.342945385189092, 4.127422856457956, 9.229336225627861]",17.270789648988153,"[2.913507758765614, 2.5043971479853226, 4.643748700223746, 2.609694914018603, 4.599441127994866]",62.68463854274405,2.6029686992507832,[2.6029686992507832],29.447009031670174,2.0151577927078055,24.447009031670174,1.0151577927078055,"[5.934139968316717, 3.2274212593488483, 6.447121295065714, 9.808116127715119, 4.030210381223779]",[2.0151577927078055],"[4.934139968316717, 2.2274212593488483, 5.447121295065714, 8.808116127715119, 3.030210381223779]",[1.0151577927078055],"[12.651640944401837, 5.711336562432944, 13.966977679655677, 22.584913147987482, 7.7697702082661]"
908,0,743,True,False,,0.0,4,4,,0,4,24.93070030451955,"[8.76849636375925, 7.825904955595732, 2.5, 5.8362989851645715]",13.722973118762626,"[4.419713581866107, 4.0521029326823355, 1.975, 3.276156604214183]",40.891607500481705,0.0,[],19.947726925187865,0.0,0.0,0.0,"[5.344899996950521, 6.223996871157594, 6.187266805665578, 2.1915632514141725]",[],"[0.0, 0.0, 0.0, 0.0]",[],"[11.140769222950054, 13.394863772198958, 13.300684117091226, 3.0552903882414686]"
908,0,744,True,False,,0.0,2,2,,0,2,23.14594754979231,"[9.613506184457982, 13.53244136533433]",11.026919544419002,"[4.749267411938613, 6.277652132480389]",14.874611519886496,0.0,[],7.801098492755734,0.0,0.0,0.0,"[3.3336054590979325, 4.467493033657801]",[],"[0.0, 0.0]",[],"[5.98360374127675, 8.891007778609747]"
908,0,745,True,False,,0.0,4,4,,0,4,16.716077852783712,"[2.5, 7.489408318999494, 2.5, 4.226669533784218]",10.519270362585647,"[1.975, 3.920869244409803, 1.975, 2.648401118175845]",34.71961109507967,0.0,[],17.540648327081072,0.0,0.0,0.0,"[4.608822712810916, 3.4950111410000626, 5.04575846104154, 4.391056012228551]",[],"[0.0, 0.0, 0.0, 0.0]",[],"[9.25339157131004, 6.3974644641027245, 10.373739643696258, 8.695015415970644]"
908,0,746,True,False,,0.0,3,3,,0,3,21.88768605796851,"[3.519059820370827, 2.5, 15.868626237597681]",11.536197562607718,"[2.3724333299446227, 1.975, 7.188764232663096]",22.77132944386229,0.0,[],11.880818483106292,0.0,0.0,0.0,"[6.4490246163362865, 2.719208616446127, 2.712585250323879]",[],"[0.0, 0.0, 0.0]",[],"[13.971857990605862, 4.408227221656737, 4.39124423159969]"
908,0,747,True,True,1.0,5.99,8,8,True,0,8,71.82506653738525,"[2.772298394116607, 6.647271583164249, 9.503791587944551, 3.228745847203864, 23.572700916236002, 14.498341028489268, 7.256089126129564, 4.3458280541011485]",36.011775949580255,"[2.0811963737054766, 3.592435917434057, 4.706478719298375, 2.259210880409507, 10.193353357332041, 6.654353001110815, 3.82987475919053, 2.694872941099448]",78.41777084602418,0.0,[],38.58293062994943,0.0,30.58293062994943,0.0,"[6.429302600121667, 11.37065543967246, 4.6186017255000795, 5.168603139138675, 2.000805349095348, 2.290311006705206, 2.087149616125815, 4.6175017535901794]",[],"[5.429302600121667, 10.37065543967246, 3.61860172550008, 4.168603139138675, 1.0008053490953477, 1.2903110067052064, 1.087149616125815, 3.6175017535901794]",[],"[13.921288718260683, 26.59142420428836, 9.278465962820718, 10.688725997791474, 2.5661675617829425, 3.3084897607825803, 2.7875631182713203, 9.275645522026101]"
908,0,748,True,False,,0.0,2,2,,0,2,11.823121269377237,"[5.394706670764139, 6.428414598613099]",6.611017295057122,"[3.103935601598014, 3.5070816934591087]",24.396849125331457,0.0,[],11.514771158879268,0.0,0.0,0.0,"[4.115866486199949, 7.398904672679319]",[],"[0.0, 0.0]",[],"[7.989401246666536, 16.40744787866492]"
908,0,749,True,False,,0.0,1,1,,0,1,14.308018374906073,[14.308018374906073],6.5801271662133685,[6.5801271662133685],9.60626002576834,0.0,[],4.746441410049652,0.0,0.0,0.0,[4.746441410049652],[],[0.0],[],[9.60626002576834]
908,0,750,True,False,,0.0,1,1,,0,1,8.133916921565843,[8.133916921565843],4.172227599410679,[4.172227599410679],4.485934372801686,0.0,[],2.7495144053926577,0.0,0.0,0.0,[2.7495144053926577],[],[0.0],[],[4.485934372801686]
908,0,751,True,False,,0.0,1,1,,0,1,9.27572877558642,[9.27572877558642],4.617534222478705,[4.617534222478705],8.990928727930799,0.0,[],4.506462203893012,0.0,0.0,0.0,[4.506462203893012],[],[0.0],[],[8.990928727930799]
908,0,752,True,False,,0.0,3,3,,0,3,23.15456016469154,"[10.693577505477778, 9.478736339259703, 2.9822463199540588]",12.0302784642297,"[5.170495227136334, 4.696707172311284, 2.163076064782083]",26.047674275610934,0.0,[],13.158592967488264,0.0,0.0,0.0,"[2.645515154160943, 7.128512379891918, 3.384565433435404]",[],"[0.0, 0.0, 0.0]",[],"[4.219269626053701, 15.714134307415174, 6.114270342142061]"
908,0,753,True,False,,0.0,2,2,,0,2,5.628137414757479,"[3.1281374147574783, 2.5]",4.194973591755417,"[2.2199735917554166, 1.975]",20.62535574466493,0.0,[],10.043888740419323,0.0,0.0,0.0,"[4.41468851265048, 5.629200227768844]",[],"[0.0, 0.0]",[],"[8.755611570898665, 11.869744173766266]"
908,0,754,True,False,,0.0,2,2,,0,2,15.027814011725006,"[9.610508726568037, 5.417305285156969]",7.860847464572753,"[4.748098403361535, 3.112749061211218]",12.99936676322778,0.0,[],7.069753037658835,0.0,0.0,0.0,"[3.717453864848064, 3.3522991728107705]",[],"[0.0, 0.0]",[],"[6.967830422687344, 6.031536340540437]"
908,0,755,True,False,,0.0,1,1,,0,1,11.511567275298969,[11.511567275298969],5.489511237366598,[5.489511237366598],3.2956575210759853,0.0,[],2.2853064332196342,0.0,0.0,0.0,[2.2853064332196342],[],[0.0],[],[3.2956575210759853]
908,0,756,True,False,,0.0,1,1,,0,1,8.843874637682935,[8.843874637682935],4.449111108696345,[4.449111108696345],8.509698692226854,0.0,[],4.3187824899684735,0.0,0.0,0.0,[4.3187824899684735],[],[0.0],[],[8.509698692226854]
908,0,757,True,False,,0.0,4,4,,0,4,20.39133278130589,"[4.874416908105517, 6.436375334892922, 2.5, 6.580540538307455]",11.952619784709299,"[2.9010225941611516, 3.5101863806082396, 1.975, 3.5664108099399074]",60.36590693634467,0.0,[],27.542703705174425,0.0,0.0,0.0,"[2.453646388511894, 3.4317446201612216, 9.309449294474229, 12.347863402027079]",[],"[0.0, 0.0, 0.0, 0.0]",[],"[3.72729843208178, 6.235242615798004, 21.306280242241613, 29.097085646223277]"
908,0,758,True,False,,0.0,3,3,,0,3,34.1372551609351,"[23.107598045544577, 4.266279483627547, 6.763377631762971]",16.31352951276469,"[10.011963237762386, 2.6638489986147436, 3.637717276387559]",36.47768843199844,0.0,[],17.22629848847939,0.0,0.0,0.0,"[8.340193041093151, 3.864417466256791, 5.021687981129449]",[],"[0.0, 0.0, 0.0]",[],"[18.82100779767475, 7.344660169889207, 10.312020464434484]"
908,0,759,True,False,,0.0,1,1,,0,1,16.586621518679316,[16.586621518679316],7.4687823922849335,[7.4687823922849335],14.737995566585177,0.0,[],6.747818270968219,0.0,0.0,0.0,[6.747818270968219],[],[0.0],[],[14.737995566585177]
908,0,760,True,False,,0.0,1,1,,0,1,9.264493183196178,[9.264493183196178],4.61315234144651,[4.61315234144651],8.979549664356654,0.0,[],4.502024369099095,0.0,0.0,0.0,[4.502024369099095],[],[0.0],[],[8.979549664356654]
908,0,761,True,False,,0.0,3,3,,0,3,24.751894565040196,"[7.066696779414028, 7.203047307367942, 10.482150478258228]",12.653238880365677,"[3.756011743971471, 3.809188449873498, 5.088038686520709]",34.38479033131853,0.0,[],16.410068229214225,0.0,0.0,0.0,"[4.267782851584762, 7.3201642228612, 4.822121154768265]",[],"[0.0, 0.0, 0.0]",[],"[8.378930388678878, 16.20554928938769, 9.800310653251962]"
908,0,762,True,False,,0.0,1,1,,0,1,18.346105844281638,[18.346105844281638],8.15498127926984,[8.15498127926984],12.751623567225018,0.0,[],5.973133191217757,0.0,0.0,0.0,[5.973133191217757],[],[0.0],[],[12.751623567225018]
908,0,763,True,True,1.0,5.99,5,5,True,2,7,47.7096610980688,"[11.927184224458708, 6.023650756697468, 4.888435013363833, 5.814883818304819, 19.055507285243973]",23.606767828246834,"[5.651601847538896, 3.3492237951120125, 2.906489655211895, 3.2678046891388792, 8.43164784124515]",47.27952449599666,36.1159215565994,"[13.42869510528007, 22.687226451319333]",23.4390145534387,16.08520940707377,18.4390145534387,14.08520940707377,"[1.975, 4.627202550108514, 4.76334876834251, 5.650731286770961, 6.422731948216715]","[6.237191091059228, 9.84801831601454]","[0.9750000000000001, 3.6272025501085134, 3.76334876834251, 4.650731286770961, 5.422731948216715]","[5.237191091059228, 8.84801831601454]","[2.5, 9.300519359252599, 9.649612226519256, 11.924952017361438, 13.90444089286337]"
908,0,764,True,False,,0.0,4,4,,0,4,32.36908018361945,"[5.281635666369368, 3.8202578964561966, 20.123486552124113, 3.1437000686697734]",16.623941271611585,"[3.059837909884054, 2.4899005796179168, 8.848159755328403, 2.2260430267812117]",47.40705640092452,0.0,[],22.488751996360556,0.0,0.0,0.0,"[9.458729531653344, 2.709969580983376, 8.16817871522761, 2.1518741684962297]",[],"[0.0, 0.0, 0.0, 0.0]",[],"[21.68905008116242, 4.384537387136862, 18.379945423660537, 2.953523508964692]"
908,0,765,True,True,1.0,5.99,7,7,True,3,10,64.48462308204867,"[5.473403174732088, 10.014274696956269, 13.895739409783728, 5.172371053660901, 10.159918482510328, 14.707410480296563, 5.06150578410879]",32.149003001998985,"[3.1346272381455145, 4.905567131812945, 6.419338369815654, 3.0172247109277515, 4.9623682081790275, 6.73589008731566, 2.9739872558024283]",63.65994357599088,29.1358171256472,"[11.975281051164636, 5.714834035027536, 11.445702039455028]",31.827377994636443,14.36296867900241,24.827377994636443,11.36296867900241,"[3.0132426983321516, 5.365774410107367, 7.95904613109874, 2.7716042479642193, 5.014808734634361, 3.7439311101268764, 3.958970662372729]","[5.670359609954208, 3.228785273660739, 5.463823795387461]","[2.0132426983321516, 4.365774410107367, 6.95904613109874, 1.7716042479642193, 4.014808734634361, 2.7439311101268764, 2.958970662372729]","[4.670359609954208, 2.228785273660739, 4.463823795387461]","[5.162160764954234, 11.194293359249658, 17.843708028458305, 4.54257499478005, 10.294381370857336, 7.035720795197118, 7.587104262494177]"
908,0,766,True,True,1.0,5.99,6,6,True,0,6,70.2272450313193,"[14.225194000569246, 3.9483063885571883, 8.045455770309912, 11.589419239898973, 19.408010171506774, 13.010859460477201]",33.38862556221453,"[6.547825660222006, 2.5398394915373035, 4.137727750420866, 5.5198735035606, 8.569123966887641, 6.074235189586108]",72.26937530706975,0.0,[],34.185056369757206,0.0,28.185056369757202,0.0,"[4.7408930671263, 3.7876484157224026, 5.406219619421328, 11.244121778642889, 5.5490677473292545, 3.4571057415150306]",[],"[3.7408930671263, 2.7876484157224026, 4.406219619421328, 10.244121778642889, 4.5490677473292545, 2.4571057415150306]",[],"[9.59203350545205, 7.147816450570263, 11.29799902415725, 26.26697891959715, 11.664276275203216, 6.300271132089822]"
908,0,767,True,False,,0.0,1,1,,0,1,14.431486561940506,[14.431486561940506],6.628279759156798,[6.628279759156798],8.86903247533741,0.0,[],4.458922665381589,0.0,0.0,0.0,[4.458922665381589],[],[0.0],[],[8.86903247533741]
908,0,768,True,True,1.0,5.99,5,5,True,1,6,64.65063061885635,"[4.980335254020913, 13.673985331807453, 12.998785703164714, 10.962548043261958, 22.03497628660132]",30.21374594135398,"[2.942330749068156, 6.3328542794049065, 6.069526424234239, 5.2753937368721635, 9.593640751774515]",42.14781623849546,11.86535353073491,[11.86535353073491],21.43764833301323,5.627487876986614,16.43764833301323,4.627487876986614,"[6.384844325452043, 3.8603848283072235, 3.211580623045742, 5.853126347547816, 2.1277122086604043]",[5.627487876986614],"[5.384844325452043, 2.8603848283072235, 2.211580623045742, 4.853126347547816, 1.1277122086604041]",[4.627487876986614],"[13.807293142184726, 7.334320072582624, 5.670719546271134, 12.443913711661066, 2.891569765795908]"
908,0,769,True,False,,0.0,4,4,,0,4,38.44681229483181,"[15.35027064136363, 8.34270031353646, 7.497838716823586, 7.256002623108133]",18.994256794984405,"[6.9866055501318165, 4.2536531222792195, 3.9241570995611985, 3.8298410230121718]",31.228438985028294,0.0,[],16.179091204161036,0.0,0.0,0.0,"[5.117819005749705, 3.062338719002068, 5.29450905117586, 2.704424428233403]",[],"[0.0, 0.0, 0.0, 0.0]",[],"[10.558510271153088, 5.2880479974412005, 11.011561669681692, 4.370319046752315]"
908,0,770,True,False,,0.0,2,2,,0,2,20.759548778204085,"[10.767534572447888, 9.992014205756195]",10.096224023499593,"[5.199338483254676, 4.8968855402449165]",23.3133027201579,0.0,[],11.09218806086158,0.0,0.0,0.0,"[6.13433836411585, 4.957849696745731]",[],"[0.0, 0.0]",[],"[13.164970164399614, 10.148332555758286]"
908,0,771,True,False,,0.0,1,1,,0,1,16.56606397672678,[16.56606397672678],7.460764950923445,[7.460764950923445],15.387307805554167,0.0,[],7.001050044166125,0.0,0.0,0.0,[7.001050044166125],[],[0.0],[],[15.387307805554167]
908,0,772,True,False,,0.0,4,4,,0,4,29.153524815261637,"[7.0775741538013754, 4.8349537541791054, 9.184554791933472, 8.056442115347682]",15.369874677952039,"[3.7602539199825364, 2.885631964129851, 4.581976368854054, 4.142012424985596]",50.47904925156092,0.0,[],23.686829208108758,0.0,0.0,0.0,"[2.88025453059885, 6.668080516635163, 8.213545697770918, 5.924948463103829]",[],"[0.0, 0.0, 0.0, 0.0]",[],"[4.821165463073974, 14.533539786244006, 18.49627101992543, 12.628072982317509]"
908,0,773,True,False,,0.0,2,2,,0,2,27.44936985411779,"[13.512227999842393, 13.9371418542754]",12.705254243105939,"[6.269768919938533, 6.435485323167406]",17.937505568235594,0.0,[],8.995627171611881,0.0,0.0,0.0,"[2.053138282143821, 6.94248888946806]",[],"[0.0, 0.0]",[],"[2.7003545695995403, 15.237150998636052]"
908,0,774,True,False,,0.0,1,1,,0,1,18.164472364471557,[18.164472364471557],8.084144222143907,[8.084144222143907],6.445498080796195,0.0,[],3.5137442515105164,0.0,0.0,0.0,[3.5137442515105164],[],[0.0],[],[6.445498080796195]
908,0,775,True,False,,0.0,3,3,,0,3,38.46255196619683,"[13.725480181058652, 13.673325714480454, 11.063746070657722]",18.000395266816763,"[6.352937270612874, 6.332597028647377, 5.314860967556512]",42.996576321624346,0.0,[],19.768664765433495,0.0,0.0,0.0,"[5.737293168795259, 7.862607337858697, 6.168764258779539]",[],"[0.0, 0.0, 0.0]",[],"[12.146905561013485, 17.596429071432556, 13.253241689178303]"
908,0,776,True,False,,0.0,2,2,,0,2,16.371080286621215,"[2.855781477783644, 13.51529880883757]",8.384721311782274,"[2.1137547763356213, 6.270966535446653]",19.262911998726402,0.0,[],9.512535679503296,0.0,0.0,0.0,"[6.893929825935041, 2.618605853568255]",[],"[0.0, 0.0]",[],"[15.112640579320619, 4.150271419405782]"
908,0,777,True,False,,0.0,1,1,,0,1,17.799624504438782,[17.799624504438782],7.941853556731125,[7.941853556731125],14.824374999678543,0.0,[],6.781506249874632,0.0,0.0,0.0,[6.781506249874632],[],[0.0],[],[14.824374999678543]
908,0,778,True,False,,0.0,4,4,,0,4,49.586677294092794,"[10.526388050741955, 10.240423306387392, 19.40822175163808, 9.411644185325363]",23.33880414469619,"[5.105291339789363, 4.993765089491083, 8.569206483138853, 4.670541232276891]",35.30358125345039,0.0,[],17.76839668884565,0.0,0.0,0.0,"[2.334894000940146, 7.791130198525232, 3.7403762753911183, 3.901996213989156]",[],"[0.0, 0.0, 0.0, 0.0]",[],"[3.4228051306157585, 17.4131543551929, 7.026605834336201, 7.441015933305528]"
908,0,779,True,False,,0.0,3,3,,0,3,35.94562370415022,"[10.29178272329539, 11.373329613944826, 14.280511366910005]",17.018793244618585,"[5.0137952620852015, 5.435598549438482, 6.569399433094902]",30.458922630445567,0.0,[],14.87897982587377,0.0,0.0,0.0,"[6.386775235069352, 5.905651573987175, 2.586553016817245]",[],"[0.0, 0.0, 0.0]",[],"[13.812244192485517, 12.578593779454295, 4.068084658505756]"
908,0,780,True,True,1.0,5.99,5,5,True,1,6,43.126794219749165,"[4.712623687768048, 15.021091011544986, 4.123101808788809, 5.639922173136501, 13.63005553851082]",21.819449745702176,"[2.8379232382295387, 6.858225494502545, 2.6080097054276354, 3.1995696475232354, 6.3157216600192205]",31.149713600523533,3.566047248645495,[3.566047248645495],17.14838830420418,2.3907584269717432,12.148388304204179,1.390758426971743,"[1.975, 3.51143448965702, 2.631683197389205, 6.699688305484186, 2.3305823116737683]",[2.3907584269717432],"[0.9750000000000001, 2.51143448965702, 1.6316831973892054, 5.699688305484186, 1.330582311673768]",[1.390758426971743],"[2.5, 6.43957561450518, 4.183803070228731, 14.614585398677399, 3.4117495171122254]"
908,0,781,True,False,,0.0,1,1,,0,1,7.296677856388285,[7.296677856388285],3.8457043639914312,[3.8457043639914312],5.918000447005566,0.0,[],3.308020174332171,0.0,0.0,0.0,[3.308020174332171],[],[0.0],[],[5.918000447005566]
908,0,782,True,False,,0.0,1,1,,0,1,4.094949429111947,[4.094949429111947],2.5970302773536593,[2.5970302773536593],5.322580323638793,0.0,[],3.0758063262191295,0.0,0.0,0.0,[3.0758063262191295],[],[0.0],[],[5.322580323638793]
908,0,783,True,False,,0.0,1,1,,0,1,5.75360129049648,[5.75360129049648],3.2439045032936273,[3.2439045032936273],10.984659436732612,0.0,[],5.284017180325718,0.0,0.0,0.0,[5.284017180325718],[],[0.0],[],[10.984659436732612]
908,0,784,True,False,,0.0,3,3,,0,3,29.332499629177082,"[13.128351984161029, 7.567174008717979, 8.636973636298077]",14.439674855379064,"[6.120057273822801, 3.951197863400012, 4.36841971815625]",28.538504858896985,0.0,[],14.130016894969824,0.0,0.0,0.0,"[3.3644453885005645, 4.396181622357448, 6.369389884111812]",[],"[0.0, 0.0, 0.0]",[],"[6.0626804833347805, 8.708158006044739, 13.767666369517466]"
908,0,785,True,True,1.0,5.99,6,6,True,0,6,60.54705871213034,"[5.4885332340391235, 3.539400660340725, 7.558422746830752, 19.188597605881, 19.902970892134853, 4.869133572903884]",29.613352897730834,"[3.140527961275258, 2.3803662575328826, 3.9477848712639934, 8.483553066293592, 8.762158647932594, 2.898962093432515]",59.244572793058175,0.0,[],29.105383389292687,0.0,23.105383389292687,0.0,"[3.4154846107482664, 3.4955619589682057, 6.034273693185864, 4.636139261075924, 4.7227242799664655, 6.801199585347962]",[],"[2.4154846107482664, 2.4955619589682057, 5.034273693185864, 3.636139261075923, 3.722724279966466, 5.801199585347962]",[],"[6.1935502839699135, 6.398876817867194, 12.90839408509196, 9.323434002758777, 9.545446871708887, 14.87487073166144]"
908,0,786,True,False,,0.0,4,4,,0,4,38.96772365146609,"[18.24778134814291, 4.323484207920339, 8.577320605297919, 7.819137490104911]",19.197412224071773,"[8.116634725775736, 2.6861588410889325, 4.345155036066188, 4.049463621140916]",31.487517655847526,0.0,[],16.280131885780534,0.0,0.0,0.0,"[3.2778780820128763, 4.345141108247387, 4.458788359569132, 4.198324335951138]",[],"[0.0, 0.0, 0.0, 0.0]",[],"[5.840713030802247, 8.577284892942018, 8.868688101459313, 8.200831630643945]"
908,0,787,True,False,,0.0,3,3,,0,3,34.883335613227686,"[16.435966318078844, 10.590657401582625, 7.856711893566217]",16.6045008891588,"[7.410026864050749, 5.130356386617224, 4.064117638490824]",26.622659919706102,0.0,[],13.38283736868538,0.0,0.0,0.0,"[5.3720328731466305, 2.480025428863764, 5.530779066674985]",[],"[0.0, 0.0, 0.0]",[],"[11.210340700375976, 3.794936997086574, 11.617382222243553]"
908,0,788,True,False,,0.0,1,1,,0,1,8.098738067826828,[8.098738067826828],4.158507846452463,[4.158507846452463],10.845275189674489,0.0,[],5.229657323973051,0.0,0.0,0.0,[5.229657323973051],[],[0.0],[],[10.845275189674489]
908,0,789,True,False,,0.0,2,2,,0,2,15.639118344114245,"[4.4337553735769495, 11.205362970537296]",8.099256154204557,"[2.7291645956950106, 5.370091558509546]",13.138086992962489,0.0,[],7.123853927255371,0.0,0.0,0.0,"[3.515643565849992, 3.6082103614053787]",[],"[0.0, 0.0]",[],"[6.450368117564082, 6.6877188753984065]"
908,0,790,True,False,,0.0,4,4,,0,4,55.87497645594307,"[9.693100866273937, 16.227026287834544, 15.441885284685055, 14.512964017149535]",25.7912408178178,"[4.780309337846836, 7.328540252255473, 7.022335261027171, 6.660055966688319]",35.377989442466756,0.0,[],17.797415882562035,0.0,0.0,0.0,"[4.391770300143414, 2.223552281599569, 3.679336557621652, 7.502756743197399]",[],"[0.0, 0.0, 0.0, 0.0]",[],"[8.696846923444651, 3.1373135425629983, 6.870093737491415, 16.67373523896769]"
908,0,791,True,False,,0.0,1,1,,0,1,3.2359080630892088,[3.2359080630892088],2.2620041446047914,[2.2620041446047914],22.6282554520951,0.0,[],9.82501962631709,0.0,0.0,0.0,[9.82501962631709],[],[0.0],[],[22.6282554520951]
908,0,792,True,False,,0.0,2,2,,0,2,41.689629175273524,"[26.175318496947195, 15.514310678326332]",18.258955378356674,"[11.208374213809407, 7.050581164547269]",11.266196816686826,0.0,[],6.393816758507862,0.0,0.0,0.0,"[2.5375452367860696, 3.8562715217217924]",[],"[0.0, 0.0]",[],"[3.9424236840668456, 7.32377313261998]"
908,0,793,True,True,1.0,5.99,6,6,True,2,8,65.49694224851606,"[17.352968697250454, 6.655745441011246, 12.263319223124, 14.213269681170368, 4.748121026866898, 10.263518179093111]",31.54380747692127,"[7.767657791927677, 3.5957407219943858, 5.78269449701836, 6.543175175656444, 2.8517672004780903, 5.002772089846314]",38.48984850675253,16.112994092283365,"[13.304609809940905, 2.8083842823424594]",21.011040917633487,8.284067695990512,15.011040917633487,6.284067695990512,"[4.713934421508263, 1.975, 2.750833534788349, 3.2461388093216113, 2.558612310015547, 5.766521841999716]","[6.188797825876953, 2.095269870113559]","[3.7139344215082626, 0.9750000000000001, 1.7508335347883488, 2.2461388093216113, 1.5586123100155471, 4.766521841999716]","[5.188797825876953, 1.0952698701135593]","[9.52290877309811, 2.5, 4.489316755867561, 5.759330280311824, 3.996441820552685, 12.22185087692235]"
908,0,794,True,False,,0.0,4,4,,0,4,40.42348573282447,"[7.171487756939142, 9.03744118927357, 13.469238321069618, 10.745318465542137]",19.765159435801543,"[3.7968802252062654, 4.524602063816692, 6.253002945217151, 5.190674201561434]",30.10280893473181,0.0,[],15.740095484545407,0.0,0.0,0.0,"[4.201687898176081, 3.082958543130519, 5.691707001095045, 2.763742042143761]",[],"[0.0, 0.0, 0.0, 0.0]",[],"[8.209456149169439, 5.340919341360305, 12.030017951525757, 4.522415492676311]"
908,0,795,True,True,1.0,5.99,5,5,True,3,8,34.352224296530416,"[5.780650164398711, 3.090224322236232, 5.787694076465497, 3.840885872792976, 15.852769860637]",18.397367475646863,"[3.2544535641154972, 2.2051874856721305, 3.257200689821544, 2.497945490389261, 7.18258024564843]",37.2338334519073,31.119324390415088,"[10.034993776012787, 4.622173779948179, 16.46215683445412]",19.521195046243847,15.136536512261884,14.521195046243848,12.136536512261884,"[4.830654650571895, 3.925547389700628, 3.130832861439461, 1.975, 5.659160144531864]","[4.913647572644987, 2.80264777417979, 7.420241165437107]","[3.830654650571895, 2.925547389700628, 2.130832861439461, 0.9750000000000001, 4.659160144531864]","[3.913647572644987, 1.80264777417979, 6.420241165437107]","[9.822191411722807, 7.501403563334944, 5.463674003690925, 2.5, 11.946564473158626]"
908,0,796,True,False,,0.0,3,3,,0,3,33.98068933448215,"[6.385143683777374, 8.391889238360227, 19.203656412344554]",16.25246884044804,"[3.4902060366731757, 4.272836802960489, 8.489426000814376]",34.167022342093986,0.0,[],16.325138713416656,0.0,0.0,0.0,"[4.15071469893967, 4.61409566089152, 7.560328353585465]",[],"[0.0, 0.0, 0.0]",[],"[8.078755638306847, 9.266911951003898, 16.821354752783243]"
908,0,797,True,False,,0.0,2,2,,0,2,6.0406249379524795,"[3.5406249379524795, 2.5]",4.355843725801467,"[2.380843725801467, 1.975]",27.971547442273412,0.0,[],12.90890350248663,0.0,0.0,0.0,"[7.3158510937845715, 5.59305240870206]",[],"[0.0, 0.0]",[],"[16.194489984063004, 11.77705745821041]"
908,0,798,True,False,,0.0,4,4,,0,4,57.58753414467519,"[20.362239474333876, 9.466035502951668, 3.965777977601584, 23.793481189788057]",26.459138316423324,"[8.941273394990212, 4.69175384615115, 2.546653411264618, 10.279457664017343]",38.13026213801447,0.0,[],18.870802233825643,0.0,0.0,0.0,"[6.525716879753812, 5.71961287389615, 2.799060018921609, 3.8264124612540744]",[],"[0.0, 0.0, 0.0, 0.0]",[],"[14.16850481988157, 12.101571471528588, 4.612974407491305, 7.247211439113011]"
908,0,799,True,False,,0.0,2,2,,0,2,20.600178930324702,"[17.441928018335343, 3.1582509119893603]",10.034069782826634,"[7.802351927150784, 2.231717855675851]",19.174933865540652,0.0,[],9.478224207560855,0.0,0.0,0.0,"[6.39710443954869, 3.081119768012165]",[],"[0.0, 0.0]",[],"[13.838729332176127, 5.336204533364526]"
908,0,800,True,True,1.0,5.99,6,6,True,1,7,30.059662073775513,"[6.662583158027738, 7.653897284922306, 3.175563407962999, 2.843435619934781, 7.224182602927691, 2.5]",17.723268208772453,"[3.598407431630818, 3.9850199411196994, 2.2384697291055695, 2.1089398917745648, 3.8174312151417995, 1.975]",64.11823109031829,2.9243000863781994,[2.9243000863781994],31.006110125224136,2.140477033687498,25.006110125224136,1.1404770336874979,"[5.929756918443515, 4.307529123172445, 7.966226086856472, 3.581454705097979, 3.417998706362996, 5.803144585290727]",[2.140477033687498],"[4.929756918443515, 3.307529123172445, 6.966226086856472, 2.581454705097979, 2.417998706362996, 4.803144585290727]",[1.1404770336874979],"[12.640402354983372, 8.48084390557037, 17.86211817142685, 6.619114628456356, 6.199996682982041, 12.315755346899298]"
908,0,801,True,False,,0.0,3,3,,0,3,37.062824925638786,"[9.271937405595484, 18.985687854956677, 8.805199665086624]",17.454501720999126,"[4.616055588182238, 8.404418263433104, 4.434027869383783]",25.44286352795349,0.0,[],12.922716775901861,0.0,0.0,0.0,"[2.620187052158575, 5.479681316123005, 4.822848407620281]",[],"[0.0, 0.0, 0.0]",[],"[4.154325774765576, 11.486362349033348, 9.802175404154566]"
908,0,802,True,False,,0.0,2,2,,0,2,33.454505942004026,"[15.505524292593988, 17.94898164941004]",15.047257317381572,"[7.047154474111656, 8.000102843269916]",56.21262149790856,0.0,[],23.92292238418434,0.0,0.0,0.0,"[13.140823436319177, 10.78209894786516]",[],"[0.0, 0.0]",[],"[31.130316503382506, 25.08230499452605]"
908,0,803,True,False,,0.0,4,4,,0,4,62.12133422092308,"[18.14351772996264, 12.966626847849568, 22.522922302729963, 8.488267340380906]",28.22732034616,"[8.075971914685429, 6.056984470661332, 9.783939698064685, 4.310424262748553]",40.36589912867138,0.0,[],19.74270066018184,0.0,0.0,0.0,"[4.344310195180312, 4.61346703039932, 6.3094731661154, 4.475450268486806]",[],"[0.0, 0.0, 0.0, 0.0]",[],"[8.575154346616184, 9.265300077946975, 13.614033759270256, 8.911410944837963]"
908,0,804,True,False,,0.0,2,2,,0,2,17.881947209370917,"[12.054624759142685, 5.827322450228233]",8.973959411654658,"[5.701303656065647, 3.272655755589011]",23.996790220193944,0.0,[],11.35874818587564,0.0,0.0,0.0,"[5.352779447721771, 6.005968738153869]",[],"[0.0, 0.0]",[],"[11.160972942876334, 12.835817277317611]"
908,0,805,True,False,,0.0,4,4,,0,4,29.838875095211538,"[11.029191724618727, 3.134416903299124, 7.776530533098205, 7.898735934195483]",15.6371612871325,"[5.3013847726013035, 2.2224225922866583, 4.0328469079083, 4.080507014336238]",33.004170283385456,0.0,[],16.871626410520328,0.0,0.0,0.0,"[2.2756893317947107, 4.241540582207172, 4.5261553495097, 5.828241147008746]",[],"[0.0, 0.0, 0.0, 0.0]",[],"[3.2709982866531035, 8.311642518479927, 9.041423973101795, 12.380105505150631]"
908,0,806,True,False,,0.0,1,1,,0,1,7.874095729608226,[7.874095729608226],4.070897334547208,[4.070897334547208],9.037551831778146,0.0,[],4.524645214393477,0.0,0.0,0.0,[4.524645214393477],[],[0.0],[],[9.037551831778146]
908,0,807,True,False,,0.0,1,1,,0,1,8.263721422973415,[8.263721422973415],4.222851354959632,[4.222851354959632],17.014235064689682,0.0,[],7.635551675228976,0.0,0.0,0.0,[7.635551675228976],[],[0.0],[],[17.014235064689682]
908,0,808,True,False,,0.0,4,4,,0,4,48.781967268324394,"[6.169629284975483, 14.060776252570054, 15.302847939230823, 13.248713791548035]",23.024967234646514,"[3.4061554211404386, 6.483702738502322, 6.9681106963000214, 6.166998378703734]",28.169120140535632,0.0,[],14.985956854808897,0.0,0.0,0.0,"[2.895300436609652, 1.975, 5.770665813781434, 4.344990604417811]",[],"[0.0, 0.0, 0.0, 0.0]",[],"[4.859744709255518, 2.5, 12.232476445593422, 8.576898985686695]"
908,0,809,True,False,,0.0,2,2,,0,2,12.98419943423445,"[10.48419943423445, 2.5]",7.063837779351436,"[5.088837779351436, 1.975]",28.295736526107586,0.0,[],13.03533724518196,0.0,0.0,0.0,"[7.953094964573691, 5.082242280608268]",[],"[0.0, 0.0]",[],"[17.828448627112028, 10.467287898995558]"
908,0,810,True,False,,0.0,4,4,,0,4,27.638493755084987,"[3.7505801500645735, 5.064874922266564, 7.904462226727512, 10.918576456026338]",14.779012564483146,"[2.4627262585251835, 2.97530121968396, 4.08274026842373, 5.258244817850272]",23.568736054103073,0.0,[],13.191807061100201,0.0,0.0,0.0,"[5.225072419425074, 2.9925637021813114, 2.950866626377141, 2.0233043131166735]",[],"[0.0, 0.0, 0.0, 0.0]",[],"[10.833519024166856, 5.109137697900798, 5.002222118915746, 2.623857213119675]"
908,0,811,True,True,1.0,5.99,5,5,True,3,8,34.2543618332136,"[7.566630802812632, 4.747117700862232, 9.354126949759708, 4.9300285074816355, 7.656457872297395]",18.359201114953304,"[3.9509860130969265, 2.8513759033362707, 4.648109510406286, 2.9227111179178378, 3.9860185701959843]",53.666896871313405,21.590064758530556,"[11.317414042516196, 4.415982269641673, 5.856668446372688]",25.930089779812228,11.420125255826916,20.930089779812228,8.420125255826918,"[9.714271159227597, 2.6243616235146296, 2.2055256667339567, 8.369722956651135, 3.016208373684911]","[5.413791476581316, 2.7222330851602523, 3.2841006940853483]","[8.714271159227597, 1.6243616235146299, 1.2055256667339564, 7.369722956651135, 2.016208373684911]","[4.413791476581316, 1.7222330851602525, 2.2841006940853483]","[22.344285023660504, 4.165029803883666, 3.091091453163991, 18.896725529874704, 5.1697650607305405]"
908,0,812,True,False,,0.0,3,3,,0,3,22.95739951405666,"[14.296103617218996, 6.161295896837664, 2.5]",11.953385810482098,"[6.575480410715409, 3.4029053997666887, 1.975]",37.33914726236493,0.0,[],17.562267432322322,0.0,0.0,0.0,"[6.1907488970363325, 7.0957458549632735, 4.275772680322715]",[],"[0.0, 0.0, 0.0]",[],"[13.309612556503417, 15.630117576828907, 8.399417129032605]"
908,0,813,True,True,1.0,5.99,7,7,True,2,9,88.92094097923929,"[12.076625817770806, 7.327063287815253, 30.36758136309377, 5.571597376142589, 12.878689209313023, 13.513925921709927, 7.185458003393916]",41.679166981903315,"[5.709884068930615, 3.8575546822479487, 12.84335673160657, 3.1729229766956095, 6.0226887916320795, 6.270431109466871, 3.8023286213236274]",49.58748121706823,10.446469997409888,"[4.974404964010957, 5.4720650333989305]",26.33911767465661,6.074123298989856,19.33911767465661,4.074123298989856,"[1.975, 2.2900567493448625, 4.4065734497758635, 5.600413188849129, 4.2997625660762395, 4.792711971694082, 2.9745997489164333]","[2.9400179359642733, 3.134105363025583]","[0.9750000000000001, 1.2900567493448623, 3.4065734497758635, 4.600413188849129, 3.299762566076239, 3.792711971694082, 1.9745997489164333]","[1.9400179359642733, 2.134105363025583]","[2.5, 3.3078378188329802, 8.734803717374009, 11.795931253459305, 8.46092965660574, 9.724902491523286, 5.063076279272906]"
908,0,814,True,False,,0.0,2,2,,0,2,31.932217240142936,"[12.242102665166648, 19.69011457497629]",14.453564723655747,"[5.774420039414993, 8.679144684240754]",6.860252855831142,0.0,[],4.675498613774145,0.0,0.0,0.0,"[2.539112571618351, 2.1363860421557943]",[],"[0.0, 0.0]",[],"[3.9464424913291056, 2.913810364502036]"
908,0,815,True,False,,0.0,1,1,,0,1,10.018109027920216,[10.018109027920216],4.907062520888884,[4.907062520888884],2.684254607908098,0.0,[],2.046859297084158,0.0,0.0,0.0,[2.046859297084158],[],[0.0],[],[2.684254607908098]
908,0,816,True,True,1.0,5.99,6,6,True,0,6,58.13814243868579,"[6.098265038843972, 10.5625910536902, 6.68970858690704, 15.368636149434842, 12.81413373884238, 6.604807870967356]",28.67387555108746,"[3.378323365149149, 5.119410510939178, 3.6089863488937457, 6.993768098279588, 5.9975121581485284, 3.5758750696772688]",49.97758405452016,0.0,[],25.491257781262863,0.0,19.49125778126286,0.0,"[2.899157878291188, 6.665286748760515, 3.335343158832983, 3.174137576020748, 1.975, 7.442332419357427]",[],"[1.8991578782911878, 5.665286748760515, 2.335343158832983, 2.174137576020748, 0.9750000000000001, 6.442332419357427]",[],"[4.86963558536202, 14.526376278873116, 5.988059381623033, 5.574711733386533, 2.5, 16.518801075275455]"
908,0,817,True,False,,0.0,3,3,,0,3,30.33577553180935,"[6.2377817722541025, 20.122328302297234, 3.9756654572580135]",14.830952457405647,"[3.4327348911791002, 8.847708037895922, 2.5505095283306254]",42.26678852192704,0.0,[],19.484047523551546,0.0,0.0,0.0,"[5.59763818234895, 6.906466738747286, 6.97994260245531]",[],"[0.0, 0.0, 0.0]",[],"[11.788815852176795, 15.144786509608423, 15.33318616014182]"
908,0,818,True,False,,0.0,4,4,,0,4,43.37245977736081,"[10.903546123935515, 16.476086131661216, 7.056261292139117, 8.936566229624958]",20.915259313170715,"[5.252382988334851, 7.425673591347874, 3.7519419039342554, 4.485260829553734]",27.24504468594524,0.0,[],14.625567427518643,0.0,0.0,0.0,"[3.361128329979629, 5.146628828017931, 2.5320639301368777, 3.585746339384205]",[],"[0.0, 0.0, 0.0, 0.0]",[],"[6.054175205075971, 10.632381610302389, 3.9283690516330196, 6.630118818933859]"
908,0,819,True,True,1.0,5.99,5,5,True,0,5,61.39384945280532,"[9.981362923492071, 14.177097664064172, 19.06367160930851, 6.666502243843744, 11.505215012096825]",28.943601286594077,"[4.892731540161908, 6.529068088985027, 8.43483192763032, 3.59993587509906, 5.487033854717762]",42.82626223489312,0.0,[],21.70224227160832,0.0,16.70224227160832,0.0,"[4.405844173272383, 3.673331233987658, 4.38650026446669, 4.702886092445503, 4.533680507436085]",[],"[3.405844173272383, 2.673331233987658, 3.3865002644666897, 3.7028860924455036, 3.533680507436085]",[],"[8.732933777621495, 6.854695471763225, 8.68333401145305, 9.49457972421924, 9.060719249836115]"
908,0,820,True,True,1.0,5.99,6,6,True,2,8,65.15018378814713,"[15.113402523017818, 3.123275848995661, 7.206875296640803, 16.571285534336937, 5.604012683002255, 17.53133190215366]",31.40857167737738,"[6.894226983976949, 2.2180775811083078, 3.8106813656899132, 7.462801358391405, 3.1855649463708793, 7.8372194418399275]",42.6897289072345,12.929427454090606,"[9.441514726238125, 3.4879127278524806]",22.648994273821458,7.042476707095337,16.648994273821458,5.042476707095337,"[4.048508225691162, 3.769192034553804, 2.841169163980026, 6.054550746680428, 3.3256307279520807, 2.609943374963959]","[4.682190743232869, 2.3602859638624674]","[3.0485082256911613, 2.769192034553804, 1.8411691639800258, 5.054550746680428, 2.3256307279520807, 1.6099433749639587]","[3.682190743232869, 1.3602859638624676]","[7.816687758182464, 7.100492396291806, 4.720946574307758, 12.960386529949814, 5.963155712697643, 4.128059935805022]"
908,0,821,True,False,,0.0,4,4,,0,4,28.5265423722303,"[5.498115505850644, 7.6670021204350665, 12.86142474594459, 2.5]",15.125351525169817,"[3.1442650472817513, 3.990130826969676, 6.01595565091839, 1.975]",62.61812661814059,0.0,[],28.42106938107483,0.0,0.0,0.0,"[3.030045449167728, 4.960536870711472, 3.513683699697438, 16.916803361498193]",[],"[0.0, 0.0, 0.0, 0.0]",[],"[5.205244741455712, 10.15522274541403, 6.445342819737021, 40.81231631153383]"
908,0,822,True,False,,0.0,1,1,,0,1,14.054536792854996,[14.054536792854996],6.4812693492134485,[6.4812693492134485],3.1961743014888726,0.0,[],2.2465079775806602,0.0,0.0,0.0,[2.2465079775806602],[],[0.0],[],[3.1961743014888726]
908,0,823,True,False,,0.0,4,4,,0,4,29.89288400447795,"[7.143515359093344, 7.501782819690397, 2.5, 12.747585825694209]",15.6582247617464,"[3.7859709900464042, 3.925695299679255, 1.975, 5.9715584720207415]",62.319745176992654,0.0,[],28.304700619027138,0.0,0.0,0.0,"[6.695190731242549, 5.421080736205948, 11.084631437073838, 5.1037977145047995]",[],"[0.0, 0.0, 0.0, 0.0]",[],"[14.603053157032178, 11.336104451810122, 25.858029325830355, 10.522558242319999]"
908,0,824,True,False,,0.0,4,4,,0,4,38.99289318762153,"[9.79941625610472, 19.84069722018451, 2.5, 6.852779711332303]",19.2072283431724,"[4.821772339880841, 8.73787191587196, 1.975, 3.6725840874195983]",37.249515221991736,0.0,[],18.52731093657678,0.0,0.0,0.0,"[6.66199646857181, 4.038936214813531, 1.975, 5.851378253191437]",[],"[0.0, 0.0, 0.0, 0.0]",[],"[14.51793966300464, 7.792144140547515, 2.5, 12.439431418439582]"
908,0,825,True,True,1.0,5.99,6,6,True,1,7,43.18775023431117,"[10.366658226120169, 2.5, 5.07646248659842, 9.32818907484687, 5.126727172471227, 10.78971327427448]",22.843222591381355,"[5.042996708186866, 1.975, 2.9798203697733836, 4.6379937391902795, 2.999423597263779, 5.2079881769670475]",69.80184220138807,2.389077087140015,[2.389077087140015],33.22271845854135,1.931740063984606,27.22271845854135,0.931740063984606,"[6.127782410880881, 7.765078909662563, 2.7507790821668534, 4.72199491548356, 8.305094250917222, 3.5519888894302714]",[1.931740063984606],"[5.127782410880881, 6.765078909662563, 1.7507790821668532, 3.721994915483559, 7.305094250917222, 2.5519888894302714]",[0.931740063984606],"[13.148160027899696, 17.346356178621956, 4.489177133761162, 9.5435767063681, 18.731010899787748, 6.543561254949413]"
908,0,826,True,False,,0.0,2,2,,0,2,23.329931483971453,"[9.050268835681473, 14.27966264828998]",11.098673278748867,"[4.529604845915775, 6.569068432833093]",21.391241620694714,0.0,[],10.342584232070937,0.0,0.0,0.0,"[5.452655327617161, 4.889928904453777]",[],"[0.0, 0.0]",[],"[11.417064942608105, 9.974176678086607]"
908,0,827,True,False,,0.0,3,3,,0,3,46.83789199875791,"[4.098996916328982, 8.26162158645698, 34.47727349597195]",21.266777879515587,"[2.598608797368303, 4.222032418718223, 14.44613666342906]",20.413252583074648,0.0,[],10.961168507399114,0.0,0.0,0.0,"[2.0422992730709097, 6.863911295549155, 2.0549579387790486]",[],"[0.0, 0.0, 0.0]",[],"[2.6725622386433585, 15.035669988587575, 2.7050203558437143]"
908,0,828,True,True,1.0,5.99,6,6,True,3,9,44.85763258008477,"[6.477976674568341, 11.357388428913524, 10.705473133708274, 9.763153651243268, 4.05364069165137, 2.5]",23.494476706233062,"[3.526410903081653, 5.429381487276275, 5.1751345221462275, 4.807629923984875, 2.5809198697440343, 1.975]",39.52823033576116,52.53359593202158,"[12.734422338685697, 4.691108045525464, 35.108065547810426]",21.416009830946848,23.48810241348842,15.416009830946853,20.48810241348842,"[4.445348651639739, 1.975, 4.632934146819659, 2.0816139085801457, 3.309822174500578, 4.971290949406731]","[5.966424712087422, 2.8295321377549314, 14.692145563646067]","[3.445348651639739, 0.9750000000000001, 3.6329341468196596, 1.0816139085801457, 2.309822174500578, 3.971290949406731]","[4.966424712087422, 1.8295321377549312, 13.692145563646067]","[8.834227311896766, 2.5, 9.31521576107605, 2.773368996359348, 5.922620960257892, 10.182797306171105]"
908,0,829,True,False,,0.0,4,4,,0,4,35.59871182674598,"[11.988957200389482, 4.17233001939369, 12.89804970193265, 6.539374905030162]",17.883497612430933,"[5.6756933081518985, 2.627208707563539, 6.030239383753734, 3.5503562129617636]",25.658960004753,0.0,[],14.006994401853673,0.0,0.0,0.0,"[2.893648931777382, 4.655851721798102, 2.494963442660584, 3.962530305617603]",[],"[0.0, 0.0, 0.0, 0.0]",[],"[4.8555100814804675, 9.373978773841287, 3.8332395965655994, 7.596231552865648]"
908,0,830,True,False,,0.0,3,3,,0,3,16.953427182885534,"[6.405425359900924, 2.5, 8.048001822984608]",9.611836601325358,"[3.4981158903613605, 1.975, 4.138720710963997]",18.468361783148058,0.0,[],10.202661095427743,0.0,0.0,0.0,"[5.351224109804869, 1.975, 2.876436985622873]",[],"[0.0, 0.0, 0.0]",[],"[11.156984896935562, 2.5, 4.8113768862124955]"
908,0,831,True,True,1.0,5.99,5,5,True,1,6,59.011229206512496,"[9.235088433405913, 12.72068900964323, 6.441096708790076, 22.985823074628463, 7.6285319800448095]",28.014379390539876,"[4.601684489028306, 5.96106871376086, 3.51202771642813, 9.964470999105101, 3.975127472217476]",53.407069549683705,4.477357480899773,[4.477357480899773],25.828757124376644,2.7461694175509113,20.828757124376644,1.7461694175509115,"[6.728857139745055, 6.918590501060143, 5.741784886123023, 4.464524597448426, 1.975]",[2.7461694175509113],"[5.728857139745055, 5.918590501060143, 4.741784886123023, 3.464524597448426, 0.9750000000000001]",[1.7461694175509115],"[14.689377281397578, 15.175873079641391, 12.158422784930828, 8.883396403713911, 2.5]"
908,0,832,True,False,,0.0,2,2,,0,2,36.199915520572404,"[4.682187552270313, 31.517727968302093]",16.11796705302324,"[2.826053145385422, 13.291913907637817]",15.414407693759783,0.0,[],8.011619000566315,0.0,0.0,0.0,"[4.839704408451677, 3.171914592114638]",[],"[0.0, 0.0]",[],"[9.845395919106865, 5.5690117746529175]"
908,0,833,True,False,,0.0,2,2,,0,2,18.382453817533797,"[7.439244662571371, 10.943209154962426]",9.169156988838182,"[3.901305418402835, 5.267851570435346]",20.0448487274965,0.0,[],9.817491003723635,0.0,0.0,0.0,"[5.92302674576872, 3.8944642579549154]",[],"[0.0, 0.0]",[],"[12.623145501971075, 7.421703225525423]"
908,0,834,True,False,,0.0,4,4,,0,4,45.94569165663186,"[8.762640173356008, 11.158573521482937, 15.301966019653689, 10.722511942139219]",21.918819746086424,"[4.417429667608843, 5.351843673378346, 6.967766747664939, 5.181779657434295]",32.7248634988442,0.0,[],16.76269676454924,0.0,0.0,0.0,"[4.561898982414059, 4.982537753305593, 3.993971853213688, 3.2242881756159]",[],"[0.0, 0.0, 0.0, 0.0]",[],"[9.133074313882203, 10.211635264886135, 7.6768509056761225, 5.703303014399744]"
908,0,835,True,False,,0.0,3,3,,0,3,31.32442192158115,"[8.892637888285917, 16.982299383276963, 5.44948465001827]",15.216524549416649,"[4.468128776431508, 7.623096759478016, 3.1252990135071257]",29.52174423413846,0.0,[],14.513480251313998,0.0,0.0,0.0,"[7.212044324614563, 4.056033578252068, 3.2454023484473677]",[],"[0.0, 0.0, 0.0]",[],"[15.928318781062982, 7.835983533979662, 5.757441919095815]"
908,0,836,True,False,,0.0,3,3,,0,3,30.40346657461791,"[10.442783221514823, 9.742275678175355, 10.218407674927732]",14.857351964100985,"[5.072685456390781, 4.799487514488389, 4.985178993221815]",26.324278689061728,0.0,[],13.266468688734076,0.0,0.0,0.0,"[5.61948028183763, 5.628603120087101, 2.0183852868093446]",[],"[0.0, 0.0, 0.0]",[],"[11.8448212354811, 11.868213128428463, 2.611244325152165]"
908,0,837,True,False,,0.0,1,1,,0,1,6.1568412422309695,[6.1568412422309695],3.4011680844700782,[3.4011680844700782],7.731374460872982,0.0,[],4.015236039740463,0.0,0.0,0.0,[4.015236039740463],[],[0.0],[],[7.731374460872982]
908,0,838,True,True,1.0,5.99,5,5,True,2,7,44.76193027797961,"[9.360421128330477, 4.931062087417756, 11.607587134315352, 9.930329457475416, 8.932530470440602]",22.457152808412047,"[4.650564240048887, 2.923114214092925, 5.526958982382988, 4.872828488415412, 4.483686883471835]",50.1118573398835,13.441193200541118,"[6.349061787552364, 7.092131412988754]",24.543624362554564,7.242065348211036,19.543624362554567,5.242065348211036,"[4.218598413547426, 1.975, 3.459217293372856, 7.360558266755983, 7.530250388878302]","[3.476134097145422, 3.765931251065614]","[3.218598413547426, 0.9750000000000001, 2.459217293372856, 6.360558266755983, 6.530250388878302]","[2.476134097145422, 2.765931251065614]","[8.2528164449934, 2.5, 6.305685367622708, 16.309123760912776, 16.74423176635462]"
908,0,839,True,False,,0.0,2,2,,0,2,13.861195786735726,"[3.9644486519407054, 9.89674713479502]",7.405866356826934,"[2.546134974256875, 4.859731382570058]",27.59959366378311,0.0,[],12.763841528875414,0.0,0.0,0.0,"[3.378703446512028, 9.385138082363387]",[],"[0.0, 0.0]",[],"[6.099239606441097, 21.500354057342015]"
908,0,840,True,False,,0.0,4,4,,0,4,28.15975123254527,"[7.623298257888661, 11.764022166350408, 6.0008137582958945, 2.771617050010308]",14.982302980692655,"[3.9730863205765776, 5.587968644876659, 3.340317365735399, 2.08093064950402]",40.50409685891529,0.0,[],19.796597774976963,0.0,0.0,0.0,"[4.4625576510615925, 4.801487609209438, 4.126838770286296, 6.405713744419636]",[],"[0.0, 0.0, 0.0, 0.0]",[],"[8.878352951439979, 9.747404126178047, 8.017535308426401, 13.86080447287086]"
908,0,841,True,False,,0.0,1,1,,0,1,6.175470695397818,[6.175470695397818],3.408433571205149,[3.408433571205149],4.695134719193681,0.0,[],2.831102540485536,0.0,0.0,0.0,[2.831102540485536],[],[0.0],[],[4.695134719193681]
908,0,842,True,False,,0.0,1,1,,0,1,5.189322429512266,[5.189322429512266],3.023835747509784,[3.023835747509784],12.035244478608476,0.0,[],5.693745346657306,0.0,0.0,0.0,[5.693745346657306],[],[0.0],[],[12.035244478608476]
908,0,843,True,False,,0.0,4,4,,0,4,37.13079523296185,"[20.360601481949814, 3.443240048181538, 8.8149371882548, 4.512016514575698]",18.48101014085512,"[8.940634577960427, 2.3428636187908, 4.437825503419372, 2.759686440684522]",46.91804461052081,0.0,[],22.298037398103116,0.0,0.0,0.0,"[8.880865580980231, 4.686619875034027, 2.3827390705943774, 6.347812871494481]",[],"[0.0, 0.0, 0.0, 0.0]",[],"[20.20734764353905, 9.452871474446223, 3.54548479639584, 13.712340696139695]"
908,0,844,True,False,,0.0,1,1,,0,1,7.558383643984616,[7.558383643984616],3.9477696211540003,[3.9477696211540003],2.7423080565659976,0.0,[],2.069500142060739,0.0,0.0,0.0,[2.069500142060739],[],[0.0],[],[2.7423080565659976]
908,0,845,True,False,,0.0,4,4,,0,4,47.88060974649914,"[9.3369479807068, 11.084428273913623, 21.282765804858798, 6.176467687019915]",22.673437801134668,"[4.641409712475652, 5.322927026826314, 9.30027866389493, 3.408822397937767]",34.84644476636525,0.0,[],17.59011345888245,0.0,0.0,0.0,"[1.975, 2.941291705996359, 6.52857084098917, 6.145250911896918]",[],"[0.0, 0.0, 0.0, 0.0]",[],"[2.5, 4.977671041016305, 14.175822669203, 13.192951056145944]"
908,0,846,True,True,1.0,5.99,7,1,,1,8,7.3185500494580795,[7.3185500494580795],3.854234519288651,[3.854234519288651],4.341800055808612,6.487983479910524,[6.487983479910524],2.6933020217653585,3.5303135571651043,1.6933020217653587,2.5303135571651043,[2.6933020217653585],[3.5303135571651043],[1.6933020217653587],[2.5303135571651043],[4.341800055808612]
908,0,847,True,False,,0.0,3,3,,0,3,30.570134287301016,"[10.640421741673341, 11.453173271033672, 8.476539274594002]",14.922352372047396,"[5.149764479252603, 5.4667375757031325, 4.305850317091661]",40.48615051953049,0.0,[],18.789598702616892,0.0,0.0,0.0,"[8.194964985134899, 7.791507827343485, 2.8031258901385083]",[],"[0.0, 0.0, 0.0]",[],"[18.448628167012558, 17.414122634214063, 4.623399718303867]"
908,0,848,True,True,1.0,5.99,7,7,True,0,7,48.19321777424455,"[8.131045981191386, 12.099902595309334, 7.571046553478796, 2.5, 2.5, 4.8069727172369126, 10.584249927028125]",25.795354931955373,"[4.171107932664641, 5.718962012170641, 3.9527081558567305, 1.975, 1.975, 2.8747193597223957, 5.127857471540969]",59.373345926627934,0.0,[],30.15560491138489,0.0,23.15560491138489,0.0,"[2.2297990544630837, 2.002010485930627, 4.93475386097578, 3.3796315568310953, 4.173337113469502, 6.082454797420049, 7.353618042294756]",[],"[1.2297990544630835, 1.0020104859306271, 3.9347538609757806, 2.3796315568310953, 3.173337113469502, 5.082454797420049, 6.353618042294756]",[],"[3.153330908879701, 2.5692576562323772, 10.089112464040463, 6.101619376489988, 8.136761829408979, 13.031935378000126, 16.291328313576297]"
908,0,849,True,False,,0.0,2,2,,0,2,22.987911947325863,"[17.353983460737393, 5.633928486588471]",10.965285659457088,"[7.7680535496875835, 3.197232109769504]",15.829854988379696,0.0,[],8.173643445468082,0.0,0.0,0.0,"[4.332506166602247, 3.8411372788658347]",[],"[0.0, 0.0]",[],"[8.544887606672427, 7.284967381707268]"
908,0,850,True,False,,0.0,3,3,,0,3,24.694258511418916,"[7.179656464081397, 12.33880727523602, 5.175794772101498]",12.630760819453377,"[3.800066020991745, 5.812134837342048, 3.018559961119584]",43.495681973066354,0.0,[],19.963315969495877,0.0,0.0,0.0,"[8.87372953792949, 4.786037315983168, 6.303549115583221]",[],"[0.0, 0.0, 0.0]",[],"[20.1890500972551, 9.70778798970043, 13.59884388611082]"
908,0,851,True,False,,0.0,3,3,,0,3,17.06202350812894,"[3.3069939252297758, 7.86592725446475, 5.889102328434414]",9.654189168170287,"[2.2897276308396126, 4.067711629241252, 3.2967499080894216]",29.401223087380185,0.0,[],14.466477004078273,0.0,0.0,0.0,"[4.284791980697455, 5.376076449843224, 4.805608573537594]",[],"[0.0, 0.0, 0.0]",[],"[8.422543540249885, 11.220708845751856, 9.757970701378444]"
908,0,852,True,False,,0.0,3,3,,0,3,52.398993273373264,"[12.459960139316959, 19.199268036312578, 20.739765097743728]",23.435607376615575,"[5.859384454333614, 8.487714534161906, 9.088508388120054]",21.048691122700088,0.0,[],11.208989537853034,0.0,0.0,0.0,"[3.3557683592087195, 5.257012761917929, 2.5962084167263852]",[],"[0.0, 0.0, 0.0]",[],"[6.040431690278767, 10.9154173382511, 4.092842094170218]"
908,0,853,True,False,,0.0,4,4,,0,4,19.919948206945563,"[3.0489712665236754, 2.9611854974292697, 10.740310815695615, 3.1694806272970015]",11.768779800708769,"[2.1890987939442335, 2.154862343997415, 5.18872121812129, 2.2360974446458304]",25.71007015705444,0.0,[],14.026927361251232,0.0,0.0,0.0,"[2.773811384990629, 2.230463167436828, 2.119181977472204, 6.903470831351571]",[],"[0.0, 0.0, 0.0, 0.0]",[],"[4.548234320488792, 3.1550337626585327, 2.8696973781338553, 15.137104695773258]"
908,0,854,True,False,,0.0,3,3,,0,3,30.399182798435177,"[8.227988346414097, 10.954714922536732, 11.216479529484346]",14.855681291389718,"[4.208915455101498, 5.272338819789326, 5.374427016498895]",25.80376492263877,0.0,[],13.06346831982912,0.0,0.0,0.0,"[8.16003975632782, 2.6700546239259655, 2.233373939575336]",[],"[0.0, 0.0, 0.0]",[],"[18.359076298276456, 4.282191343399911, 3.1624972809624006]"
908,0,855,True,False,,0.0,3,3,,0,3,16.362471474713725,"[6.471406242625759, 4.849767249523198, 5.041297982564768]",9.381363875138351,"[3.5238484346240457, 2.891409227314047, 2.96610621320026]",30.35486162710204,0.0,[],14.838396034569797,0.0,0.0,0.0,"[7.045329311026923, 3.454496792025261, 4.338569931517613]",[],"[0.0, 0.0, 0.0]",[],"[15.50084438724852, 6.2935815180134895, 8.560435721840031]"
908,0,856,True,False,,0.0,1,1,,0,1,2.5,[2.5],1.975,[1.975],14.762120131868876,0.0,[],6.757226851428862,0.0,0.0,0.0,[6.757226851428862],[],[0.0],[],[14.762120131868876]
908,0,857,True,False,,0.0,4,4,,0,4,30.92417524572243,"[9.289216308162146, 7.558189353641412, 4.469599582929275, 9.607170000989596]",16.06042834583175,"[4.622794360183237, 3.9476938479201507, 2.7431438373424175, 4.746796300385943]",55.12134433758534,0.0,[],25.497324291658288,0.0,0.0,0.0,"[6.379973327121578, 5.3874860514896605, 5.422255358736744, 8.307609554310304]",[],"[0.0, 0.0, 0.0, 0.0]",[],"[13.794803402875841, 11.249964234588873, 11.339116304453189, 18.737460395667444]"
908,0,858,True,False,,0.0,2,2,,0,2,26.23329896421717,"[21.99339106239375, 4.23990790182342]",12.230986596044698,"[9.577422514333563, 2.653564081711134]",15.720327430873605,0.0,[],8.130927698040706,0.0,0.0,0.0,"[4.933589390754209, 3.1973383072864965]",[],"[0.0, 0.0]",[],"[10.086126642959512, 5.634200787914093]"
908,0,859,True,True,1.0,5.99,5,5,True,2,7,33.34007700956863,"[7.103136905972867, 3.2781066441366296, 10.913861196575768, 3.1956767502230807, 8.849295512660293]",18.00263003373177,"[3.770223393329418, 2.2784615912132855, 5.25640586666455, 2.2463139325870016, 4.451225249937514]",58.269376862045846,16.981786199443007,"[4.374471129759316, 12.607315069683693]",27.72505697619788,8.622896617782773,22.72505697619788,6.622896617782773,"[4.526627913561066, 5.847701296529218, 5.699312586391889, 4.97951024523438, 6.671904934481328]","[2.706043740606133, 5.91685287717664]","[3.5266279135610668, 4.847701296529218, 4.699312586391889, 3.97951024523438, 5.671904934481328]","[1.7060437406061333, 4.91685287717664]","[9.042635675797607, 12.43000332443389, 12.049519452286894, 10.203872423677897, 14.543345985849559]"
908,0,860,True,False,,0.0,2,2,,0,2,17.258004446533214,"[5.125301700748834, 12.132702745784378]",8.730621734147952,"[2.9988676632920455, 5.731754070855907]",8.880925752434019,0.0,[],5.463561043449268,0.0,0.0,0.0,"[3.30992684448344, 2.1536341989658276]",[],"[0.0, 0.0]",[],"[5.922889344829333, 2.958036407604686]"
908,0,861,True,True,1.0,5.99,7,7,True,1,8,41.036714583923555,"[5.932527160659899, 8.62334787262105, 7.461798532154799, 3.559394510427522, 6.006333637583213, 2.9492371470570307, 6.504075723420037]",23.004318687730184,"[3.3136855926573605, 4.363105670322209, 3.9101014275403716, 2.388163859066734, 3.342470118657453, 2.1502024873522423, 3.5365895321338146]",56.355494253502,4.934585703055203,[4.934585703055203],28.97864275886578,2.924488424191529,21.97864275886578,1.9244884241915292,"[4.104495529819545, 2.241526005987646, 5.48931360730525, 5.288187634293939, 3.1533669734715577, 1.975, 6.7267530079878455]",[2.924488424191529],"[3.1044955298195442, 1.2415260059876458, 4.48931360730525, 4.288187634293939, 2.1533669734715577, 0.9750000000000001, 5.7267530079878455]",[1.9244884241915292],"[7.960244948255241, 3.183400015352938, 11.511060531551921, 10.995352908445996, 5.521453778132199, 2.5, 14.683982071763706]"
908,0,862,True,True,1.0,5.99,6,6,True,1,7,60.57999423233083,"[8.74895044203887, 9.01274330524125, 16.89484712170321, 10.78390941090287, 11.004740311475155, 4.134803640969477]",29.626197750609023,"[4.412090672395159, 4.514969889044087, 7.588990377464253, 5.20572467025212, 5.2918487214753105, 2.612573419978096]",65.6939977365909,7.884307809572541,[7.884307809572541],31.620659117270456,4.074880045733291,25.620659117270453,3.074880045733291,"[5.9402688187161425, 5.588039457390336, 2.186537100882819, 5.52647666055638, 9.930750213555724, 2.4485868661690517]",[4.074880045733291],"[4.9402688187161425, 4.588039457390336, 1.1865371008828187, 4.52647666055638, 8.930750213555724, 1.4485868661690517]",[3.074880045733291],"[12.667355945426007, 11.764203736898295, 3.042402822776458, 11.606350411683025, 22.899359521937754, 3.7143252978693635]"
908,0,863,True,True,1.0,5.99,5,3,,1,6,19.403094641699646,"[3.351033336180935, 2.5, 13.55206130551871]",10.567206910262861,"[2.3069030011105647, 1.975, 6.285303909152296]",38.739482679816284,15.275725749227522,[15.275725749227522],18.10839824512835,6.957533042198734,15.108398245128349,5.957533042198734,"[6.812577934456503, 8.699911573437458, 2.5959087372343888]",[6.957533042198734],"[5.812577934456503, 7.699911573437458, 1.5959087372343888]",[5.957533042198734],"[14.904045985785906, 19.743363008813994, 4.0920736852163815]"
908,0,864,True,False,,0.0,3,3,,0,3,16.960411391254542,"[7.982591441878313, 4.46369495667525, 4.514124992700977]",9.614560442589271,"[4.113210662332542, 2.7408410331033477, 2.760508747153381]",34.77068650805769,0.0,[],16.560567738142502,0.0,0.0,0.0,"[6.912316357530752, 4.235775261201932, 5.412476119409815]",[],"[0.0, 0.0, 0.0]",[],"[15.159785532130133, 8.296859644107519, 11.31404133182004]"
908,0,865,True,False,,0.0,2,2,,0,2,18.852360915862917,"[8.492000359246608, 10.36036055661631]",9.35242075718654,"[4.311880140106178, 5.040540617080361]",26.58481474891302,0.0,[],12.36807775207608,0.0,0.0,0.0,"[2.650154800823042, 9.717922951253037]",[],"[0.0, 0.0]",[],"[4.231166155956517, 22.353648592956503]"
908,0,866,True,False,,0.0,1,1,,0,1,7.08134190855845,[7.08134190855845],3.7617233443377955,[3.7617233443377955],3.3817824938583705,0.0,[],2.3188951726047646,0.0,0.0,0.0,[2.3188951726047646],[],[0.0],[],[3.3817824938583705]
908,0,867,True,False,,0.0,3,3,,0,3,25.830523919762065,"[5.969646437910526, 6.832958721999809, 13.027918759851728]",13.073904328707204,"[3.328162110785105, 3.6648539015799257, 6.080888316342174]",42.61740093419749,0.0,[],19.62078636433702,0.0,0.0,0.0,"[6.458281874271779, 10.012685936555147, 3.149818553510096]",[],"[0.0, 0.0, 0.0]",[],"[13.995594549414818, 23.10945111937217, 5.512355265410503]"
908,0,868,True,False,,0.0,1,1,,0,1,3.471951114434456,[3.471951114434456],2.354060934629438,[2.354060934629438],12.840216504316079,0.0,[],6.007684436683271,0.0,0.0,0.0,[6.007684436683271],[],[0.0],[],[12.840216504316079]
908,0,869,True,False,,0.0,1,1,,0,1,10.313852002354835,[10.313852002354835],5.022402280918386,[5.022402280918386],6.542219414925615,0.0,[],3.55146557182099,0.0,0.0,0.0,[3.55146557182099],[],[0.0],[],[6.542219414925615]
908,0,870,True,False,,0.0,4,4,,0,4,28.260959515642835,"[5.3590821227509045, 6.175481852507909, 2.5917612306015303, 14.134634309782491]",15.021774211100706,"[3.090042027872853, 3.4084379224780847, 2.0107868799345967, 6.512507380815172]",35.75697071543648,0.0,[],17.945218579020224,0.0,0.0,0.0,"[2.9468322278096357, 3.739950633133902, 3.7652434425758554, 7.4931922755008324]",[],"[0.0, 0.0, 0.0, 0.0]",[],"[4.991877507204195, 7.0255144439330826, 7.090367801476552, 16.649210962822647]"
908,0,871,True,False,,0.0,4,4,,0,4,34.49537664695852,"[10.293251366066507, 5.323658264947657, 7.273977997157516, 11.604489018786843]",17.453196892313823,"[5.014368032765938, 3.076226723329586, 3.8368514188914316, 5.525750717326869]",24.083669625440887,0.0,[],13.392631153921945,0.0,0.0,0.0,"[1.975, 4.234630470221907, 3.7260068003582547, 3.456993883341785]",[],"[0.0, 0.0, 0.0, 0.0]",[],"[2.5, 8.293924282620273, 6.989761026559627, 6.2999843162609865]"
908,0,872,True,True,1.0,5.99,5,5,True,3,8,31.589120317851073,"[14.04370892936949, 3.171256418146042, 3.4053044967287462, 6.325859885529819, 4.642990588076976]",17.31975692396192,"[6.477046482454101, 2.2367900030769565, 2.328068753724211, 3.4670853553566294, 2.8107663293500207]",29.225413037142452,34.431071361006275,"[14.263948489926108, 13.388609449955954, 6.778513421124211]",16.397911084485557,16.428117830792445,11.397911084485559,13.428117830792447,"[2.3546943532735423, 4.878555409886173, 1.975, 2.9854914132874297, 4.204169908038413]","[6.562939911071182, 6.221557685482822, 3.6436202342384423]","[1.354694353273542, 3.878555409886173, 0.9750000000000001, 1.98549141328743, 3.2041699080384123]","[5.562939911071182, 5.221557685482822, 2.6436202342384423]","[3.4735752648039537, 9.945013871503008, 2.5, 5.091003623813923, 8.21582027702157]"
908,0,873,True,False,,0.0,3,3,,0,3,43.03478541736003,"[18.321010741205683, 12.477249313786487, 12.236525362367857]",19.78356631277041,"[8.145194189070217, 5.86612723237673, 5.7722448913234645]",39.262996633357176,0.0,[],18.3125686870093,0.0,0.0,0.0,"[5.230021241393005, 7.481905429025472, 5.600642016590821]",[],"[0.0, 0.0, 0.0]",[],"[10.846208311264114, 16.620270330834543, 11.796517991258515]"
908,0,874,True,False,,0.0,4,4,,0,4,35.45319224021577,"[6.490173656614812, 16.932234068785117, 6.114489814416709, 5.916294700399132]",17.82674497368415,"[3.5311677260797767, 7.603571286826196, 3.3846510276225166, 3.3073549331556618]",65.75079031135907,0.0,[],29.642808221430037,0.0,0.0,0.0,"[10.476306510836578, 5.500186951017665, 8.424335681001061, 5.241979078574733]",[],"[0.0, 0.0, 0.0, 0.0]",[],"[24.29822182265789, 11.538940900045294, 19.03675815641298, 10.876869432242906]"
908,0,875,True,False,,0.0,1,1,,0,1,4.8465712002582455,[4.8465712002582455],2.8901627681007156,[2.8901627681007156],6.961505880318701,0.0,[],3.7149872933242936,0.0,0.0,0.0,[3.7149872933242936],[],[0.0],[],[6.961505880318701]
908,0,876,True,False,,0.0,3,3,,0,3,35.330981714865324,"[15.595520345397086, 13.414084299193977, 6.321377070274261]",16.779082868797477,"[7.082252934704863, 6.231492876685651, 3.4653370574069617]",29.501546652304356,0.0,[],14.505603194398699,0.0,0.0,0.0,"[5.854124573332459, 2.887011316912405, 5.7644673041538335]",[],"[0.0, 0.0, 0.0]",[],"[12.446473264955024, 4.838490556185654, 12.216582831163675]"
908,0,877,True,False,,0.0,4,4,,0,4,35.28005263297667,"[9.84336252645544, 11.65999491453323, 2.530038216679281, 11.246656975308719]",17.7592205268609,"[4.838911385317622, 5.54739801666796, 1.9867149045049195, 5.3861962203704]",48.18629330394879,0.0,[],22.792654388540026,0.0,0.0,0.0,"[5.187182915292519, 5.999818418327523, 5.08342702732724, 6.522226027592743]",[],"[0.0, 0.0, 0.0, 0.0]",[],"[10.736366449467997, 12.820047226480828, 10.470325711095487, 14.15955391690447]"
908,0,878,True,False,,0.0,4,4,,0,4,34.700363547180146,"[8.751608686562896, 4.269708353775681, 7.859683557372363, 13.819362949469202]",17.533141783400254,"[4.41312738775953, 2.6651862579725156, 4.065276587375221, 6.389551550292989]",44.035164174556435,0.0,[],21.173714028077008,0.0,0.0,0.0,"[2.842517846781442, 5.229034743580197, 7.962096543978819, 5.140064893736552]",[],"[0.0, 0.0, 0.0, 0.0]",[],"[4.72440473533703, 10.843678829692813, 17.85152959994569, 10.615551009580903]"
908,0,879,True,False,,0.0,4,4,,0,4,40.38702894068688,"[12.065285544252077, 7.559961372226579, 4.139998425741266, 16.621783598466962]",19.750941286867885,"[5.70546136225831, 3.9483849351683658, 2.6145993860390937, 7.482495603402115]",52.551752401976756,0.0,[],24.495183436770937,0.0,0.0,0.0,"[4.454375652191523, 6.029226736180712, 8.381754246191381, 5.629826802207317]",[],"[0.0, 0.0, 0.0, 0.0]",[],"[8.857373467157752, 12.895453169694134, 18.92757499023431, 11.871350774890557]"
908,0,880,True,False,,0.0,3,3,,0,3,14.79138324022932,"[2.5, 9.002284282279183, 3.289098957950138]",8.768639463689434,"[1.975, 4.510890870088881, 2.282748593600554]",13.353282088801437,0.0,[],8.207780014632561,0.0,0.0,0.0,"[3.430006695395358, 2.392958084879384, 2.384815234357819]",[],"[0.0, 0.0, 0.0]",[],"[6.230786398449635, 3.5716873971266256, 3.550808293225176]"
908,0,881,True,True,1.0,5.99,5,5,True,1,6,30.239725539035454,"[3.167134354307159, 10.043002199370308, 8.57034734144182, 5.959241643916165, 2.5]",16.79349296022383,"[2.2351823981797923, 4.91677085775442, 4.34243546316231, 3.3241042411273045, 1.975]",34.94641401737532,14.24244727509393,[14.24244727509393],18.629101466776376,6.554554437286633,13.629101466776376,5.554554437286633,"[1.975, 5.027867414454673, 3.3149307454758574, 2.8990340031810504, 5.412269303664794]",[6.554554437286633],"[0.9750000000000001, 4.027867414454673, 2.3149307454758574, 1.8990340031810506, 4.412269303664794]",[5.554554437286633],"[2.5, 10.327865165268392, 5.935719860194506, 4.869317956874489, 11.313511035037934]"
908,0,882,True,False,,0.0,4,4,,0,4,41.38194149759447,"[7.080317222843272, 12.313418430979608, 16.774778485882262, 5.213427357889329]",20.138957184061844,"[3.7613237169088762, 5.802233188082047, 7.542163609494082, 3.0332366695768385]",24.98568834538772,0.0,[],13.744418454701211,0.0,0.0,0.0,"[3.284456594457871, 4.53383053750074, 3.426860921786837, 2.499270400955763]",[],"[0.0, 0.0, 0.0, 0.0]",[],"[5.857581011430438, 9.06110394230959, 6.222720312273942, 3.844283079373751]"
908,0,883,True,False,,0.0,3,3,,0,3,12.70184837953446,"[2.8662932199595037, 5.040611489177891, 4.794943670397065]",7.953720868018439,"[2.1178543557842064, 2.965838480779378, 2.870028031454855]",42.3678706558784,0.0,[],19.523469555792577,0.0,0.0,0.0,"[8.03997328754025, 4.479235714314967, 7.0042605539373595]",[],"[0.0, 0.0, 0.0]",[],"[18.05121355779551, 8.921117216192224, 15.395539881890665]"
908,0,884,True,True,1.0,5.99,8,8,True,4,12,73.15559841437044,"[2.65515893058898, 10.961238081952857, 7.422890139089427, 11.603344661799243, 18.193490140459215, 7.7449630124414774, 6.776309889795295, 7.798203558243947]",36.530683381604476,"[2.035511982929702, 5.274882851961614, 3.8949271542448765, 5.525304418101705, 8.095461154779095, 4.020535574852176, 3.642760857020165, 4.0412993877151395]",84.22138401253525,39.68532945727151,"[8.797022574915788, 6.914130693024237, 13.798217910376168, 10.175958278955314]",40.846339764888754,19.477278488335887,32.846339764888754,15.477278488335887,"[7.867785628560741, 2.3411608490404756, 5.092555620279823, 5.648497403364648, 6.045501693231527, 7.0872676867025195, 3.629628209050994, 3.133942674658025]","[4.430838804217157, 3.6965109702794527, 6.381304985046706, 4.968623728792572]","[6.867785628560741, 1.3411608490404754, 4.092555620279823, 4.648497403364648, 5.045501693231527, 6.0872676867025195, 2.629628209050994, 2.133942674658025]","[3.4308388042171574, 2.6965109702794527, 5.381304985046706, 3.9686237287925725]","[17.609706739899334, 3.438873971898655, 10.493732359691855, 11.919224111191404, 12.937183828798787, 15.608378683852614, 6.742636433464087, 5.471647883738525]"
908,0,885,True,False,,0.0,3,3,,0,3,47.566318250500984,"[9.764327396346108, 27.53601006467061, 10.265980789484267]",21.550864117695383,"[4.808087684574982, 11.739043925221537, 5.003732507898865]",43.331892183046705,0.0,[],19.899437951388215,0.0,0.0,0.0,"[3.1794351267230514, 12.987144446873762, 3.732858377791403]",[],"[0.0, 0.0, 0.0]",[],"[5.588295196725773, 30.736267812496823, 7.00732917382411]"
908,0,886,True,False,,0.0,1,1,,0,1,5.406139343354766,[5.406139343354766],3.108394343908359,[3.108394343908359],11.18673654177985,0.0,[],5.362827251294141,0.0,0.0,0.0,[5.362827251294141],[],[0.0],[],[11.18673654177985]
908,0,887,True,False,,0.0,1,1,,0,1,12.616518546377907,[12.616518546377907],5.9204422330873845,[5.9204422330873845],8.159249361841916,0.0,[],4.182107251118348,0.0,0.0,0.0,[4.182107251118348],[],[0.0],[],[8.159249361841916]
908,0,888,True,False,,0.0,3,3,,0,3,27.969263840188113,"[17.50078428912467, 6.0834007371660945, 4.385078813897347]",13.908012897673363,"[7.825305872758622, 3.372526287494777, 2.7101807374199653]",31.08545365854939,0.0,[],15.123326926834263,0.0,0.0,0.0,"[5.498406227445618, 6.042612314336112, 3.5823083850525332]",[],"[0.0, 0.0, 0.0]",[],"[11.53437494216825, 12.92977516496439, 6.6213035514167515]"
908,0,889,True,False,,0.0,2,2,,0,2,24.65143275054243,"[18.145888654435186, 6.505544096107243]",11.614058772711548,"[8.076896575229723, 3.5371621974818246]",47.42004188010955,0.0,[],20.493816333242727,0.0,0.0,0.0,"[6.81096986604764, 13.682846467195088]",[],"[0.0, 0.0]",[],"[14.899922733455487, 32.52011914665407]"
908,0,890,True,False,,0.0,1,1,,0,1,12.04215516082641,[12.04215516082641],5.6964405127223,[5.6964405127223],12.735116373891081,0.0,[],5.966695385817522,0.0,0.0,0.0,[5.966695385817522],[],[0.0],[],[12.735116373891081]
908,0,891,True,False,,0.0,1,1,,0,1,15.440729047498081,[15.440729047498081],7.021884328524252,[7.021884328524252],12.667085568369414,0.0,[],5.940163371664071,0.0,0.0,0.0,[5.940163371664071],[],[0.0],[],[12.667085568369414]
908,0,892,True,False,,0.0,1,1,,0,1,12.48951800160252,[12.48951800160252],5.870912020624982,[5.870912020624982],8.225823038754756,0.0,[],4.208070985114355,0.0,0.0,0.0,[4.208070985114355],[],[0.0],[],[8.225823038754756]
908,0,893,True,False,,0.0,3,3,,0,3,30.89838806728145,"[10.318534671243693, 13.321927825765066, 7.257925570272689]",15.050371346239764,"[5.024228521785041, 6.195551852048376, 3.8305909724063487]",38.41218845399321,0.0,[],17.98075349705735,0.0,0.0,0.0,"[2.586039004144526, 6.000010779442649, 9.394703713470177]",[],"[0.0, 0.0, 0.0]",[],"[4.066766677293656, 12.820540460109354, 21.524881316590196]"
908,0,894,True,False,,0.0,4,4,,0,4,53.949353071236665,"[18.704167382357856, 15.764042312053377, 9.04742589184713, 10.43371748497831]",25.040247697782302,"[8.294625279119565, 7.147976501700817, 4.528496097820381, 5.069149819141541]",37.85595401487879,0.0,[],18.763822065802728,0.0,0.0,0.0,"[5.93012687435684, 3.3373592751378895, 3.6358553515778484, 5.86048056473015]",[],"[0.0, 0.0, 0.0, 0.0]",[],"[12.641350959889333, 5.993228910609973, 6.758603465584227, 12.462770678795255]"
908,0,895,True,False,,0.0,3,3,,0,3,20.02251030997534,"[8.7942320571611, 2.7278575787018635, 8.500420674112377]",10.808779020890384,"[4.429750502292829, 2.063864455693727, 4.315164062903827]",64.24620539805413,0.0,[],28.056020105241114,0.0,0.0,0.0,"[11.326474685914018, 10.230082892176686, 6.499462527150409]",[],"[0.0, 0.0, 0.0]",[],"[26.478140220292353, 23.66687921070945, 14.10118596705233]"
908,0,896,True,False,,0.0,4,4,,0,4,29.124362221574984,"[2.5, 8.054954208828574, 6.5904580200265315, 11.978949992719876]",15.358501266414244,"[1.975, 4.141432141443144, 3.5702786278103473, 5.671790497160752]",30.334338901661226,0.0,[],15.830392171647876,0.0,0.0,0.0,"[5.5165714787847495, 2.9450434005263304, 2.9492769989278447, 4.4195002934089525]",[],"[0.0, 0.0, 0.0, 0.0]",[],"[11.580952509704487, 4.987290770580334, 4.998146151097038, 8.767949470279365]"
908,0,897,True,False,,0.0,3,3,,0,3,30.436411274350867,"[7.060171530906122, 9.564683668042443, 13.8115560754023]",14.870200396996838,"[3.7534668970533875, 4.730226630536553, 6.386506869406897]",22.587454362036915,0.0,[],11.809107201194399,0.0,0.0,0.0,"[3.488529460709234, 5.7918251555111375, 2.5287525849740273]",[],"[0.0, 0.0, 0.0]",[],"[6.380844771049318, 12.286731167977274, 3.919878423010326]"
908,0,898,True,False,,0.0,1,1,,0,1,5.025490394651858,[5.025490394651858],2.959941253914225,[2.959941253914225],8.709583746175637,0.0,[],4.3967376610084985,0.0,0.0,0.0,[4.3967376610084985],[],[0.0],[],[8.709583746175637]
908,0,899,True,False,,0.0,1,1,,0,1,6.775599304597851,[6.775599304597851],3.6424837287931617,[3.6424837287931617],10.932722709845116,0.0,[],5.263761856839595,0.0,0.0,0.0,[5.263761856839595],[],[0.0],[],[10.932722709845116]
908,0,900,True,False,,0.0,3,3,,0,3,25.002517202333706,"[12.010929259855393, 9.016357200802508, 3.975230741675806]",12.750981708910146,"[5.684262411343603, 4.516379308312978, 2.5503399892535645]",31.322563800830196,0.0,[],15.215799882323775,0.0,0.0,0.0,"[3.5049076754161637, 3.722610699374472, 7.988281507533141]",[],"[0.0, 0.0, 0.0]",[],"[6.422840193374778, 6.981053075319159, 17.918670532136257]"
908,0,901,True,True,1.0,5.99,5,5,True,2,7,48.404937783400754,"[10.911939839009541, 7.527308030636681, 8.237331603397426, 9.745474697594622, 11.982883612762487]",23.877925735526297,"[5.255656537213722, 3.935650131948306, 4.212559325324996, 4.800735132061902, 5.67332460897737]",34.84791477024268,9.710129743452075,"[5.995457285196811, 3.714672458255265]",18.590686760394647,5.7869505999463104,13.590686760394645,3.78695059994631,"[6.565335871815944, 3.0364391149848715, 4.353264582455049, 2.2205623271513044, 2.4150848639874765]","[3.3382283412267566, 2.4487222587195534]","[5.565335871815944, 2.0364391149848715, 3.3532645824550493, 1.2205623271513046, 1.4150848639874762]","[2.3382283412267566, 1.4487222587195534]","[14.270091979015241, 5.2216387563714655, 8.598114313987306, 3.129646992695653, 3.6284227281730157]"
908,0,902,True,False,,0.0,3,3,,0,3,23.66225712158994,"[4.727370566238483, 4.34937305425205, 14.585513501099406]",12.228280277420076,"[2.8436745208330088, 2.6962554911582997, 6.6883502654287685]",24.173537813347895,0.0,[],12.42767974720568,0.0,0.0,0.0,"[7.042042592978226, 2.41369930476331, 2.9719378494641444]",[],"[0.0, 0.0, 0.0]",[],"[15.492416905072373, 3.624870012213616, 5.056250896061909]"
908,0,903,True,True,1.0,5.99,5,5,True,4,9,49.68457512587187,"[9.95482317215444, 13.96799263095997, 5.465014073310389, 11.73024686729805, 8.56649838214902]",24.376984299090026,"[4.882381037140231, 6.447517126074389, 3.1313554885910517, 5.5747962782462395, 4.340934369038118]",45.464154878508026,44.1024105339538,"[18.360545953357704, 9.82114815205195, 12.92863757253827, 2.9920788560058718]",22.731020402618128,21.199940108241986,17.731020402618128,17.199940108241982,"[4.134309710788669, 6.68342174214926, 6.571525134987376, 2.160184100799964, 3.181579713892857]","[8.160612921809506, 4.830247779300261, 6.0421686532899255, 2.16691075384229]","[3.1343097107886693, 5.68342174214926, 5.571525134987376, 1.160184100799964, 2.181579713892857]","[7.160612921809505, 3.8302477793002607, 5.0421686532899255, 1.16691075384229]","[8.036691566124793, 14.57287626192118, 14.285961884583015, 2.9748310276922156, 5.593794138186813]"
908,0,904,True,False,,0.0,3,3,,0,3,32.98106351068223,"[12.543891354279243, 9.088660424609273, 11.348511731793721]",15.862614769166072,"[5.892117628168905, 4.544577565597617, 5.4259195753995515]",21.67057276493414,0.0,[],11.451523378324314,0.0,0.0,0.0,"[3.351166427387244, 4.091490402012672, 4.008866548924397]",[],"[0.0, 0.0, 0.0]",[],"[6.028631865095497, 7.926898466699161, 7.715042433139479]"
908,0,905,True,False,,0.0,1,1,,0,1,4.152871893584445,[4.152871893584445],2.6196200384979336,[2.6196200384979336],2.7093049355407532,0.0,[],2.0566289248608935,0.0,0.0,0.0,[2.0566289248608935],[],[0.0],[],[2.7093049355407532]
908,0,906,True,False,,0.0,1,1,,0,1,2.506714188705097,[2.506714188705097],1.9776185335949878,[1.9776185335949878],5.825496874444472,0.0,[],3.271943781033344,0.0,0.0,0.0,[3.271943781033344],[],[0.0],[],[5.825496874444472]
908,0,907,True,False,,0.0,2,2,,0,2,29.425065047292527,"[22.30062098250778, 7.124444064784749]",13.475775368444086,"[9.697242183178034, 3.778533185266052]",25.21248555213492,0.0,[],11.832869365332618,0.0,0.0,0.0,"[6.306282383919069, 5.526586981413549]",[],"[0.0, 0.0]",[],"[13.605852266459152, 11.606633285675766]"
908,0,908,True,True,1.0,5.99,5,2,,1,6,22.86270150122169,"[17.48713832922561, 5.375563171996081]",10.916453585476459,"[7.819983948397987, 3.0964696370784717]",10.779355890277337,9.090404441939647,[9.090404441939647],6.203948797208161,4.545257732356463,4.203948797208161,3.5452577323564625,"[3.217977131650779, 2.985971665557382]",[4.545257732356463],"[2.217977131650779, 1.985971665557382]",[3.5452577323564625],"[5.687120850386613, 5.092235039890723]"
908,0,909,True,True,1.0,5.99,5,5,True,1,6,48.939076501530145,"[19.940705228101145, 7.316265886872813, 6.87123550607505, 10.097711233142594, 4.713158647338541]",24.086239835596757,"[8.776875038959446, 3.853343695880397, 3.6797818473692696, 4.9381073809256115, 2.8381318724620312]",57.15811954935148,4.99038466775426,[4.99038466775426],27.29166662424708,2.946250020424161,22.29166662424708,1.9462500204241613,"[9.785811921295238, 3.2850990523678747, 3.6947091464289143, 4.5077829037447446, 6.018263600410307]",[2.946250020424161],"[8.785811921295238, 2.2850990523678747, 2.6947091464289143, 3.5077829037447446, 5.018263600410307]",[1.9462500204241613],"[22.527722875115995, 5.859228339404807, 6.909510631869011, 8.994315137807037, 12.867342565154633]"
908,0,910,True,False,,0.0,1,1,,0,1,15.636606698953475,[15.636606698953475],7.098276612591856,[7.098276612591856],4.411054456875907,0.0,[],2.720311238181604,0.0,0.0,0.0,[2.720311238181604],[],[0.0],[],[4.411054456875907]
908,0,911,True,False,,0.0,4,4,,0,4,49.48759035104816,"[18.95116096255246, 9.274089222976452, 10.54689516875164, 10.715444996767609]",23.30016023690878,"[8.39095277539546, 4.616894796960816, 5.1132891158131395, 5.179023548739368]",43.74476535179064,0.0,[],21.06045848719835,0.0,0.0,0.0,"[3.026820259374779, 8.694593021765526, 5.078778704372324, 4.260266501685724]",[],"[0.0, 0.0, 0.0, 0.0]",[],"[5.1969750240378945, 19.72972569683468, 10.458406934288009, 8.35965769663006]"
908,0,912,True,True,1.0,5.99,6,6,True,1,7,65.67612596923084,"[2.5, 14.542965945913958, 20.819597548829126, 8.62319771602653, 4.365040108201373, 14.825324650259857]",31.61368912800003,"[1.975, 6.671756718906444, 9.11964304404336, 4.363047109250347, 2.7023656421985356, 6.781876613601344]",41.15963203190131,7.6204456907975135,[7.6204456907975135],22.05225649244151,3.9719738194110303,16.05225649244151,2.9719738194110303,"[2.764937080595203, 5.441055628659952, 3.0288503503977693, 3.479724600957207, 3.2356016403541132, 4.102087191477267]",[3.9719738194110303],"[1.764937080595203, 4.441055628659952, 2.0288503503977693, 2.479724600957207, 2.2356016403541132, 3.102087191477267]",[2.9719738194110303],"[4.525479693833853, 11.387322124769108, 5.202180385635306, 6.358268207582582, 5.73231189834388, 7.954069721736582]"
908,0,913,True,False,,0.0,3,3,,0,3,30.400580043512484,"[11.669229913715549, 9.192557939055169, 9.538792190741765]",14.85622621696987,"[5.550999666349064, 4.585097596231516, 4.720128954389288]",42.707064309787775,0.0,[],19.655755080817237,0.0,0.0,0.0,"[4.723585007381617, 6.075471850932133, 8.856698222503484]",[],"[0.0, 0.0, 0.0]",[],"[9.547653865081069, 13.01403038700547, 20.14538005770124]"
908,0,914,True,False,,0.0,2,2,,0,2,9.455533920993044,"[6.955533920993045, 2.5]",5.687658229187288,"[3.7126582291872876, 1.975]",18.738121746222756,0.0,[],9.307867481026875,0.0,0.0,0.0,"[1.975, 7.3328674810268755]",[],"[0.0, 0.0]",[],"[2.5, 16.238121746222756]"
908,0,915,True,False,,0.0,2,2,,0,2,8.141478157505961,"[5.641478157505961, 2.5]",5.175176481427325,"[3.200176481427325, 1.975]",14.628755167734099,0.0,[],7.705214515416298,0.0,0.0,0.0,"[1.975, 5.730214515416298]",[],"[0.0, 0.0]",[],"[2.5, 12.128755167734099]"
908,0,916,True,False,,0.0,1,1,,0,1,10.611401857848929,[10.611401857848929],5.138446724561082,[5.138446724561082],7.17091803197492,0.0,[],3.796658032470219,0.0,0.0,0.0,[3.796658032470219],[],[0.0],[],[7.17091803197492]
908,0,917,True,False,,0.0,3,3,,0,3,31.600344688621973,"[23.320454093657503, 4.079968817792535, 4.199921777171936]",15.32413442856257,"[10.094977096526426, 2.5911878389390886, 2.637969493097055]",22.887831277178996,0.0,[],11.926254198099809,0.0,0.0,0.0,"[2.7549693021761987, 4.526993502243233, 4.644291393680378]",[],"[0.0, 0.0, 0.0]",[],"[4.499921287631278, 9.043573082674955, 9.344336906872764]"
908,0,918,True,True,1.0,5.99,5,5,True,1,6,53.4290478252613,"[10.604497418871995, 22.276924156478405, 4.861742965589228, 9.678912664751806, 6.006970619569863]",25.83732865185191,"[5.135753993360078, 9.688000421026578, 2.896079756579799, 4.774775939253205, 3.3427185416322467]",49.10657892888949,14.676670810884298,[14.676670810884298],24.1515657822669,6.723901616244876,19.1515657822669,5.723901616244876,"[4.533680338552822, 5.172954669337218, 3.496728982025354, 7.741633363461487, 3.2065684288900207]",[6.723901616244876],"[3.5336803385528217, 4.172954669337218, 2.496728982025354, 6.741633363461487, 2.2065684288900207]",[5.723901616244876],"[9.060718816802106, 10.699883767531329, 6.401869184680395, 17.28623939349099, 5.657867766384668]"
908,0,919,True,False,,0.0,3,3,,0,3,25.532252150414372,"[6.438890196477388, 15.514658100859862, 3.5787038530771214]",12.957578338661605,"[3.511167176626181, 7.050716659335346, 2.3956945027000773]",22.599572086481622,0.0,[],11.813833113727833,0.0,0.0,0.0,"[3.398182420709358, 5.77725194563919, 2.638398747379286]",[],"[0.0, 0.0, 0.0]",[],"[6.149185694126558, 12.249363963177409, 4.201022429177657]"
908,0,920,True,True,1.0,5.99,7,7,True,1,8,71.02897150842526,"[8.99377951204987, 8.28125867498314, 10.015118962440432, 23.980867513944602, 7.622175901670172, 9.635770943337029, 2.5]",34.701298888285855,"[4.507574009699449, 4.229690883243425, 4.905896395351769, 10.352538330438396, 3.972648601651367, 4.757950667901442, 1.975]",73.57852303118966,14.007004214575572,[14.007004214575572],35.69562398216397,6.4627316436844735,28.69562398216397,5.4627316436844735,"[5.557859637031588, 4.4217290110225465, 7.802432727816318, 3.7716596941309777, 4.566349220859655, 3.977416088329201, 5.598177602973685]",[6.4627316436844735],"[4.557859637031588, 3.4217290110225465, 6.802432727816318, 2.7716596941309777, 3.5663492208596543, 2.977416088329201, 4.598177602973685]",[5.4627316436844735],"[11.686819582132276, 8.773664130827042, 17.44213519952902, 7.106819728540969, 9.14448518169142, 7.634400226485131, 11.790198981983806]"
908,0,921,True,False,,0.0,4,4,,0,4,58.619166308317276,"[12.921892887695023, 19.811466689861454, 16.755201999217668, 9.130604731543128]",26.86147486024374,"[6.039538226201059, 8.726472009045967, 7.534528779694891, 4.56093584530182]",28.146846092036483,0.0,[],14.977269975894227,0.0,0.0,0.0,"[3.215087053869673, 4.800861824788513, 4.906695644216205, 2.0546254530198373]",[],"[0.0, 0.0, 0.0, 0.0]",[],"[5.679710394537624, 9.745799550739777, 10.017168318503089, 2.704167828255993]"
908,0,922,True,False,,0.0,1,1,,0,1,4.99671765535037,[4.99671765535037],2.9487198855866446,[2.9487198855866446],10.853865535342813,0.0,[],5.233007558783697,0.0,0.0,0.0,[5.233007558783697],[],[0.0],[],[10.853865535342813]
908,0,923,True,True,1.0,5.99,5,5,True,0,5,36.19562579596109,"[12.828971261131281, 2.538330510084888, 12.154406669237172, 3.7761970809821737, 4.897720274525573]",19.116294060424824,"[6.0032987918412, 1.9899488989331062, 5.740218601002497, 2.4727168615830477, 2.9101109070649733]",52.47353125727405,0.0,[],25.46467719033688,0.0,20.46467719033688,0.0,"[7.834581752382262, 2.5087628689042525, 4.302799640850245, 5.122047182858346, 5.696485745341773]",[],"[6.834581752382262, 1.5087628689042525, 3.302799640850245, 4.122047182858346, 4.696485745341773]",[],"[17.524568595851953, 3.8686227407801344, 8.46871702782114, 10.569351750918834, 12.042271141901981]"
908,0,924,True,True,1.0,5.99,5,4,,1,6,31.82902280585045,"[8.584428769111863, 9.026577256209938, 4.687421100180081, 9.530595680348569]",16.413318894281677,"[4.347927219953627, 4.520365129921876, 2.8280942290702313, 4.716932315335942]",31.321857465846982,6.986495345415532,[6.986495345415532],16.215524411680324,3.7247331847120577,12.215524411680324,2.7247331847120577,"[3.807672465784692, 1.975, 4.354726533436798, 6.078125412458833]",[3.7247331847120577],"[2.807672465784692, 0.9750000000000001, 3.3547265334367977, 5.078125412458833]",[2.7247331847120577],"[7.199160168678697, 2.5, 8.601862906248199, 13.020834390920085]"
908,0,925,True,False,,0.0,3,3,,0,3,33.542784595324136,"[6.289939692616436, 11.873628648572879, 15.379216254134821]",16.08168599217641,"[3.45307648012041, 5.630715172943423, 6.99789433911258]",14.159698859762038,0.0,[],8.522282555307196,0.0,0.0,0.0,"[1.975, 3.0659769500789964, 3.481305605228199]",[],"[0.0, 0.0, 0.0]",[],"[2.5, 5.297376795074349, 6.36232206468769]"
908,0,926,True,False,,0.0,2,2,,0,2,27.767792479758803,"[16.994236568215968, 10.773555911542834]",12.829439067105934,"[7.627752261604227, 5.201686805501706]",24.867591874065468,0.0,[],11.698360830885534,0.0,0.0,0.0,"[5.567022659567367, 6.131338171318166]",[],"[0.0, 0.0]",[],"[11.710314511711196, 13.157277362354272]"
908,0,927,True,True,1.0,5.99,6,6,True,6,12,59.02720896305503,"[13.055389487667401, 6.186426699903014, 3.4091439506999834, 16.528546282112153, 11.068715682567122, 8.778986860105354]",29.02061149559146,"[6.091601900190287, 3.4127064129621756, 2.3295661407729935, 7.4461330500237395, 5.316799116201178, 4.423804875441088]",58.048901883395494,79.58791210732005,"[13.211513906122489, 15.53921741888412, 16.943667567973318, 4.4421598102149344, 12.599561889624395, 16.851791514500793]",28.639071734524244,37.039285721854824,22.639071734524247,31.03928572185482,"[6.349654330569369, 3.1454372840278246, 6.426381532250195, 7.175783589021598, 3.3758014521098216, 2.166013546545436]","[6.152490423387771, 7.060294793364807, 7.608030351509594, 2.7324423259838246, 5.913829136953514, 7.572198690655309]","[5.349654330569369, 2.1454372840278246, 5.426381532250195, 6.175783589021598, 2.3758014521098216, 1.166013546545436]","[5.152490423387771, 6.060294793364807, 6.608030351509594, 1.7324423259838244, 4.913829136953514, 6.572198690655309]","[13.717062386075305, 5.501121241096986, 13.913798800641525, 15.835342535952813, 6.091798595153389, 2.9897783244754765]"
908,0,928,True,False,,0.0,2,2,,0,2,25.241547141873113,"[10.578634500639186, 14.662912641233925]",11.844203385330513,"[5.125667455249283, 6.718535930081231]",13.188684767577062,0.0,[],7.143587059355054,0.0,0.0,0.0,"[4.8097589675634005, 2.333828091791654]",[],"[0.0, 0.0]",[],"[9.768612737342053, 3.4200720302350094]"
908,0,929,True,True,1.0,5.99,6,6,True,3,9,56.84558116774844,"[13.254446466793418, 13.900547498702611, 3.9361305360973597, 2.5, 9.022522806300993, 14.231933859854065]",28.1697766554219,"[6.169234122049433, 6.421213524494019, 2.5350909090779705, 1.975, 4.518783894457387, 6.550454205343086]",51.853767559563074,27.12897708423204,"[6.377911514163555, 3.194491855563778, 17.556573714504708]",26.222969348229597,13.580301062850497,20.222969348229604,10.580301062850497,"[4.331894873239714, 7.349670344143559, 3.6262021018167543, 2.9058594145964074, 2.058869268404771, 5.950473346028394]","[3.4873854905237867, 2.2458518236698737, 7.847063748656836]","[3.3318948732397136, 6.349670344143559, 2.6262021018167543, 1.9058594145964076, 1.0588692684047711, 4.950473346028394]","[2.4873854905237867, 1.2458518236698735, 6.847063748656836]","[8.543320187794137, 16.28120601062451, 6.733851543119883, 4.8868190117856605, 2.71504940616608, 12.693521400072806]"
908,0,930,True,False,,0.0,3,3,,0,3,21.574143073567754,"[4.612946910332105, 6.284068416342517, 10.67712774689313]",11.413915798691423,"[2.799049295029521, 3.450786682373582, 5.16407982128832]",38.928788420338705,0.0,[],18.182227483932095,0.0,0.0,0.0,"[6.139759165076779, 3.241088792693073, 8.801379526162243]",[],"[0.0, 0.0, 0.0]",[],"[13.178869654043021, 5.746381519725828, 20.003537246569856]"
908,0,931,True,False,,0.0,2,2,,0,2,34.62774413909016,"[10.302286342637514, 24.325457796452646]",15.504820214245163,"[5.017891673628631, 10.486928540616532]",14.39764876094693,0.0,[],7.615083016769303,0.0,0.0,0.0,"[2.5859763920227095, 5.029106624746594]",[],"[0.0, 0.0]",[],"[4.066606133391563, 10.331042627555368]"
908,0,932,True,False,,0.0,1,1,,0,1,25.46302434763203,[25.46302434763203],10.930579495576492,[10.930579495576492],14.64058056987026,0.0,[],6.709826422249401,0.0,0.0,0.0,[6.709826422249401],[],[0.0],[],[14.64058056987026]
908,0,933,True,False,,0.0,3,3,,0,3,32.92486283844153,"[9.581225425203916, 14.320392278416106, 9.023245134821503]",15.840696506992195,"[4.736677915829528, 6.584952988582281, 4.519065602580386]",40.0176601166667,0.0,[],18.606887445500014,0.0,0.0,0.0,"[8.783485912006615, 5.377526583331797, 4.445874950161601]",[],"[0.0, 0.0, 0.0]",[],"[19.957656184632345, 11.224427136748197, 8.835576795286157]"
908,0,934,True,False,,0.0,3,3,,0,3,7.5,"[2.5, 2.5, 2.5]",5.925000000000001,"[1.975, 1.975, 1.975]",23.773332164933237,0.0,[],12.271599544323962,0.0,0.0,0.0,"[4.201588206808335, 3.750042552148771, 4.319968785366857]",[],"[0.0, 0.0, 0.0]",[],"[8.209200530277782, 7.0513911593558225, 8.512740475299633]"
908,0,935,True,False,,0.0,3,3,,0,3,38.19655427574229,"[13.239582355126387, 4.326561380530734, 20.630410540085162]",17.89665616753949,"[6.163437118499291, 2.6873589384069865, 9.045860110633214]",29.0829557655343,0.0,[],14.342352748558378,0.0,0.0,0.0,"[2.7177138670124226, 5.890207958039557, 5.734430923506398]",[],"[0.0, 0.0, 0.0]",[],"[4.404394530801084, 12.538994764203991, 12.139566470529225]"
908,0,936,True,False,,0.0,1,1,,0,1,3.012013885717463,[3.012013885717463],2.1746854154298108,[2.1746854154298108],9.827875579620724,0.0,[],4.832871476052082,0.0,0.0,0.0,[4.832871476052082],[],[0.0],[],[9.827875579620724]
908,0,937,True,False,,0.0,1,1,,0,1,10.550090482609178,[10.550090482609178],5.11453528821758,[5.11453528821758],8.406532465756667,0.0,[],4.278547661645101,0.0,0.0,0.0,[4.278547661645101],[],[0.0],[],[8.406532465756667]
908,0,938,True,False,,0.0,1,1,,0,1,2.5,[2.5],1.975,[1.975],6.9814912613730264,0.0,[],3.7227815919354805,0.0,0.0,0.0,[3.7227815919354805],[],[0.0],[],[6.9814912613730264]
908,0,939,True,False,,0.0,2,2,,0,2,6.303738501035372,"[2.5, 3.803738501035372]",4.458458015403796,"[1.975, 2.4834580154037953]",13.48878041544181,0.0,[],7.260624362022305,0.0,0.0,0.0,"[4.1017478532228555, 3.1588765087994495]",[],"[0.0, 0.0]",[],"[7.953199623648349, 5.5355807917934605]"
908,0,940,True,False,,0.0,2,2,,0,2,16.32890076922552,"[5.762935320938309, 10.565965448287212]",8.368271299997954,"[3.2475447751659408, 5.120726524832013]",38.5958507615627,0.0,[],17.052381797009456,0.0,0.0,0.0,"[8.01418635574467, 9.038195441264786]",[],"[0.0, 0.0]",[],"[17.985093219858125, 20.61075754170458]"
908,0,941,True,False,,0.0,3,3,,0,3,18.356964468854294,"[2.941879344264803, 7.633779775059337, 7.781305349530152]",10.159216142853175,"[2.1473329442632734, 3.9771741122731417, 4.034709086316759]",33.658063115586515,0.0,[],16.126644615078742,0.0,0.0,0.0,"[3.085862646311681, 7.14593140675819, 5.894850562008871]",[],"[0.0, 0.0, 0.0]",[],"[5.348365759773541, 15.758798478867153, 12.550898876945823]"
908,0,942,True,False,,0.0,4,4,,0,4,28.723210694501574,"[6.337423936487668, 10.799306709358662, 5.890059808047284, 5.696420240607959]",15.202052170855614,"[3.4715953352301905, 5.211729616649879, 3.297123325138441, 3.2216038938371043]",26.561432462956216,0.0,[],14.358958660552924,0.0,0.0,0.0,"[3.0517925008187463, 4.7245134403723466, 2.957836817522172, 3.624815901839659]",[],"[0.0, 0.0, 0.0, 0.0]",[],"[5.261006412355759, 9.550034462493196, 5.0200944039030055, 6.730297184204253]"
908,0,943,True,True,1.0,5.99,5,5,True,2,7,41.18425805030243,"[14.002906103224774, 8.053356307630947, 5.857832133669025, 10.010636147772118, 3.259527358005569]",21.06186063961795,"[6.461133380257662, 4.14080895997607, 3.2845545321309197, 4.904148097631126, 2.2712156696221717]",53.13268227652267,19.032277313689256,"[3.000307842899952, 16.031969470789303]",25.721746087843844,9.42258815233881,20.721746087843844,7.422588152338809,"[2.8963325725174194, 4.734136462388454, 3.794759863430532, 9.210403827957743, 5.086113361549697]","[2.1701200587309812, 7.2524680936078285]","[1.8963325725174192, 3.734136462388454, 2.794759863430532, 8.210403827957743, 4.086113361549697]","[1.1701200587309812, 6.2524680936078285]","[4.862391211583126, 9.574708877919113, 7.1660509318731584, 21.052317507583954, 10.477213747563326]"
908,0,944,True,True,1.0,5.99,9,9,True,2,11,63.20938209454319,"[18.26779510699748, 4.91623199848431, 5.140977807007445, 3.6905934878345272, 5.210792529723887, 5.084572008447165, 4.6821054494429495, 7.596935241293281, 8.619378465312147]",33.65165901687185,"[8.124440091729017, 2.9173304794088812, 3.004981344732904, 2.439331460255466, 3.032209086592316, 2.9829830832943944, 2.8260211252827503, 3.9628047441043797, 4.361557601471738]",135.14686239109517,17.865539775457403,"[12.187659420871148, 5.6778803545862555]",61.70727633252712,8.967560512428388,52.70727633252712,6.9675605124283875,"[6.275961645614121, 3.7776795806349353, 6.046950524897485, 9.020942187516292, 5.389193478157913, 11.284017358453402, 4.041592370999341, 5.5608259947516565, 10.310113191501976]","[5.753187174139748, 3.21437333828864]","[5.275961645614121, 2.7776795806349353, 5.046950524897485, 8.020942187516292, 4.389193478157913, 10.284017358453402, 3.041592370999341, 4.5608259947516565, 9.310113191501976]","[4.753187174139748, 2.21437333828864]","[13.528106783625951, 7.122255334961372, 12.940898781788423, 20.566518429528955, 11.254342251686957, 26.369275278085645, 7.798954797434208, 11.69442562756835, 23.872085106415323]"
908,0,945,True,False,,0.0,3,3,,0,3,30.33208460301703,"[11.590315497649847, 5.212134638899861, 13.529634466467321]",14.829512995176641,"[5.5202230440834406, 3.0327325091709456, 6.276557441922256]",29.093480991442142,0.0,[],14.346457586662435,0.0,0.0,0.0,"[5.682197300610393, 6.223976377119368, 2.440283908932674]",[],"[0.0, 0.0, 0.0]",[],"[12.005634104129213, 13.394811223382995, 3.6930356639299333]"
908,0,946,True,True,1.0,5.99,6,6,True,2,8,62.69631581424236,"[4.495458264092204, 16.964054133353176, 4.952209805213865, 7.264295226436371, 18.912820423982208, 10.107477961164543]",30.45156316755452,"[2.75322872299596, 7.615981112007739, 2.9313618240334076, 3.8330751383101846, 8.37599996535306, 4.941916404854172]",47.234911791009914,26.136571382257188,"[12.181256384447307, 13.955314997809882]",24.42161559849387,12.193262839080305,18.42161559849387,10.193262839080305,"[2.7295984189168214, 9.45639695232321, 1.975, 1.975, 5.26792452856389, 3.017695698689945]","[5.75068998993445, 6.442572849145854]","[1.7295984189168216, 8.45639695232321, 0.9750000000000001, 0.9750000000000001, 4.26792452856389, 2.017695698689945]","[4.75068998993445, 5.442572849145854]","[4.434867740812363, 21.68306910852105, 2.5, 2.5, 10.943396227086899, 5.173578714589602]"
908,0,947,True,True,1.0,5.99,7,7,True,0,7,55.07196681753635,"[9.71406656760669, 6.065039443692912, 8.837041113458246, 9.842192745563814, 3.924310146221451, 9.499880366040465, 7.189436434952771]",28.478067058839173,"[4.788485961366609, 3.3653653830402357, 4.446446034248716, 4.838455170769888, 2.530480957026366, 4.704953342755781, 3.803880209631581]",86.01133520134746,0.0,[],40.544420728525516,0.0,33.54442072852551,0.0,"[5.914463423760284, 4.373954887572607, 8.047633761427814, 7.6583163290460465, 4.96123512156776, 4.826731438160584, 4.762085766990415]",[],"[4.914463423760284, 3.3739548875726064, 7.047633761427814, 6.6583163290460465, 3.9612351215677597, 3.8267314381605835, 3.7620857669904146]",[],"[12.601188266052011, 8.651166378391299, 18.070855798532858, 17.07260597191294, 10.157013132225025, 9.812131892719444, 9.646373761513884]"
908,0,948,True,False,,0.0,4,4,,0,4,41.22820475223007,"[10.950506140319362, 6.816357047484115, 10.641097017564286, 12.820244546862307]",20.078999853369726,"[5.270697394724551, 3.658379248518805, 5.150027836850072, 5.9998953732763]",43.62051555001482,0.0,[],21.012001064505785,0.0,0.0,0.0,"[2.806069243895994, 6.418999948647126, 8.573336995425407, 3.213594876537258]",[],"[0.0, 0.0, 0.0, 0.0]",[],"[4.630946779220497, 13.894871663197756, 19.418812808783095, 5.675884298813481]"
908,0,949,True,False,,0.0,1,1,,0,1,3.5483671934493746,[3.5483671934493746],2.383863205445256,[2.383863205445256],6.112840850015091,0.0,[],3.3840079315058853,0.0,0.0,0.0,[3.3840079315058853],[],[0.0],[],[6.112840850015091]
908,0,950,True,False,,0.0,3,3,,0,3,37.91575055222691,"[6.2285749188220425, 24.34450681964325, 7.34266881376162]",17.787142715368496,"[3.4291442183405967, 10.494357659660867, 3.863640837367032]",27.316837435559336,0.0,[],13.653566599868142,0.0,0.0,0.0,"[2.5098912033455916, 6.514152592647036, 4.629522803875515]",[],"[0.0, 0.0, 0.0]",[],"[3.8715159060143365, 14.138852801659064, 9.306468727885937]"
908,0,951,True,False,,0.0,1,1,,0,1,8.753598297447907,[8.753598297447907],4.413903336004683,[4.413903336004683],3.185887268796969,0.0,[],2.242496034830818,0.0,0.0,0.0,[2.242496034830818],[],[0.0],[],[3.185887268796969]
908,0,952,True,False,,0.0,1,1,,0,1,5.153752254653703,[5.153752254653703],3.0099633793149443,[3.0099633793149443],5.757043575330261,0.0,[],3.245246994378802,0.0,0.0,0.0,[3.245246994378802],[],[0.0],[],[5.757043575330261]
908,0,953,True,False,,0.0,2,2,,0,2,13.784915461250689,"[9.90341231404512, 3.8815031472055694]",7.376117029887769,"[4.862330802477597, 2.513786227410172]",13.0563678587549,0.0,[],7.091983464914412,0.0,0.0,0.0,"[1.975, 5.116983464914411]",[],"[0.0, 0.0]",[],"[2.5, 10.5563678587549]"
908,0,954,True,True,1.0,5.99,5,5,True,3,8,44.84110334667871,"[4.548170382159076, 5.973164838989164, 10.454082564655636, 5.51332219239763, 18.3523633684772]",22.488030305204695,"[2.7737864490420394, 3.329534287205774, 5.077092200215698, 3.1501956550350756, 8.157421713706107]",61.56448595792537,37.5822413796039,"[5.089346963970092, 19.73929380662158, 12.753600609012233]",29.010149523590897,17.657074138045523,24.010149523590897,14.657074138045523,"[6.152749496479668, 5.947782026702435, 8.567229773634972, 4.802055301519984, 3.5403329252538356]","[2.984845315948336, 8.698324584582416, 5.9739042375147715]","[5.152749496479668, 4.947782026702435, 7.567229773634972, 3.8020553015199843, 2.5403329252538356]","[1.984845315948336, 7.698324584582416, 4.9739042375147715]","[13.212178196101712, 12.686620581288294, 19.403153265730698, 9.748859747487138, 6.513674167317527]"
908,0,955,True,False,,0.0,1,1,,0,1,18.129516006119413,[18.129516006119413],8.070511242386571,[8.070511242386571],9.233197123703055,0.0,[],4.600946878244192,0.0,0.0,0.0,[4.600946878244192],[],[0.0],[],[9.233197123703055]
908,0,956,True,False,,0.0,4,4,,0,4,51.773727765585754,"[13.92136713745719, 14.64361449104436, 20.08608734358475, 3.1226587934994523]",24.19175382857844,"[6.429333183608304, 6.7110096515073, 8.833574063998054, 2.217836929464786]",37.02376221228084,0.0,[],18.439267262789528,0.0,0.0,0.0,"[2.724548141171459, 2.666125376881773, 10.396968072577979, 2.6516256721583176]",[],"[0.0, 0.0, 0.0, 0.0]",[],"[4.421918310696049, 4.272116350978905, 24.094789929687124, 4.234937620918763]"
908,0,957,True,True,1.0,5.99,5,5,True,4,9,35.60130509591094,"[8.002130037984728, 4.581082649187862, 12.317962204052739, 5.30484753663293, 5.395282668052676]",18.884508987405265,"[4.120830714814044, 2.786622233183266, 5.804005259580569, 3.068890539286843, 3.1041602405405437]",28.87309036663508,32.011147015311614,"[6.322697446227156, 3.924259953308727, 14.123716787639951, 7.640472828135778]",16.260505242987684,16.484347335971528,11.260505242987682,12.48434733597153,"[1.975, 5.461429953187573, 2.856349571023877, 2.5612085740052777, 3.4065171447709535]","[3.465852004028591, 2.5304613817904036, 6.508249547179581, 3.979784402972953]","[0.9750000000000001, 4.461429953187573, 1.856349571023877, 1.561208574005278, 2.4065171447709535]","[2.465852004028591, 1.5304613817904036, 5.508249547179581, 2.979784402972953]","[2.5, 11.439563982532238, 4.759870694933018, 4.003098907705841, 6.170556781463983]"
908,0,958,True,False,,0.0,2,2,,0,2,32.479211937086234,"[9.302978095411001, 23.176233841675234]",14.66689265546363,"[4.6281614572102905, 10.038731198253341]",19.44955127814733,0.0,[],9.585324998477459,0.0,0.0,0.0,"[6.940169971740021, 2.6451550267374384]",[],"[0.0, 0.0]",[],"[15.231205055743642, 4.218346222403688]"
908,0,959,True,False,,0.0,4,4,,0,4,33.91043872450543,"[9.131060345336442, 3.8898788235739183, 10.795697554015442, 10.09380200157963]",17.22507110255712,"[4.561113534681212, 2.517052741193828, 5.210322046066023, 4.936582780616057]",49.954134988287315,0.0,[],23.482112645432057,0.0,0.0,0.0,"[6.875226306816673, 8.887400625051566, 3.4784186599400053, 4.241067053623811]",[],"[0.0, 0.0, 0.0, 0.0]",[],"[15.064682837991468, 20.224104166798885, 6.354919640871808, 8.310428342625157]"
908,0,960,True,True,1.0,5.99,5,5,True,2,7,34.35587310279103,"[4.31302893722065, 5.144984511330823, 6.5872993744662, 15.810560279773354, 2.5]",18.398790510088503,"[2.6820812855160536, 3.006543959419021, 3.569046756041818, 7.166118509111608, 1.975]",56.39827061819874,18.076691025519526,"[4.5017908674642415, 13.574900158055284]",26.995325541097507,9.049909499952616,21.995325541097507,7.049909499952616,"[2.713027001361499, 4.048616961173047, 6.764095612127941, 3.8440089263250945, 9.625577040109926]","[2.7556984383110543, 6.294211061641561]","[1.7130270013614992, 3.048616961173047, 5.764095612127941, 2.8440089263250945, 8.625577040109926]","[1.7556984383110543, 5.294211061641561]","[4.392376926567946, 7.816966567110376, 14.779732338789593, 7.292330580320755, 22.116864205410067]"
908,0,961,True,False,,0.0,3,3,,0,3,28.007019302752816,"[7.955828148553552, 5.058531170545973, 14.99265998365329]",13.922737528073597,"[4.102772977935885, 2.9728271565129294, 6.8471373936247835]",21.524231217896997,0.0,[],11.394450174979827,0.0,0.0,0.0,"[3.738545108575619, 3.2633148416426225, 4.3925902247615864]",[],"[0.0, 0.0, 0.0]",[],"[7.02191053480928, 5.803371388827237, 8.698949294260478]"
908,0,962,True,False,,0.0,1,1,,0,1,5.5331667743333135,[5.5331667743333135],3.1579350419899925,[3.1579350419899925],12.040073133121044,0.0,[],5.695628521917207,0.0,0.0,0.0,[5.695628521917207],[],[0.0],[],[12.040073133121044]
908,0,963,True,False,,0.0,2,2,,0,2,20.04530760413303,"[6.063646810698971, 13.981660793434058]",9.81766996561188,"[3.364822256172599, 6.452847709439283]",20.879722028870702,0.0,[],10.143091591259575,0.0,0.0,0.0,"[3.1671212612500828, 6.975970330009492]",[],"[0.0, 0.0]",[],"[5.55672118269252, 15.323000846178184]"
908,0,964,True,False,,0.0,1,1,,0,1,6.801422569615723,[6.801422569615723],3.652554802150132,[3.652554802150132],5.255289322908733,0.0,[],3.049562835934406,0.0,0.0,0.0,[3.049562835934406],[],[0.0],[],[5.255289322908733]
908,0,965,True,False,,0.0,2,2,,0,2,27.956492096040726,"[12.20842450409095, 15.748067591949775]",12.903031917455882,"[5.76128555659547, 7.141746360860412]",14.05672812625864,0.0,[],7.482123969240869,0.0,0.0,0.0,"[2.577812387856164, 4.904311581384706]",[],"[0.0, 0.0]",[],"[4.0456727893747795, 10.01105533688386]"
908,0,966,True,False,,0.0,3,3,,0,3,31.159190892618497,"[15.38495122693025, 5.268696609878658, 10.505543055809587]",15.152084448121213,"[7.000130978502797, 3.054791677852677, 5.097161791765739]",42.91151539944721,0.0,[],19.73549100578441,0.0,0.0,0.0,"[8.432814670762438, 6.576608147947769, 4.726068187074205]",[],"[0.0, 0.0, 0.0]",[],"[19.058499155801123, 14.298995251148126, 9.55402099249796]"
908,0,967,True,True,1.0,5.99,5,5,True,5,10,30.571709735469287,"[10.20035139262309, 10.522756824720865, 4.221821551622862, 2.5, 3.1267799665024683]",16.922966796833023,"[4.978137043123006, 5.103875161641137, 2.6465104051329167, 1.975, 2.219444186935963]",57.99096270077757,44.358760262990295,"[9.192726781664819, 4.998910981737673, 7.9562627478405865, 10.089341783353056, 12.121517968394157]",27.616475453303252,22.299916502566212,22.616475453303252,17.299916502566212,"[5.412386722885879, 10.39165734999991, 3.148863297963629, 4.643948921559371, 4.019619160894463]","[4.585163444849279, 2.949575282877692, 4.102942471657829, 4.934843295507692, 5.727392007673721]","[4.412386722885879, 9.39165734999991, 2.148863297963629, 3.6439489215593714, 3.0196191608944623]","[3.5851634448492793, 1.9495752828776924, 3.102942471657829, 3.934843295507692, 4.727392007673721]","[11.313812109963791, 24.08117269230746, 5.509905892214433, 9.343458773229157, 7.742613233062723]"
908,0,968,True,False,,0.0,2,2,,0,2,12.640480322760249,"[5.213384218126696, 7.427096104633553]",6.929787325876497,"[3.0332198450694112, 3.896567480807086]",14.77564243179317,0.0,[],7.762500548399336,0.0,0.0,0.0,"[3.0630233169544803, 4.699477231444856]",[],"[0.0, 0.0]",[],"[5.2898033768063595, 9.48583905498681]"
908,0,969,True,False,,0.0,3,3,,0,3,28.809698035948017,"[12.7945542770366, 8.025149812421418, 7.989993946489998]",14.235782234019727,"[5.989876168044274, 4.129808426844353, 4.116097639131099]",23.9949251536643,0.0,[],12.358020809929076,0.0,0.0,0.0,"[5.910463463430896, 3.8142307976876366, 2.633326548810544]",[],"[0.0, 0.0, 0.0]",[],"[12.590931957515119, 7.215976404327273, 4.188016791821908]"
908,0,970,True,True,1.0,5.99,5,5,True,2,7,53.76270610083356,"[10.640854020211723, 8.7287313583097, 22.48567539315606, 5.516305319798915, 6.391140009357165]",25.967455379325088,"[5.149933067882572, 4.404205229740783, 9.769413403330864, 3.151359074721577, 3.492544603649294]",57.7378625840116,10.831898448477023,"[6.743151215462105, 4.088747233014918]",27.517766407764526,6.22444039490604,22.517766407764526,4.22444039490604,"[12.09116916750813, 5.08810338354009, 4.42320647067219, 3.7002500384474266, 2.215037347596688]","[3.629828974030221, 2.594611420875818]","[11.09116916750813, 4.08810338354009, 3.42320647067219, 2.7002500384474266, 1.215037347596688]","[2.629828974030221, 1.5946114208758182]","[28.4388953013029, 10.482316368051512, 8.777452488903052, 6.923718047301094, 3.115480378453046]"
908,0,971,True,True,1.0,5.99,8,8,True,5,13,68.50322695227558,"[6.578118546938469, 5.0218416554880445, 23.31488192644104, 4.248485987750844, 7.6026691453517605, 7.631846910855467, 5.122651724341863, 8.982731055108106]",34.71625851138748,"[3.5654662333060028, 2.958518245640337, 10.092803951312005, 2.6569095352228294, 3.965040966687187, 3.9764202952336323, 2.9978341724933264, 4.503265111492162]",86.735056720828,47.07339878034892,"[6.78498276288609, 9.958585186288579, 19.913609091925903, 3.2151446649683737, 7.201077074279981]",41.82667212112291,23.35862552433608,33.82667212112291,18.35862552433608,"[8.018569804998855, 2.7062746231811023, 4.648805729985087, 5.368565540455018, 5.05323455175399, 4.4884154054238135, 6.411647599597835, 5.131158865727216]","[3.646143277525575, 4.883848222652546, 8.766307545851102, 2.2539064193376657, 3.8084200589691926]","[7.0185698049988545, 1.7062746231811023, 3.6488057299850873, 4.368565540455018, 4.05323455175399, 3.4884154054238135, 5.411647599597835, 4.131158865727216]","[2.646143277525575, 3.8838482226525457, 7.766307545851102, 1.253906419337666, 2.8084200589691926]","[17.996332833330396, 4.375063136361801, 9.35591212816689, 11.201450103730815, 10.392909107061513, 8.944654885702086, 13.876019486148294, 10.592715040326196]"
908,0,972,True,True,1.0,5.99,6,6,True,2,8,59.03535694294995,"[9.076521436137945, 7.380771479990682, 12.379139216259826, 2.5, 15.540759933453467, 12.158164877108034]",29.023789207750482,"[4.539843360093799, 3.878500877196366, 5.827864294341333, 1.975, 7.060896374046853, 5.741684302072133]",75.32728532732193,18.693900825766917,"[5.345239876727551, 13.348660949039365]",35.377641277655556,9.290621322049098,29.37764127765556,7.290621322049098,"[10.179818023118537, 7.553795458687028, 4.474260917605863, 3.5011550326319134, 4.915107114378149, 4.753504731234067]","[3.084643551923745, 6.205977770125353]","[9.179818023118537, 6.553795458687028, 3.4742609176058634, 2.5011550326319134, 3.9151071143781486, 3.7535047312340666]","[2.084643551923745, 5.205977770125353]","[23.53799493107317, 16.804603740223147, 8.908361327194521, 6.413218032389522, 10.038736190713202, 9.624371105728375]"
908,0,973,True,False,,0.0,2,2,,0,2,24.182363383278684,"[16.123247539036196, 8.05911584424249]",11.431121719478687,"[7.288066540224117, 4.143055179254571]",16.642379784933755,0.0,[],8.490528116124164,0.0,0.0,0.0,"[5.585321805695472, 2.905206310428693]",[],"[0.0, 0.0]",[],"[11.757235399219157, 4.8851443857145975]"
908,0,974,True,False,,0.0,4,4,,0,4,42.70656343981816,"[3.7915768075580445, 17.516148805169507, 10.316347703067912, 11.082490124022698]",20.655559741529082,"[2.4787149549476375, 7.8312980340161085, 5.023375604196485, 5.322171148368852]",58.31393237242462,0.0,[],26.742433625245603,0.0,0.0,0.0,"[10.968317719362862, 4.987924309390541, 3.8652084278867047, 6.920983168605494]",[],"[0.0, 0.0, 0.0, 0.0]",[],"[25.559789024007337, 10.225446947155234, 7.346688276632576, 15.182008124629471]"
908,0,975,True,False,,0.0,3,3,,0,3,24.065849294023863,"[10.61157358595291, 4.182996956609182, 9.27127875146177]",12.385681224669305,"[5.138513698521635, 2.6313688130775814, 4.61579871307009]",23.93418292190107,0.0,[],12.334331339541418,0.0,0.0,0.0,"[3.8882246696430127, 1.975, 6.471106669898404]",[],"[0.0, 0.0, 0.0]",[],"[7.40570428113593, 2.5, 14.028478640765139]"
908,0,976,True,True,1.0,5.99,5,5,True,2,7,42.621553467399345,"[9.277299474302529, 11.977987412162756, 9.306407703573162, 4.410585978355077, 7.6492728990058145]",21.62240585228574,"[4.618146794977987, 5.671415090743475, 4.629499004393534, 2.7201285315584802, 3.9832164306122677]",58.83422809778283,21.08017954260398,"[10.784733408172457, 10.295446134431524]",27.945348958135305,10.221270021615553,22.945348958135305,8.221270021615553,"[2.9756685104123193, 7.0299512101435635, 6.125408479491445, 6.846542762595159, 4.967777995492815]","[5.206046029187259, 5.015223992428294]","[1.9756685104123193, 6.0299512101435635, 5.125408479491445, 5.846542762595159, 3.967777995492815]","[4.206046029187259, 4.015223992428294]","[5.065816693364921, 15.46141335934247, 13.142073024337037, 14.991135288705536, 10.173789732032859]"
908,0,977,True,False,,0.0,4,4,,0,4,51.84670189848218,"[7.2443097345040774, 16.30159024610812, 11.029216066357987, 17.271585851511993]",24.22021374040805,"[3.8252807964565902, 7.357620195982167, 5.301394265879615, 7.735918482089677]",42.24940918979839,0.0,[],20.47726958402137,0.0,0.0,0.0,"[7.8401339216028285, 3.546311342258621, 5.778783811166378, 3.312040508993543]",[],"[0.0, 0.0, 0.0, 0.0]",[],"[17.53880492718674, 6.529003441688772, 12.253291823503535, 5.92830899741934]"
908,0,978,True,False,,0.0,2,2,,0,2,25.180013142855387,"[17.707038254033638, 7.4729748888217475]",11.820205125713601,"[7.905744919073119, 3.9144602066404817]",28.65689513442367,0.0,[],13.176189102425232,0.0,0.0,0.0,"[7.832550365530013, 5.343638736895219]",[],"[0.0, 0.0]",[],"[17.519359911615418, 11.137535222808253]"
908,0,979,True,False,,0.0,3,3,,0,3,34.239095198748004,"[14.448218028196923, 8.843246650383852, 10.94763052016723]",16.35324712751172,"[6.6348050309968, 4.448866193649703, 5.26957590286522]",16.33613348579744,0.0,[],9.371092059461002,0.0,0.0,0.0,"[2.467602776798117, 3.507629977554895, 3.3958593051079897]",[],"[0.0, 0.0, 0.0]",[],"[3.763084043072094, 6.4298204552689615, 6.143228987456384]"
908,0,980,True,False,,0.0,2,2,,0,2,36.52586662880099,"[8.835793195803097, 27.690073432997895]",16.245087985232388,"[4.4459593463632086, 11.79912863886918]",20.502414859676094,0.0,[],9.995941795273676,0.0,0.0,0.0,"[6.000089378277851, 3.9958524169958265]",[],"[0.0, 0.0]",[],"[12.820741995584232, 7.681672864091863]"
908,0,981,True,True,1.0,5.99,5,5,True,4,9,36.45243875995715,"[5.553745453071972, 6.2656346006208405, 10.659380706146028, 4.255551712147897, 9.718126287970406]",19.216451116383286,"[3.1659607266980694, 3.4435974942421277, 5.157158475396951, 2.6596651677376797, 4.7900692523084585]",35.28478678063847,27.589738532162954,"[10.519245143046117, 4.632288523641891, 8.188620075898102, 4.249584789576843]",18.761066844449005,14.759998027543553,13.761066844449005,10.759998027543553,"[4.5149469145276555, 2.6332390033337045, 3.4906400732544904, 3.0423831905845335, 5.07985766274862]","[5.102505605787986, 2.8065925242203376, 4.1935618296002595, 2.657338067934969]","[3.514946914527656, 1.6332390033337048, 2.4906400732544904, 2.0423831905845335, 4.07985766274862]","[4.102505605787986, 1.8065925242203373, 3.19356182960026, 1.6573380679349687]","[9.012684396224758, 4.187792316240269, 6.386256598088437, 5.236879975857779, 10.46117349422723]"
908,0,982,True,False,,0.0,1,1,,0,1,2.5,[2.5],1.975,[1.975],18.250086348385928,0.0,[],8.117533675870511,0.0,0.0,0.0,[8.117533675870511],[],[0.0],[],[18.250086348385928]
908,0,983,True,True,1.0,5.99,6,6,True,0,6,65.86356235149819,"[3.039250496366028, 14.873720522490522, 11.74614096717593, 11.15070827578049, 3.462139273347508, 21.591602816337712]",31.686789317084294,"[2.185307693582751, 6.800751003771304, 5.580994977198612, 5.348776227554391, 2.350234316605528, 9.420725098371708]",61.029486720256514,0.0,[],29.80149982090004,0.0,23.80149982090004,0.0,"[5.387962913347566, 10.877812957669518, 3.381612419370215, 3.1051596640471386, 3.0205146514875283, 4.028437214978076]",[],"[4.387962913347566, 9.877812957669518, 2.381612419370215, 2.1051596640471386, 2.0205146514875283, 3.0284372149780756]",[],"[11.251186957301453, 25.327725532485942, 6.106698511205679, 5.39784529242856, 5.18080679868597, 7.765223628148911]"
908,0,984,True,False,,0.0,1,1,,0,1,7.079673551533233,[7.079673551533233],3.761072685097961,[3.761072685097961],12.069649389072294,0.0,[],5.707163261738195,0.0,0.0,0.0,[5.707163261738195],[],[0.0],[],[12.069649389072294]
908,0,985,True,False,,0.0,3,3,,0,3,20.13510594782047,"[6.517664185558252, 6.56576568821017, 7.0516760740520485]",10.852691319649985,"[3.5418890323677186, 3.560648618401966, 3.750153668880299]",20.6456437244881,0.0,[],11.05180105255036,0.0,0.0,0.0,"[1.975, 4.981236668740541, 4.095564383809818]",[],"[0.0, 0.0, 0.0]",[],"[2.5, 10.20829915061677, 7.937344573871329]"
908,0,986,True,True,1.0,5.99,8,8,True,4,12,61.988283777974154,"[7.9744682563340366, 5.615512864502048, 3.941841355700352, 6.519827809887194, 12.205934727711856, 2.5, 17.17567922825928, 6.055019535579382]",32.17543067340992,"[4.110042619970274, 3.190050017155799, 2.537318128723137, 3.5427328458560057, 5.760314543807624, 1.975, 7.698514899021119, 3.361457618875959]",87.15064675424392,42.319050325428734,"[5.751406292899997, 17.925568723044194, 8.660974916233018, 9.981100393251523]",41.98875223415513,20.504429626917208,33.98875223415513,16.504429626917204,"[6.655183099259476, 3.2883465085253447, 4.237399592130994, 6.330042029436295, 9.406795690832514, 1.975, 7.487176624866212, 2.6088086891042934]","[3.243048454230999, 7.990971801987236, 4.377780217330876, 4.892629153368095]","[5.655183099259476, 2.2883465085253447, 3.237399592130994, 5.330042029436295, 8.406795690832514, 0.9750000000000001, 6.487176624866212, 1.6088086891042932]","[2.243048454230999, 6.990971801987236, 3.377780217330877, 3.892629153368094]","[14.500469485280707, 5.8675551500649865, 8.301024595207677, 13.666774434452037, 21.555886386750036, 2.5, 16.63378621760567, 4.125150484882803]"
908,0,987,True,False,,0.0,1,1,,0,1,9.954778109904808,[9.954778109904808],4.882363462862875,[4.882363462862875],8.989293502093519,0.0,[],4.505824465816472,0.0,0.0,0.0,[4.505824465816472],[],[0.0],[],[8.989293502093519]
908,0,988,True,False,,0.0,4,4,,0,4,40.10198613579655,"[7.009690074612078, 5.655807019780372, 8.762104132011606, 18.674384909392497]",19.639774592960656,"[3.7337791290987106, 3.2057647377143454, 4.4172206114845265, 8.283010114663075]",38.45293706947043,0.0,[],18.996645457093464,0.0,0.0,0.0,"[9.46161946557084, 2.6645010698295755, 2.3874610280493203, 4.483063893643733]",[],"[0.0, 0.0, 0.0, 0.0]",[],"[21.696460168130358, 4.267951461101476, 3.5575923796136424, 8.930933060624955]"
908,0,989,True,False,,0.0,2,2,,0,2,25.714684000984136,"[12.939821097767407, 12.77486290321673]",12.028726760383813,"[6.0465302281292885, 5.982196532254525]",16.895995125328042,0.0,[],8.589438098877936,0.0,0.0,0.0,"[3.257110963907349, 5.332327134970588]",[],"[0.0, 0.0]",[],"[5.7874640100188435, 11.1085311153092]"
908,0,990,True,False,,0.0,3,3,,0,3,11.179322777245215,"[3.6854643110986625, 4.922282284260502, 2.571576181886049]",7.359935883125633,"[2.4373310813284785, 2.9196900908615957, 2.002914710935559]",15.135188438824114,0.0,[],8.902723491141405,0.0,0.0,0.0,"[1.975, 1.975, 4.952723491141405]",[],"[0.0, 0.0, 0.0]",[],"[2.5, 2.5, 10.135188438824114]"
908,0,991,True,False,,0.0,1,1,,0,1,10.454858527981777,[10.454858527981777],5.077394825912894,[5.077394825912894],7.023567974506618,0.0,[],3.7391915100575814,0.0,0.0,0.0,[3.7391915100575814],[],[0.0],[],[7.023567974506618]
908,0,992,True,False,,0.0,1,1,,0,1,8.18260247225612,[8.18260247225612],4.191214964179887,[4.191214964179887],11.05517805178193,0.0,[],5.311519440194953,0.0,0.0,0.0,[5.311519440194953],[],[0.0],[],[11.05517805178193]
908,0,993,True,False,,0.0,2,2,,0,2,17.636107789853668,"[7.390641853507382, 10.245465936346287]",8.878082038042932,"[3.882350322867879, 4.995731715175053]",12.144731492833417,0.0,[],6.7364452822050325,0.0,0.0,0.0,"[4.092590469341783, 2.6438548128632497]",[],"[0.0, 0.0]",[],"[7.929719152158417, 4.215012340675]"
908,0,994,True,False,,0.0,2,2,,0,2,23.915177976931364,"[16.2169175341448, 7.698260442786562]",11.326919411003232,"[7.324597838316473, 4.00232157268676]",17.680378260982668,0.0,[],8.89534752178324,0.0,0.0,0.0,"[3.865784150222025, 5.029563371561215]",[],"[0.0, 0.0]",[],"[7.348164487748782, 10.332213773233885]"
908,0,995,True,False,,0.0,3,3,,0,3,22.781905034837322,"[2.5, 5.352090323877945, 14.929814710959375]",11.884942963586555,"[1.975, 3.087315226312399, 6.822627737274156]",34.9498877955503,0.0,[],16.630456240264618,0.0,0.0,0.0,"[1.975, 4.49689604693039, 10.158560193334228]",[],"[0.0, 0.0, 0.0]",[],"[2.5, 8.966400120334333, 23.48348767521597]"
908,0,996,True,True,1.0,5.99,5,5,True,0,5,59.719799798586855,"[14.061274339775489, 5.9731189458065685, 9.432411916602403, 5.78864844487186, 24.464346151530535]",28.290721921448874,"[6.483896992512441, 3.329516388864562, 4.678640647474937, 3.257572893500025, 10.54109499909691]",57.69360953484998,0.0,[],27.500507718591493,0.0,22.500507718591493,0.0,"[3.1434129724284525, 1.975, 13.829594459506307, 5.5166715655202045, 3.03582872113653]",[],"[2.1434129724284525, 0.9750000000000001, 12.829594459506307, 4.5166715655202045, 2.03582872113653]",[],"[5.495930698534494, 2.5, 32.89639605001617, 11.581209142359498, 5.22007364393982]"
908,0,997,True,True,1.0,5.99,5,5,True,2,7,38.58882822831815,"[2.5, 8.15463910405628, 3.05755710181975, 12.18569080117716, 12.690941221264962]",20.04964300904408,"[1.975, 4.180309250581949, 2.1924472697097026, 5.752419412459092, 5.9494670762933355]",45.05606691758625,26.034756307482173,"[8.923722566270154, 17.11103374121202]",22.571866097858635,12.153554959918047,17.571866097858635,10.153554959918047,"[6.339407862831123, 1.975, 3.019156567518219, 3.649578739778289, 7.588722927731006]","[4.480251800845361, 7.673303159072687]","[5.339407862831123, 0.9750000000000001, 2.019156567518219, 2.649578739778289, 6.588722927731006]","[3.4802518008453602, 6.673303159072687]","[13.690789391874672, 2.5, 5.177324532097997, 6.793791640457151, 16.894161353156427]"
908,0,998,True,False,,0.0,3,3,,0,3,19.73921988079451,"[10.845558189317337, 2.5, 6.393661691477173]",10.69829575350986,"[5.229767693833762, 1.975, 3.493528059676098]",32.87990829306602,0.0,[],15.823164234295747,0.0,0.0,0.0,"[6.374088507935499, 4.586057280501218, 4.86301844585903]",[],"[0.0, 0.0, 0.0]",[],"[13.779714122911537, 9.19501866795184, 9.905175502202642]"
908,0,999,True,True,1.0,5.99,8,8,True,0,8,61.856669583954954,"[8.724937449713659, 10.51326655837566, 8.336699713224148, 4.7022710975494775, 3.6829899297667428, 11.461648649436247, 8.1280663301467, 6.306789855742318]",32.12410113774243,"[4.402725605388327, 5.100173957766508, 4.251312888157418, 2.8338857280442964, 2.4363660726090295, 5.470042973280137, 4.169945868757213, 3.459648043739504]",53.1927892198919,0.0,[],28.74518779575784,0.0,20.74518779575784,0.0,"[4.505565620788719, 5.857022743108755, 4.084823796342173, 3.166425161723418, 2.020933252657449, 2.0003389679804924, 4.33245067784808, 2.777627575308755]",[],"[3.5055656207887194, 4.857022743108755, 3.0848237963421723, 2.166425161723418, 1.0209332526574488, 1.0003389679804922, 3.3324506778480796, 1.7776275753087554]",[],"[8.988629796894152, 12.453904469509627, 7.90980460600557, 5.5549363121113275, 2.6177775709165356, 2.5649717127704927, 8.544745327815589, 4.558019423868603]"
908,0,1000,True,False,,0.0,2,2,,0,2,19.03648731908074,"[11.88245371672985, 7.154033602350893]",9.424230054441491,"[5.634156949524642, 3.790073104916848]",26.560281634571332,0.0,[],12.35850983748282,0.0,0.0,0.0,"[7.679678731491848, 4.678831105990971]",[],"[0.0, 0.0]",[],"[17.12738136279961, 9.43290027177172]"
908,0,1001,True,False,,0.0,1,1,,0,1,6.275732471016645,[6.275732471016645],3.447535663696492,[3.447535663696492],5.5166223913077905,0.0,[],3.1514827326100385,0.0,0.0,0.0,[3.1514827326100385],[],[0.0],[],[5.5166223913077905]
908,0,1002,True,False,,0.0,3,3,,0,3,22.636362554816444,"[7.195649909776126, 3.855955041581792, 11.584757603458527]",11.828181396378413,"[3.806303464812689, 2.503822466216899, 5.518055465348826]",38.803361161524855,0.0,[],18.133310852994693,0.0,0.0,0.0,"[7.909200487239051, 5.854444024863133, 4.369666340892509]",[],"[0.0, 0.0, 0.0]",[],"[17.715898685228336, 12.44729237144393, 8.640170104852588]"
908,0,1003,True,False,,0.0,2,2,,0,2,10.37801572176986,"[6.090272556720615, 4.287743165049244]",6.047426131490246,"[3.37520629712104, 2.6722198343692054]",19.061222424229868,0.0,[],9.433876745449648,0.0,0.0,0.0,"[4.304192279309767, 5.1296844661398815]",[],"[0.0, 0.0]",[],"[8.472287895666069, 10.588934528563797]"
908,0,1004,True,False,,0.0,4,4,,0,4,40.59888055249038,"[9.01216583615585, 9.70286155866316, 18.54650579198857, 3.3373473656827977]",19.833563415471247,"[4.514744676100781, 4.784116007878633, 8.233137258875542, 2.301565472616291]",36.70562476493099,0.0,[],18.315193658323082,0.0,0.0,0.0,"[5.031720666087829, 3.067130846002972, 3.152830214083267, 7.063511932149015]",[],"[0.0, 0.0, 0.0, 0.0]",[],"[10.337745297661101, 5.3003355025717225, 5.520077472008377, 15.547466492689782]"
908,0,1005,True,False,,0.0,2,2,,0,2,22.76805276028855,"[19.246090438518255, 3.5219623217702947]",10.879540576512534,"[8.50597527102212, 2.373565305490415]",10.923267540822135,0.0,[],6.260074340920632,0.0,0.0,0.0,"[4.285074340920632, 1.975]",[],"[0.0, 0.0]",[],"[8.423267540822135, 2.5]"
908,0,1006,True,False,,0.0,4,4,,0,4,34.89254595635035,"[4.400623081417793, 5.590365898817181, 10.352287772638705, 14.549269203476669]",17.60809292297664,"[2.7162430017529395, 3.1802427005387006, 5.037392231329095, 6.674214989355901]",46.93085350123563,0.0,[],22.303032865481896,0.0,0.0,0.0,"[4.00212097005671, 3.9658726443421823, 5.210297299293653, 9.12474195178935]",[],"[0.0, 0.0, 0.0, 0.0]",[],"[7.697746077068487, 7.604801652159441, 10.795634100752956, 20.832671671254744]"
908,0,1007,True,False,,0.0,4,4,,0,4,31.82370351284436,"[10.387437574221453, 2.5, 15.061126454983345, 3.8751394836395643]",16.4112443700093,"[5.051100653946366, 1.975, 6.873839317443505, 2.51130439861943]",44.57993339416581,0.0,[],21.386174023724667,0.0,0.0,0.0,"[6.21767782807175, 4.648769629826777, 6.335015004934796, 4.184711560891343]",[],"[0.0, 0.0, 0.0, 0.0]",[],"[13.378661097619872, 9.355819563658402, 13.679525653678963, 8.165927079208572]"
908,0,1008,True,True,1.0,5.99,5,5,True,4,9,60.09412000287788,"[9.37129431535005, 6.7778878884961, 15.793839509858442, 8.560754680079624, 19.590343609093658]",28.43670680112237,"[4.6548047829865205, 3.6433762765134787, 7.1595974088447925, 4.338694325231053, 8.640234007546526]",42.4300276637217,32.529551406205414,"[6.099131448179907, 6.9900987958954275, 15.405398671312582, 4.034922490817495]",21.547710788851465,16.686525048420112,16.547710788851465,12.686525048420112,"[4.2413108265896415, 6.0589797822907645, 7.2770251926583045, 1.975, 1.9953949873127539]","[3.3786612647901637, 3.7261385303992167, 7.008105481811907, 2.573619771418823]","[3.241310826589641, 5.0589797822907645, 6.2770251926583045, 0.9750000000000001, 0.9953949873127538]","[2.3786612647901637, 2.7261385303992167, 6.008105481811907, 1.5736197714188231]","[8.3110534015119, 12.97174303151478, 16.09493639143155, 2.5, 2.552294839263471]"
908,0,1009,True,False,,0.0,4,4,,0,4,33.93326076576742,"[8.913972321843994, 4.979514982204837, 7.180814848360075, 12.858958613358519]",17.233971698649295,"[4.476449205519158, 2.9420108430598866, 3.8005177908604293, 6.014993859209823]",35.73628169560038,0.0,[],17.937149861284148,0.0,0.0,0.0,"[6.4672855740000035, 3.3546608133340907, 4.2263973074885905, 3.888806166461464]",[],"[0.0, 0.0, 0.0, 0.0]",[],"[14.018680958974366, 6.037591829061771, 8.272813608945103, 7.407195298619138]"
908,0,1010,True,False,,0.0,4,4,,0,4,33.275006204223764,"[13.457513275965148, 5.330967369564393, 5.9203545415432295, 8.566171017150994]",16.977252419647268,"[6.248430177626408, 3.079077274130113, 3.3089382712018596, 4.340806696688888]",44.3839373470335,0.0,[],21.30973556534307,0.0,0.0,0.0,"[6.324483072782369, 4.098644038200666, 5.001703732513718, 5.884904721846313]",[],"[0.0, 0.0, 0.0, 0.0]",[],"[13.652520699441972, 7.94524112359145, 10.260778801317226, 12.525396722682855]"
908,0,1011,True,False,,0.0,2,2,,0,2,15.734849082849445,"[6.239949984407829, 9.494899098441616]",8.136591142311284,"[3.4335804939190533, 4.7030106483922305]",27.932379780988377,0.0,[],12.893628114585468,0.0,0.0,0.0,"[8.207524380457048, 4.68610373412842]",[],"[0.0, 0.0]",[],"[18.48083174476166, 9.451548036226718]"
908,0,1012,True,False,,0.0,3,3,,0,3,21.381934846876252,"[12.285627493217183, 4.636164311900851, 4.4601430417582195]",11.338954590281741,"[5.791394722354702, 2.808104081641332, 2.7394557862857054]",31.189388005931317,0.0,[],15.163861322313213,0.0,0.0,0.0,"[7.31074123753532, 4.793507214600318, 3.0596128701775758]",[],"[0.0, 0.0, 0.0]",[],"[16.1813877885521, 9.726941575898252, 5.281058641480963]"
908,0,1013,True,False,,0.0,3,3,,0,3,39.78970989889129,"[17.638026575561828, 14.228366242701126, 7.923317080628337]",18.517986860567603,"[7.878830364469113, 6.549062834653439, 4.090093661445051]",26.934751034319287,0.0,[],13.504552903384521,0.0,0.0,0.0,"[5.058437949531527, 4.239886620967663, 4.206228332885331]",[],"[0.0, 0.0, 0.0]",[],"[10.406251152644941, 8.307401592224776, 8.221098289449568]"
908,0,1014,True,False,,0.0,2,2,,0,2,21.298425343604663,"[9.858069988561246, 11.440355355043415]",10.306385884005818,"[4.844647295538886, 5.4617385884669325]",20.345765445051963,0.0,[],9.934848523570267,0.0,0.0,0.0,"[3.3224981537487457, 6.61235036982152]",[],"[0.0, 0.0]",[],"[5.95512347115063, 14.390641973901333]"
908,0,1015,True,False,,0.0,2,2,,0,2,29.490663757205674,"[5.655898176503517, 23.834765580702157]",13.501358865310213,"[3.2058002888363717, 10.29555857647384]",29.12275027631373,0.0,[],13.357872607762355,0.0,0.0,0.0,"[4.59448060152304, 8.763392006239314]",[],"[0.0, 0.0]",[],"[9.216616926982153, 19.906133349331576]"
908,0,1016,True,False,,0.0,3,3,,0,3,20.396577993041827,"[12.639335429592151, 2.935118140354836, 4.822124423094841]",10.95466541728631,"[5.929340817540939, 2.144696074738386, 2.880628525006988]",10.483470416200706,0.0,[],7.088553462318276,0.0,0.0,0.0,"[2.4054139325028103, 2.65561936607578, 2.027520163739686]",[],"[0.0, 0.0, 0.0]",[],"[3.603625467955923, 4.245177861732769, 2.634667086512015]"
908,0,1017,True,False,,0.0,1,1,,0,1,15.77731760163045,[15.77731760163045],7.153153864635875,[7.153153864635875],3.2614759845446346,0.0,[],2.2719756339724073,0.0,0.0,0.0,[2.2719756339724073],[],[0.0],[],[3.2614759845446346]
908,0,1018,True,False,,0.0,2,2,,0,2,28.62816387097302,"[9.10541795529606, 19.522745915676957]",13.164983909679476,"[4.551113002565463, 8.613870907114013]",28.712390117657606,0.0,[],13.197832145886467,0.0,0.0,0.0,"[4.713500230940815, 8.484331914945653]",[],"[0.0, 0.0]",[],"[9.521795463950806, 19.1905946537068]"
908,0,1019,True,False,,0.0,2,2,,0,2,13.274319860353511,"[3.386261355160313, 9.888058505193198]",7.17698474553787,"[2.320641928512522, 4.8563428170253475]",22.43083165679711,0.0,[],10.748024346150874,0.0,0.0,0.0,"[7.767655392510091, 2.9803689536407827]",[],"[0.0, 0.0]",[],"[17.352962544897668, 5.077869111899443]"
908,0,1020,True,False,,0.0,3,3,,0,3,35.2946700358833,"[10.044064547601495, 19.59947345023058, 5.65113203805122]",16.764921313994485,"[4.917185173564583, 8.643794645589926, 3.203941494839976]",28.96872074156213,0.0,[],14.297801089209232,0.0,0.0,0.0,"[10.287347678479831, 2.0354534107294002, 1.975]",[],"[0.0, 0.0, 0.0]",[],"[23.81371199610213, 2.655008745460001, 2.5]"
908,0,1021,True,True,1.0,5.99,8,8,True,1,9,70.9147415609432,"[13.40530319698452, 2.820261068026254, 15.812316439458304, 6.526215916229257, 8.365817487214693, 14.121656421984696, 2.9311424434690956, 6.932028587576376]",35.65674920876785,"[6.2280682468239625, 2.099901816530239, 7.166803411388739, 3.5452242073294102, 4.26266882001373, 6.507446004574032, 2.143145552952947, 3.703491149154787]",39.680062495207984,8.137800796422637,[8.137800796422637],23.475224373131116,4.173742310604828,15.475224373131116,3.1737423106048284,"[2.0659725627276586, 2.329416218363037, 4.934947418897093, 3.305448095846892, 2.6894505456133304, 2.7843575232894655, 3.3906320083936374, 1.975]",[4.173742310604828],"[1.0659725627276584, 1.3294162183630371, 3.934947418897093, 2.305448095846892, 1.6894505456133306, 1.7843575232894655, 2.3906320083936374, 0.9750000000000001]",[3.1737423106048284],"[2.7332629813529703, 3.4087595342641976, 10.089608766402803, 5.91140537396639, 4.331924475931617, 4.575275700742219, 6.1298256625477885, 2.5]"
908,0,1022,True,False,,0.0,2,2,,0,2,11.044145589761497,"[6.6230465913194285, 4.421098998442068]",6.307216780006984,"[3.5829881706145774, 2.724228609392407]",9.530110784112928,0.0,[],5.7167432058040415,0.0,0.0,0.0,"[3.461835648375209, 2.254907557428833]",[],"[0.0, 0.0]",[],"[6.312399098397971, 3.2177116857149572]"
908,0,1023,True,False,,0.0,4,4,,0,4,32.98828159324493,"[14.362900528915254, 6.256893915212457, 5.914770850883509, 6.453716298233704]",16.86542982136552,"[6.60153120627695, 3.440188626932858, 3.306760631844569, 3.516949356311145]",38.357262224707114,0.0,[],18.959332267635773,0.0,0.0,0.0,"[3.5986251465062167, 2.595067699438397, 9.350149219369326, 3.415490202321832]",[],"[0.0, 0.0, 0.0, 0.0]",[],"[6.663141401297992, 4.089917178047172, 21.410639024023915, 6.19356462133803]"
908,0,1024,True,True,1.0,5.99,7,7,True,0,7,74.57568498569469,"[4.51274690995688, 7.411004366245166, 10.214236154297488, 7.747704345183198, 15.327304468581566, 6.521699072692735, 22.84098966873765]",36.08451714442093,"[2.7599712948831834, 3.890291702835615, 4.98355210017602, 4.021604694621447, 6.977648742746811, 3.543462638350167, 9.907985970807683]",54.32556457408749,0.0,[],28.18697018389412,0.0,21.18697018389412,0.0,"[2.32779134356522, 1.975, 5.090132512712255, 3.826566271335309, 9.441834519885889, 2.457833197815362, 3.067812338580085]",[],"[1.32779134356522, 0.9750000000000001, 4.090132512712255, 2.826566271335309, 8.441834519885889, 1.4578331978153618, 2.067812338580085]",[],"[3.4045931886287693, 2.5, 10.487519263364756, 7.24760582393669, 21.645729538168947, 3.7380338405522098, 5.302082919436115]"
908,0,1025,True,False,,0.0,1,1,,0,1,7.6472243525349315,[7.6472243525349315],3.9824174974886235,[3.9824174974886235],10.08314015345607,0.0,[],4.932424659847867,0.0,0.0,0.0,[4.932424659847867],[],[0.0],[],[10.08314015345607]
908,0,1026,True,True,1.0,5.99,6,6,True,1,7,54.13108693343172,"[7.977547259327709, 7.428323757412193, 7.112005806514515, 6.476965282039709, 10.242847290730978, 14.893397537406612]",27.111123904038372,"[4.111243431137806, 3.8970462653907556, 3.773682264540661, 3.5260164599954864, 4.994710443385081, 6.808425039588579]",47.32717888357631,5.357930325870114,[5.357930325870114],24.45759976459476,3.0895928270893442,18.45759976459476,2.0895928270893442,"[2.626496807305055, 5.235898986145193, 2.624227809469446, 3.0797190506859407, 7.2543667758211425, 3.6368903351679838]",[3.0895928270893442],"[1.6264968073050554, 4.235898986145193, 1.624227809469446, 2.0797190506859407, 6.2543667758211425, 2.6368903351679838]",[2.0895928270893442],"[4.1705046341155265, 10.86127945165434, 4.164686690947297, 5.33261295047677, 16.03683788672088, 6.761257269661496]"
908,0,1027,True,False,,0.0,2,2,,0,2,17.699058860379807,"[5.327619268907106, 12.3714395914727]",8.902632955548125,"[3.0777715148737714, 5.824861440674353]",10.101783499251525,0.0,[],5.939695564708094,0.0,0.0,0.0,"[2.7247859441634628, 3.2149096205446317]",[],"[0.0, 0.0]",[],"[4.422528061957597, 5.679255437293927]"
908,0,1028,True,False,,0.0,1,1,,0,1,4.787439076674713,[4.787439076674713],2.867101239903138,[2.867101239903138],10.058058282770359,0.0,[],4.92264273028044,0.0,0.0,0.0,[4.92264273028044],[],[0.0],[],[10.058058282770359]
908,0,1029,True,False,,0.0,2,2,,0,2,13.323142593735037,"[4.227583193468876, 9.095559400266161]",7.196025611556665,"[2.6487574454528615, 4.5472681661038035]",15.183226537558202,0.0,[],7.921458349647699,0.0,0.0,0.0,"[3.859547769201932, 4.061910580445767]",[],"[0.0, 0.0]",[],"[7.3321737671844405, 7.851052770373761]"
908,0,1030,True,False,,0.0,2,2,,0,2,15.603664621452992,"[7.773619300080864, 7.830045321372129]",8.085429202366669,"[4.031711527031537, 4.053717675335131]",11.450660031705358,0.0,[],6.465757412365089,0.0,0.0,0.0,"[2.481574626318954, 3.9841827860461345]",[],"[0.0, 0.0]",[],"[3.7989092982537294, 7.651750733451627]"
908,0,1031,True,False,,0.0,3,3,,0,3,18.63005736888345,"[2.772511174715473, 12.099442465040376, 3.758103729127602]",10.265722373864545,"[2.0812793581390343, 5.718782561365747, 2.4656604543597647]",53.125705643455575,0.0,[],23.719025200947677,0.0,0.0,0.0,"[5.725005529483957, 8.464881907093224, 9.529137764370496]",[],"[0.0, 0.0, 0.0]",[],"[12.115398793548607, 19.140722838700572, 21.8695840112064]"
908,0,1032,True,False,,0.0,3,3,,0,3,41.682099987465456,"[5.605492213864952, 16.8285151882269, 19.248092585373605]",19.25601899511153,"[3.1861419634073314, 7.563120923408491, 8.506756108295706]",41.606953022383145,0.0,[],19.226711678729426,0.0,0.0,0.0,"[10.479317106697728, 5.276605751973036, 3.470788820058663]",[],"[0.0, 0.0, 0.0]",[],"[24.30594129922494, 10.965655774289836, 6.335355948868366]"
908,0,1033,True,False,,0.0,4,4,,0,4,31.509941630816158,"[16.439700332057445, 6.806499284384508, 5.431362604497413, 2.832379409876793]",16.2888772360183,"[7.411483129502404, 3.654534720909958, 3.118231415753991, 2.104627969851949]",45.87195324094005,0.0,[],21.890061763966617,0.0,0.0,0.0,"[7.83175621916094, 2.720922197338872, 6.420115644033812, 4.917267703432995]",[],"[0.0, 0.0, 0.0, 0.0]",[],"[17.517323638874203, 4.41262101881762, 13.897732420599517, 10.044276162648705]"
908,0,1034,True,False,,0.0,3,3,,0,3,31.37295887164349,"[11.767221198790446, 17.105737672853042, 2.5]",15.23545395994096,"[5.589216267528275, 7.671237692412687, 1.975]",41.03582408198474,0.0,[],19.00397139197405,0.0,0.0,0.0,"[10.928488306407168, 3.794197912052818, 4.281285173514066]",[],"[0.0, 0.0, 0.0]",[],"[25.457662324120943, 7.164610030904662, 8.413551726959142]"
908,0,1035,True,False,,0.0,2,2,,0,2,20.215629779390788,"[8.468611239867384, 11.747018539523404]",9.884095613962408,"[4.30275838354828, 5.581337230414128]",27.318154922910594,0.0,[],12.654080419935132,0.0,0.0,0.0,"[8.72481510085331, 3.929265319081823]",[],"[0.0, 0.0]",[],"[19.807218207316176, 7.5109367155944184]"
908,0,1036,True,False,,0.0,2,2,,0,2,16.430647967240485,"[6.894212987029872, 9.536434980210613]",8.407952707223789,"[3.68874306494165, 4.71920964228214]",8.288363626374462,0.0,[],5.23246181428604,0.0,0.0,0.0,"[3.159392080149289, 2.0730697341367517]",[],"[0.0, 0.0]",[],"[5.536902769613562, 2.751460856760901]"
908,0,1037,True,False,,0.0,4,4,,0,4,35.89870554047964,"[7.3379467067582045, 11.86164043023522, 2.5, 14.199118403486217]",18.00049516078706,"[3.8617992156357, 5.6260397677917355, 1.975, 6.537656177359625]",45.39231455534434,0.0,[],21.703002676584294,0.0,0.0,0.0,"[3.2610276407744805, 7.090764220518447, 6.531211414259744, 4.819999401031622]",[],"[0.0, 0.0, 0.0, 0.0]",[],"[5.797506771216616, 15.617344155175505, 14.182593369896779, 9.794870259055442]"
908,0,1038,True,False,,0.0,4,4,,0,4,41.98264649125631,"[12.6765731107044, 10.043912399488576, 9.666742645520058, 9.595418335543277]",20.373232131589962,"[5.943863513174716, 4.917125835800545, 4.770029631752823, 4.742213150861878]",33.24989068174074,0.0,[],16.967457365878886,0.0,0.0,0.0,"[6.212709471315162, 5.919619837839129, 2.860128056724596, 1.975]",[],"[0.0, 0.0, 0.0, 0.0]",[],"[13.365921721320928, 12.614409840613149, 4.769559119806656, 2.5]"
908,0,1039,True,True,1.0,5.99,5,5,True,2,7,45.89130972500625,"[5.545254604445891, 9.260063381217838, 8.39988683839619, 7.641724095792426, 15.044380805153907]",22.89761079275244,"[3.1626492957338974, 4.611424718674957, 4.275955866974514, 3.9802723973590464, 6.867308514010023]",63.76664141958133,8.26842021790093,"[4.839509432137809, 3.4289107857631214]",29.868990153636723,5.224683884981363,24.868990153636723,3.2246838849813626,"[5.724945007269409, 3.97298826475017, 3.0692697667398643, 1.9777952911337777, 15.123991823743502]","[2.8874086785337454, 2.337275206447617]","[4.724945007269409, 2.97298826475017, 2.0692697667398643, 0.9777952911337777, 14.123991823743502]","[1.8874086785337454, 1.3372752064476174]","[12.1152436083831, 7.623046832692744, 5.305819914717601, 2.5071674131635326, 36.21536365062436]"
908,0,1040,True,False,,0.0,3,3,,0,3,30.042345950375367,"[7.573893833966614, 10.461903551115254, 12.0065485652935]",14.716514920646393,"[3.9538185952469798, 5.080142384934949, 5.682553940464465]",24.291112355067618,0.0,[],12.47353381847637,0.0,0.0,0.0,"[8.523533818476372, 1.975, 1.975]",[],"[0.0, 0.0, 0.0]",[],"[19.291112355067618, 2.5, 2.5]"
908,0,1041,True,False,,0.0,3,3,,0,3,15.677793394883496,"[5.350689403304895, 6.495319452604651, 3.831784538973951]",9.114339424004564,"[3.0867688672889093, 3.533174586515814, 2.4943959701998413]",22.835118523101777,0.0,[],11.905696224009693,0.0,0.0,0.0,"[4.648483060003731, 4.933442365968011, 2.3237707980379523]",[],"[0.0, 0.0, 0.0]",[],"[9.355084769240333, 10.085749656328233, 3.3942840975332107]"
908,0,1042,True,False,,0.0,2,2,,0,2,16.00302305767736,"[11.217749276950038, 4.785273780727324]",8.241178992494172,"[5.374922218010515, 2.8662567744836562]",23.69990410897219,0.0,[],11.242962602499155,0.0,0.0,0.0,"[8.745772788657137, 2.4971898138420183]",[],"[0.0, 0.0]",[],"[19.86095586835163, 3.838948240620559]"
908,0,1043,True,False,,0.0,3,3,,0,3,23.227157311705643,"[9.102626798737504, 8.597669087743212, 5.526861425224926]",12.0585913515652,"[4.5500244515076265, 4.353090944219852, 3.155475955837721]",37.32971697746427,0.0,[],17.558589621211063,0.0,0.0,0.0,"[3.034340813462548, 6.109508414095609, 8.414740393652908]",[],"[0.0, 0.0, 0.0]",[],"[5.216258496057814, 13.101303625886178, 19.012154855520276]"
908,0,1044,True,True,1.0,5.99,7,7,True,2,9,44.6405486472472,"[3.8919665910722454, 3.3129848149645045, 7.561541087048347, 8.458704034878949, 8.228882448601196, 10.094862903602149, 3.0916067670798135]",24.40981397242641,"[2.5178669705181758, 2.292064077836157, 3.9490010239488553, 4.29889457360279, 4.209264154954466, 4.936996532404838, 2.205726639161127]",46.101032132351236,12.597587151843431,"[3.6818096611921005, 8.91577749065133]",24.97940253161698,6.913058989218938,17.979402531616984,4.913058989218937,"[3.3675012469683523, 2.853102127589646, 2.801146209674671, 7.076163269625068, 3.290555855472822, 1.975, 3.6159338222864235]","[2.435905767864919, 4.477153221354019]","[2.3675012469683523, 1.8531021275896464, 1.801146209674671, 6.076163269625068, 2.290555855472822, 0.9750000000000001, 2.6159338222864235]","[1.4359057678649192, 3.4771532213540186]","[6.07051601786757, 4.751543916896529, 4.618323614550438, 15.579905819551456, 5.873220142238004, 2.5, 6.707522621247239]"
908,0,1045,True,False,,0.0,2,2,,0,2,8.717447905386416,"[5.486753239442491, 3.2306946659439255]",5.399804683100703,"[3.1398337633825717, 2.259970919718131]",15.62389217058095,0.0,[],8.09331794652657,0.0,0.0,0.0,"[3.243020072879906, 4.850297873646664]",[],"[0.0, 0.0]",[],"[5.751333520204888, 9.872558650376062]"
908,0,1046,True,False,,0.0,3,3,,0,3,68.73330913585565,"[27.54326088733672, 37.25469538866976, 3.9353528598491554]",29.8059905629837,"[11.741871746061321, 15.529331201581206, 2.5347876153411706]",23.230021451054142,0.0,[],12.059708365911115,0.0,0.0,0.0,"[1.975, 6.226654800200199, 3.8580535657109167]",[],"[0.0, 0.0, 0.0]",[],"[2.5, 13.401678974872306, 7.328342476181837]"
908,0,1047,True,False,,0.0,3,3,,0,3,14.275718897427307,"[4.976019520003134, 4.56575282709306, 4.7339465503311144]",8.56753036999665,"[2.9406476128012224, 2.7806436025662933, 2.846239154629135]",26.890393293550712,0.0,[],13.487253384484777,0.0,0.0,0.0,"[4.080603946109367, 6.208391255148087, 3.198258183227323]",[],"[0.0, 0.0, 0.0]",[],"[7.898984477203506, 13.354849372174582, 5.636559444172623]"
908,0,1048,True,True,1.0,5.99,9,1,,5,14,4.986698571837245,[4.986698571837245],2.9448124430165254,[2.9448124430165254],4.9591785265279595,43.881661547728,"[7.006657851330095, 5.767589286817311, 6.6593364392120655, 18.92498219840609, 5.523095771962442]",2.9340796253459045,22.11384800361392,1.9340796253459043,17.11384800361392,[2.9340796253459045],"[3.7325965620187374, 3.2493598218587514, 3.5971412112927057, 8.380743057378375, 3.1540073510653523]",[1.9340796253459043],"[2.7325965620187374, 2.2493598218587514, 2.5971412112927057, 7.380743057378376, 2.1540073510653523]",[4.9591785265279595]
908,0,1049,True,False,,0.0,3,3,,0,3,48.81518375474821,"[15.158175156949572, 16.606202167449933, 17.050806430348707]",22.037921664351806,"[6.911688311210333, 7.476418845305474, 7.6498145078359965]",27.11130914760005,0.0,[],13.57341056756402,0.0,0.0,0.0,"[2.499579189803403, 4.747115227313181, 6.326716150447436]",[],"[0.0, 0.0, 0.0]",[],"[3.845074845649751, 9.607987762341489, 13.65824653960881]"
908,0,1050,True,True,1.0,5.99,5,5,True,0,5,58.78393832215397,"[12.063046944228489, 11.633694581116252, 9.185754013502104, 13.733691949626085, 12.16775083368104]",27.92573594564005,"[5.704588308249111, 5.537140886635338, 4.58244406526582, 6.356139860354173, 5.745422825135606]",45.11540894761589,0.0,[],22.5950094895702,0.0,17.5950094895702,0.0,"[3.69692166338207, 3.8596664610320763, 4.996089774113615, 2.1839855928315464, 7.85834599821089]",[],"[2.69692166338207, 2.8596664610320763, 3.9960897741136154, 1.1839855928315466, 6.85834599821089]",[],"[6.915183752261718, 7.332478105210452, 10.246384036188758, 3.035860494439863, 17.585502559515103]"
908,0,1051,True,False,,0.0,3,3,,0,3,22.38478468845245,"[2.6496440546795488, 14.953416976924704, 4.781723656848196]",11.730066028496454,"[2.033361181325024, 6.831832621000634, 2.8648722261707964]",18.12291646644742,0.0,[],10.067937421914493,0.0,0.0,0.0,"[4.499810861072738, 3.4576996337321195, 2.1104269271096365]",[],"[0.0, 0.0, 0.0]",[],"[8.973874002750609, 6.3017939326464605, 2.847248531050351]"
908,0,1052,True,False,,0.0,3,3,,0,3,21.9532311189606,"[10.95456052161543, 3.568895580763635, 7.429775016581534]",11.561760136394634,"[5.272278603430018, 2.3918692764978173, 3.897612256466798]",25.052477009420183,0.0,[],12.770466033673873,0.0,0.0,0.0,"[2.9592859271294065, 3.9108618795743006, 5.900318226970165]",[],"[0.0, 0.0, 0.0]",[],"[5.023810069562581, 7.463748409164873, 12.56491853069273]"
908,0,1053,True,True,1.0,5.99,6,6,True,1,7,61.15756159143211,"[4.4811593699863, 9.84733533365211, 25.02788734763133, 4.188273328428122, 4.5680556403297805, 13.044850571404465]",29.85144902065852,"[2.747652154294657, 4.840460780124323, 10.76087606557622, 2.6334265980869676, 2.7815416997286144, 6.087491722847742]",37.05694809347393,5.12722229811975,[5.12722229811975],20.452209756454828,2.9996166962667026,14.452209756454831,1.9996166962667026,"[1.975, 2.287209279883635, 2.1204612666979568, 5.22124005830946, 5.893755771726729, 2.954543379837049]",[2.9996166962667026],"[0.9750000000000001, 1.2872092798836354, 1.1204612666979565, 4.22124005830946, 4.893755771726729, 1.954543379837049]",[1.9996166962667026],"[2.5, 3.3005366150862443, 2.8729776069178374, 10.823692457203745, 12.54809172237623, 5.011649691889869]"
908,0,1054,True,True,1.0,5.99,5,5,True,1,6,53.88916167730531,"[7.857722045102729, 2.5, 4.621303898281478, 20.009609701898686, 18.90052603202241]",26.01677305414907,"[4.064511597590064, 1.975, 2.8023085203297766, 8.803747783740487, 8.37120515248874]",44.28997054012483,14.037915738149934,[14.037915738149934],22.27308851064868,6.474787137878474,17.273088510648684,5.474787137878474,"[2.0183468027880975, 5.192672073152693, 7.7615176209884424, 3.079441052974795, 4.221110960744654]",[6.474787137878474],"[1.0183468027880973, 4.192672073152693, 6.7615176209884424, 2.079441052974795, 3.221110960744654]",[5.474787137878474],"[2.6111456481746083, 10.750441213212033, 17.337224669201134, 5.331900135832807, 8.25925887370424]"
908,0,1055,True,False,,0.0,1,1,,0,1,13.65478105952006,[13.65478105952006],6.325364613212823,[6.325364613212823],35.816437510492605,0.0,[],14.968410629092116,0.0,0.0,0.0,[14.968410629092116],[],[0.0],[],[35.816437510492605]
908,0,1056,True,True,1.0,5.99,6,6,True,1,7,52.669228954260916,"[16.091682673029307, 5.363460169919266, 5.264115315343971, 7.20586546390901, 7.539677116206938, 11.204428215852428]",26.540999292161757,"[7.27575624248143, 3.0917494662685137, 3.053004972984149, 3.810287530924514, 3.9404740753207057, 5.3697270041824465]",68.35546983941241,6.039890536543375,[6.039890536543375],32.658633237370836,3.355557309251916,26.658633237370836,2.355557309251916,"[4.405150078326756, 4.9214661193244265, 7.522243609203462, 2.4135012574111494, 5.475220265439736, 7.921051907665308]",[3.355557309251916],"[3.405150078326755, 3.921466119324427, 6.522243609203462, 1.4135012574111492, 4.475220265439736, 6.921051907665308]",[2.355557309251916],"[8.73115404699168, 10.055041331601094, 16.72370156206016, 3.624362198490126, 11.474923757537784, 17.746286942731558]"
908,0,1057,True,True,1.0,5.99,7,7,True,2,9,67.66626833229611,"[7.82174356059947, 11.287405782855908, 13.543054483313334, 7.697281176224999, 7.370307654435412, 17.44647567486698, 2.5]",33.38984464959548,"[4.050479988633793, 5.402088255313804, 6.2817912484922, 4.00193965872775, 3.8744199852298107, 7.804125513198123, 1.975]",66.85610494859739,21.12050880228731,"[12.313952072585096, 8.806556729702216]",33.073880929952985,10.236998432892053,26.07388092995298,8.236998432892053,"[5.217799797613559, 6.361670562379871, 7.174429920160906, 2.777532775360191, 4.2447684537689545, 3.919657944418043, 3.3780214762514587]","[5.802441308308188, 4.434557124583865]","[4.217799797613559, 5.361670562379871, 6.174429920160906, 1.7775327753601913, 3.2447684537689545, 2.919657944418043, 2.3780214762514587]","[4.802441308308188, 3.4345571245838644]","[10.814871275932202, 13.747873236871463, 15.831871590156169, 4.5577763470774135, 8.319919112228089, 7.486302421584725, 6.09749096474733]"
908,0,1058,True,False,,0.0,2,2,,0,2,28.847010793054316,"[17.219389905028827, 11.627620888025492]",13.250334209291186,"[7.715562062961243, 5.534772146329942]",29.111696290243952,0.0,[],13.353561553195142,0.0,0.0,0.0,"[8.127102803843856, 5.226458749351285]",[],"[0.0, 0.0]",[],"[18.274622573958606, 10.837073716285346]"
908,0,1059,True,False,,0.0,4,4,,0,4,31.824885611871153,"[7.343428665402792, 9.317474389160369, 7.558657125262219, 7.605325432045774]",16.41170538862975,"[3.8639371795070887, 4.633815011772544, 3.947876278852265, 3.966076918497852]",34.37472949962905,0.0,[],17.406144504855327,0.0,0.0,0.0,"[4.25234618505116, 3.4175913887312275, 6.596117834804671, 3.140089096268269]",[],"[0.0, 0.0, 0.0, 0.0]",[],"[8.339349192438872, 6.198952278798019, 14.349020089242746, 5.487407939149408]"
908,0,1060,True,False,,0.0,1,1,,0,1,2.5,[2.5],1.975,[1.975],12.929772413953863,0.0,[],6.042611241442007,0.0,0.0,0.0,[6.042611241442007],[],[0.0],[],[12.929772413953863]
908,0,1061,True,False,,0.0,3,3,,0,3,34.62001101600361,"[4.211343344995082, 22.0896516558817, 8.319016015126826]",16.501804296241406,"[2.6424239045480817, 9.614964145793863, 4.244416245899462]",23.04770959392082,0.0,[],11.98860674162912,0.0,0.0,0.0,"[4.101153164015951, 4.479834903545088, 3.407618674068081]",[],"[0.0, 0.0, 0.0]",[],"[7.95167477952808, 8.922653598833557, 6.173381215559182]"
908,0,1062,True,True,1.0,5.99,6,6,True,1,7,63.33007792179301,"[30.473529538726464, 2.5, 7.245200029775079, 7.085440956738373, 3.6153383480497236, 12.41056904850337]",30.698730389499275,"[12.884676520103321, 1.975, 3.825628011612281, 3.7633219731279657, 2.4099819557393922, 5.840121928916314]",55.74823662599478,13.906450092873099,[13.906450092873099],27.74181228413797,6.423515536220509,21.741812284137964,5.423515536220509,"[7.8091952764956005, 2.7788902596093754, 5.174593438978216, 5.189382573920264, 3.936895717297484, 2.852855017837027]",[6.423515536220509],"[6.8091952764956005, 1.7788902596093752, 4.174593438978216, 4.189382573920264, 2.936895717297484, 1.8528550178370269]",[5.423515536220509],"[17.459475067937436, 4.561257075921475, 10.704085740969784, 10.742006599795548, 7.530501839224318, 4.750910302146223]"
908,0,1063,True,False,,0.0,4,4,,0,4,41.971550119820265,"[6.7661593130919115, 10.326288498058457, 12.560137810972378, 12.318964497697515]",20.3689045467299,"[3.6388021321058455, 5.027252514242798, 5.898453746279228, 5.804396154102031]",32.98052742710199,0.0,[],16.862405696569773,0.0,0.0,0.0,"[5.153175115675599, 4.730733531416956, 1.975, 5.003497049477221]",[],"[0.0, 0.0, 0.0, 0.0]",[],"[10.649166963270767, 9.56598341388963, 2.5, 10.265377049941591]"
908,0,1064,True,False,,0.0,2,2,,0,2,24.558296298184555,"[13.817322428366413, 10.740973869818141]",11.577735556291977,"[6.388755747062901, 5.1889798092290755]",27.235472497846423,0.0,[],12.621834274160108,0.0,0.0,0.0,"[5.60375722873818, 7.018077045421927]",[],"[0.0, 0.0]",[],"[11.804505714713281, 15.430966783133144]"
908,0,1065,True,False,,0.0,1,1,,0,1,14.883474075844692,[14.883474075844692],6.80455488957943,[6.80455488957943],12.812640700232425,0.0,[],5.996929873090646,0.0,0.0,0.0,[5.996929873090646],[],[0.0],[],[12.812640700232425]
908,0,1066,True,True,1.0,5.99,6,6,True,1,7,57.06946864299948,"[17.76624268229844, 6.379942395383894, 14.332749232829537, 8.59896274696536, 2.5, 7.491571585522249]",28.257092770769795,"[7.928834646096392, 3.488177534199719, 6.5897722008035196, 4.35359547131649, 1.975, 3.921712918353677]",45.57324840370663,15.811059180243113,[15.811059180243113],23.77356687744558,7.166313080294814,17.77356687744558,6.166313080294814,"[5.165977542037667, 4.112898366173628, 3.8978338415944696, 3.7596808254197818, 4.634663666939435, 2.202512635280602]",[7.166313080294814],"[4.165977542037667, 3.1128983661736283, 2.8978338415944696, 2.7596808254197818, 3.6346636669394345, 1.2025126352806021]",[6.166313080294814],"[10.681993697532478, 7.981790682496483, 7.4303431835755624, 7.076104680563543, 9.319650428049831, 3.0833657314887235]"
908,0,1067,True,False,,0.0,4,4,,0,4,54.47846894652,"[13.172635273818555, 8.260913812843794, 16.230423859263563, 16.81449600059409]",25.246602889142803,"[6.137327756789237, 4.22175638700908, 7.32986530511279, 7.557653440231696]",33.61162004524303,0.0,[],17.10853181764478,0.0,0.0,0.0,"[7.452081226987112, 1.975, 1.989653565733749, 5.691797024923919]",[],"[0.0, 0.0, 0.0, 0.0]",[],"[16.543798017915673, 2.5, 2.5375732454711515, 12.030248781856201]"
908,0,1068,True,True,1.0,5.99,5,5,True,0,5,33.201190969579685,"[6.91315723565656, 6.479328215347763, 6.096437049731018, 4.603032178814842, 9.1092362900295]",17.948464478136078,"[3.6961313219060585, 3.5269380039856277, 3.3776104493950974, 2.7951825497377882, 4.552602153111505]",50.04519471689869,0.0,[],24.517625939590495,0.0,19.51762593959049,0.0,"[7.06286328360167, 4.410700049143056, 1.975, 6.110538351510085, 4.95852425533568]",[],"[6.06286328360167, 3.410700049143056, 0.9750000000000001, 5.110538351510085, 3.95852425533568]",[],"[15.545803291286333, 8.745384741392451, 2.5, 13.1039444910515, 10.15006219316841]"
908,0,1069,True,False,,0.0,3,3,,0,3,24.658196477250975,"[10.87304059290138, 6.299306643937823, 7.485849240411774]",12.616696626127881,"[5.240485831231538, 3.4567295911357507, 3.919481203760592]",26.06363774553494,0.0,[],13.164818720758626,0.0,0.0,0.0,"[4.69876307794121, 3.8516174199650433, 4.614438222852373]",[],"[0.0, 0.0, 0.0]",[],"[9.484007892156951, 7.311839538371905, 9.267790315006085]"
908,0,1070,True,True,1.0,5.99,5,4,,3,8,35.87796650077368,"[10.934772994474793, 11.388455889119447, 6.369347461791421, 7.185390155388017]",17.992406935301734,"[5.264561467845169, 5.441497796756584, 3.4840455100986545, 3.8023021606013265]",34.47785476482604,27.421547244703945,"[8.484396432337313, 7.036595051711667, 11.900555760654962]",17.446363358282156,13.694403425434537,13.446363358282156,10.694403425434537,"[7.308380365082584, 3.062782143974866, 4.4204524385169, 2.6547484107078043]","[4.308914608611552, 3.7442720701675505, 5.641216746655435]","[6.308380365082584, 2.062782143974866, 3.4204524385169006, 1.6547484107078045]","[3.308914608611552, 2.7442720701675505, 4.641216746655435]","[16.175334269442523, 5.289184984550938, 8.770390867992052, 4.242944642840524]"
908,0,1071,True,False,,0.0,3,3,,0,3,27.743831647723898,"[10.492262917330606, 9.957912315140632, 7.293656415252659]",13.820094342612322,"[5.091982537758937, 4.883585802904847, 3.844526001948537]",16.967805288418614,0.0,[],9.617444062483258,0.0,0.0,0.0,"[3.682513613691849, 2.5973850558170968, 3.3375453929743135]",[],"[0.0, 0.0, 0.0]",[],"[6.878240035107305, 4.095859117479735, 5.993706135831573]"
908,0,1072,True,True,1.0,5.99,6,6,True,2,8,49.325278369045975,"[5.129710028349306, 5.732812510918404, 14.87537657675228, 5.718465916197376, 6.1513182785635, 11.717595058265111]",25.23685856392793,"[3.0005869110562293, 3.2357968792581775, 6.801396864933389, 3.2302017073169766, 3.3990141286397653, 5.569862072723393]",73.56417941338994,16.47126681254796,"[6.114921656671122, 10.35634515587684]",34.69002997122207,8.423794056893705,28.690029971222074,6.423794056893705,"[8.676651545108154, 1.975, 9.951167053050613, 6.790158360067065, 2.7785796908364366, 4.518473322159801]","[3.3848194461017376, 5.038974610791968]","[7.676651545108155, 0.9750000000000001, 8.951167053050613, 5.790158360067065, 1.7785796908364366, 3.5184733221598017]","[2.3848194461017376, 4.038974610791968]","[19.68372191053373, 2.5, 22.951710392437466, 14.84655989760786, 4.560460745734453, 9.021726467076414]"
908,0,1073,True,True,1.0,5.99,5,5,True,2,7,37.54469492554446,"[11.561589481745354, 3.93070437799272, 14.73286498636005, 2.5, 4.819536079446337]",19.642431020962338,"[5.509019897880688, 2.5329747074171607, 6.74581734468042, 1.975, 2.8796190709840714]",60.315643599140024,12.489670856722382,"[5.947965052238172, 6.54170580448421]",28.52310100366461,6.870971634121729,23.52310100366461,4.870971634121729,"[8.259700175293908, 2.7451467827053726, 7.0158786908690605, 8.049820367078578, 2.4525549877176895]","[3.319706370372887, 3.551265263748842]","[7.259700175293909, 1.7451467827053726, 6.0158786908690605, 7.049820367078579, 1.4525549877176895]","[2.319706370372887, 2.551265263748842]","[18.614615834086944, 4.474735340270186, 15.425329976587333, 18.07646247968866, 3.7244999685068962]"
908,0,1074,True,False,,0.0,2,2,,0,2,25.475611845356404,"[11.969971847630973, 13.505639997725433]",11.935488619688998,"[5.668289020576079, 6.267199599112919]",32.05401013665538,0.0,[],14.5010639532956,0.0,0.0,0.0,"[5.463888550622546, 9.037175402673054]",[],"[0.0, 0.0]",[],"[11.445868078519348, 20.608142058136032]"
908,0,1075,True,False,,0.0,4,4,,0,4,27.434050103014833,"[5.4316498786692335, 9.655753735581245, 2.5, 9.846646488764359]",14.699279540175786,"[3.118343452681001, 4.765743956876685, 1.975, 4.8401921306180995]",46.412530094476736,0.0,[],22.10088673684593,0.0,0.0,0.0,"[8.989292907725954, 2.7428504270981495, 7.272705293903038, 3.096038108118786]",[],"[0.0, 0.0, 0.0, 0.0]",[],"[20.485366430066545, 4.468847248969614, 16.083859727956508, 5.3744566874840665]"
908,0,1076,True,True,1.0,5.99,5,5,True,2,7,63.183573288527725,"[11.97406329322039, 11.687684377837634, 10.253178524131526, 11.220532358952816, 18.04811473438536]",29.64159358252581,"[5.669884684355952, 5.5581969073566775, 4.998739624411295, 5.376007619991599, 8.03876474641029]",40.06250138728511,11.99687919890063,"[7.010260430465765, 4.986618768434864]",20.624375541041193,6.678782887571246,15.624375541041193,4.678782887571246,"[6.46687501714433, 2.440310453445549, 2.5288146867403456, 4.621944809971959, 4.566430573739009]","[3.7340015678816485, 2.9447813196895973]","[5.46687501714433, 1.4403104534455486, 1.5288146867403456, 3.6219448099719584, 3.566430573739009]","[2.7340015678816485, 1.944781319689597]","[14.017628249088027, 3.6931037267834577, 3.920037658308578, 9.287037974287072, 9.144693778817972]"
908,0,1077,True,False,,0.0,1,1,,0,1,14.550869935463197,[14.550869935463197],6.674839274830647,[6.674839274830647],14.303525469892532,0.0,[],6.578374933258088,0.0,0.0,0.0,[6.578374933258088],[],[0.0],[],[14.303525469892532]
908,0,1078,True,False,,0.0,2,2,,0,2,21.76593654170283,"[13.535574116069183, 8.230362425633647]",10.488715251264104,"[6.278873905266981, 4.2098413459971225]",17.012481678095597,0.0,[],8.634867854457283,0.0,0.0,0.0,"[4.450569198172298, 4.1842986562849855]",[],"[0.0, 0.0]",[],"[8.847613328646919, 8.16486834944868]"
908,0,1079,True,False,,0.0,3,3,,0,3,55.93928261347193,"[30.747397327232846, 11.966501732459285, 13.225383553779801]",24.816320219254052,"[12.991484957620811, 5.666935675659121, 6.157899585974123]",39.6231560045282,0.0,[],18.453030841765997,0.0,0.0,0.0,"[4.646072913700797, 7.183663099051318, 6.623294829013882]",[],"[0.0, 0.0, 0.0]",[],"[9.348904906925119, 15.855546407823892, 14.418704689779183]"
908,0,1080,True,True,1.0,5.99,5,5,True,3,8,36.805249976028875,"[11.306732967308474, 4.252373922029353, 11.080289680743832, 2.5, 7.665853405947217]",19.35404749065126,"[5.409625857250305, 2.6584258295914474, 5.321312975490095, 1.975, 3.989682828319415]",24.998285915633673,22.580528991691708,"[2.361732932331836, 2.361732932331836, 17.857063127028034]",14.749331507097132,11.806406306759765,9.749331507097132,8.806406306759765,"[4.601698095023359, 2.849062390418581, 2.265954949572489, 2.7729985976957376, 2.259617474386966]","[1.9210758436094162, 1.9210758436094162, 7.964254619540934]","[3.6016980950233584, 1.849062390418581, 1.265954949572489, 1.7729985976957376, 1.2596174743869661]","[0.9210758436094161, 0.9210758436094161, 6.964254619540934]","[9.235123320572713, 4.7411856164579, 3.2460383322371515, 4.546150250501891, 3.229788395864016]"
908,0,1081,True,False,,0.0,2,2,,0,2,22.03074054267349,"[12.102959002519654, 9.927781540153838]",10.591988811642661,"[5.720154010982665, 4.871834800659997]",19.999773346444343,0.0,[],9.799911605113294,0.0,0.0,0.0,"[5.459020947431606, 4.340890657681688]",[],"[0.0, 0.0]",[],"[11.433387044696426, 8.566386301747917]"
908,0,1082,True,True,1.0,5.99,5,5,True,1,6,30.179796666945517,"[2.5, 15.995202764045557, 2.5287046634195, 6.218597537229014, 2.9372917022514464]",16.770120700108752,"[1.975, 7.238129077977767, 1.9861948187336051, 3.4252530395193155, 2.145543763878064]",47.78649380525519,13.809489026022954,[13.809489026022954],23.63673258404953,6.385700720148952,18.636732584049525,5.385700720148952,"[3.37973194692063, 6.949409498533406, 3.850706743165798, 5.190170703363421, 4.266713692066271]",[6.385700720148952],"[2.37973194692063, 5.949409498533406, 2.850706743165798, 4.190170703363421, 3.266713692066271]",[5.385700720148952],"[6.101876786975974, 15.254896150085655, 7.3095044696558915, 10.744027444521592, 8.37618895401608]"
908,0,1083,True,False,,0.0,3,3,,0,3,71.00526328904692,"[21.959872559854915, 23.80464641121355, 25.24074431797846]",30.692052682728303,"[9.564350298343417, 10.283812100373284, 10.8438902840116]",21.92028738718007,0.0,[],11.548912081000228,0.0,0.0,0.0,"[4.69194326388597, 3.3303094723259234, 3.526659344788335]",[],"[0.0, 0.0, 0.0]",[],"[9.466521189451205, 5.975152493143393, 6.478613704585475]"
908,0,1084,True,False,,0.0,3,3,,0,3,23.644447445073347,"[13.283962140534204, 4.7672871103222505, 5.593198194216891]",12.221334503578603,"[6.18074523480834, 2.8592419730256777, 3.1813472957445876]",20.09001314125407,0.0,[],10.835105125089086,0.0,0.0,0.0,"[3.1627307578057526, 2.762484400412315, 4.9098899668710185]",[],"[0.0, 0.0, 0.0]",[],"[5.545463481553211, 4.519190770287987, 10.02535888941287]"
908,0,1085,True,False,,0.0,3,3,,0,3,18.240929735910825,"[5.242971459916956, 7.42765208774982, 5.570306188244048]",10.113962597005223,"[3.044758869367613, 3.89678431422243, 3.172419413415179]",15.802465088635135,0.0,[],9.162961384567701,0.0,0.0,0.0,"[3.641730423515562, 2.308946284746604, 3.2122846763055364]",[],"[0.0, 0.0, 0.0]",[],"[6.773667752604005, 3.3562725249912924, 5.672524811039837]"
908,0,1086,True,False,,0.0,1,1,,0,1,10.60103272949764,[10.60103272949764],5.134402764504079,[5.134402764504079],10.44983446317981,0.0,[],5.075435440640126,0.0,0.0,0.0,[5.075435440640126],[],[0.0],[],[10.44983446317981]
908,0,1087,True,False,,0.0,4,4,,0,4,36.72098807020341,"[5.881279150642621, 8.42165995803092, 13.748931201593823, 8.669117759936046]",18.321185347379334,"[3.293698868750622, 4.28444738363206, 6.3620831686215915, 4.380955926375059]",51.380135761251076,0.0,[],24.038252946887923,0.0,0.0,0.0,"[5.183686958660693, 7.0875754755951235, 4.776738450572147, 6.99025206205996]",[],"[0.0, 0.0, 0.0, 0.0]",[],"[10.72740245810434, 15.609167886141343, 9.683944745056785, 15.359620671948614]"
908,0,1088,True,False,,0.0,1,1,,0,1,7.199759668764656,[7.199759668764656],3.807906270818216,[3.807906270818216],2.5,0.0,[],1.975,0.0,0.0,0.0,[1.975],[],[0.0],[],[2.5]
908,0,1089,True,False,,0.0,1,1,,0,1,11.121376372268088,[11.121376372268088],5.337336785184554,[5.337336785184554],9.210665658634591,0.0,[],4.59215960686749,0.0,0.0,0.0,[4.59215960686749],[],[0.0],[],[9.210665658634591]
908,0,1090,True,False,,0.0,1,1,,0,1,3.414429313810753,[3.414429313810753],2.3316274323861936,[2.3316274323861936],3.370063523563709,0.0,[],2.3143247741898465,0.0,0.0,0.0,[2.3143247741898465],[],[0.0],[],[3.370063523563709]
908,0,1091,True,False,,0.0,3,3,,0,3,20.09474350542536,"[6.432336321461617, 3.765821954975244, 9.8965852289885]",10.836949967115892,"[3.5086111653700307, 2.4686705624403453, 4.859668239305515]",15.347380393034658,0.0,[],8.985478353283517,0.0,0.0,0.0,"[2.9866770513356733, 4.023801301947843, 1.975]",[],"[0.0, 0.0, 0.0]",[],"[5.094043721373521, 7.753336671661137, 2.5]"
908,0,1092,True,False,,0.0,2,2,,0,2,17.516416124673658,"[9.612282630375127, 7.904133494298531]",8.831402288622726,"[4.7487902258462995, 4.082612062776427]",9.197897056896098,0.0,[],5.587179852189479,0.0,0.0,0.0,"[2.8357006860130007, 2.7514791661764777]",[],"[0.0, 0.0]",[],"[4.706924835930771, 4.490972220965327]"
908,0,1093,True,False,,0.0,1,1,,0,1,5.6643930771572615,[5.6643930771572615],3.209113300091332,[3.209113300091332],12.616102693704304,0.0,[],5.920280050544679,0.0,0.0,0.0,[5.920280050544679],[],[0.0],[],[12.616102693704304]
908,0,1094,True,False,,0.0,2,2,,0,2,26.990455794453066,"[14.249346208949687, 12.741109585503379]",12.526277759836695,"[6.557245021490378, 5.969032738346318]",28.00881628328052,0.0,[],12.923438350479405,0.0,0.0,0.0,"[3.787636122060176, 9.135802228419228]",[],"[0.0, 0.0]",[],"[7.1477849283594255, 20.861031354921096]"
908,0,1095,True,True,1.0,5.99,7,7,True,1,8,70.46774431409618,"[4.513161724030823, 14.67628979799996, 10.470038294269429, 9.135502176778457, 16.070784173339458, 8.092122382175125, 7.509845765502925]",34.48242028249751,"[2.760133072372021, 6.723753021219984, 5.0833149347650775, 4.562845848943598, 7.267605827602389, 4.155927729048299, 3.928839848546141]",63.47278536684424,6.422015755384746,[6.422015755384746],31.754386293069253,3.504586144600051,24.754386293069253,2.504586144600051,"[2.1688677271223167, 6.957644906460136, 5.610490002514436, 6.156510114218975, 3.761983237233818, 2.7006619983149376, 4.398228307204635]",[3.504586144600051],"[1.168867727122317, 5.957644906460136, 4.610490002514436, 5.156510114218975, 2.761983237233818, 1.7006619983149378, 3.398228307204634]",[2.504586144600051],"[2.997096736211069, 15.276012580667015, 11.821769237216502, 13.221820805689678, 7.082008300599532, 4.360671790551122, 8.713405915909318]"
908,0,1096,True,True,1.0,5.99,6,6,True,5,11,55.12505204264765,"[2.958449363532993, 12.010619641834438, 7.651412700828607, 3.6644182070651454, 24.851882370800304, 3.988269758586161]",27.498770296632582,"[2.1537952517778676, 5.684141660315431, 3.9840509533231567, 2.429123100755407, 10.692234124612119, 2.5554252058486027]",72.96113062834374,41.20526218659321,"[1.4060164388776506, 5.5017734420276865, 1.5041359321052625, 16.237313008054816, 16.556023365527793]",34.45484094505406,21.07005225277135,28.45484094505406,16.07005225277135,"[2.841706389183654, 6.612237385539132, 5.301440804726826, 4.879209753756301, 6.218954152528702, 8.601292459319444]","[1.5483464111622838, 3.1456916423907977, 1.5866130135210526, 7.332552073141378, 7.456849112555839]","[1.841706389183654, 5.612237385539132, 4.301440804726826, 3.8792097537563013, 5.218954152528702, 7.601292459319444]","[0.5483464111622838, 2.1456916423907977, 0.5866130135210524, 6.332552073141378, 6.456849112555839]","[4.722324074829882, 14.390352270613159, 11.029335396735451, 9.946691676298208, 13.38193372443257, 19.49049348543447]"
908,0,1097,True,False,,0.0,4,4,,0,4,46.78004271055925,"[12.542169621997743, 11.141805441669533, 6.036329008322659, 17.059738638569314]",22.24421665711811,"[5.89144615257912, 5.345304122251118, 3.3541683132458373, 7.653298069042033]",33.82395482192658,0.0,[],17.191342380551365,0.0,0.0,0.0,"[3.7542948951752435, 7.014231895794552, 1.975, 4.44781558958157]",[],"[0.0, 0.0, 0.0, 0.0]",[],"[7.062294603013445, 15.421107425114236, 2.5, 8.840552793798897]"
908,0,1098,True,False,,0.0,1,1,,0,1,5.612468426935921,[5.612468426935921],3.188862686505009,[3.188862686505009],13.666615700380214,0.0,[],6.3299801231482835,0.0,0.0,0.0,[6.3299801231482835],[],[0.0],[],[13.666615700380214]
908,0,1099,True,False,,0.0,4,4,,0,4,40.75889206002854,"[9.13488815575018, 11.957069977096607, 7.856827202272768, 11.810106724908989]",19.895967903411133,"[4.5626063807425705, 5.663257291067677, 4.064162608886379, 5.605941622714506]",41.46588492418198,0.0,[],20.171695120430975,0.0,0.0,0.0,"[8.07868689568637, 2.4994179766677527, 4.484618429089819, 5.108971818987032]",[],"[0.0, 0.0, 0.0, 0.0]",[],"[18.15047921970864, 3.8446614786352633, 8.934919048948252, 10.535825176889826]"
908,0,1100,True,False,,0.0,1,1,,0,1,12.187735080910514,[12.187735080910514],5.7532166815551005,[5.7532166815551005],14.562270163618201,0.0,[],6.679285363811099,0.0,0.0,0.0,[6.679285363811099],[],[0.0],[],[14.562270163618201]
908,0,1101,True,False,,0.0,1,1,,0,1,8.354147383282166,[8.354147383282166],4.258117479480045,[4.258117479480045],6.253403716789141,0.0,[],3.438827449547765,0.0,0.0,0.0,[3.438827449547765],[],[0.0],[],[6.253403716789141]
908,0,1102,True,False,,0.0,4,4,,0,4,34.36131091908345,"[9.092070360895756, 9.113076644181554, 10.977850491870917, 5.178313422135222]",17.400911258442544,"[4.545907440749344, 4.5540998912308055, 5.281361691829658, 3.0195422346327367]",39.734854617263686,0.0,[],19.496593300732837,0.0,0.0,0.0,"[6.265114762606946, 1.975, 3.5828364982087493, 7.673642039917142]",[],"[0.0, 0.0, 0.0, 0.0]",[],"[13.500294263094734, 2.5, 6.622657687714741, 17.11190266645421]"
908,0,1103,True,False,,0.0,1,1,,0,1,3.679032509646767,[3.679032509646767],2.434822678762239,[2.434822678762239],3.4483557073691737,0.0,[],2.3448587258739777,0.0,0.0,0.0,[2.3448587258739777],[],[0.0],[],[3.4483557073691737]
908,0,1104,True,False,,0.0,4,4,,0,4,26.3349302938379,"[10.252796775014929, 4.64064071456237, 6.346312235079559, 5.095180569181043]",14.27062281459678,"[4.998590742255822, 2.8098498786793242, 3.475061771681028, 2.987120421980607]",36.56581296200561,0.0,[],18.26066705518219,0.0,0.0,0.0,"[7.807778378215911, 5.133140501848852, 3.3447481751174246, 1.975]",[],"[0.0, 0.0, 0.0, 0.0]",[],"[17.455841995425413, 10.597796158586801, 6.0121748079933965, 2.5]"
908,0,1105,True,True,1.0,5.99,5,5,True,1,6,45.69224073877079,"[7.853387189088394, 17.919000828036168, 6.374628330988979, 3.858227789588422, 9.686996601068833]",22.819973888120614,"[4.0628210037444745, 7.988410322934106, 3.486105049085702, 2.504708837939485, 4.777928674416845]",50.305341119513784,3.203574295531314,[3.203574295531314],24.619083036610373,2.2493939752572123,19.619083036610373,1.2493939752572125,"[5.658208479053853, 6.678414018962342, 4.102942832076832, 3.6918183311129313, 4.487699375404418]",[2.2493939752572123],"[4.658208479053853, 5.678414018962342, 3.102942832076832, 2.6918183311129313, 3.4876993754044174]",[1.2493939752572125],"[11.944124305266289, 14.560035946057287, 7.956263671991877, 6.902098284904952, 8.942818911293378]"
908,0,1106,True,False,,0.0,2,2,,0,2,13.147327902318679,"[3.81879663655837, 9.32853126576031]",7.127457881904285,"[2.4893306882577644, 4.638127193646521]",12.30517385030458,0.0,[],6.7990178016187865,0.0,0.0,0.0,"[3.0171407668617234, 3.781877034757063]",[],"[0.0, 0.0]",[],"[5.172155812465958, 7.133018037838624]"
908,0,1107,True,False,,0.0,2,2,,0,2,15.95729684218303,"[7.430272461296295, 8.527024380886736]",8.22334576845138,"[3.897806259905555, 4.325539508545827]",12.298197500050343,0.0,[],6.7962970250196335,0.0,0.0,0.0,"[4.5975277084762975, 2.198769316543336]",[],"[0.0, 0.0]",[],"[9.224430021734097, 3.0737674783162454]"
908,0,1108,True,False,,0.0,3,3,,0,3,25.425005291972855,"[10.541433335664602, 7.598900430848296, 7.284671525459959]",12.915752063869412,"[5.111159000909194, 3.9635711680308354, 3.8410218949293844]",28.66618867080928,0.0,[],14.179813581615619,0.0,0.0,0.0,"[5.014078956537373, 5.7684436691805265, 3.3972909558977196]",[],"[0.0, 0.0, 0.0]",[],"[10.292510144967624, 12.226778638924428, 6.14689988691723]"
908,0,1109,True,False,,0.0,4,4,,0,4,28.342800802478422,"[7.890310268561561, 10.94754914690321, 6.964955230348426, 2.5399861566652238]",15.053692312966584,"[4.077221004739009, 5.269544167292252, 3.716332539835886, 1.9905946010994373]",72.59041351377388,0.0,[],32.31026127037182,0.0,0.0,0.0,"[3.536945477370652, 7.458240150989014, 7.355057446998851, 13.960018195013301]",[],"[0.0, 0.0, 0.0, 0.0]",[],"[6.504988403514492, 16.55959013074106, 16.29501909486885, 33.23081588464949]"
908,0,1110,True,False,,0.0,3,3,,0,3,42.829867641238266,"[20.83489978178655, 12.07529728851384, 9.919670570937871]",19.703648380082925,"[9.125610914896756, 5.709365942520398, 4.868671522665769]",30.273031014272227,0.0,[],14.806482095566167,0.0,0.0,0.0,"[3.5174898387809317, 6.006766890396633, 5.282225366388603]",[],"[0.0, 0.0, 0.0]",[],"[6.455102150720338, 12.837863821529826, 10.98006504202206]"
908,0,1111,True,False,,0.0,4,4,,0,4,34.073415036966054,"[2.9008409620547697, 7.182853968881329, 16.478326230463367, 7.511393875566593]",17.288631864416764,"[2.1313279752013603, 3.8013130478637183, 7.426547229880713, 3.9294436114709717]",53.943438800461976,0.0,[],25.03794113218017,0.0,0.0,0.0,"[5.377105741297692, 5.838350553910635, 5.904770616847269, 7.917714220124572]",[],"[0.0, 0.0, 0.0, 0.0]",[],"[11.223348054609467, 12.40602706130932, 12.576334914992998, 17.737728769550184]"
908,0,1112,True,False,,0.0,4,4,,0,4,46.10360500582909,"[12.98146095455565, 13.874998840516515, 9.501127010952416, 9.746018199804503]",21.980405952273344,"[6.062769772276704, 6.411249547801441, 4.705439534271442, 4.800947097923757]",36.827301889703676,0.0,[],18.362647736984435,0.0,0.0,0.0,"[2.3249674649280716, 3.1491156612450815, 4.680295356383598, 8.208269254427684]",[],"[0.0, 0.0, 0.0, 0.0]",[],"[3.3973524741745424, 5.510552977551491, 9.436654759957944, 18.482741678019703]"
908,0,1113,True,False,,0.0,4,4,,0,4,42.153628234342634,"[12.667840559419682, 13.716381020325219, 7.146466848388292, 8.622939806209436]",20.439915011393627,"[5.940457818173676, 6.349388597926835, 3.787122070871434, 4.36294652442168]",33.67534179069755,0.0,[],17.133383298372046,0.0,0.0,0.0,"[2.082687639984403, 5.995309152482535, 5.487043759173194, 3.568342746731913]",[],"[0.0, 0.0, 0.0, 0.0]",[],"[2.776122153806162, 12.808485006365473, 11.505240408136395, 6.585494222389521]"
908,0,1114,True,False,,0.0,2,2,,0,2,13.061713696860583,"[7.7286763153457265, 5.333037381514856]",7.094068341775627,"[4.014183762984834, 3.079884578790794]",16.301167121337176,0.0,[],8.357455177321498,0.0,0.0,0.0,"[6.000511531305767, 2.356943646015732]",[],"[0.0, 0.0]",[],"[12.821824439245555, 3.4793426820916205]"
908,0,1115,True,False,,0.0,3,3,,0,3,37.44560704488994,"[12.467415796132208, 14.728906888816937, 10.249284359940795]",17.603786747507076,"[5.862292160491561, 6.744273686638605, 4.9972209003769095]",20.448302886318118,0.0,[],10.974838125664064,0.0,0.0,0.0,"[3.325292253178024, 2.486230366693185, 5.163315505792856]",[],"[0.0, 0.0, 0.0]",[],"[5.9622878286616, 3.8108470940850894, 10.675167963571427]"
908,0,1116,True,False,,0.0,4,4,,0,4,45.874032219974126,"[8.052507952278981, 10.038127099446086, 10.969242487721331, 16.814154680527732]",21.890872565789913,"[4.140478101388803, 4.914869568783974, 5.278004570211319, 7.557520325405815]",40.94289431611475,0.0,[],19.967728783284755,0.0,0.0,0.0,"[7.279804488346066, 4.929262105508727, 4.204799100812032, 3.5538630886179297]",[],"[0.0, 0.0, 0.0, 0.0]",[],"[16.10206279063094, 10.075031039765964, 8.217433591825724, 6.548366893892127]"
908,0,1117,True,False,,0.0,1,1,,0,1,5.711025288002752,[5.711025288002752],3.227299862321073,[3.227299862321073],23.658131419349118,0.0,[],10.226671253546156,0.0,0.0,0.0,[10.226671253546156],[],[0.0],[],[23.658131419349118]
908,0,1118,True,False,,0.0,1,1,,0,1,8.910368595670866,[8.910368595670866],4.475043752311638,[4.475043752311638],7.425667599047097,0.0,[],3.896010363628368,0.0,0.0,0.0,[3.896010363628368],[],[0.0],[],[7.425667599047097]
908,0,1119,True,False,,0.0,1,1,,0,1,14.529288097077751,[14.529288097077751],6.6664223578603234,[6.6664223578603234],4.642035369260922,0.0,[],2.81039379401176,0.0,0.0,0.0,[2.81039379401176],[],[0.0],[],[4.642035369260922]
908,0,1120,True,False,,0.0,1,1,,0,1,18.165320829324976,[18.165320829324976],8.084475123436741,[8.084475123436741],2.5,0.0,[],1.975,0.0,0.0,0.0,[1.975],[],[0.0],[],[2.5]
908,0,1121,True,False,,0.0,4,4,,0,4,45.833079751547984,"[5.211748073964386, 19.97513204648742, 8.207925271456698, 12.438274359639475]",21.874901103103717,"[3.0325817488461104, 8.790301498130095, 4.201090855868113, 5.850927000259396]",54.941847177793775,0.0,[],25.427320399339575,0.0,0.0,0.0,"[5.290583481296769, 3.737365530175777, 10.843662024386697, 5.555709363480329]",[],"[0.0, 0.0, 0.0, 0.0]",[],"[11.001496105889153, 7.018885974809685, 25.240159036888965, 11.681306060205971]"
908,0,1122,True,False,,0.0,1,1,,0,1,14.099308049267604,[14.099308049267604],6.4987301392143655,[6.4987301392143655],16.6810188342117,0.0,[],7.505597345342562,0.0,0.0,0.0,[7.505597345342562],[],[0.0],[],[16.6810188342117]
908,0,1123,True,True,1.0,5.99,6,6,True,2,8,56.993735056264526,"[14.95583503718166, 8.093988888321672, 8.983823144350675, 5.949016269309981, 7.749980085975861, 11.26109163112468]",28.227556671943166,"[6.832775664500848, 4.156655666445452, 4.503691026296764, 3.320116345030893, 4.022492233530586, 5.3918257361386255]",51.850282171306745,28.96970469166647,"[8.230255495438787, 20.739449196227685]",26.22161004680963,13.298184829749925,20.221610046809634,11.298184829749925,"[3.61329790450689, 4.286528264308987, 4.523997591961903, 3.835258535717313, 3.9360647922186045, 6.026462958095934]","[4.209799643221126, 9.088385186528798]","[2.61329790450689, 3.286528264308987, 3.5239975919619035, 2.835258535717313, 2.9360647922186045, 5.026462958095934]","[3.209799643221127, 8.088385186528798]","[6.700763857709974, 8.426995549510222, 9.035891261440778, 7.269893681326443, 7.528371262098985, 12.888366559220342]"
908,0,1124,True,False,,0.0,3,3,,0,3,46.38258895402036,"[2.5, 23.248112500213807, 20.63447645380656]",21.089209692067943,"[1.975, 10.066763875083385, 9.047445816984558]",18.945403272055167,0.0,[],10.388707276101515,0.0,0.0,0.0,"[3.944124425039888, 2.152170866652298, 4.292411984409329]",[],"[0.0, 0.0, 0.0]",[],"[7.549036987281764, 2.9542842734674304, 8.442082011305972]"
908,0,1125,True,False,,0.0,2,2,,0,2,15.571691931977941,"[6.76655800668583, 8.805133925292111]",8.072959853471398,"[3.638957622607474, 4.434002230863923]",12.109958788006386,0.0,[],6.722883927322491,0.0,0.0,0.0,"[4.400438805601839, 2.3224451217206523]",[],"[0.0, 0.0]",[],"[8.719073860517534, 3.3908849274888513]"
908,0,1126,True,False,,0.0,4,4,,0,4,29.992133278162513,"[4.280137407048274, 6.990648925958965, 5.777938627013758, 12.943408318141515]",15.69693197848338,"[2.669253588748827, 3.7263530811239964, 3.253396064535366, 6.047929244075191]",23.050869557467966,0.0,[],12.989839127412507,0.0,0.0,0.0,"[2.751645720782543, 2.224573483442419, 4.999941986501339, 3.013677936686206]",[],"[0.0, 0.0, 0.0, 0.0]",[],"[4.491399284057802, 3.1399320088267153, 10.256261503849586, 5.1632767607338605]"
908,0,1127,True,False,,0.0,1,1,,0,1,12.723786961161089,[12.723786961161089],5.962276914852825,[5.962276914852825],9.476213948123265,0.0,[],4.695723439768074,0.0,0.0,0.0,[4.695723439768074],[],[0.0],[],[9.476213948123265]
908,0,1128,True,False,,0.0,3,3,,0,3,27.60532569057206,"[4.883398710027871, 12.80280421958461, 9.919122760959576]",13.766077019323102,"[2.9045254969108694, 5.993093645637998, 4.868457876774235]",22.29703547214072,0.0,[],11.695843834134882,0.0,0.0,0.0,"[2.780945681821435, 1.975, 6.939898152313447]",[],"[0.0, 0.0, 0.0]",[],"[4.5665273892857305, 2.5, 15.23050808285499]"
908,0,1129,True,True,1.0,5.99,6,6,True,1,7,54.39556186167049,"[5.662637319463767, 12.092569085109654, 11.197210460120756, 11.966829017569589, 4.584964751933559, 8.891351227473155]",27.214269126051487,"[3.2084285545908693, 5.716101943192765, 5.366912079447095, 5.66706331685214, 2.788136253254088, 4.467626978714531]",43.99656209291471,7.261398971474756,[7.261398971474756],23.158659216236735,3.831945598875155,17.158659216236735,2.831945598875155,"[4.67526239380881, 2.212572472349765, 2.0220666117491577, 2.9746052204405755, 4.719520309208598, 6.55463220867983]",[3.831945598875155],"[3.67526239380881, 1.2125724723497648, 1.0220666117491577, 1.9746052204405755, 3.7195203092085984, 5.55463220867983]",[2.831945598875155],"[9.423749727714897, 3.1091601855122173, 2.6206836198696353, 5.063090308821988, 9.537231562073329, 14.24264668892264]"
908,0,1130,True,False,,0.0,2,2,,0,2,22.89839169070413,"[15.942429080252063, 6.955962610452069]",10.930372759374611,"[7.217547341298305, 3.712825418076307]",18.998613324688083,0.0,[],9.409459196628353,0.0,0.0,0.0,"[5.849329971455128, 3.560129225173225]",[],"[0.0, 0.0]",[],"[12.434179413987506, 6.5644339107005765]"
908,0,1131,True,False,,0.0,1,1,,0,1,9.808441383279241,[9.808441383279241],4.825292139478904,[4.825292139478904],11.94623643465387,0.0,[],5.659032209515009,0.0,0.0,0.0,[5.659032209515009],[],[0.0],[],[11.94623643465387]
908,0,1132,True,True,1.0,5.99,5,8,,0,5,74.90409614902069,"[9.107131675870011, 6.337571505317438, 12.244128730094253, 12.731057965614468, 12.968508665929498, 2.7491491928680563, 13.6462556199944, 5.120292793332549]",37.212597498118065,"[4.551781353589305, 3.471652887073801, 5.775210204736759, 5.965112606589643, 6.0577183797125045, 2.0721681852185423, 6.3220396917978166, 2.9969141893996945]",81.27235064435293,0.0,[],39.69621675129764,0.0,31.696216751297644,0.0,"[3.8465683156709076, 9.717501938751562, 2.1975893217292697, 4.421608203541729, 6.541746819007619, 4.469324474856016, 4.821565254547254, 3.6803124231932847]",[],"[2.8465683156709076, 8.717501938751562, 1.19758932172927, 3.4216082035417292, 5.541746819007619, 3.4693244748560157, 3.8215652545472545, 2.6803124231932847]",[],"[7.298893117104891, 22.352569073721956, 3.0707418505878716, 8.773354368055715, 14.209607228224662, 8.89570378168209, 9.798885268069883, 6.872595956905858]"
908,0,1133,True,True,1.0,5.99,5,5,True,2,7,58.79675113232565,"[4.841297907917498, 21.855209930270444, 19.455866809834646, 3.439195921992182, 9.205180562310886]",27.930732941607012,"[2.888106184087824, 9.523531872805474, 8.587788055835512, 2.341286409576951, 4.590020419301245]",59.83152331476145,31.088030153005842,"[27.376515066316923, 3.7115150866889195]",28.334294092756963,14.12433175967228,23.334294092756963,12.124331759672279,"[7.8824759214342395, 8.803959820832105, 3.1439505919571054, 3.5239593918806267, 4.979948366652888]","[11.6768408758636, 2.447490883808679]","[6.8824759214342395, 7.803959820832104, 2.1439505919571054, 2.5239593918806267, 3.9799483666528874]","[10.6768408758636, 1.4474908838086786]","[17.64737415752369, 20.010153386748986, 5.497309210146423, 6.471690748411863, 10.20499581193048]"
908,0,1134,True,False,,0.0,2,2,,0,2,23.277997744603383,"[16.65313722363857, 6.624860520964811]",11.078419120395319,"[7.494723517219042, 3.583695603176276]",18.43998469477702,0.0,[],9.191594030963039,0.0,0.0,0.0,"[5.203937908379529, 3.98765612258351]",[],"[0.0, 0.0]",[],"[10.77932797020392, 7.660656724573101]"
908,0,1135,True,False,,0.0,4,4,,0,4,29.83648074873326,"[17.169328639280767, 5.730869519373567, 2.6705467026927723, 4.2657358873861515]",15.63622749200597,"[7.6960381693194995, 3.235039112555691, 2.0415132140501813, 2.6636369960805992]",28.32790120526997,0.0,[],15.04788147005529,0.0,0.0,0.0,"[4.263543016093686, 2.269340262128431, 4.063932610490612, 4.45106558134256]",[],"[0.0, 0.0, 0.0, 0.0]",[],"[8.368059015624835, 3.254718620842131, 7.85623746279644, 8.848886106006564]"
908,0,1136,True,True,1.0,5.99,6,6,True,3,9,55.091049935536425,"[16.889135226293472, 4.847381042320328, 11.075664633288968, 2.5, 9.620637935646783, 10.158231097986869]",27.485509474859203,"[7.586762738254454, 2.890478606504928, 5.319509206982698, 1.975, 4.752048794902246, 4.961710128214879]",55.78834946278136,44.09795442616595,"[25.38061752819043, 15.912219288431434, 2.8051176095440815]",27.757456290484733,20.19820222620472,21.757456290484733,17.19820222620472,"[3.1508186264854237, 9.587728034230567, 2.5252846203053827, 3.674645387643887, 4.290047815712546, 4.528931806106925]","[10.898440835994268, 7.205765522488259, 2.093995867722192]","[2.1508186264854237, 8.587728034230567, 1.5252846203053827, 2.674645387643887, 3.290047815712546, 3.5289318061069257]","[9.898440835994268, 6.205765522488259, 1.093995867722192]","[5.514919555090829, 22.019815472386068, 3.9109862059112377, 6.858065096522788, 8.436020040288579, 9.04854309258186]"
908,0,1137,True,False,,0.0,4,4,,0,4,44.45972173428032,"[11.219029404756697, 7.317818362326321, 18.320251138555893, 7.602622828641415]",21.33929147636933,"[5.375421467855112, 3.8539491613072654, 8.1448979440368, 3.9650229031701523]",24.549977503437482,0.0,[],13.57449122634062,0.0,0.0,0.0,"[2.5709697812247487, 3.72091025775779, 4.491842895353756, 2.7907682920043237]",[],"[0.0, 0.0, 0.0, 0.0]",[],"[4.028127644166022, 6.9766929686097185, 8.953443321419885, 4.591713569241856]"
908,0,1138,True,True,1.0,5.99,5,5,True,4,9,38.38025222767463,"[5.226743638915263, 4.828032276179932, 11.995745715055286, 8.305882558105626, 8.023848039418526]",19.968298368793107,"[3.0384300191769524, 2.8829325877101732, 5.678340828871561, 4.239294197661194, 4.129300735373225]",45.629667744535446,27.853186674807205,"[2.3893465417680786, 5.177114796471729, 5.233254345080938, 15.053470991486462]",22.795570420368826,14.862742803174811,17.795570420368826,10.862742803174811,"[3.710137239346259, 2.1392834246285055, 7.610170171240384, 5.243710041614564, 4.092269543539112]","[1.9318451512895507, 3.0190747706239742, 3.0409691945815656, 6.8708536866797205]","[2.710137239346259, 1.1392834246285055, 6.610170171240384, 4.243710041614564, 3.0922695435391123]","[0.9318451512895507, 2.0190747706239742, 2.0409691945815656, 5.8708536866797205]","[6.949069844477586, 2.921239550329501, 16.949154285231753, 10.881307799011703, 7.928896265484903]"
908,0,1139,True,False,,0.0,1,1,,0,1,15.409978520738344,[15.409978520738344],7.009891623087954,[7.009891623087954],9.429180846307153,0.0,[],4.677380530059789,0.0,0.0,0.0,[4.677380530059789],[],[0.0],[],[9.429180846307153]
908,0,1140,True,False,,0.0,2,2,,0,2,13.900426512568327,"[6.9907630196100845, 6.909663492958242]",7.421166339901648,"[3.726397577647933, 3.6947687622537146]",5.219682589684107,0.0,[],4.035676209976802,0.0,0.0,0.0,"[1.975, 2.0606762099768017]",[],"[0.0, 0.0]",[],"[2.5, 2.7196825896841066]"
908,0,1141,True,False,,0.0,4,4,,0,4,32.0422976983216,"[9.79984736736134, 6.741888701879482, 5.865225033553507, 9.63533659552727]",16.496496102345425,"[4.821940473270923, 3.629336593732998, 3.287437763085868, 4.757781272255636]",34.62531217761249,0.0,[],17.503871749268875,0.0,0.0,0.0,"[3.4824201368235275, 7.719018981329167, 4.289955454596597, 2.0124771765195817]",[],"[0.0, 0.0, 0.0, 0.0]",[],"[6.365179838009045, 17.228253798279916, 8.43578321691435, 2.5960953244091836]"
908,0,1142,True,False,,0.0,4,4,,0,4,50.88837131114173,"[5.370982573404868, 9.185250869335837, 18.590947452167747, 17.74119041623328]",23.846464811345275,"[3.094683203627899, 4.582247839040976, 8.250469506345421, 7.91906426233098]",23.57963842396243,0.0,[],13.196058985345346,0.0,0.0,0.0,"[2.58209889918194, 3.3121055926342837, 4.3407246216121, 2.961129871917022]",[],"[0.0, 0.0, 0.0, 0.0]",[],"[4.056663844056256, 5.928475878549445, 8.565960568236155, 5.028538133120569]"
908,0,1143,True,False,,0.0,1,1,,0,1,4.0967679507068055,[4.0967679507068055],2.5977395007756545,[2.5977395007756545],13.37845398531967,0.0,[],6.2175970542746715,0.0,0.0,0.0,[6.2175970542746715],[],[0.0],[],[13.37845398531967]
908,0,1144,True,False,,0.0,1,1,,0,1,24.041789136585,[24.041789136585],10.37629776326815,[10.37629776326815],5.1594910833933065,0.0,[],3.0122015225233896,0.0,0.0,0.0,[3.0122015225233896],[],[0.0],[],[5.1594910833933065]
908,0,1145,True,True,1.0,5.99,5,5,True,0,5,60.76527800558643,"[10.686350236920376, 20.824911898578417, 13.973213212568735, 5.72832752153995, 9.55247513597895]",28.698458422178707,"[5.167676592398947, 9.121715640445583, 6.449553152901807, 3.2340477334005806, 4.725465303031791]",49.458383019454295,0.0,[],24.288769377587172,0.0,19.288769377587172,0.0,"[4.151634381744674, 4.769810392376424, 4.590875152822177, 4.384395476039656, 6.392053974604243]",[],"[3.1516343817446737, 3.7698103923764243, 3.5908751528221767, 3.384395476039656, 5.392053974604243]",[],"[8.081113799345317, 9.666180493272883, 9.20737218672353, 8.6779371180504, 13.825779422062162]"
908,0,1146,True,False,,0.0,2,2,,0,2,24.290416093030988,"[11.81353930749847, 12.476876785532518]",11.473262276282085,"[5.607280329924404, 5.8659819463576826]",11.659701677274969,0.0,[],6.547283654137238,0.0,0.0,0.0,"[3.292304248841447, 3.2549794052957908]",[],"[0.0, 0.0]",[],"[5.877703202157557, 5.781998475117412]"
908,0,1147,True,False,,0.0,4,4,,0,4,37.124638852650556,"[5.223820789567422, 3.414726335053996, 21.92302894399124, 6.563062784037894]",18.478609152533714,"[3.0372901079312946, 2.3317432706710584, 9.549981288156584, 3.5595944857747788]",28.819590752573358,0.0,[],15.23964039350361,0.0,0.0,0.0,"[2.6844131899160297, 3.8730875021419506, 3.860763863404415, 4.821375838041215]",[],"[0.0, 0.0, 0.0, 0.0]",[],"[4.319008179271871, 7.366891031133206, 7.335291957447218, 9.798399584721064]"
908,0,1148,True,True,1.0,5.99,5,5,True,0,5,34.17579786094532,"[11.872497453667718, 2.5, 9.267113021404791, 5.846160584143119, 4.69002680172969]",18.328561165768676,"[5.63027400693041, 1.975, 4.614174078347869, 3.2800026278158163, 2.829110452674579]",48.19727022135609,0.0,[],23.796935386328876,0.0,18.796935386328876,0.0,"[5.158065655102712, 3.482560483910256, 3.5982339164411323, 9.583075330874776, 1.975]",[],"[4.158065655102712, 2.482560483910256, 2.5982339164411323, 8.583075330874776, 0.9750000000000001]",[],"[10.661706807955673, 6.36553970233399, 6.662138247284955, 22.007885463781477, 2.5]"
908,0,1149,True,False,,0.0,3,3,,0,3,31.949420574464792,"[4.394223723584581, 10.501951150802213, 17.053245700077998]",15.460274024041269,"[2.7137472521979866, 5.095760948812863, 7.65076582303042]",17.15334565294598,0.0,[],9.689804804648933,0.0,0.0,0.0,"[2.080511822289, 4.372826333371418, 3.2364666489885145]",[],"[0.0, 0.0, 0.0]",[],"[2.770543134074359, 8.648272649670304, 5.734529869201319]"
908,0,1150,True,False,,0.0,4,4,,0,4,36.16227376907066,"[8.58881075488476, 13.144018549136717, 8.384350187495022, 6.045094277554154]",18.103286769937554,"[4.349636194405056, 6.1261672341633195, 4.2698965731230585, 3.35758676824612]",31.887613798836018,0.0,[],16.43616938154605,0.0,0.0,0.0,"[4.9762543755186535, 2.4870440863590106, 4.344131415629269, 4.628739504039116]",[],"[0.0, 0.0, 0.0, 0.0]",[],"[10.195524039791417, 3.8129335547666936, 8.574695937510945, 9.304460266766963]"
908,0,1151,True,False,,0.0,4,4,,0,4,25.025640605120216,"[3.3724937769419925, 13.599052959320886, 2.855052003900398, 5.199041864956937]",13.759999835996883,"[2.315272573007377, 6.303630654135146, 2.1134702815211552, 3.0276263273332056]",34.45408365880162,0.0,[],17.437092626932632,0.0,0.0,0.0,"[5.263683581494918, 2.82624124971404, 6.483709220391376, 2.863458575332297]",[],"[0.0, 0.0, 0.0, 0.0]",[],"[10.932522003833125, 4.682669871061641, 14.060792872798402, 4.7780989111084535]"
908,0,1152,True,True,1.0,5.99,5,5,True,1,6,40.18047126688274,"[8.746321696038201, 7.281179571788442, 3.1009959603092314, 10.22650182200082, 10.825472216746045]",20.67038379408427,"[4.411065461454898, 3.8396600329974926, 2.2093884245206006, 4.98833571058032, 5.221934164530958]",56.06528769816846,4.7833597289774765,[4.7833597289774765],26.8654622022857,2.865510294301216,21.865462202285702,1.8655102943012158,"[1.975, 5.09085499989921, 5.912269243612953, 2.2016847018241217, 11.685653256949417]",[2.865510294301216],"[0.9750000000000001, 4.09085499989921, 4.912269243612953, 1.201684701824122, 10.685653256949417]",[1.8655102943012158],"[2.5, 10.489371794613358, 12.595562163110136, 3.0812428251900563, 27.399110915254916]"
908,0,1153,True,True,1.0,5.99,5,4,,2,7,57.73078459431669,"[20.586850303607235, 8.82483968786782, 6.93576455697913, 21.3833300458625]",26.515005991783507,"[9.028871618406821, 4.441687478268451, 3.7049481772218607, 9.339498717886375]",30.401253267588203,9.92882612705264,"[1.0043306388882753, 8.924495488164364]",15.8564887743594,5.87224218955053,11.8564887743594,3.87224218955053,"[2.9425607790001598, 5.802277631050122, 3.2443152995597435, 3.8673350647493745]","[1.3916889491664275, 4.480553240384102]","[1.9425607790001596, 4.802277631050122, 2.2443152995597435, 2.8673350647493745]","[0.3916889491664274, 3.4805532403841024]","[4.980925074359384, 12.313532387308005, 5.754654614255752, 7.352141191665062]"
908,0,1154,True,True,1.0,5.99,5,5,True,3,8,76.04530751485026,"[13.380367264135096, 25.821160247210624, 10.690477200847724, 17.833288387785345, 8.320014414871485]",34.657669930791606,"[6.218343233012687, 11.070252496412143, 5.1692861083306125, 7.954982471236285, 4.2448056217998795]",35.13211033765937,21.88618662907934,"[5.5737327234495115, 10.73872118218032, 5.5737327234495115]",18.701523031687152,11.535612785340945,13.701523031687152,8.535612785340945,"[1.975, 3.6938088561150293, 2.1469262316594193, 4.313414668103739, 6.572373275808965]","[3.1737557621453094, 5.188101261050325, 3.1737557621453094]","[0.9750000000000001, 2.6938088561150293, 1.146926231659419, 3.3134146681037397, 5.572373275808965]","[2.1737557621453094, 4.188101261050325, 2.1737557621453094]","[2.5, 6.907202195166741, 2.940836491434408, 8.495935046419845, 14.288136604638371]"
908,0,1155,True,False,,0.0,2,2,,0,2,29.92848532339486,"[15.159324982166687, 14.769160341228172]",13.672109276123996,"[6.912136743045008, 6.7599725330789875]",22.438672245419696,0.0,[],10.75108217571368,0.0,0.0,0.0,"[3.263010673987065, 7.488071501726616]",[],"[0.0, 0.0]",[],"[5.802591471761705, 16.63608077365799]"
908,0,1156,True,False,,0.0,3,3,,0,3,34.09831822417009,"[11.15422208656221, 2.5, 20.444096137607882]",16.298344107426338,"[5.350146613759263, 1.975, 8.973197493667074]",54.63700843418533,0.0,[],24.308433289332275,0.0,0.0,0.0,"[7.455389167805951, 10.396157283230592, 6.456886838295735]",[],"[0.0, 0.0, 0.0]",[],"[16.552279917451155, 24.092710982642544, 13.992017534091628]"
908,0,1157,True,False,,0.0,1,1,,0,1,7.2861242620664175,[7.2861242620664175],3.841588462205903,[3.841588462205903],12.425775640417994,0.0,[],5.846052499763018,0.0,0.0,0.0,[5.846052499763018],[],[0.0],[],[12.425775640417994]
908,0,1158,True,False,,0.0,2,2,,0,2,20.964612803081447,"[6.694588332978623, 14.270024470102825]",10.176198993201766,"[3.610889449861663, 6.565309543340102]",21.066053172129426,0.0,[],10.215760737130477,0.0,0.0,0.0,"[2.7680445476285067, 7.4477161895019695]",[],"[0.0, 0.0]",[],"[4.533447558021812, 16.532605614107613]"
908,0,1159,True,True,1.0,5.99,7,7,True,4,11,64.48822892115881,"[4.609768614149252, 3.1826644844460663, 14.999390777811843, 7.144431222412329, 13.347240507506735, 7.0994167801434855, 14.105316534689093]",32.15040927925193,"[2.7978097595182083, 2.241239148933966, 6.849762403346619, 3.7863281767408083, 6.205423797927627, 3.7687725442559596, 6.5010734485287465]",56.567491272837394,20.196485867109352,"[3.8472038003163362, 4.444311509453756, 3.8472038003163362, 8.057766757022923]",29.061321596406586,11.876629488172647,22.061321596406582,7.8766294881726475,"[3.471869120169842, 3.3853539085595616, 4.554356964252122, 3.7260066031440537, 3.067854707568861, 3.853794422821448, 7.002085869890696]","[2.500409482123371, 2.733281488686965, 2.500409482123371, 4.14252903523894]","[2.471869120169842, 2.3853539085595616, 3.554356964252122, 2.7260066031440537, 2.067854707568861, 2.853794422821448, 6.002085869890696]","[1.500409482123371, 1.733281488686965, 1.500409482123371, 3.1425290352389403]","[6.338125949153441, 6.116292073229645, 9.113735805774672, 6.989760520882189, 5.302191557868873, 7.317421596978071, 15.389963768950501]"
908,0,1160,True,False,,0.0,3,3,,0,3,31.13814135674841,"[6.514158029945617, 7.588317604359782, 17.03566572244301]",15.14387512913188,"[3.5405216316787906, 3.959443865700315, 7.643909631752774]",23.127845600515382,0.0,[],12.019859784201,0.0,0.0,0.0,"[5.399588642281195, 4.3485119924132505, 2.271759149506553]",[],"[0.0, 0.0, 0.0]",[],"[11.280996518669731, 8.585928185675, 3.260920896170649]"
908,0,1161,True,False,,0.0,4,4,,0,4,27.063169217199878,"[3.277740165252293, 11.985770121346233, 8.174735695851979, 3.6249232347493754]",14.554635994707953,"[2.278318664448394, 5.674450347325031, 4.1881469213822715, 2.4137200615522563]",61.0934577430438,0.0,[],27.826448519787082,0.0,0.0,0.0,"[5.882694866097324, 6.915767141461281, 4.307590657511417, 10.720395854717058]",[],"[0.0, 0.0, 0.0, 0.0]",[],"[12.519730425890575, 15.168633696054565, 8.481001685926712, 24.924091935171944]"
908,0,1162,True,False,,0.0,1,1,,0,1,10.957821745409065,[10.957821745409065],5.2735504807095355,[5.2735504807095355],6.585450429840583,0.0,[],3.5683256676378274,0.0,0.0,0.0,[3.5683256676378274],[],[0.0],[],[6.585450429840583]
908,0,1163,True,False,,0.0,4,4,,0,4,50.09871387578301,"[14.10905164109033, 13.69150176206855, 11.369058675274694, 10.929101797349439]",23.538498411555373,"[6.502530140025229, 6.339685687206734, 5.433932883357131, 5.262349700966281]",53.05206900433468,0.0,[],24.690306911690527,0.0,0.0,0.0,"[3.2355948645470383, 5.126509807660453, 8.069576092993628, 8.258626146489407]",[],"[0.0, 0.0, 0.0, 0.0]",[],"[5.732294524479585, 10.580794378616545, 18.127118187163152, 18.6118619140754]"
908,0,1164,True,True,1.0,5.99,5,5,True,0,5,36.17324049660361,"[14.47554075367804, 4.669301503879022, 4.019057038327124, 8.090160132442865, 4.919181068276562]",19.10756379367541,"[6.645460893934436, 2.8210275865128187, 2.5674322449475784, 4.155162451652718, 2.9184806166278596]",28.655930846530794,0.0,[],16.175813030147008,0.0,11.17581303014701,0.0,"[4.426000821247832, 3.408801974561529, 3.4413363000652937, 2.596835599830479, 2.302838334441876]",[],"[3.4260008212478317, 2.408801974561529, 2.4413363000652937, 1.5968355998304788, 1.302838334441876]",[],"[8.784617490379055, 6.176415319388535, 6.259836666834087, 4.094450255975587, 3.340611113953528]"
908,0,1165,True,False,,0.0,4,4,,0,4,44.11432002564749,"[6.339886309177553, 26.339341469724538, 4.6991991809020766, 6.7358930658433245]",21.204584810002522,"[3.472555660579246, 11.27234317319257, 2.83268768055181, 3.6269982956788964]",28.862839635292502,0.0,[],15.25650745776408,0.0,0.0,0.0,"[2.557431528198315, 3.9925501178120215, 4.924765987906579, 3.781759823847163]",[],"[0.0, 0.0, 0.0, 0.0]",[],"[3.9934141748674747, 7.673205430287235, 10.06350253309379, 7.132717497044007]"
908,0,1166,True,False,,0.0,1,1,,0,1,11.286540767786063,[11.286540767786063],5.401750899436565,[5.401750899436565],12.792163672474945,0.0,[],5.988943832265229,0.0,0.0,0.0,[5.988943832265229],[],[0.0],[],[12.792163672474945]
908,0,1167,True,False,,0.0,3,3,,0,3,14.490858862738571,"[2.5, 3.735655742407058, 8.255203120331513]",8.651434956468043,"[1.975, 2.456905739538753, 4.21952921692929]",25.744552509581347,0.0,[],13.040375478736724,0.0,0.0,0.0,"[4.098743505954836, 3.499957252341409, 5.44167472044048]",[],"[0.0, 0.0, 0.0]",[],"[7.945496169114965, 6.410146800875407, 11.388909539590973]"
908,0,1168,True,False,,0.0,2,2,,0,2,9.515167294743682,"[6.457046805549215, 3.058120489194467]",5.710915244950035,"[3.518248254164194, 2.192666990785842]",34.61521317538414,0.0,[],15.499933138399815,0.0,0.0,0.0,"[3.304931237239739, 12.195001901160076]",[],"[0.0, 0.0]",[],"[5.91008009548651, 28.705133079897628]"
908,0,1169,True,True,1.0,5.99,5,5,True,0,5,38.432391441200586,"[9.853417457346918, 3.426291909084387, 13.17550559215919, 7.083519381167818, 4.893657101442272]",19.98863266206823,"[4.842832808365298, 2.336253844542911, 6.138447180942085, 3.762572558655449, 2.9085262695624863]",66.39801266775447,0.0,[],30.895224940424246,0.0,25.895224940424246,0.0,"[5.293857172620288, 3.371387190754575, 5.011509464599706, 11.462260967738098, 5.756210144711578]",[],"[4.293857172620288, 2.371387190754575, 4.011509464599706, 10.462260967738098, 4.756210144711578]",[],"[11.009890186205865, 6.080479976293782, 10.28592170410181, 26.826310173687432, 12.195410627465584]"
908,0,1170,True,False,,0.0,3,3,,0,3,14.96331160569102,"[3.995794614212761, 7.444539231375618, 3.522977760102641]",8.835691526219499,"[2.558359899542977, 3.903370300236491, 2.37396132644003]",10.922756487510798,0.0,[],7.259875030129211,0.0,0.0,0.0,"[1.975, 1.975, 3.309875030129211]",[],"[0.0, 0.0, 0.0]",[],"[2.5, 2.5, 5.922756487510798]"
908,0,1171,True,False,,0.0,3,3,,0,3,25.113879927237562,"[11.332516302246663, 11.092815178179217, 2.688548446811681]",12.794413171622649,"[5.419681357876199, 5.3261979194898945, 2.048533894256556]",31.841614892254523,0.0,[],15.418229807979264,0.0,0.0,0.0,"[6.030981558317544, 5.274324354471252, 4.112923895190468]",[],"[0.0, 0.0, 0.0]",[],"[12.899952713634727, 10.959806037105775, 7.981856141514019]"
908,0,1172,True,False,,0.0,1,1,,0,1,21.52557108141187,[21.52557108141187],9.394972721750628,[9.394972721750628],3.152565174740997,0.0,[],2.229500418148989,0.0,0.0,0.0,[2.229500418148989],[],[0.0],[],[3.152565174740997]
908,0,1173,True,False,,0.0,3,3,,0,3,31.73388430180108,"[17.021256234851734, 7.248790185160977, 7.463837881788368]",15.37621487770242,"[7.638289931592176, 3.8270281722127812, 3.9108967738974636]",22.97277106442349,0.0,[],11.959380715125162,0.0,0.0,0.0,"[2.510957842957567, 5.942169727540747, 3.5062531446268483]",[],"[0.0, 0.0, 0.0]",[],"[3.874250879378377, 12.6722300706173, 6.426290114427816]"
908,0,1174,True,False,,0.0,2,2,,0,2,20.673467048117267,"[18.15087776392003, 2.5225892841972386]",10.062652148765734,"[8.078842327928811, 1.9838098208369233]",38.62550752075074,0.0,[],17.063947933092788,0.0,0.0,0.0,"[12.636788957676382, 4.427158975416406]",[],"[0.0, 0.0]",[],"[29.837920404298416, 8.787587116452324]"
908,0,1175,True,False,,0.0,3,3,,0,3,17.439297716413893,"[2.5, 6.8020419447032054, 8.137255771710688]",9.801326109401419,"[1.975, 3.65279635843425, 4.173529750967168]",28.402185056696712,0.0,[],14.076852172111717,0.0,0.0,0.0,"[3.6885834805179107, 6.135122012780953, 4.253146678812854]",[],"[0.0, 0.0, 0.0]",[],"[6.893803796199771, 13.166979519951163, 8.34140174054578]"
908,0,1176,True,False,,0.0,2,2,,0,2,29.3873032687681,"[22.542466109818537, 6.844837158949563]",13.46104827481956,"[9.79156178282923, 3.66948649199033]",11.66858879473143,0.0,[],6.550749629945258,0.0,0.0,0.0,"[3.022379475266823, 3.5283701546784356]",[],"[0.0, 0.0]",[],"[5.185588398120059, 6.483000396611373]"
908,0,1177,True,True,1.0,5.99,5,5,True,1,6,52.26934193917677,"[6.362771170999359, 7.6515272469503195, 15.488260987525289, 14.003371380085623, 8.763411153616172]",25.385043356278942,"[3.4814807566897503, 3.9840956263106246, 7.040421785134863, 6.461314838233394, 4.4177303499103076]",45.54882621667692,9.658176750881891,[9.658176750881891],22.764042224504,4.7666889328439375,17.764042224504,3.7666889328439375,"[3.9742926732537023, 3.551187781948654, 4.119119934173686, 5.849259844935279, 5.270181990192678]",[4.7666889328439375],"[2.9742926732537023, 2.551187781948654, 3.1191199341736864, 4.849259844935279, 4.270181990192678]",[3.7666889328439375],"[7.626391469881288, 6.5415071332016765, 7.9977434209581695, 12.433999602398151, 10.949184590237635]"
908,0,1178,True,True,1.0,5.99,6,6,True,3,9,68.80164136390081,"[12.107221237622381, 5.530232452874599, 22.213310528961863, 4.646431129279663, 9.621841412489427, 14.682604602672875]",32.832640131921316,"[5.721816282672729, 3.1567906566210935, 9.663191106295127, 2.8121081404190686, 4.752518150870877, 6.726215795042421]",56.22939365791266,16.650529835077233,"[8.338452450095643, 6.028966621396153, 2.283110763585438]",27.929463526585938,9.493706635680121,21.929463526585938,6.493706635680121,"[3.625394645568893, 5.412780898787828, 3.3846452572887227, 6.506183373882369, 5.536314689888249, 3.4641446611698785]","[4.2519964555373, 3.3512969823444996, 1.890413197798321]","[2.625394645568893, 4.412780898787828, 2.3846452572887227, 5.506183373882369, 4.536314689888249, 2.4641446611698785]","[3.251996455537301, 2.3512969823444996, 0.890413197798321]","[6.731781142484341, 11.314822817404686, 6.114475018689032, 14.118418907390689, 11.631576127918587, 6.31831964402533]"
908,0,1179,True,False,,0.0,1,1,,0,1,11.461073855584097,[11.461073855584097],5.469818803677798,[5.469818803677798],4.121902327120952,0.0,[],2.607541907577171,0.0,0.0,0.0,[2.607541907577171],[],[0.0],[],[4.121902327120952]
908,0,1180,True,True,1.0,5.99,7,7,True,2,9,52.381584877710445,"[8.749853093078574, 3.40861036122541, 11.189474312697058, 8.512237370908528, 7.648839418619211, 4.800563837480803, 8.072006483700859]",27.428818102307073,"[4.412442706300644, 2.32935804087791, 5.363894981951852, 4.319772574654326, 3.9830473732614924, 2.8722198966175134, 4.148082528643335]",55.43593537840391,15.537943442754967,"[3.8145791216051994, 11.723364321149768]",28.620014797577525,8.059797942674438,21.62001479757753,6.059797942674438,"[3.2606489163546626, 1.975, 3.3094988235446157, 6.5828037410581715, 4.800620739030274, 2.7628628085469495, 5.928579769042854]","[2.487685857426028, 5.57211208524841]","[2.2606489163546626, 0.9750000000000001, 2.3094988235446157, 5.5828037410581715, 3.8006207390302733, 1.7628628085469498, 4.928579769042854]","[1.4876858574260279, 4.57211208524841]","[5.796535682960673, 2.5, 5.921791855242604, 14.314881387328644, 9.745181382128905, 4.5201610475562815, 12.637384023186806]"
908,0,1181,True,True,1.0,5.99,5,5,True,0,5,37.573628423872584,"[5.479039250582301, 12.506574221201383, 3.975164934169012, 11.503158934839934, 4.109691083079958]",19.65371508531031,"[3.1368253077270976, 5.877563946268539, 2.5503143243259148, 5.486231984587574, 2.6027795224011836]",39.695485843030205,0.0,[],20.481239478781777,0.0,15.48123947878178,0.0,"[2.7559211031447575, 3.2979393861182698, 6.039572783429213, 3.842953751223842, 4.544852454865697]",[],"[1.7559211031447577, 2.2979393861182698, 5.039572783429213, 2.842953751223842, 3.544852454865697]",[],"[4.502361802935276, 5.892152272098127, 12.921981495972341, 7.289625003138056, 9.089365268886402]"
908,0,1182,True,True,1.0,5.99,5,5,True,1,6,72.59479048897367,"[18.872989534303127, 14.26785045280213, 21.493587247140415, 2.5, 15.460363254728016]",33.31196829069974,"[8.36046591837822, 6.56446167659283, 9.382499026384762, 1.975, 7.029541669343926]",35.825893373983746,11.18064762944241,[11.18064762944241],18.97209841585366,5.36045257548254,13.972098415853662,4.36045257548254,"[5.836543042475089, 2.456219831082893, 2.3097612452682577, 4.330264504744944, 4.039309792282477]",[5.36045257548254],"[4.836543042475089, 1.456219831082893, 1.3097612452682577, 3.3302645047449437, 3.0393097922824777]",[4.36045257548254],"[12.401392416602791, 3.733897002776649, 3.3583621673545068, 8.539139755756265, 7.793102031493532]"
908,0,1183,True,False,,0.0,1,1,,0,1,12.762713668015577,[12.762713668015577],5.977458330526075,[5.977458330526075],8.496258119864653,0.0,[],4.3135406667472145,0.0,0.0,0.0,[4.3135406667472145],[],[0.0],[],[8.496258119864653]
908,0,1184,True,False,,0.0,3,3,,0,3,18.29643514862962,"[3.8760805780016963, 3.9232209554637465, 10.497133615164179]",10.135609707965553,"[2.5116714254206616, 2.5300561726308612, 5.09388210991403]",21.893992134252528,0.0,[],11.538656932358485,0.0,0.0,0.0,"[3.555120447206875, 2.7071593133748655, 5.276377171776745]",[],"[0.0, 0.0, 0.0]",[],"[6.5515908902740385, 4.377331572756065, 10.965069671222423]"
908,0,1185,True,False,,0.0,2,2,,0,2,20.631796366254378,"[10.906084102012194, 9.725712264242185]",10.046400582839208,"[5.2533727997847555, 4.793027783054452]",15.852154623703768,0.0,[],8.18234030324447,0.0,0.0,0.0,"[5.188526690160816, 2.993813613083653]",[],"[0.0, 0.0]",[],"[10.739812026053375, 5.112342597650392]"
908,0,1186,True,False,,0.0,4,4,,0,4,28.906433471745004,"[11.284214042884118, 7.7155571952513755, 4.711681816845857, 5.194980416763653]",15.27350905398055,"[5.400843476724806, 4.009067306148037, 2.8375559085698843, 3.0260423625378245]",40.01196203304416,0.0,[],19.604665192887225,0.0,0.0,0.0,"[5.04398765383925, 3.978622724441235, 3.1433987894327986, 7.438656025173939]",[],"[0.0, 0.0, 0.0, 0.0]",[],"[10.369199112408333, 7.637494165233936, 5.49589433187897, 16.50937442352292]"
908,0,1187,True,False,,0.0,1,1,,0,1,14.033426018520533,[14.033426018520533],6.4730361472230085,[6.4730361472230085],9.84559680508649,0.0,[],4.839782753983732,0.0,0.0,0.0,[4.839782753983732],[],[0.0],[],[9.84559680508649]
908,0,1188,True,False,,0.0,4,4,,0,4,45.168316901847405,"[11.113357795980543, 3.47271428022105, 17.060737587964958, 13.52150723768085]",21.615643591720488,"[5.334209540432412, 2.3543585692862097, 7.653687659306334, 6.273387822695532]",27.83318706301592,0.0,[],14.85494295457621,0.0,0.0,0.0,"[3.9030639733833534, 5.119472799254062, 2.1450840939374167, 3.6873220880013773]",[],"[0.0, 0.0, 0.0, 0.0]",[],"[7.443753777906034, 10.562750767318107, 2.936113061377991, 6.890569456413788]"
908,0,1189,True,False,,0.0,2,2,,0,2,15.976324761083506,"[11.35853785651883, 4.617786904564676]",8.230766656822567,"[5.429829764042344, 2.800936892780224]",22.961042261233523,0.0,[],10.954806481881075,0.0,0.0,0.0,"[4.792098565225041, 6.162707916656033]",[],"[0.0, 0.0]",[],"[9.723329654423182, 13.23771260681034]"
908,0,1190,True,False,,0.0,1,1,,0,1,5.175570541358336,[5.175570541358336],3.0184725111297515,[3.0184725111297515],9.423346596253857,0.0,[],4.675105172539005,0.0,0.0,0.0,[4.675105172539005],[],[0.0],[],[9.423346596253857]
908,0,1191,True,False,,0.0,2,2,,0,2,31.227666000907853,"[20.966243307874112, 10.261422693033742]",14.178789740354063,"[9.176834890070904, 5.00195485028316]",20.274446276514823,0.0,[],9.907034047840781,0.0,0.0,0.0,"[5.4127511046868735, 4.494282943153907]",[],"[0.0, 0.0]",[],"[11.314746422274034, 8.959699854240787]"
908,0,1192,True,False,,0.0,2,2,,0,2,7.171622311917932,"[2.5, 4.671622311917932]",4.796932701647993,"[1.975, 2.8219327016479934]",16.725613779639616,0.0,[],8.522989374059451,0.0,0.0,0.0,"[4.872501448230405, 3.6504879258290455]",[],"[0.0, 0.0]",[],"[9.929490892898475, 6.796122886741142]"
908,0,1193,True,False,,0.0,4,4,,0,4,30.796674144647188,"[4.30142728458762, 8.968846560415603, 3.561130918084406, 13.965269381559558]",16.010702916412406,"[2.677556640989172, 4.497850158562086, 2.3888410580529182, 6.446455058808228]",40.8622161544373,0.0,[],19.936264300230548,0.0,0.0,0.0,"[4.244817208416092, 2.5059427624951733, 5.79725633765404, 7.388247991665242]",[],"[0.0, 0.0, 0.0, 0.0]",[],"[8.320044124143825, 3.8613916987055728, 12.300657276035999, 16.380123055551902]"
908,0,1194,True,False,,0.0,1,1,,0,1,7.1158003788016435,[7.1158003788016435],3.775162147732641,[3.775162147732641],6.928559250687636,0.0,[],3.702138107768178,0.0,0.0,0.0,[3.702138107768178],[],[0.0],[],[6.928559250687636]
908,0,1195,True,True,1.0,5.99,5,5,True,1,6,63.639596679756835,"[11.129473089474416, 16.812174334216003, 9.202772303158048, 16.236841452740176, 10.258335500168185]",29.819442705105164,"[5.340494504895022, 7.556747990344242, 4.589081198231639, 7.332368166568669, 5.000750845065593]",34.17271247876999,11.632757343372237,[11.632757343372237],18.327357866720295,5.536775363915172,13.327357866720297,4.536775363915172,"[6.096741952810422, 2.0242525432736573, 3.729595306443548, 3.2852561318757836, 3.191511932316885]",[5.536775363915172],"[5.096741952810422, 1.0242525432736573, 2.729595306443548, 2.2852561318757836, 2.191511932316885]",[4.536775363915172],"[13.068569109770312, 2.6262885724965574, 6.998962324214226, 5.859631107373804, 5.619261364915089]"
908,0,1196,True,False,,0.0,2,2,,0,2,26.05488503594502,"[4.3201521567721795, 21.734732879172842]",12.161405164018559,"[2.6848593411411503, 9.476545822877409]",24.02427350455074,0.0,[],11.369466666774791,0.0,0.0,0.0,"[4.972695233692761, 6.396771433082029]",[],"[0.0, 0.0]",[],"[10.186398035109644, 13.8378754694411]"
908,0,1197,True,False,,0.0,2,2,,0,2,21.05405548688428,"[16.00465770751057, 5.0493977793737095]",10.21108163988487,"[7.241816505929123, 2.969265133955747]",21.313502746580095,0.0,[],10.312266071166237,0.0,0.0,0.0,"[4.969197085844588, 5.343068985321649]",[],"[0.0, 0.0]",[],"[10.177428425242534, 11.136074321337562]"
908,0,1198,True,True,1.0,5.99,5,5,True,3,8,43.931954000522225,"[7.949417346574069, 6.745273693324939, 3.3266634846230647, 2.945487057962806, 22.965112418037343]",22.133462060203666,"[4.100272765163887, 3.6306567403967263, 2.297398759002995, 2.1487399526054944, 9.956393843034563]",42.91000181309848,32.7500491477033,"[9.444195230834216, 5.804704193327545, 17.501149723541538]",21.73490070710841,15.772519167604287,16.73490070710841,12.772519167604287,"[4.338905652492949, 5.381549588475737, 5.273063986384808, 2.4180144638740604, 4.323367015880855]","[4.683236140025345, 3.2638346353977425, 7.8254483921812]","[3.338905652492949, 4.381549588475737, 4.273063986384808, 1.4180144638740604, 3.323367015880855]","[3.6832361400253446, 2.2638346353977425, 6.8254483921812]","[8.561296544853715, 11.234742534553172, 10.95657432406361, 3.6359345227540008, 8.521453886873987]"
908,0,1199,True,True,1.0,5.99,5,5,True,3,8,54.127439971980934,"[19.694126696365156, 12.527815534355202, 2.5, 6.967601223308837, 12.437896517951733]",26.10970158907256,"[8.680709411582411, 5.885848058398529, 1.975, 3.7173644770904466, 5.850779642001176]",24.58521045229569,20.088386553360913,"[5.42646867770146, 3.315948646046972, 11.345969229612482]",14.58823207639532,10.834470755810756,9.58823207639532,7.834470755810757,"[2.0144395300593514, 5.3295810649798705, 2.5944002060512315, 2.2714036856889184, 2.378407589615948]","[3.1163227843035695, 2.293219971958319, 5.424927999548868]","[1.0144395300593512, 4.3295810649798705, 1.5944002060512315, 1.2714036856889186, 1.3784075896159478]","[2.1163227843035695, 1.293219971958319, 4.424927999548868]","[2.6011270001521822, 11.101489910204796, 4.088205656541619, 3.260009450484407, 3.5343784349126866]"
908,0,1200,True,False,,0.0,4,4,,0,4,25.76053773342508,"[4.95938045027388, 5.8439429861124355, 12.457214297038764, 2.5]",14.04660971603578,"[2.9341583756068133, 3.27913776458385, 5.858313575845118, 1.975]",48.06782652730159,0.0,[],22.746452345647626,0.0,0.0,0.0,"[4.572182718820582, 6.344377802623983, 4.207902964275607, 7.621988859927451]",[],"[0.0, 0.0, 0.0, 0.0]",[],"[9.159442868770723, 13.70353282724098, 8.225392216091299, 16.979458615198592]"
908,0,1201,True,True,1.0,5.99,7,7,True,1,8,79.49029736615029,"[6.143336915271499, 10.442386299730826, 23.128190688076984, 14.517697548947513, 15.96750307493204, 4.598723350625085, 4.6924594885663495]",38.00121597279862,"[3.395901396955885, 5.072530656895022, 10.019994368350025, 6.661902044089531, 7.227326199223496, 2.7935021067437833, 2.8300592005408767]",47.6488099934644,4.67533043761089,[4.67533043761089],25.58303589745111,2.823378870668247,18.58303589745111,1.8233788706682472,"[1.975, 2.406972817397258, 3.5605383010831186, 2.6082139938584317, 3.897899208820917, 6.054843242781685, 5.0795683335097035]",[2.823378870668247],"[0.9750000000000001, 1.406972817397258, 2.5605383010831186, 1.6082139938584317, 2.897899208820917, 5.054843242781685, 4.0795683335097035]",[1.8233788706682472],"[2.5, 3.6076226087109178, 6.565482823290047, 4.12362562527803, 7.430510791848504, 12.961136519953039, 10.460431624383855]"
908,0,1202,True,False,,0.0,1,1,,0,1,7.164486075734968,[7.164486075734968],3.7941495695366374,[3.7941495695366374],11.589700505331804,0.0,[],5.519983197079403,0.0,0.0,0.0,[5.519983197079403],[],[0.0],[],[11.589700505331804]
908,0,1203,True,True,1.0,5.99,6,6,True,2,8,78.13663133402254,"[2.5, 9.429540168081283, 4.575353068767214, 8.45627811875161, 6.511355597495882, 46.66410438092655]",36.47328622026879,"[1.975, 4.6775206655517, 2.7843876968192136, 4.297948466313128, 3.5394286830233943, 19.199000708561357]",47.14042371742627,21.03249255074949,"[8.543309372231297, 12.489183178518195]",24.38476524979625,10.202672094792302,18.38476524979625,8.202672094792302,"[3.261689278177696, 4.59513250179696, 2.55681952183742, 3.3081170684923946, 2.8922616345922503, 7.770745244899527]","[4.331890655170206, 5.870781439622096]","[2.261689278177696, 3.59513250179696, 1.55681952183742, 2.3081170684923946, 1.89226163459225, 6.770745244899527]","[3.331890655170206, 4.870781439622096]","[5.799203277378708, 9.218288466146051, 3.991844927788256, 5.918248893570243, 4.8519529092108975, 17.36088524333212]"
908,0,1204,True,True,1.0,5.99,5,5,True,2,7,78.73038672491096,"[9.765073657876357, 22.589170722948396, 2.8786437842692303, 37.2867515112627, 6.210747048554272]",35.70485082271527,"[4.80837872657178, 9.809776581949874, 2.122671075865, 15.541833089392453, 3.4221913489361664]",42.348752569099844,12.09910079408126,"[8.647995198630321, 3.451105595450939]",21.51601350194894,6.718649309691692,16.51601350194894,4.718649309691692,"[3.666129821453927, 3.1263780617071264, 3.646795741463592, 3.1632744154963315, 7.913435461827962]","[4.372718127465825, 2.345931182225866]","[2.666129821453927, 2.1263780617071264, 2.646795741463592, 2.1632744154963315, 6.913435461827962]","[3.3727181274658253, 1.3459311822258662]","[6.836230311420325, 5.452251440274683, 6.786655747342543, 5.546857475631619, 17.726757594430673]"
908,0,1205,True,False,,0.0,3,3,,0,3,10.377752506351936,"[5.377752506351936, 2.5, 2.5]",7.047323477477255,"[3.097323477477255, 1.975, 1.975]",30.56295367997487,0.0,[],14.919551935190201,0.0,0.0,0.0,"[5.7892751722393205, 4.529680929953294, 4.600595832997586]",[],"[0.0, 0.0, 0.0]",[],"[12.28019274933159, 9.050463922957164, 9.232297007686117]"
908,0,1206,True,False,,0.0,3,3,,0,3,29.463353878357474,"[6.783760976222744, 16.060579782766727, 6.619013119368003]",14.490708012559416,"[3.6456667807268706, 7.263626115279024, 3.5814151165535213]",45.869327402401574,0.0,[],20.889037686936614,0.0,0.0,0.0,"[3.2301009477882388, 5.763735047592366, 11.895201691556009]",[],"[0.0, 0.0, 0.0]",[],"[5.718207558431381, 12.214705250236836, 27.936414593733357]"
908,0,1207,True,False,,0.0,3,3,,0,3,29.83802895318,"[7.504681040277806, 7.739293588732015, 14.59405432417018]",14.6368312917402,"[3.9268256057083444, 4.018324499605486, 6.69168118642637]",30.325073301168512,0.0,[],14.826778587455719,0.0,0.0,0.0,"[5.96090928719753, 4.225624949390168, 4.640244350868022]",[],"[0.0, 0.0, 0.0]",[],"[12.72028022358341, 8.270833203564534, 9.333959874020568]"
908,0,1208,True,False,,0.0,3,3,,0,3,44.979192370336285,"[12.510634114349768, 20.27239106370365, 12.196167192282866]",20.541885024431153,"[5.87914730459641, 8.906232514844424, 5.756505204990318]",29.839094246792406,0.0,[],14.637246756249038,0.0,0.0,0.0,"[3.5107328910365756, 4.652370821915257, 6.474143043297205]",[],"[0.0, 0.0, 0.0]",[],"[6.437776643683527, 9.3650533895263, 14.036264213582577]"
908,0,1209,True,False,,0.0,1,1,,0,1,4.1353941732187325,[4.1353941732187325],2.6128037275553058,[2.6128037275553058],12.578314280015721,0.0,[],5.905542569206132,0.0,0.0,0.0,[5.905542569206132],[],[0.0],[],[12.578314280015721]
908,0,1210,True,False,,0.0,3,3,,0,3,18.91880964377782,"[5.807162144578999, 5.3384920607521575, 7.773155438446662]",10.37833576107335,"[3.2647932363858096, 3.0820119036933415, 4.031530620994198]",32.25736151859206,0.0,[],15.580370992250904,0.0,0.0,0.0,"[4.252865453343909, 6.987968145622101, 4.339537393284894]",[],"[0.0, 0.0, 0.0]",[],"[8.340680649599767, 15.353764475954103, 8.56291639303819]"
908,0,1211,True,False,,0.0,3,3,,0,3,37.737640193651664,"[7.551442767563635, 21.596581055062913, 8.589616371025114]",17.71767967552415,"[3.945062679349818, 9.422666611474536, 4.3499503846997944]",40.1495104896236,0.0,[],18.658309090953203,0.0,0.0,0.0,"[5.203805215671894, 8.96498966903983, 4.489514206241481]",[],"[0.0, 0.0, 0.0]",[],"[10.778987732492034, 20.423050433435463, 8.947472323696102]"
908,0,1212,True,False,,0.0,2,2,,0,2,28.17231291632699,"[21.055802319770436, 7.116510596556556]",12.987202037367528,"[9.21176290471047, 3.775439132657057]",13.63775648474834,0.0,[],7.318725029051854,0.0,0.0,0.0,"[2.763681478752141, 4.555043550299713]",[],"[0.0, 0.0]",[],"[4.5222602019285665, 9.115496282819775]"
908,0,1213,True,True,1.0,5.99,5,1,,3,8,7.62680569283053,[7.62680569283053],3.974454220203907,[3.974454220203907],9.205768729166072,29.071095939039466,"[4.483417006998704, 8.0265777891253, 16.56110114291546]",4.590249804374768,14.337727416225391,3.590249804374768,11.337727416225391,[4.590249804374768],"[2.7485326327294946, 4.130365337758867, 7.45882944573703]",[3.590249804374768],"[1.7485326327294946, 3.130365337758867, 6.45882944573703]",[9.205768729166072]
908,0,1214,True,False,,0.0,1,1,,0,1,13.821124034964607,[13.821124034964607],6.390238373636197,[6.390238373636197],9.88127695630848,0.0,[],4.853698012960307,0.0,0.0,0.0,[4.853698012960307],[],[0.0],[],[9.88127695630848]
908,0,1215,True,True,1.0,5.99,5,5,True,0,5,40.521214242239175,"[11.229824876691332, 2.785574808516869, 10.948451970856013, 5.2228454459002736, 10.33451714027469]",20.80327355447328,"[5.379631701909619, 2.0863741753215788, 5.269896268633845, 3.0369097239011067, 5.030461684707129]",57.672408610584995,0.0,[],27.49223935812815,0.0,22.49223935812815,0.0,"[7.025131700179938, 4.887229013023829, 2.162339596555867, 6.139337281281361, 7.278201767087154]",[],"[6.025131700179938, 3.8872290130238283, 1.1623395965558672, 5.139337281281361, 6.278201767087154]",[],"[15.44905564148702, 9.967253879548277, 2.9803579398868387, 13.17778790072144, 16.09795324894142]"
908,0,1216,True,False,,0.0,3,3,,0,3,18.92144488961039,"[8.971028558420382, 3.1141895291645647, 6.836226802025447]",10.379363506948053,"[4.498701137783949, 2.2145339163741804, 3.6661284527899243]",43.17311274083218,0.0,[],19.83751396892455,0.0,0.0,0.0,"[7.339036816936772, 8.782155572870625, 3.7163215791171544]",[],"[0.0, 0.0, 0.0]",[],"[16.253940556248132, 19.954245058642627, 6.964927125941421]"
908,0,1217,True,False,,0.0,3,3,,0,3,32.59358356060185,"[13.892923136023127, 7.009540476281368, 11.691119948297354]",15.711497588634721,"[6.4182400230490195, 3.7337207857497337, 5.559536779835968]",31.745513461691907,0.0,[],15.380750250059846,0.0,0.0,0.0,"[6.085000686567161, 5.6025675469323, 3.693182016560384]",[],"[0.0, 0.0, 0.0]",[],"[13.038463298890157, 11.80145524854436, 6.905594914257394]"
908,0,1218,True,False,,0.0,3,3,,0,3,22.471004466159883,"[4.395836688292745, 6.699678385776173, 11.375489392090968]",11.763691741802356,"[2.7143763084341703, 3.612874570452708, 5.436440862915478]",36.53453091407013,0.0,[],17.24846705648735,0.0,0.0,0.0,"[5.0933031456663, 7.615482836399816, 4.539681074421235]",[],"[0.0, 0.0, 0.0]",[],"[10.495649091452051, 16.96277650358927, 9.076105319028807]"
908,0,1219,True,False,,0.0,3,3,,0,3,45.77021300546134,"[13.568159112012948, 15.435930568108255, 16.766123325340136]",20.850383072129922,"[6.29158205368505, 7.02001292156222, 7.538788096882653]",13.706185480681402,0.0,[],8.345412337465747,0.0,0.0,0.0,"[2.29598328715464, 3.8203247651942616, 2.2291042851168448]",[],"[0.0, 0.0, 0.0]",[],"[3.323034069627282, 7.231601962036568, 3.151549449017551]"
908,0,1220,True,False,,0.0,4,4,,0,4,40.89516531260999,"[16.688755669915345, 9.396401596771815, 5.122435023981658, 9.687573021941173]",19.9491144719179,"[7.5086147112669845, 4.6645966227410085, 2.9977496593528468, 4.778153478557058]",34.90995662262489,0.0,[],17.614883082823706,0.0,0.0,0.0,"[3.819316820934514, 6.677211193909757, 5.0490952845221555, 2.0692597834572792]",[],"[0.0, 0.0, 0.0, 0.0]",[],"[7.229017489575677, 14.556951779255787, 10.38229560133886, 2.741691752454561]"
908,0,1221,True,False,,0.0,3,3,,0,3,41.877226803994276,"[11.272434311878825, 5.066903140471051, 25.537889351644395]",19.33211845355777,"[5.396249381632742, 2.97609222478371, 10.959776847141315]",20.03056492588493,0.0,[],10.811920321095123,0.0,0.0,0.0,"[4.055579261435968, 3.7229503846984877, 3.0333906749606676]",[],"[0.0, 0.0, 0.0]",[],"[7.834818619066585, 6.981924063329456, 5.213822243488891]"
908,0,1222,True,True,1.0,5.99,6,6,True,2,8,69.42553951774383,"[16.058740038436806, 5.316015201845943, 2.5, 21.146125213460465, 12.045701685384707, 12.358957378615901]",33.07596041192009,"[7.262908614990354, 3.073245928719918, 1.975, 9.246988833249581, 5.697823657300035, 5.819993377660202]",53.16940119559709,8.716069326005558,"[4.358034663002779, 4.358034663002779]",26.736066466282864,5.399267037142168,20.736066466282864,3.3992670371421676,"[2.4759861788368216, 5.9168984845363495, 4.920685844994939, 4.69139052724004, 5.71700214267203, 3.0141032880026875]","[2.699633518571084, 2.699633518571084]","[1.4759861788368218, 4.9168984845363495, 3.9206858449949387, 3.69139052724004, 4.71700214267203, 2.0141032880026875]","[1.6996335185710838, 1.6996335185710838]","[3.7845799457354405, 12.607432011631666, 10.05304062819215, 9.465103916000102, 12.09487728890264, 5.164367405135096]"
908,0,1223,True,False,,0.0,4,4,,0,4,36.75397807799399,"[22.452629161192974, 2.5, 2.5, 9.301348916801016]",18.334051450417654,"[9.75652537286526, 1.975, 1.975, 4.627526077552396]",51.42286607297878,0.0,[],24.05491776846172,0.0,0.0,0.0,"[7.700898440179039, 2.2885138709326043, 9.239549729000197, 4.825955728349882]",[],"[0.0, 0.0, 0.0, 0.0]",[],"[17.181790872253945, 3.3038817203400104, 21.12705058717999, 9.810142893204826]"
908,0,1224,True,False,,0.0,3,3,,0,3,18.59997210186396,"[2.5, 5.815769021920612, 10.284203079943346]",10.253989119726944,"[1.975, 3.268149918549039, 5.010839201177905]",38.38296463979295,0.0,[],17.969356209519248,0.0,0.0,0.0,"[8.850916243685042, 3.780897453294231, 5.337542512539978]",[],"[0.0, 0.0, 0.0]",[],"[20.13055447098729, 7.130506290498028, 11.121903878307634]"
908,0,1225,True,False,,0.0,4,4,,0,4,38.93865103326989,"[12.869205597844962, 5.520615753216095, 14.063739429437573, 6.485090252771261]",19.18607390297526,"[6.018990183159535, 3.153040143754277, 6.484858377480654, 3.529185198580792]",21.72388641271643,0.0,[],12.472315700959406,0.0,0.0,0.0,"[2.4449140079897678, 1.975, 2.0883596545518417, 5.964042038417798]",[],"[0.0, 0.0, 0.0, 0.0]",[],"[3.7049077127942756, 2.5, 2.790665780902158, 12.728312919019995]"
908,0,1226,True,True,1.0,5.99,5,5,True,3,8,41.68123889152567,"[6.882694814203771, 5.382440241856795, 7.54569592716781, 2.5, 19.3704079082973]",21.255683167695015,"[3.6842509775394707, 3.09915169432415, 3.942821411595446, 1.975, 8.554459084235948]",47.54791046582237,27.636115252092306,"[10.78621590264352, 9.288137075244988, 7.561762274203798]",23.543685081670723,13.778084948316,18.543685081670723,10.778084948316,"[4.436501421716347, 4.308254938863575, 3.56399456673952, 2.3661343705282847, 8.868799783822997]","[5.206624202030973, 4.622373459345545, 3.9490872869394815]","[3.4365014217163474, 3.3082549388635756, 2.56399456673952, 1.3661343705282847, 7.868799783822996]","[4.206624202030973, 3.622373459345545, 2.9490872869394815]","[8.811542106964993, 8.482704971445065, 6.574345042921846, 3.502908642380217, 20.176409702110245]"
908,0,1227,True,False,,0.0,1,1,,0,1,2.5,[2.5],1.975,[1.975],4.12811415421944,0.0,[],2.6099645201455814,0.0,0.0,0.0,[2.6099645201455814],[],[0.0],[],[4.12811415421944]
908,0,1228,True,False,,0.0,2,2,,0,2,37.04975453035716,"[3.0275138551262306, 34.02224067523093]",16.449404266839295,"[2.18073040349923, 14.268673863340064]",30.336250823416037,0.0,[],13.831137821132256,0.0,0.0,0.0,"[10.522712875514111, 3.3084249456181443]",[],"[0.0, 0.0]",[],"[24.417212501318232, 5.919038322097806]"
908,0,1229,True,False,,0.0,3,3,,0,3,24.443343326155947,"[12.175036932809062, 9.768306393346883, 2.5]",12.53290389720082,"[5.748264403795535, 4.809639493405284, 1.975]",12.396353727569505,0.0,[],7.834577953752108,0.0,0.0,0.0,"[2.417928093821848, 2.8269806479346906, 2.589669211995569]",[],"[0.0, 0.0, 0.0]",[],"[3.6357130610816606, 4.684565763935104, 4.07607490255274]"
908,0,1230,True,False,,0.0,3,3,,0,3,23.42123781607018,"[6.044557330533985, 11.470683946108302, 5.905996539427895]",12.134282748267372,"[3.3573773589082543, 5.473566738982238, 3.303338650376879]",42.94395198102095,0.0,[],19.748141272598172,0.0,0.0,0.0,"[5.0952640663286815, 6.542345249525424, 8.110531956744065]",[],"[0.0, 0.0, 0.0]",[],"[10.500677093150465, 14.211141665449805, 18.232133222420682]"
908,0,1231,True,False,,0.0,1,1,,0,1,16.103460790328842,[16.103460790328842],7.280349708228249,[7.280349708228249],8.448155163504994,0.0,[],4.294780513766948,0.0,0.0,0.0,[4.294780513766948],[],[0.0],[],[8.448155163504994]
908,0,1232,True,True,1.0,5.99,8,8,True,2,10,89.04183047762484,"[11.731176045892854, 8.920541138089343, 2.5, 14.68160281494923, 17.799773477616842, 10.352142825995152, 6.594793336523165, 16.461800838558254]",42.72631388627369,"[5.575158657898213, 4.479011043854843, 1.975, 6.725825097830199, 7.941911656270569, 5.037335702138109, 3.5719694012440346, 7.4201023270377195]",82.294092035512,8.519613888231419,"[4.570361479144582, 3.9492524090868373]",40.094695893849675,5.322649416410254,32.09469589384968,3.3226494164102536,"[3.759606548952152, 6.771636168941822, 4.197157163295918, 4.623756022464438, 1.975, 2.962828773987327, 11.158426792228287, 4.646284423979736]","[2.782440976866387, 2.540208439543867]","[2.759606548952152, 5.771636168941822, 3.197157163295918, 3.623756022464438, 0.9750000000000001, 1.9628287739873271, 10.158426792228287, 3.6462844239797367]","[1.782440976866387, 1.5402084395438667]","[7.075914228082441, 14.799067099850825, 8.197838880245943, 9.291682108883174, 2.5, 5.032894292275198, 26.047248185200733, 9.349447240973683]"
908,0,1233,True,True,1.0,5.99,5,5,True,0,5,59.276430595705634,"[3.476588612169152, 3.3901659215119064, 9.256502111061726, 14.835116488088403, 28.318057462874442]",28.117807932325196,"[2.3558695587459693, 2.322164709389644, 4.610035823314073, 6.785695430354477, 12.044042410521033]",61.49448692219231,0.0,[],28.982849899655005,0.0,23.982849899655005,0.0,"[2.949249578053574, 7.450099614011027, 5.134888113843515, 6.123299168981858, 7.325313424765027]",[],"[1.9492495780535741, 6.450099614011027, 4.134888113843515, 5.123299168981858, 6.325313424765027]",[],"[4.99807584116301, 16.53871695900263, 10.602277214983372, 13.136664535850919, 16.218752371192377]"
908,0,1234,True,False,,0.0,3,3,,0,3,27.383243568304223,"[12.96080694133181, 5.509546271767424, 8.912890355204992]",13.679464991638648,"[6.054714707119406, 3.1487230459892954, 4.476027238529946]",39.080805954974124,0.0,[],18.24151432243991,0.0,0.0,0.0,"[4.932845603046144, 8.58858984876807, 4.720078870625698]",[],"[0.0, 0.0, 0.0]",[],"[10.084219494990112, 19.457922689148894, 9.538663770835122]"
908,0,1235,True,True,1.0,5.99,6,6,True,4,10,62.21547640203242,"[13.244529244296182, 15.398163585665188, 12.687109763100715, 3.788904563839191, 9.636107280783804, 7.460661964347347]",30.264035796792644,"[6.165366405275511, 7.005283798409423, 5.947972807609279, 2.4776727798972846, 4.758081839505683, 3.9096581660954652]",62.62054278115871,27.687940686437322,"[8.050547466444772, 7.917017632946216, 5.766536048882804, 5.953839538163529]",30.4220116846519,14.798296867710555,24.4220116846519,10.798296867710555,"[1.975, 5.84167847955019, 4.554585280536096, 5.17089469517233, 8.44632386589007, 4.433529363503212]","[4.139713511913461, 4.087636876849024, 3.2489490590642935, 3.3219974198837763]","[0.9750000000000001, 4.84167847955019, 3.554585280536096, 4.17089469517233, 7.44632386589007, 3.433529363503212]","[3.1397135119134614, 3.0876368768490243, 2.2489490590642935, 2.3219974198837763]","[2.5, 12.414560203974846, 9.114321232143835, 10.694601782493153, 19.093138117666847, 8.80392144488003]"
908,0,1236,True,True,1.0,5.99,7,7,True,4,11,64.5885777453742,"[10.335295596750475, 3.6572640453799736, 7.963094775273749, 4.824139229292753, 12.974725775538088, 12.959707897665519, 11.874350425473637]",32.189545320695935,"[5.030765282732686, 2.4263329776981895, 4.105606962356762, 2.881414299424174, 6.060143052459854, 6.054286080089552, 5.630996665934719]",90.61167303111192,30.916925824071708,"[7.205372599501811, 7.122261975565654, 3.4799697349759753, 13.109321514028267]",42.33855248213365,16.057601071387968,35.33855248213365,12.057601071387968,"[6.356893345946795, 6.4383441749115455, 2.459951139956218, 3.841474614082034, 7.715026933735726, 6.759294150612208, 8.767568122889124]","[3.8100953138057068, 3.777682170470605, 2.3571881966406307, 6.112635390471024]","[5.356893345946795, 5.4383441749115455, 1.459951139956218, 2.841474614082034, 6.715026933735726, 5.759294150612208, 7.767568122889124]","[2.8100953138057068, 2.777682170470605, 1.3571881966406305, 5.112635390471024]","[13.735623963966141, 13.944472243362936, 3.7434644614262, 7.285832343800087, 17.218017778809553, 14.76742089900566, 19.916841340741342]"
908,0,1237,True,True,1.0,5.99,5,5,True,1,6,51.788217029969054,"[11.42577254065462, 6.377267410971591, 13.9271279884147, 12.111800661125724, 7.946248428802422]",25.197404641687935,"[5.456051290855302, 3.4871342902789206, 6.431579915481733, 5.723602257839032, 4.099036887232945]",48.26014867351531,11.134162432878197,[11.134162432878197],23.821457982670974,5.3423233488224975,18.821457982670974,4.3423233488224975,"[7.464679256711965, 5.345851650341086, 2.498613462422795, 2.3806081697553507, 6.131705443439778]",[5.3423233488224975],"[6.464679256711965, 4.345851650341086, 1.4986134624227951, 1.3806081697553505, 5.131705443439778]",[4.3423233488224975],"[16.576100658235806, 11.143209359848937, 3.8425986215969106, 3.540020948090642, 13.15821908574302]"
908,0,1238,True,True,1.0,5.99,5,5,True,3,8,47.264287970105705,"[16.032388893858208, 6.9995485837491955, 8.541267667350855, 9.333595892269264, 6.357486932878183]",23.433072308341227,"[7.252631668604701, 3.729823947662186, 4.331094390266834, 4.640102397985013, 3.4794199038224916]",43.54892138487081,27.80601743473642,"[9.728628906720566, 10.36799548057528, 7.709393047440574]",21.98407934009962,13.844346799547203,16.98407934009962,10.844346799547203,"[3.1057538918738157, 1.975, 6.914158247426304, 4.47922272461752, 5.509944476181979]","[4.7941652736210205, 5.043518237424359, 4.006663288501824]","[2.1057538918738157, 0.9750000000000001, 5.914158247426304, 3.4792227246175202, 4.509944476181979]","[3.794165273621021, 4.043518237424359, 3.006663288501824]","[5.399368953522604, 2.5, 15.164508326734111, 8.921083909275692, 11.563960195338407]"
908,0,1239,True,False,,0.0,3,3,,0,3,26.703370987280465,"[3.150571915098211, 7.427537282825418, 16.125261789356838]",13.414314685039383,"[2.2287230468883026, 3.896739540301913, 7.288852097849167]",27.86579733509557,0.0,[],13.867660960687273,0.0,0.0,0.0,"[5.847748182814701, 4.591292780877552, 3.4286199969950197]",[],"[0.0, 0.0, 0.0]",[],"[12.430123545678722, 9.208443027891159, 6.227230761525691]"
908,0,1240,True,False,,0.0,4,4,,0,4,24.749281322571598,"[3.5273718258415414, 9.53804644915291, 7.056645844200559, 4.627217203376587]",13.652219715802923,"[2.375675012078201, 4.719838115169635, 3.752091879238218, 2.8046147093168687]",39.47196010517381,0.0,[],19.394064441017786,0.0,0.0,0.0,"[4.236598077862222, 5.319479059592612, 6.888551722958675, 2.9494355806042782]",[],"[0.0, 0.0, 0.0, 0.0]",[],"[8.298969430415953, 11.075587332288748, 15.098850571688908, 4.998552770780201]"
908,0,1241,True,False,,0.0,1,1,,0,1,7.1358159945125905,[7.1358159945125905],3.7829682378599103,[3.7829682378599103],14.19953751757343,0.0,[],6.537819631853639,0.0,0.0,0.0,[6.537819631853639],[],[0.0],[],[14.19953751757343]
908,0,1242,True,False,,0.0,1,1,,0,1,13.163320026447991,[13.163320026447991],6.133694810314717,[6.133694810314717],13.628363017624219,0.0,[],6.315061576873446,0.0,0.0,0.0,[6.315061576873446],[],[0.0],[],[13.628363017624219]
908,0,1243,True,False,,0.0,3,3,,0,3,34.73493828713577,"[17.091885002185855, 8.403122843678828, 9.239930441271085]",16.546625931982952,"[7.665835150852484, 4.277217909034743, 4.603572872095723]",20.43627883633688,0.0,[],10.970148746171382,0.0,0.0,0.0,"[2.568119087484255, 3.569983375016527, 4.832046283670601]",[],"[0.0, 0.0, 0.0]",[],"[4.0208181730365515, 6.589700961580838, 9.82575970171949]"
908,0,1244,True,False,,0.0,3,3,,0,3,12.146456932449674,"[3.6925372476013765, 5.086177485954722, 3.3677421988935756]",7.737118203655373,"[2.440089526564537, 2.9836092195223416, 2.3134194575684948]",16.77097824563949,0.0,[],9.540681515799402,0.0,0.0,0.0,"[3.618138431524584, 2.7043925270155045, 3.218150557259313]",[],"[0.0, 0.0, 0.0]",[],"[6.713175465447652, 4.370237248757703, 5.687565531434135]"
908,0,1245,True,False,,0.0,4,4,,0,4,43.88637905004084,"[9.614560471649222, 9.613816177718231, 15.157145190928786, 9.500857209744597]",21.115687829515927,"[4.749678583943197, 4.74938830931011, 6.911286624462226, 4.705334311800392]",35.67717974765572,0.0,[],17.91410010158573,0.0,0.0,0.0,"[4.9894696352821155, 3.525635723484959, 5.912743808200677, 3.48625093461798]",[],"[0.0, 0.0, 0.0, 0.0]",[],"[10.229409321236194, 6.475989034576817, 12.596778995386352, 6.375002396456359]"
908,0,1246,True,False,,0.0,3,3,,0,3,24.743700044729888,"[9.176522082763745, 4.537633192954983, 11.02954476901116]",12.650043017444656,"[4.57884361227786, 2.7696769452524435, 5.301522459914352]",10.923463243570207,0.0,[],7.260150664992381,0.0,0.0,0.0,"[1.975, 2.292241122036591, 2.9929095429557897]",[],"[0.0, 0.0, 0.0]",[],"[2.5, 3.313438774452797, 5.11002446911741]"
908,0,1247,True,False,,0.0,1,1,,0,1,19.473594968169497,[19.473594968169497],8.594702037586103,[8.594702037586103],14.699091583093253,0.0,[],6.732645717406369,0.0,0.0,0.0,[6.732645717406369],[],[0.0],[],[14.699091583093253]
908,0,1248,True,False,,0.0,4,4,,0,4,45.51994502479948,"[17.65990867729951, 6.964307924598003, 18.395728422901975, 2.5]",21.752778559671803,"[7.887364384146808, 3.716080090593221, 8.17433408493177, 1.975]",54.55954106885358,0.0,[],25.2782210168529,0.0,0.0,0.0,"[9.158672050612982, 5.62386900016947, 2.832839347215657, 7.662840618854791]",[],"[0.0, 0.0, 0.0, 0.0]",[],"[20.919671924648668, 11.856074359408897, 4.6995880697837356, 17.084206715012282]"
908,0,1249,True,True,1.0,5.99,7,7,True,0,7,49.86308564456549,"[7.753632641013607, 10.880731049867471, 3.332497473559346, 8.544347116552274, 6.063119106854053, 5.828902649541964, 7.459855607176774]",26.44660340138054,"[4.023916729995307, 5.243485109448314, 2.299674014688145, 4.332295375455387, 3.364616451673081, 3.273272033321366, 3.909343686798942]",63.20371070132336,0.0,[],31.649447173516105,0.0,24.64944717351611,0.0,"[3.30237497549292, 2.4651603688159547, 5.78551915194307, 2.6295434975832324, 5.708062449780147, 7.794831831586351, 3.9639548983144315]",[],"[2.30237497549292, 1.4651603688159547, 4.78551915194307, 1.6295434975832326, 4.708062449780147, 6.794831831586351, 2.9639548983144315]",[],"[5.903525578186974, 3.756821458502448, 12.270561928059156, 4.178316660469827, 12.071954999436276, 17.422645722016284, 7.599884354652388]"
908,0,1250,True,True,1.0,5.99,6,6,True,3,9,63.126358308874124,"[13.452321988518856, 9.829575027135096, 7.261294027075803, 12.401164001618824, 9.22763062620499, 10.95437263832055]",30.619279740460904,"[6.2464055755223535, 4.833534260582688, 3.831904670559563, 5.836453960631341, 4.5987759442199465, 5.272205328945015]",51.65970440559627,30.78464240731767,"[11.209113545406971, 7.718280129304236, 11.857248732606463]",26.147284718182547,15.006010538853893,20.147284718182547,12.006010538853893,"[2.9365100750002138, 5.586587856447978, 8.513886361713936, 3.4043605970734387, 2.592072578295152, 3.1138672496518294]","[5.371554282708719, 4.010129250428652, 5.624327005716521]","[1.9365100750002138, 4.586587856447978, 7.5138863617139355, 2.4043605970734387, 1.5920725782951524, 2.1138672496518294]","[4.371554282708719, 3.010129250428652, 4.624327005716521]","[4.9654104487184965, 11.760481683199943, 19.26637528644599, 6.165027171983176, 4.08223738024398, 5.420172435004691]"
908,0,1251,True,False,,0.0,1,1,,0,1,5.747542450746608,[5.747542450746608],3.2415415557911773,[3.2415415557911773],9.17237322547364,0.0,[],4.577225557934719,0.0,0.0,0.0,[4.577225557934719],[],[0.0],[],[9.17237322547364]
908,0,1252,True,False,,0.0,3,3,,0,3,20.288686108119304,"[5.758439968055493, 4.522298183754769, 10.007947956309042]",10.912587582166529,"[3.245791587541642, 2.7636962916643597, 4.903099702960526]",39.56475196763064,0.0,[],18.43025326737595,0.0,0.0,0.0,"[5.098728191302141, 8.842734027593881, 4.4887910484799285]",[],"[0.0, 0.0, 0.0]",[],"[10.509559464877285, 20.109574429727896, 8.945618073025457]"
908,0,1253,True,True,1.0,5.99,5,5,True,1,6,48.33606884118048,"[12.28074068643825, 2.952591166744357, 12.08001051608391, 10.94327576873043, 10.079450703183534]",23.85106684806039,"[5.789488867710918, 2.151510555030299, 5.711204101272725, 5.267877549804868, 4.930985774241579]",43.014348358872034,9.658679265790829,[9.658679265790829],21.775595859960095,4.766884913658423,16.775595859960095,3.7668849136584233,"[4.672633373655401, 2.5527813840101397, 3.9472953962676347, 5.914272887218106, 4.688612818808814]",[4.766884913658423],"[3.6726333736554015, 1.5527813840101397, 2.9472953962676347, 4.914272887218106, 3.688612818808814]",[3.7668849136584233],"[9.417008650398465, 3.981490728231127, 7.557167682737525, 12.600699710815654, 9.457981586689266]"
908,0,1254,True,False,,0.0,2,2,,0,2,19.9380840239748,"[12.967949562207053, 6.970134461767746]",9.775852769350172,"[6.057500329260751, 3.718352440089421]",14.87853814625527,0.0,[],7.802629877039555,0.0,0.0,0.0,"[3.562836352647471, 4.239793524392084]",[],"[0.0, 0.0]",[],"[6.571375263198644, 8.307162883056625]"
908,0,1255,True,False,,0.0,1,1,,0,1,12.808263924661311,[12.808263924661311],5.995222930617912,[5.995222930617912],8.222921078529728,0.0,[],4.2069392206265945,0.0,0.0,0.0,[4.2069392206265945],[],[0.0],[],[8.222921078529728]
908,0,1256,True,False,,0.0,1,1,,0,1,9.63502386542394,[9.63502386542394],4.757659307515337,[4.757659307515337],6.292538195989777,0.0,[],3.454089896436013,0.0,0.0,0.0,[3.454089896436013],[],[0.0],[],[6.292538195989777]
908,0,1257,True,True,1.0,5.99,6,6,True,2,8,79.21434360518265,"[23.14074723736966, 11.657021215008587, 2.9991599035327132, 26.109623279698837, 2.6545610828591855, 12.653230886713652]",36.89359400602123,"[10.024891422574168, 5.5462382738533496, 2.1696723623777583, 11.182753079082547, 2.0352788223150826, 5.934760045818325]",45.59361767770824,11.109267625712885,"[7.9381487473461885, 3.1711188783666957]",23.781510894306212,6.332614374028025,17.781510894306212,4.332614374028025,"[2.2081461786573207, 3.675719914370999, 3.4017341442814284, 4.918187348543937, 4.253782369597041, 5.323940938855485]","[4.095878011465014, 2.2367363625630112]","[1.2081461786573207, 2.675719914370999, 2.4017341442814284, 3.9181873485439374, 3.253782369597041, 4.323940938855485]","[3.0958780114650137, 1.2367363625630114]","[3.0978107145059504, 6.860820293258971, 6.158292677644688, 10.046634227035737, 8.34303171691549, 11.087028048347397]"
908,0,1258,True,False,,0.0,2,2,,0,2,26.412948339095603,"[15.861628806984744, 10.55131953211086]",12.301049852247285,"[7.18603523472405, 5.115014617523236]",6.122980911651563,0.0,[],4.38796255554411,0.0,0.0,0.0,"[2.4129625555441097, 1.975]",[],"[0.0, 0.0]",[],"[3.622980911651563, 2.5]"
908,0,1259,True,False,,0.0,2,2,,0,2,25.823672746638564,"[11.151895252854477, 14.671777493784086]",12.07123237118904,"[5.349239148613246, 6.721993222575794]",9.096341607025959,0.0,[],5.547573226740125,0.0,0.0,0.0,"[2.7451567783720403, 2.8024164483680845]",[],"[0.0, 0.0]",[],"[4.474760970184718, 4.621580636841242]"
908,0,1260,True,True,1.0,5.99,6,6,True,2,8,44.4905478712343,"[8.301285159438256, 6.339917302392099, 4.8169826871411665, 4.487516527780707, 8.961729135182521, 11.583117059299548]",23.351313669781376,"[4.23750121218092, 3.4725677479329184, 2.878623247985055, 2.7501314458344757, 4.4950743627211835, 5.5174156531268235]",54.414511086733356,18.162696556286413,"[12.72271939778436, 5.439977158502055]",27.221659323826007,9.083451656951702,21.221659323826007,7.083451656951702,"[3.5509327876757015, 2.928858313527707, 4.457424490645122, 5.602185108990019, 7.682517216863443, 2.9997414061240173]","[5.9618605651359005, 3.1215910918158016]","[2.5509327876757015, 1.9288583135277066, 3.457424490645122, 4.602185108990019, 6.682517216863443, 1.9997414061240173]","[4.9618605651359005, 2.1215910918158016]","[6.540853301732568, 4.94579054750694, 8.865191001654159, 11.800474638435947, 17.134659530419082, 5.12754206698466]"
908,0,1261,True,False,,0.0,1,1,,0,1,8.143557891944516,[8.143557891944516],4.175987577858361,[4.175987577858361],10.678391072913708,0.0,[],5.164572518436346,0.0,0.0,0.0,[5.164572518436346],[],[0.0],[],[10.678391072913708]
908,0,1262,True,False,,0.0,2,2,,0,2,18.8900076919155,"[6.367040542718372, 12.522967149197127]",9.367102999847045,"[3.4831458116601652, 5.88395718818688]",26.123900217236503,0.0,[],12.188321084722237,0.0,0.0,0.0,"[6.6377914419169235, 5.550529642805313]",[],"[0.0, 0.0]",[],"[14.455875492094675, 11.668024725141828]"
908,0,1263,True,False,,0.0,3,3,,0,3,23.398877447715,"[2.5, 3.2404073211700686, 17.658470126544934]",12.125562204608851,"[1.975, 2.263758855256327, 7.886803349352524]",44.40047776264846,0.0,[],20.316186327432895,0.0,0.0,0.0,"[8.64372826786964, 6.650444826695365, 5.0220132328678915]",[],"[0.0, 0.0, 0.0]",[],"[19.5993032509478, 14.488320068449653, 10.312854443251004]"
908,0,1264,True,False,,0.0,4,4,,0,4,49.45678300684492,"[15.163652219626854, 18.173767193540385, 12.054156378960274, 4.065207214717413]",23.288145372669522,"[6.913824365654474, 8.08776920548075, 5.701120987794507, 2.585430813739791]",33.45016657954746,0.0,[],17.045564966023505,0.0,0.0,0.0,"[3.9708006081875467, 2.559255746596121, 4.767272769397895, 5.748235841841945]",[],"[0.0, 0.0, 0.0, 0.0]",[],"[7.617437456891145, 3.9980916579387724, 9.65967376768691, 12.174963697030627]"
908,0,1265,True,False,,0.0,1,1,,0,1,9.636790427583044,[9.636790427583044],4.7583482667573875,[4.7583482667573875],22.689752230597744,0.0,[],9.84900336993312,0.0,0.0,0.0,[9.84900336993312],[],[0.0],[],[22.689752230597744]
908,0,1266,True,False,,0.0,1,1,,0,1,6.879258395988021,[6.879258395988021],3.6829107744353284,[3.6829107744353284],25.070113200932386,0.0,[],10.777344148363632,0.0,0.0,0.0,[10.777344148363632],[],[0.0],[],[25.070113200932386]
908,0,1267,True,False,,0.0,2,2,,0,2,18.537601597068942,"[14.52198291807142, 4.015618678997522]",9.229664622856887,"[6.663573338047854, 2.5660912848090334]",32.048032141261885,0.0,[],14.498732535092135,0.0,0.0,0.0,"[7.194826947555175, 7.30390558753696]",[],"[0.0, 0.0]",[],"[15.884171660397882, 16.163860480864]"
908,0,1268,True,True,1.0,5.99,7,7,True,1,8,79.26417771386384,"[3.8504861331718083, 19.069149078432133, 12.35815791048455, 7.695234700018886, 6.244418427394849, 6.519386139543468, 23.527345324818146]",37.9130293084069,"[2.501689591937005, 8.436968140588533, 5.819681585088975, 4.001141533007365, 3.4353231866839913, 3.5425605944219525, 10.175664676679077]",56.30575303943002,14.090738750498767,[14.090738750498767],28.95924368537771,6.49538811269452,21.95924368537771,5.49538811269452,"[5.481627716710587, 3.474741615436924, 3.7521510715903563, 4.89706085840594, 5.57156195516793, 3.7577535470755192, 2.0243469209904537]",[6.49538811269452],"[4.481627716710587, 2.474741615436924, 2.7521510715903563, 3.8970608584059403, 4.57156195516793, 2.7577535470755192, 1.0243469209904537]",[5.49538811269452],"[11.491353119770737, 6.345491321633138, 7.056797619462452, 9.99246373950241, 11.72195373119982, 7.07116294121928, 2.626530566642189]"
908,0,1269,True,False,,0.0,2,2,,0,2,15.491129672157195,"[4.089177909909475, 11.40195176224772]",8.041540572141306,"[2.5947793848646956, 5.446761187276611]",18.376996880373582,0.0,[],9.167028783345698,0.0,0.0,0.0,"[5.316300196454803, 3.850728586890895]",[],"[0.0, 0.0]",[],"[11.06743640116616, 7.309560479207423]"
908,0,1270,True,True,1.0,5.99,5,5,True,3,8,55.49873983321548,"[15.224156522271807, 3.8724538509998, 10.812671712381515, 7.73557842505184, 17.853879322510526]",26.644508534954042,"[6.937421043686005, 2.510257001889922, 5.216941967828792, 4.016875585770218, 7.963012935779106]",30.814812258567382,18.657249915345353,"[9.716498200806084, 3.238168988335543, 5.702582726203728]",17.01777678084128,10.27632746698469,12.017776780841281,7.276327466984689,"[2.7174694782382764, 5.245670461960168, 3.641065684507385, 2.1338868738667163, 3.279684282268734]","[4.789434298314373, 2.2628859054508617, 3.224007263219454]","[1.7174694782382764, 4.245670461960168, 2.641065684507385, 1.1338868738667165, 2.279684282268734]","[3.789434298314373, 1.2628859054508619, 2.224007263219454]","[4.4037678929186574, 10.886334517846585, 6.77196329360868, 2.907402240683888, 5.845344313509575]"
908,0,1271,True,False,,0.0,4,4,,0,4,61.50995198085303,"[8.637577497756846, 13.270071482658853, 25.081838215608006, 14.520464784829333]",27.988881272532687,"[4.36865522412517, 6.175327878236953, 10.781916904087122, 6.66298126608344]",38.73486979592578,0.0,[],19.106599220411056,0.0,0.0,0.0,"[4.613459023175089, 4.253517205161916, 7.701843118194461, 2.5377798738795896]",[],"[0.0, 0.0, 0.0, 0.0]",[],"[9.265279546602793, 8.342351808107479, 17.18421312357554, 3.9430253176399725]"
908,0,1272,True,False,,0.0,1,1,,0,1,8.371764330219461,[8.371764330219461],4.26498808878559,[4.26498808878559],5.915764982911724,0.0,[],3.307148343335572,0.0,0.0,0.0,[3.307148343335572],[],[0.0],[],[5.915764982911724]
908,0,1273,True,False,,0.0,4,4,,0,4,20.597308247342127,"[4.688815206022484, 7.935100231464904, 4.265212653702394, 3.708180156152345]",12.03295021646343,"[2.828637930348769, 4.094689090271313, 2.663432934943934, 2.4461902608994146]",47.06213204575484,0.0,[],22.35423149784439,0.0,0.0,0.0,"[6.0380216758664735, 7.050253919453292, 3.954137770314808, 5.311818132209816]",[],"[0.0, 0.0, 0.0, 0.0]",[],"[12.918004297093521, 15.513471588341773, 7.574712231576431, 11.055943928743117]"
908,0,1274,True,False,,0.0,3,3,,0,3,20.35390946489255,"[5.035910773056902, 6.7256360540166815, 8.592362637818965]",10.938024691308094,"[2.964005201492192, 3.622998061066506, 4.351021428749396]",34.4617787434158,0.0,[],16.44009370993216,0.0,0.0,0.0,"[6.889323954878547, 5.680340914077462, 3.8704288409761527]",[],"[0.0, 0.0, 0.0]",[],"[15.100830653534736, 12.000874138660159, 7.360073951220904]"
908,0,1275,True,True,1.0,5.99,5,5,True,0,5,37.864093099929875,"[12.998013063306814, 8.159992269054888, 5.624463307047835, 8.58162446052034, 2.5]",19.766996308972654,"[6.069225094689657, 4.182396984931406, 3.1935406897486556, 4.346833539602933, 1.975]",46.38161183006331,0.0,[],23.08882861372469,0.0,18.08882861372469,0.0,"[2.292120151171579, 5.089897065498784, 6.2853135891023815, 4.864466915317901, 4.557030892634046]",[],"[1.292120151171579, 4.089897065498784, 5.2853135891023815, 3.8644669153179008, 3.5570308926340464]",[],"[3.3131285927476384, 10.486915552560983, 13.552086125903541, 9.908889526456155, 9.12059203239499]"
908,0,1276,True,False,,0.0,1,1,,0,1,7.612366894704715,[7.612366894704715],3.968823088934839,[3.968823088934839],14.648444260376207,0.0,[],6.712893261546721,0.0,0.0,0.0,[6.712893261546721],[],[0.0],[],[14.648444260376207]
908,0,1277,True,False,,0.0,4,4,,0,4,28.824356900153322,"[8.813030356762615, 6.703491254593432, 6.264921165750905, 7.04291412304637]",15.241499191059795,"[4.43708183913742, 3.6143615892914385, 3.443319254642853, 3.7467365079880843]",71.02539064643473,0.0,[],31.699902352109547,0.0,0.0,0.0,"[4.14277798849691, 10.66506851718604, 4.779731647829028, 12.11232419859757]",[],"[0.0, 0.0, 0.0, 0.0]",[],"[8.058405098710026, 24.78222696714369, 9.69161960981802, 28.493138970763]"
908,0,1278,True,False,,0.0,2,2,,0,2,11.036253595554069,"[7.417243250200109, 3.6190103453539595]",6.304138902266087,"[3.8927248675780426, 2.411414034688044]",15.911964828550808,0.0,[],8.205666283134814,0.0,0.0,0.0,"[3.9633126431394583, 4.242353639995356]",[],"[0.0, 0.0]",[],"[7.598237546511432, 8.313727282039375]"
908,0,1279,True,False,,0.0,2,2,,0,2,9.026248183515207,"[2.5, 6.526248183515207]",5.520236791570931,"[1.975, 3.545236791570931]",19.801838804172032,0.0,[],9.722717133627093,0.0,0.0,0.0,"[5.8002299215380155, 3.9224872120890777]",[],"[0.0, 0.0]",[],"[12.308281850097474, 7.493556954074558]"
908,0,1280,True,False,,0.0,2,2,,0,2,23.662780582414037,"[12.438299303352997, 11.224481279061038]",11.228484427141474,"[5.850936728307669, 5.377547698833805]",16.81916794761871,0.0,[],8.559475499571297,0.0,0.0,0.0,"[5.391921993592196, 3.1675535059791007]",[],"[0.0, 0.0]",[],"[11.261338445108194, 5.557829502510514]"
908,0,1281,True,False,,0.0,3,3,,0,3,32.63238841803491,"[11.848102047686664, 11.270979037138487, 9.513307333209752]",15.726631483033612,"[5.620759798597799, 5.39568182448401, 4.710189859951804]",17.75522907134875,0.0,[],9.924539337826014,0.0,0.0,0.0,"[3.1578100588625255, 2.1800953143536264, 4.586633964609861]",[],"[0.0, 0.0, 0.0]",[],"[5.532846304775706, 3.0258854214195554, 9.196497345153489]"
908,0,1282,True,True,1.0,5.99,7,7,True,2,9,61.098679642697064,"[7.2150428687159325, 9.422714231434908, 3.443838481021625, 10.440862513169819, 7.201463298169478, 13.704404355251496, 9.670353894933802]",30.828485060651857,"[3.813866718799214, 4.674858550259614, 2.343097007598434, 5.071936380136229, 3.8085706862860964, 6.3447176985480835, 4.771438019024183]",60.200181612567704,18.013653611930295,"[9.168125800762319, 8.845527811167978]",30.47807082890141,9.025324908652816,23.47807082890141,7.0253249086528164,"[4.165437853288514, 4.04382699941876, 3.3915634349744046, 3.6655644391188704, 6.098495565108417, 2.0884040904434142, 7.024778446549023]","[4.575569062297305, 4.449755846355512]","[3.165437853288514, 3.04382699941876, 2.3915634349744046, 2.6655644391188704, 5.098495565108417, 1.0884040904434142, 6.024778446549023]","[3.5755690622973044, 3.4497558463555116]","[8.116507316124395, 7.804684613894256, 6.132213935831807, 6.834780613125308, 13.073065551560044, 2.7907797190856773, 15.448149862946213]"
908,0,1283,True,False,,0.0,4,4,,0,4,20.58709751898997,"[6.295517274859613, 3.9791327475529457, 2.5, 7.812447496577413]",12.02896803240609,"[3.455251737195249, 2.551861771545649, 1.975, 4.046854523665191]",43.796024656433545,0.0,[],21.080449616009084,0.0,0.0,0.0,"[5.573883309707695, 3.455529641985304, 6.852123344641027, 5.198913319675055]",[],"[0.0, 0.0, 0.0, 0.0]",[],"[11.727905922327423, 6.296229851244369, 15.00544447343853, 10.766444409423219]"
908,0,1284,True,False,,0.0,2,2,,0,2,21.334998444013948,"[15.407612558087955, 5.927385885925995]",10.320649393165441,"[7.008968897654302, 3.3116804955111383]",10.548392636115231,0.0,[],6.113873128084941,0.0,0.0,0.0,"[3.4417841797712203, 2.6720889483137205]",[],"[0.0, 0.0]",[],"[6.260985076336462, 4.28740755977877]"
908,0,1285,True,False,,0.0,3,3,,0,3,21.064203000746467,"[3.844014928616202, 9.23606410796618, 7.984123964164086]",11.215039170291124,"[2.499165822160319, 4.60206500210681, 4.113808346023994]",45.656179993291765,0.0,[],20.80591019738379,0.0,0.0,0.0,"[3.9849702049641276, 13.961960407455734, 2.858979584963926]",[],"[0.0, 0.0, 0.0]",[],"[7.653769756318275, 33.235795916553165, 4.766614320420323]"
908,0,1286,True,False,,0.0,2,2,,0,2,15.797107770518085,"[10.523072705886468, 5.274035064631617]",8.160872030502054,"[5.103998355295722, 3.056873675206331]",7.0340401225786495,0.0,[],4.743275647805674,0.0,0.0,0.0,"[2.2515842282974496, 2.491691419508224]",[],"[0.0, 0.0]",[],"[3.2091903289678188, 3.8248497936108308]"
908,0,1287,True,False,,0.0,2,2,,0,2,22.57419243308584,"[9.993318754030296, 12.580873679055543]",10.803935048903478,"[4.897394314071816, 5.906540734831662]",19.735934978945092,0.0,[],9.697014641788586,0.0,0.0,0.0,"[4.235608783373244, 5.461405858415342]",[],"[0.0, 0.0]",[],"[8.296432777880112, 11.43950220106498]"
908,0,1288,True,True,1.0,5.99,9,9,True,3,12,78.058250855338,"[2.7426384303114393, 6.9138705314485875, 3.840117899508109, 6.130650935960986, 2.5752960712366364, 8.593048623668553, 11.597464520763817, 5.571919854988108, 30.09324398745177]",39.442717833581824,"[2.0696289878214613, 3.696409507264949, 2.4976459808081626, 3.390953865024785, 2.0043654677822884, 4.351288963230736, 5.523011163097888, 3.1730487434453623, 12.736365155106192]",98.5118810034487,50.69676582249989,"[7.293020620675977, 17.104322217992863, 26.29942298383105]",47.419633591345,22.77173867077496,38.419633591345,19.77173867077496,"[5.186431355921537, 3.0097271399317242, 2.6494865630378173, 4.588628763093617, 7.210436618343679, 9.877178141029399, 5.467392588845529, 3.994175198828786, 5.4361772223129075]","[3.844278042063631, 7.670685665017217, 11.25677496369411]","[4.186431355921537, 2.0097271399317242, 1.6494865630378173, 3.5886287630936167, 6.210436618343679, 8.877178141029399, 4.467392588845529, 2.994175198828786, 4.4361772223129075]","[2.844278042063631, 6.670685665017217, 10.25677496369411]","[10.734439374157787, 5.1531465126454465, 4.229452725737993, 9.201612213060555, 15.924196457291485, 22.761995233408715, 11.454852791911613, 7.677372304689195, 11.374813390545917]"
908,0,1289,True,False,,0.0,1,1,,0,1,11.891268963530633,[11.891268963530633],5.637594895776947,[5.637594895776947],4.785863787474555,0.0,[],2.8664868771150767,0.0,0.0,0.0,[2.8664868771150767],[],[0.0],[],[4.785863787474555]
908,0,1290,True,False,,0.0,1,1,,0,1,4.262556389142611,[4.262556389142611],2.6623969917656183,[2.6623969917656183],8.470834355759154,0.0,[],4.30362539874607,0.0,0.0,0.0,[4.30362539874607],[],[0.0],[],[8.470834355759154]
908,0,1291,True,False,,0.0,4,4,,0,4,48.30195184105274,"[10.593946438163599, 8.492074673692413, 15.5809212128716, 13.63500951632513]",22.83776121801057,"[5.131639110883803, 4.311909122740041, 7.076559273019924, 6.317653711366801]",48.85561150304464,0.0,[],23.05368848618741,0.0,0.0,0.0,"[1.975, 7.627809477015042, 3.3963009111798743, 10.054578097992493]",[],"[0.0, 0.0, 0.0, 0.0]",[],"[2.5, 16.994383274397542, 6.144361310717626, 23.21686691792947]"
908,0,1292,True,False,,0.0,3,3,,0,3,31.039443327423967,"[3.0287334986648973, 15.075848575472314, 12.934861253286755]",15.105382897695348,"[2.18120606447931, 6.879580944434203, 6.044595888781835]",35.869024609611,0.0,[],16.988919597748293,0.0,0.0,0.0,"[5.196690261987055, 5.293117207959525, 6.499112127801711]",[],"[0.0, 0.0, 0.0]",[],"[10.76074426150527, 11.007992840921858, 14.100287507183873]"
908,0,1293,True,True,1.0,5.99,10,10,True,2,12,95.89572715568792,"[6.716987091449532, 15.739229363546826, 9.200958727311507, 24.882791531052924, 8.01858274490343, 4.887795563213932, 4.842211200100561, 3.835973464625704, 5.401821685270165, 12.369375784213334]",47.39933359071829,"[3.6196249656653174, 7.138299451783262, 4.588373903651488, 10.704288697110641, 4.127247270512338, 2.9062402696534333, 2.8884623680392187, 2.496029651204025, 3.1067104572553643, 5.8240565558432005]",103.33844415858123,20.785041122859,"[10.299913043812161, 10.48512807904684]",50.301993221846686,10.10616603791501,40.301993221846686,8.10616603791501,"[4.012529722106899, 5.112107470079443, 5.121567704235561, 5.957659174739355, 3.274393285343488, 3.066558302124696, 3.716870640594689, 2.5996386287592843, 10.56672053687194, 6.873947756991324]","[5.016966087086743, 5.0891999508282675]","[3.0125297221068994, 4.112107470079443, 4.121567704235561, 4.957659174739355, 2.274393285343488, 2.066558302124696, 2.716870640594689, 1.599638628759284, 9.56672053687194, 5.873947756991324]","[4.016966087086743, 4.0891999508282675]","[7.724435184889486, 10.543865307896008, 10.56812231855272, 12.711946601895782, 5.831777654726891, 5.298867441345374, 6.966334975883818, 4.10163750963919, 24.530052658646003, 15.061404505105958]"
908,0,1294,True,True,1.0,5.99,6,6,True,1,7,79.32796850223681,"[22.33771438672208, 6.135186939726564, 6.005030194410345, 16.5662445805144, 21.000544030886957, 7.283248369976462]",36.937907715872356,"[9.711708610821612, 3.39272290649336, 3.341961775820035, 7.460835386400617, 9.190212172045914, 3.8404668642908204]",47.97953723613588,5.784206288638451,[5.784206288638451],24.712019522092994,3.255840452568996,18.712019522092994,2.255840452568996,"[1.975, 5.749109633026881, 3.204891590098519, 4.509898838922265, 3.5892639053845823, 5.683855554660747]",[3.255840452568996],"[0.9750000000000001, 4.749109633026881, 2.204891590098519, 3.509898838922265, 2.5892639053845823, 4.683855554660747]",[2.255840452568996],"[2.5, 12.177204187248414, 5.653568179739792, 8.999740612621192, 6.639138218934827, 12.00988603759166]"
908,0,1295,True,True,1.0,5.99,7,7,True,2,9,92.57379442619734,"[25.04526912989725, 10.944355396987758, 4.537845656582192, 20.20901897568396, 11.508125918004431, 6.823291679723977, 13.505887669317753]",43.10377982621695,"[10.767654960659927, 5.268298604825226, 2.769759806067055, 8.881517400516746, 5.4881691080217285, 3.661083755092351, 6.267296191033924]",69.75478351175994,16.499795419118236,"[5.995758432841829, 10.504036986276406]",34.20436556958638,8.434920213456111,27.204365569586383,6.434920213456111,"[2.5086401045842033, 4.2326347537201805, 4.055668697111434, 7.616092303693886, 8.68850355318905, 5.1278261572876245, 1.975]","[3.3383457888083137, 5.096574424647798]","[1.508640104584203, 3.2326347537201805, 3.055668697111434, 6.616092303693886, 7.688503553189052, 4.1278261572876245, 0.9750000000000001]","[2.3383457888083137, 4.096574424647798]","[3.8683079604723156, 8.288807060820975, 7.83504794131137, 16.964339240240733, 19.71411167484372, 10.58416963407083, 2.5]"
908,0,1296,True,False,,0.0,1,1,,0,1,6.86454257003037,[6.86454257003037],3.6771716023118444,[3.6771716023118444],2.5,0.0,[],1.975,0.0,0.0,0.0,[1.975],[],[0.0],[],[2.5]
908,0,1297,True,False,,0.0,2,2,,0,2,16.60999889501019,"[9.088927478560313, 7.521071416449877]",8.477899569053974,"[4.544681716638522, 3.9332178524154524]",24.43851039867198,0.0,[],11.531019055482073,0.0,0.0,0.0,"[3.811141394513074, 7.719877660968998]",[],"[0.0, 0.0]",[],"[7.2080548577258305, 17.23045554094615]"
908,0,1298,True,True,1.0,5.99,11,4,,2,13,29.08602988007057,"[11.170728834613787, 5.056550113883441, 6.311448375617156, 6.547302555956183]",15.343551653227522,"[5.356584245499377, 2.972054544414542, 3.461464866490691, 3.553447996822911]",34.38314221283836,15.186239767960116,"[3.867613541649956, 11.31862622631016]",17.409425463006958,7.922633509504445,13.409425463006958,5.922633509504445,"[4.456018880354283, 3.139746475335986, 2.963766044351617, 6.849894062965073]","[2.508369281243483, 5.414264228260962]","[3.456018880354283, 2.139746475335986, 1.963766044351617, 5.849894062965073]","[1.5083692812434828, 4.414264228260962]","[8.86158687270329, 5.486529423938425, 5.03529754961953, 14.999728366577111]"
908,0,1299,True,False,,0.0,4,4,,0,4,30.445792512798793,"[9.91514895674992, 7.820012321992374, 10.210631234056496, 2.5]",15.873859079991528,"[4.866908093132469, 4.0498048055770255, 4.982146181282033, 1.975]",20.419139091423503,0.0,[],11.963464245655166,0.0,0.0,0.0,"[4.412566610991615, 2.913613472797041, 2.1461281347716366, 2.491156027094874]",[],"[0.0, 0.0, 0.0, 0.0]",[],"[8.750170797414397, 4.906701212300105, 2.938790089158043, 3.823476992550958]"
908,0,1300,True,True,1.0,5.99,5,5,True,3,8,57.41771398043347,"[12.285716519533635, 9.196869086912093, 2.8931163832888283, 24.52576387837962, 8.516248112319294]",27.392908452369056,"[5.791429442618118, 4.586778943895716, 2.128315389482643, 10.565047912568053, 4.321336763804525]",58.64882682847074,41.43211715635705,"[8.354703710254338, 9.352115367193058, 23.725298078909656]",27.873042463103587,19.15852569097925,22.873042463103587,16.15852569097925,"[5.829000891470996, 3.4670938076193707, 3.9572137442415314, 10.529716601813124, 4.090017417958563]","[4.258334446999192, 4.6473249932052925, 10.252866250774765]","[4.829000891470996, 2.4670938076193707, 2.9572137442415314, 9.529716601813124, 3.0900174179585638]","[3.258334446999192, 3.6473249932052925, 9.252866250774765]","[12.38205356787435, 6.325881557998386, 7.582599344209055, 24.435170773879804, 7.923121584509137]"
908,0,1301,True,False,,0.0,3,3,,0,3,18.21974353943337,"[4.999665965196934, 9.278609578709531, 3.941467995526905]",10.105699980379015,"[2.9498697264268046, 4.618657735696717, 2.537172518255493]",32.93911549727021,0.0,[],15.84625504393538,0.0,0.0,0.0,"[3.2978753811838653, 3.682602686390582, 8.865776976360934]",[],"[0.0, 0.0, 0.0]",[],"[5.891988156881705, 6.878468426642518, 20.168658913745983]"
908,0,1302,True,False,,0.0,3,3,,0,3,36.63750339129545,"[2.5, 14.984385463882056, 19.153117927413394]",17.288626322605225,"[1.975, 6.843910330914002, 8.469715991691224]",45.93505540226946,0.0,[],20.91467160688509,0.0,0.0,0.0,"[7.3846793718505435, 6.53659337399636, 6.9933988610381865]",[],"[0.0, 0.0, 0.0]",[],"[16.370972748334726, 14.196393266657333, 15.367689387277402]"
908,0,1303,True,False,,0.0,3,3,,0,3,18.916678772697555,"[3.431005702169404, 7.793462121000616, 7.692210949527535]",10.377504721352047,"[2.3380922238460675, 4.03945022719024, 3.9999622703157387]",29.375501601954284,0.0,[],14.456445624762171,0.0,0.0,0.0,"[3.4395272436574045, 6.469281730021052, 4.547636651083714]",[],"[0.0, 0.0, 0.0]",[],"[6.255198060660011, 14.023799307746287, 9.096504233547984]"
908,0,1304,True,False,,0.0,2,2,,0,2,14.044878223507204,"[8.937237918874555, 5.107640304632649]",7.477502507167809,"[4.485522788361076, 2.991979718806733]",16.075662611106402,0.0,[],8.269508418331498,0.0,0.0,0.0,"[5.230892312689301, 3.038616105642197]",[],"[0.0, 0.0]",[],"[10.848441827408463, 5.22722078369794]"
908,0,1305,True,False,,0.0,1,1,,0,1,9.57989127285144,[9.57989127285144],4.7361575964120615,[4.7361575964120615],4.99144942585781,0.0,[],2.9466652760845458,0.0,0.0,0.0,[2.9466652760845458],[],[0.0],[],[4.99144942585781]
908,0,1306,True,False,,0.0,4,4,,0,4,54.75999055996095,"[6.388038123933366, 25.149208614422335, 5.376344843004301, 17.846398978600945]",25.35639631838477,"[3.491334868334013, 10.808191359624711, 3.0967744887716773, 7.960095601654369]",45.871591482171155,0.0,[],21.88992067804675,0.0,0.0,0.0,"[5.37351178971566, 4.709753297939179, 4.500946331491587, 7.305709258900325]",[],"[0.0, 0.0, 0.0, 0.0]",[],"[11.214132794142717, 9.512187943433792, 8.976785465363042, 16.168485279231604]"
908,0,1307,True,False,,0.0,2,2,,0,2,8.934042630732943,"[5.460290573293257, 3.4737520574396856]",5.4842766259858475,"[3.12951332358437, 2.3547633024014774]",30.31374231675596,0.0,[],13.822359503534825,0.0,0.0,0.0,"[4.496375315099353, 9.325984188435472]",[],"[0.0, 0.0]",[],"[8.965064910511163, 21.348677406244796]"
908,0,1308,True,False,,0.0,2,2,,0,2,10.456383837082305,"[3.065553899717272, 7.390829937365033]",6.077989696462099,"[2.1955660208897365, 3.8824236755723627]",7.302280338591138,0.0,[],4.847889332050544,0.0,0.0,0.0,"[2.3295465145321423, 2.518342817518402]",[],"[0.0, 0.0]",[],"[3.409093627005493, 3.893186711585645]"
908,0,1309,True,False,,0.0,3,3,,0,3,44.564739720234435,"[12.995593902690537, 13.37637742344944, 18.192768394094458]",20.380248490891432,"[6.06828162204931, 6.216787195145282, 8.095179673696839]",37.3957850049353,0.0,[],17.584356151924766,0.0,0.0,0.0,"[10.4540870159599, 4.42516179771992, 2.7051073382449484]",[],"[0.0, 0.0, 0.0]",[],"[24.241248758871535, 8.782466147999793, 4.37207009806397]"
908,0,1310,True,False,,0.0,1,1,,0,1,7.308714707568012,[7.308714707568012],3.850398735951525,[3.850398735951525],2.816336019967018,0.0,[],2.098371047787137,0.0,0.0,0.0,[2.098371047787137],[],[0.0],[],[2.816336019967018]
908,0,1311,True,False,,0.0,2,2,,0,2,14.43948846585439,"[6.8249035311379345, 7.614584934716456]",7.6314005016832125,"[3.6617123771437945, 3.969688124539418]",13.60933519492966,0.0,[],7.3076407260225675,0.0,0.0,0.0,"[2.5120298306183155, 4.795610895404252]",[],"[0.0, 0.0]",[],"[3.876999565687988, 9.732335629241671]"
908,0,1312,True,False,,0.0,1,1,,0,1,21.729538496562828,[21.729538496562828],9.474520013659504,[9.474520013659504],26.312324668761818,0.0,[],11.26180662081711,0.0,0.0,0.0,[11.26180662081711],[],[0.0],[],[26.312324668761818]
908,0,1313,True,False,,0.0,4,4,,0,4,30.382318257592445,"[5.240393422845464, 6.072561069485559, 14.600885984030562, 4.4684777812308605]",15.849104120461053,"[3.043753434909731, 3.368298817099368, 6.694345533771919, 2.7427063346800358]",29.952321571301518,0.0,[],15.681405412807594,0.0,0.0,0.0,"[3.3496609005380646, 5.651200076061251, 2.534298587995951, 4.146245848212326]",[],"[0.0, 0.0, 0.0, 0.0]",[],"[6.024771539841192, 11.926154041182693, 3.934098943579362, 8.06729704669827]"
908,0,1314,True,False,,0.0,1,1,,0,1,6.0986248828790695,[6.0986248828790695],3.3784637043228374,[3.3784637043228374],12.2516671916841,0.0,[],5.778150204756799,0.0,0.0,0.0,[5.778150204756799],[],[0.0],[],[12.2516671916841]
908,0,1315,True,False,,0.0,3,3,,0,3,41.873886932514,"[20.877592780176116, 7.116680671835326, 13.87961348050256]",19.33081590368046,"[9.142261184268685, 3.775505462015777, 6.413049257395999]",36.393901331258576,0.0,[],17.193621519190845,0.0,0.0,0.0,"[4.5990071414513665, 5.303561504532202, 7.291052873207278]",[],"[0.0, 0.0, 0.0]",[],"[9.228223439618887, 11.034773088544107, 16.130904803095582]"
908,0,1316,True,True,1.0,5.99,5,5,True,2,7,43.680680855986154,"[2.5, 5.485479811962314, 6.422426622478962, 4.365129581166724, 24.907644840378154]",22.035465533834603,"[1.975, 3.1393371266653025, 3.5047463827667955, 2.7024005366550226, 10.71398148774748]",44.12850785961951,12.64869935582368,"[4.50949583896139, 8.13920351686229]",22.210118065251613,6.932992748771236,17.21011806525161,4.932992748771236,"[3.4150640545941857, 2.9922920551425882, 5.251599737579493, 4.999768161223736, 5.551394056711606]","[2.7587033771949425, 4.174289371576293]","[2.4150640545941857, 1.9922920551425884, 4.251599737579493, 3.9997681612237357, 4.551394056711606]","[1.7587033771949423, 3.174289371576293]","[6.192471934856886, 5.108441167032278, 10.901537788665367, 10.255815798009579, 11.6702411710554]"
908,0,1317,True,False,,0.0,1,1,,0,1,10.133331105441602,[10.133331105441602],4.951999131122225,[4.951999131122225],21.850057077886163,0.0,[],9.521522260375605,0.0,0.0,0.0,[9.521522260375605],[],[0.0],[],[21.850057077886163]
908,0,1318,True,False,,0.0,1,1,,0,1,6.82471024726532,[6.82471024726532],3.661636996433475,[3.661636996433475],12.18486723957587,0.0,[],5.75209822343459,0.0,0.0,0.0,[5.75209822343459],[],[0.0],[],[12.18486723957587]
908,0,1319,True,True,1.0,5.99,5,5,True,2,7,65.69283026903985,"[5.2510942024350165, 9.528414736755515, 6.324799601900681, 29.013774338582813, 15.57474738936582]",30.62020380492554,"[3.0479267389496565, 4.716081747334651, 3.4666718447412657, 12.315371992047297, 7.07415148185267]",44.50418927735602,30.106690476793666,"[17.98528546172276, 12.121405015070907]",22.35663381816885,13.741609285949531,17.35663381816885,11.741609285949531,"[5.884802921788465, 3.361060746207156, 6.887544023633068, 2.500169339459334, 3.7230567870808255]","[8.014261330071877, 5.727347955877654]","[4.884802921788465, 2.361060746207156, 5.887544023633068, 1.5001693394593338, 2.7230567870808255]","[7.014261330071877, 4.727347955877654]","[12.525135696893498, 6.054001913351681, 15.096266727264277, 3.8465880498957277, 6.982196889950834]"
908,0,1320,True,False,,0.0,3,3,,0,3,20.825059652172204,"[4.059801288645757, 3.2990083734375375, 13.46624999008891]",11.12177326434716,"[2.5833225025718454, 2.2866132656406397, 6.251837496134675]",27.184411984402626,0.0,[],13.601920673917025,0.0,0.0,0.0,"[3.731165767861762, 5.834333526692545, 4.036421379362718]",[],"[0.0, 0.0, 0.0]",[],"[7.002989148363492, 12.395726991519345, 7.78569584451979]"
908,0,1321,True,False,,0.0,1,1,,0,1,5.799425222652225,[5.799425222652225],3.2617758368343677,[3.2617758368343677],7.071786268978087,0.0,[],3.757996644901454,0.0,0.0,0.0,[3.757996644901454],[],[0.0],[],[7.071786268978087]
908,0,1322,True,False,,0.0,1,1,,0,1,2.5,[2.5],1.975,[1.975],11.820231543835272,0.0,[],5.6098903020957565,0.0,0.0,0.0,[5.6098903020957565],[],[0.0],[],[11.820231543835272]
908,0,1323,True,True,1.0,5.99,5,6,,1,6,52.25604847758468,"[10.826130580804973, 10.795432995648477, 5.035724625624386, 8.942508875401456, 7.999888176374916, 8.656363223730468]",26.379858906258026,"[5.22219092651394, 5.210218868302906, 2.963932603993511, 4.487578461406568, 4.119956388786218, 4.375981657254883]",42.47493253673696,13.365021432551687,[13.365021432551687],22.565223689327414,6.212358358695158,16.565223689327414,5.212358358695158,"[1.975, 4.163685186778817, 3.845496572399901, 2.6906838027782287, 5.752708783817556, 4.137649343552912]",[6.212358358695158],"[0.9750000000000001, 3.1636851867788174, 2.845496572399901, 1.6906838027782287, 4.752708783817556, 3.1376493435529125]",[5.212358358695158],"[2.5, 8.112013299432865, 7.296145057435644, 4.33508667379033, 12.186432779019373, 8.045254727058749]"
908,0,1324,True,False,,0.0,3,3,,0,3,32.646330270198156,"[11.44381376922349, 14.942926386429765, 6.259590114544898]",15.732068805377281,"[5.463087369997162, 6.827741290707609, 3.4412401446725105]",36.412237063940445,0.0,[],17.200772454936775,0.0,0.0,0.0,"[9.891653446096306, 4.370568269618916, 2.9385507392215517]",[],"[0.0, 0.0, 0.0]",[],"[22.79911140024694, 8.642482742612604, 4.970642921080901]"
908,0,1325,True,False,,0.0,4,4,,0,4,50.06731384362444,"[6.620286833836733, 20.266967033450683, 8.429612617039309, 14.750447359297716]",23.526252399013533,"[3.581911865196326, 8.904117143045767, 4.287548920645331, 6.752674470126109]",55.974376365066036,0.0,[],25.830006782375758,0.0,0.0,0.0,"[7.065537711003821, 5.868258018538636, 6.753756596007948, 6.142454456825351]",[],"[0.0, 0.0, 0.0, 0.0]",[],"[15.552660797445695, 12.482712868047784, 14.753222041046019, 13.18578065852654]"
908,0,1326,True,False,,0.0,3,3,,0,3,26.836702368337892,"[10.182222195842254, 11.843897199397466, 4.810582973098175]",13.466313923651779,"[4.971066656378479, 5.619119907765012, 2.8761273595082884]",56.599986726233546,0.0,[],25.073994823231082,0.0,0.0,0.0,"[8.705983655139594, 8.000510505476413, 8.367500662615075]",[],"[0.0, 0.0, 0.0]",[],"[19.75893244907588, 17.95002693711901, 18.891027340038654]"
908,0,1327,True,False,,0.0,1,1,,0,1,6.047254853931339,[6.047254853931339],3.358429393033222,[3.358429393033222],3.2799562177461667,0.0,[],2.279182924921005,0.0,0.0,0.0,[2.279182924921005],[],[0.0],[],[3.2799562177461667]
908,0,1328,True,True,1.0,5.99,5,5,True,2,7,56.00669681473309,"[15.954420501561177, 11.191950084540522, 10.944258332096474, 12.939883682595863, 4.976184213939046]",26.8426117577459,"[7.222223995608859, 5.364860532970804, 5.2682607495176255, 6.046554636212386, 2.940711843436228]",60.561683209308114,14.840997357787366,"[11.473449158130032, 3.3675481996573344]",28.619056451630165,7.787988969537073,23.619056451630165,5.787988969537073,"[4.166566702448604, 4.047887823463438, 6.548366332682709, 9.100163740498761, 4.756071852536652]","[5.474645171670713, 2.3133437978663602]","[3.1665667024486037, 3.047887823463438, 5.548366332682709, 8.100163740498761, 3.7560718525366523]","[4.474645171670713, 1.3133437978663605]","[8.119401801150266, 7.8150969832395845, 14.226580340212074, 20.76965061666349, 9.630953468042698]"
908,0,1329,True,False,,0.0,3,3,,0,3,17.0569859070564,"[7.882501162853919, 2.597957478746758, 6.576527265455724]",9.652224503751995,"[4.074175453513028, 2.0132034167112356, 3.564845633527732]",31.812408635865978,0.0,[],15.406839367987732,0.0,0.0,0.0,"[5.5364398429358035, 4.846082293958772, 5.024317231093157]",[],"[0.0, 0.0, 0.0]",[],"[11.631897033168727, 9.861749471689158, 10.318762131008095]"
908,0,1330,True,False,,0.0,2,2,,0,2,16.19979797549454,"[10.018865005941946, 6.180932969552593]",8.31792121044287,"[4.907357352317359, 3.4105638581255113]",11.576529591061789,0.0,[],6.514846540514098,0.0,0.0,0.0,"[3.3372622818212303, 3.177584258692868]",[],"[0.0, 0.0]",[],"[5.992980209798026, 5.583549381263763]"
908,0,1331,True,False,,0.0,4,4,,0,4,34.564191735149784,"[3.9446083038918873, 11.405286371897915, 11.83886194090161, 7.375435118458367]",17.480034776708415,"[2.5383972385178364, 5.448061685040187, 5.617156156951628, 3.8764196961987634]",79.75452268858425,0.0,[],35.10426384854785,0.0,0.0,0.0,"[4.007574323852305, 9.571743438856206, 6.1731900145282275, 15.351756071311117]",[],"[0.0, 0.0, 0.0, 0.0]",[],"[7.711729035518729, 21.97882933040053, 13.264589780841607, 36.799374541823376]"
908,0,1332,True,False,,0.0,4,4,,0,4,62.56306057066437,"[9.946512032458514, 20.465028546855322, 16.977158481851824, 15.174361509498707]",28.399593622559106,"[4.879139692658821, 8.981361133273577, 7.621091807922212, 6.918000988704496]",28.094930729196996,0.0,[],14.957022984386828,0.0,0.0,0.0,"[1.975, 2.702422400391989, 4.030960656858273, 6.2486399271365665]",[],"[0.0, 0.0, 0.0, 0.0]",[],"[2.5, 4.365185642030742, 7.771693991944289, 13.458051095221965]"
908,0,1333,True,False,,0.0,1,1,,0,1,5.197474896384083,[5.197474896384083],3.0270152095897926,[3.0270152095897926],9.470952684472442,0.0,[],4.693671546944252,0.0,0.0,0.0,[4.693671546944252],[],[0.0],[],[9.470952684472442]
908,0,1334,True,False,,0.0,2,2,,0,2,11.174308890981163,"[4.878056675137114, 6.296252215844048]",6.357980467482654,"[2.902442103303475, 3.455538364179179]",20.859032533270707,0.0,[],10.135022687975576,0.0,0.0,0.0,"[7.700389461489569, 2.434633226486007]",[],"[0.0, 0.0]",[],"[17.1804857986912, 3.6785467345795055]"
908,0,1335,True,False,,0.0,3,3,,0,3,28.623642954681557,"[8.935317025160572, 8.743619592354186, 10.9447063371668]",14.16322075232581,"[4.484773639812623, 4.410011641018133, 5.268435471495052]",31.562778044923483,0.0,[],15.30948343752016,0.0,0.0,0.0,"[3.2098903694673107, 9.371670144861282, 2.727922923191568]",[],"[0.0, 0.0, 0.0]",[],"[5.666385562736694, 21.465820884259696, 4.430571597927097]"
908,0,1336,True,False,,0.0,2,2,,0,2,23.241657367940093,"[18.42528939729794, 4.816367970642151]",11.064246373496637,"[8.185862864946198, 2.878383508550439]",13.652597377724954,0.0,[],7.3245129773127315,0.0,0.0,0.0,"[4.064405008839039, 3.260107968473693]",[],"[0.0, 0.0]",[],"[7.857448740612921, 5.795148637112033]"
908,0,1337,True,False,,0.0,2,2,,0,2,16.74084503035734,"[3.6719939571087483, 13.068851073248595]",8.528929561839364,"[2.432077643272412, 6.096851918566952]",15.489430674846432,0.0,[],8.040877963190109,0.0,0.0,0.0,"[6.0658779631901085, 1.975]",[],"[0.0, 0.0]",[],"[12.989430674846432, 2.5]"
908,0,1338,True,False,,0.0,3,3,,0,3,28.68639477395965,"[11.78648173780733, 10.392667858077814, 6.507245178074505]",14.187693961844262,"[5.596727877744859, 5.0531404646503475, 3.5378256194490567]",38.14732198533115,0.0,[],17.877455574279153,0.0,0.0,0.0,"[2.985880129721412, 2.952584801788871, 11.938990642768868]",[],"[0.0, 0.0, 0.0]",[],"[5.092000332619006, 5.006627696894541, 28.04869395581761]"
908,0,1339,True,False,,0.0,3,3,,0,3,28.615608271974352,"[9.876812498558463, 8.188076564220202, 10.550719209195686]",14.160087226069997,"[4.851956874437801, 4.193349860045879, 5.114780491586317]",20.68308392777496,0.0,[],11.066402731832234,0.0,0.0,0.0,"[1.975, 2.6694758473417286, 6.421926884490506]",[],"[0.0, 0.0, 0.0]",[],"[2.5, 4.2807073008762275, 13.902376626898732]"
908,0,1340,True,False,,0.0,2,2,,0,2,18.78079320032708,"[4.05837431606674, 14.722418884260339]",9.324509348127561,"[2.582765983266029, 6.741743364861533]",15.382078945089155,0.0,[],7.999010788584771,0.0,0.0,0.0,"[4.16530381974515, 3.833706968839621]",[],"[0.0, 0.0]",[],"[8.116163640372179, 7.265915304716977]"
908,0,1341,True,False,,0.0,4,4,,0,4,35.40131668897151,"[9.31313094292691, 18.579921840002378, 5.008263906042224, 2.5]",17.80651350869889,"[4.632121067741495, 8.246169517600928, 2.953222923356467, 1.975]",36.29538528179138,0.0,[],18.155200259898642,0.0,0.0,0.0,"[1.975, 5.497271643704729, 7.644584146035981, 3.0383444701579294]",[],"[0.0, 0.0, 0.0, 0.0]",[],"[2.5, 11.53146575308905, 17.037395246246103, 5.2265242824562295]"
908,0,1342,True,False,,0.0,3,3,,0,3,27.146207416745575,"[16.34185412813245, 3.4856967410188378, 7.318656547594289]",13.587020892530775,"[7.373323109971656, 2.3594217289973467, 3.854276053561773]",44.58545684595537,0.0,[],20.388328169922595,0.0,0.0,0.0,"[6.593621212121668, 8.151678029702863, 5.643028928098064]",[],"[0.0, 0.0, 0.0]",[],"[14.342618492619662, 18.337635973597084, 11.905202379738625]"
908,0,1343,True,True,1.0,5.99,6,6,True,2,8,58.63027954461977,"[9.45488117380511, 16.35517123481342, 14.393143989679471, 9.471463684989436, 4.773226297502737, 4.182393163829595]",28.865809022401706,"[4.687403657783992, 7.3785167815772335, 6.613326155974994, 4.69387083714588, 2.8615582560260675, 2.631133333893542]",72.72009559725505,14.18315722639404,"[7.721377232130592, 6.461779994263449]",34.36083728292947,7.531431318293675,28.36083728292947,5.531431318293675,"[5.090123752431424, 4.697533831997114, 10.302757551108533, 1.9795625576599583, 3.2245330382776136, 9.066326551454829]","[4.01133712053093, 3.520094197762745]","[4.090123752431424, 3.697533831997114, 9.302757551108533, 0.9795625576599583, 2.2245330382776136, 8.066326551454829]","[3.0113371205309307, 2.520094197762745]","[10.487496801106216, 9.480855979479779, 23.85322449002188, 2.5116988657947648, 5.703930867378496, 20.68288859347392]"
908,0,1344,True,False,,0.0,3,3,,0,3,21.561717539119655,"[11.463584829773305, 4.525127395521523, 5.573005313824824]",11.409069840256667,"[5.470798083611589, 2.7647996842533944, 3.1734720723916814]",37.42416463128182,0.0,[],17.595424206199908,0.0,0.0,0.0,"[7.962766222722267, 5.356841908435307, 4.275816075042337]",[],"[0.0, 0.0, 0.0]",[],"[17.853246724928887, 11.171389508808478, 8.399528397544453]"
908,0,1345,True,False,,0.0,1,1,,0,1,6.690944825156412,[6.690944825156412],3.6094684818110006,[3.6094684818110006],7.926516971218175,0.0,[],4.091341618775088,0.0,0.0,0.0,[4.091341618775088],[],[0.0],[],[7.926516971218175]
908,0,1346,True,True,1.0,5.99,6,6,True,1,7,53.49181033365581,"[6.676279431695218, 7.397250733643972, 5.038950543581699, 5.244903810688548, 22.174837914677244, 6.959587899369135]",26.861806030125766,"[3.603748978361135, 3.8849277861211493, 2.9651907119968626, 3.045512486168534, 9.648186786724125, 3.714239280753963]",39.3505330183227,9.39647988217076,[9.39647988217076],21.346707877145853,4.664627154046597,15.346707877145853,3.6646271540465967,"[4.006224085491295, 2.583492360075163, 3.856341477929528, 4.621470975114316, 1.975, 4.3041789785355515]",[4.664627154046597],"[3.0062240854912954, 1.5834923600751634, 2.856341477929528, 3.621470975114316, 0.9750000000000001, 3.304178978535551]",[3.6646271540465967],"[7.7082668858751155, 4.060236820705547, 7.32395250751161, 9.28582301311363, 2.5, 8.472253791116797]"
908,0,1347,True,False,,0.0,2,2,,0,2,30.575352084486198,"[10.855839096497403, 19.719512987988793]",13.924387312949618,"[5.233777247633988, 8.69061006531563]",15.245694008656415,0.0,[],7.945820663376002,0.0,0.0,0.0,"[4.189352691040392, 3.756467972335609]",[],"[0.0, 0.0]",[],"[8.177827412924083, 7.067866595732331]"
908,0,1348,True,False,,0.0,3,3,,0,3,19.225125419031052,"[10.69702464179121, 6.028100777239844, 2.5]",10.49779891342211,"[5.171839610298572, 3.350959303123539, 1.975]",32.70395272772503,0.0,[],15.754541563812763,0.0,0.0,0.0,"[3.1330090711533374, 7.6943362577626635, 4.927196234896762]",[],"[0.0, 0.0, 0.0]",[],"[5.469254028598301, 17.16496476349401, 10.069733935632721]"
908,0,1349,True,False,,0.0,2,2,,0,2,24.432272461417032,"[20.886988510658266, 3.5452839507587663]",11.528586259952643,"[9.145925519156725, 2.382660740795919]",12.337040850030753,0.0,[],6.811445931511994,0.0,0.0,0.0,"[3.4507160936134436, 3.36072983789855]",[],"[0.0, 0.0]",[],"[6.283887419521649, 6.053153430509103]"
908,0,1350,True,False,,0.0,2,2,,0,2,10.076329839503241,"[2.690516660030763, 7.385813179472478]",5.929768637406264,"[2.0493014974119976, 3.8804671399942667]",27.567787186003393,0.0,[],12.751437002541323,0.0,0.0,0.0,"[5.732176390255833, 7.019260612285491]",[],"[0.0, 0.0]",[],"[12.133785616040596, 15.434001569962797]"
908,0,1351,True,False,,0.0,4,4,,0,4,36.53966878377579,"[10.546189935003664, 5.0981879279414, 15.320977742646363, 5.574313178184361]",18.250470825672558,"[5.113014074651429, 2.988293291897146, 6.975181319632082, 3.173982139491901]",40.890277611228946,0.0,[],19.94720826837929,0.0,0.0,0.0,"[3.2151040410547527, 2.8066200633648384, 4.672562934968337, 9.252921228991362]",[],"[0.0, 0.0, 0.0, 0.0]",[],"[5.679753951422442, 4.632359136832919, 9.416828038380348, 21.161336484593235]"
908,0,1352,True,False,,0.0,3,3,,0,3,24.277124552829243,"[5.157489122071713, 8.11022553314037, 11.009409897617157]",12.468078575603405,"[3.011420757607968, 4.162987957924745, 5.2936698600706915]",14.252776827292406,0.0,[],8.558582962644039,0.0,0.0,0.0,"[1.975, 3.906835358660019, 2.6767476039840195]",[],"[0.0, 0.0, 0.0]",[],"[2.5, 7.453423996564151, 4.299352830728255]"
908,0,1353,True,False,,0.0,4,4,,0,4,39.15688092730326,"[2.5, 8.805076674315046, 11.517336112923676, 16.33446814006454]",19.27118356164827,"[1.975, 4.433979902982868, 5.491761084040234, 7.370442574625171]",34.97323790760168,0.0,[],17.639562783964656,0.0,0.0,0.0,"[4.204422058383649, 4.617522246481331, 4.601960723157404, 4.215657755942271]",[],"[0.0, 0.0, 0.0, 0.0]",[],"[8.216466816368332, 9.275698067900846, 9.235796726044626, 8.245276297287873]"
908,0,1354,True,False,,0.0,3,3,,0,3,27.269759226762858,"[8.598299671964647, 11.102157831469803, 7.569301723328408]",13.635206098437514,"[4.353336872066212, 5.329841554273224, 3.952027672098079]",27.772083189665466,0.0,[],13.831112443969534,0.0,0.0,0.0,"[4.055570452893502, 5.756681055003393, 4.018860936072638]",[],"[0.0, 0.0, 0.0]",[],"[7.834796033060259, 12.19661808975229, 7.740669066852918]"
908,0,1355,True,True,1.0,5.99,6,6,True,2,8,72.80047016149982,"[4.220308823812051, 21.83480555211017, 17.006997303824523, 10.958725656369234, 16.27963282538385, 2.5]",34.39218336298494,"[2.6459204412867, 9.515574165322967, 7.632728948491565, 5.2739030059840015, 7.349056801899701, 1.975]",64.53765299916222,13.968113778977091,"[5.967502876860968, 8.000610902116124]",31.169684669673266,7.447564373801066,25.169684669673266,5.447564373801066,"[1.975, 5.1498961486719566, 4.383029044347442, 7.408277535573479, 5.16294321763335, 7.090538723447039]","[3.3273261219757777, 4.120238251825288]","[0.9750000000000001, 4.1498961486719566, 3.3830290443474422, 6.408277535573479, 4.16294321763335, 6.090538723447039]","[2.3273261219757777, 3.1202382518252887]","[2.5, 10.640759355569118, 8.674433447044724, 16.431480860444818, 10.674213378547051, 15.61676595755651]"
908,0,1356,True,False,,0.0,3,3,,0,3,48.560220715630905,"[13.574411714929784, 13.953256899643714, 21.0325521010574]",21.93848607909605,"[6.294020568822616, 6.441770190861049, 9.202695319412387]",39.447142131007595,0.0,[],18.384385431092966,0.0,0.0,0.0,"[5.191809239910661, 5.737394960287442, 7.455181230894861]",[],"[0.0, 0.0, 0.0]",[],"[10.748228820283746, 12.147166564839594, 16.55174674588426]"
908,0,1357,True,True,1.0,5.99,6,6,True,1,7,64.15307876210952,"[9.497336707299864, 19.592945811618268, 9.747707060062295, 8.046089447093204, 8.379643583810266, 8.88935615222563]",31.019700717222715,"[4.703961315846946, 8.641248866531125, 4.801605753424296, 4.137974884366349, 4.268060997686003, 4.466848899367996]",55.14908271038428,7.082316523256941,[7.082316523256941],27.50814225704987,3.762103444070207,21.50814225704987,2.762103444070207,"[3.3099529567214816, 4.012509705276691, 4.744378815429305, 3.8264213589358484, 4.468024794351061, 7.146854626335482]",[3.762103444070207],"[2.3099529567214816, 3.012509705276691, 3.7443788154293047, 2.8264213589358484, 3.4680247943510616, 6.146854626335482]",[2.762103444070207],"[5.92295629928585, 7.724383859683822, 9.600971321613601, 7.247234253681663, 8.892371267566824, 15.761165708552518]"
908,0,1358,True,False,,0.0,1,1,,0,1,7.494062257101075,[7.494062257101075],3.9226842802694195,[3.9226842802694195],5.684512050787542,0.0,[],3.2169596998071412,0.0,0.0,0.0,[3.2169596998071412],[],[0.0],[],[5.684512050787542]
908,0,1359,True,False,,0.0,1,1,,0,1,10.062787310952324,[10.062787310952324],4.924487051271406,[4.924487051271406],14.626108772820201,0.0,[],6.704182421399879,0.0,0.0,0.0,[6.704182421399879],[],[0.0],[],[14.626108772820201]
908,0,1360,True,False,,0.0,3,3,,0,3,23.418678049106628,"[4.216084033817324, 10.843271639727956, 8.359322375561348]",12.133284439151584,"[2.6442727731887565, 5.228875939493903, 4.260135726468926]",12.015292553101283,0.0,[],7.6859640957095,0.0,0.0,0.0,"[2.6395905072317447, 1.975, 3.0713735884777558]",[],"[0.0, 0.0, 0.0]",[],"[4.20407822367114, 2.5, 5.311214329430142]"
908,0,1361,True,True,1.0,5.99,5,5,True,2,7,32.95092082360144,"[5.54099428630467, 2.5, 7.034271847497499, 10.091950391627178, 7.783704298172097]",17.850859121204564,"[3.1609877716588213, 1.975, 3.7433660205240247, 4.935860652734599, 4.035644676287118]",41.72590266106551,19.014844401135846,"[4.745023625014426, 14.269820776121422]",21.273102037815548,9.415789316442982,16.27310203781555,7.415789316442981,"[3.0673036739821473, 2.7031262680579617, 8.179622691255169, 3.3600002088282444, 3.963049195692027]","[2.850559213755626, 6.565230102687355]","[2.0673036739821473, 1.703126268057962, 7.17962269125517, 2.3600002088282444, 2.963049195692027]","[1.8505592137556262, 5.565230102687355]","[5.300778651236275, 4.366990430917851, 18.409288951936333, 6.051282586739088, 7.597562040235966]"
908,0,1362,True,True,1.0,5.99,6,6,True,2,8,61.15675793848263,"[5.514486329693401, 21.494500821918308, 2.919563469052853, 17.262754014352154, 6.397883036956752, 7.5675702665091595]",29.851135596008223,"[3.1506496685804266, 9.38285532054814, 2.138629752930613, 7.732474065597341, 3.4951743844131333, 3.9513524039385723]",57.01420482957866,14.906551370368259,"[7.153332264111075, 7.753219106257184]",28.23553988353568,7.81355503444362,22.23553988353568,5.813555034443621,"[4.314934632842581, 4.125672020559183, 3.5640829539858507, 10.072372951269447, 2.944341089785528, 3.214136235093091]","[3.7897995830033193, 4.023755451440302]","[3.314934632842581, 3.1256720205591826, 2.5640829539858507, 9.072372951269447, 1.9443410897855278, 2.214136235093091]","[2.7897995830033193, 3.023755451440302]","[8.499832391904054, 8.014543642459442, 6.574571676886797, 23.262494746844734, 4.985489973809045, 5.677272397674592]"
908,0,1363,True,False,,0.0,3,3,,0,3,33.51997800272075,"[5.638480114311159, 7.372516831011649, 20.50898105739794]",16.07279142106109,"[3.199007244581352, 3.8752815640945433, 8.998502612385197]",18.81010393104038,0.0,[],10.335940533105749,0.0,0.0,0.0,"[4.230022345638589, 2.8482444844335184, 3.257673703033641]",[],"[0.0, 0.0, 0.0]",[],"[8.282108578560484, 4.739088421624406, 5.7889069308554895]"
908,0,1364,True,False,,0.0,2,2,,0,2,17.2123457308668,"[10.412052368867462, 6.800293361999341]",8.712814835038053,"[5.06070042385831, 3.652114411179743]",13.11108384058879,0.0,[],7.113322697829629,0.0,0.0,0.0,"[3.6046403373020954, 3.5086823605275335]",[],"[0.0, 0.0]",[],"[6.67856496744127, 6.432518873147521]"
908,0,1365,True,False,,0.0,1,1,,0,1,13.295080789354735,[13.295080789354735],6.185081507848347,[6.185081507848347],16.495366924516485,0.0,[],7.43319310056143,0.0,0.0,0.0,[7.43319310056143],[],[0.0],[],[16.495366924516485]
908,0,1366,True,False,,0.0,3,3,,0,3,37.201084725934386,"[3.4943894641719546, 9.08241400938246, 24.624281252379973]",17.508423043114412,"[2.3628118910270626, 4.542141463659159, 10.60346968842819]",33.58332262817058,0.0,[],16.097495824986524,0.0,0.0,0.0,"[5.193563497845012, 6.299936142989457, 4.603996184152057]",[],"[0.0, 0.0, 0.0]",[],"[10.75272691755131, 13.58957985381912, 9.241015856800145]"
908,0,1367,True,False,,0.0,4,4,,0,4,21.45217940916506,"[12.574272485488578, 3.8779069236764814, 2.5, 2.5]",12.366349969574372,"[5.903966269340546, 2.512383700233828, 1.975, 1.975]",38.776980356138296,0.0,[],19.123022338893936,0.0,0.0,0.0,"[5.688903454827651, 2.754425699066994, 4.449723424010257, 6.229969760989033]",[],"[0.0, 0.0, 0.0, 0.0]",[],"[12.02282937135295, 4.498527433505112, 8.845444676949377, 13.410178874330853]"
908,0,1368,True,False,,0.0,1,1,,0,1,18.290219988642473,[18.290219988642473],8.133185795570565,[8.133185795570565],11.662740110266785,0.0,[],5.548468643004046,0.0,0.0,0.0,[5.548468643004046],[],[0.0],[],[11.662740110266785]
908,0,1369,True,True,1.0,5.99,7,7,True,2,9,74.89090961098557,"[11.125479246178314, 3.5996102288528435, 5.704321512991713, 20.625645105245045, 13.244796932053601, 4.322405345408274, 16.268651240255785]",36.20745474828438,"[5.338936906009542, 2.403847989252609, 3.2246853900667682, 9.044001591045568, 6.165470803500905, 2.685738084709227, 7.344773983699756]",58.453752248228064,18.945516481653613,"[10.764692073879537, 8.180824407774073]",29.796963376808947,9.388751427844909,22.796963376808947,7.388751427844909,"[2.3159010487524734, 6.448846651578106, 3.4456644190368215, 5.030972475283047, 2.204321349490658, 6.24823428551237, 4.1030231471554695]","[5.19822990881302, 4.190521519031889]","[1.3159010487524734, 5.448846651578106, 2.4456644190368215, 4.030972475283047, 1.204321349490658, 5.24823428551237, 3.1030231471554695]","[4.19822990881302, 3.190521519031889]","[3.37410525321147, 13.971401670713092, 6.270934407786721, 10.33582685970012, 3.088003460232456, 13.457010988493256, 7.956469608090948]"
908,0,1370,True,True,1.0,5.99,5,5,True,3,8,41.372774256746105,"[6.796085762077351, 4.100154552034318, 8.939673165517043, 15.24622082719385, 6.290639949923546]",21.13538196013098,"[3.650473447210167, 2.5990602752933842, 4.4864725345516465, 6.946026122605602, 3.453349580470183]",30.640414918191784,27.771792710325606,"[10.548429813968827, 7.714160808697767, 9.50920208765901]",16.949761818094792,13.830999157026987,11.949761818094792,10.830999157026987,"[8.083317048066089, 2.5088769658195034, 1.975, 2.02427771171818, 2.358290092491022]","[5.113887627447843, 4.008522715392129, 4.7085888141870145]","[7.08331704806609, 1.5088769658195031, 0.9750000000000001, 1.0242777117181798, 1.358290092491022]","[4.113887627447843, 3.0085227153921292, 3.7085888141870145]","[18.162351405297667, 3.868915296973085, 2.5, 2.6263531069696917, 3.4827951089513385]"
908,0,1371,True,False,,0.0,1,1,,0,1,11.626374121128393,[11.626374121128393],5.534285907240073,[5.534285907240073],5.310517604916715,0.0,[],3.0711018659175187,0.0,0.0,0.0,[3.0711018659175187],[],[0.0],[],[5.310517604916715]
908,0,1372,True,False,,0.0,4,4,,0,4,28.598155572211873,"[18.297424874373473, 4.4604511358982295, 2.5, 3.3402795619401715]",15.15328067316263,"[8.135995701005655, 2.7395759430003093, 1.975, 2.302709029156667]",28.908029428954244,0.0,[],15.274131477292155,0.0,0.0,0.0,"[3.4420569775940857, 2.304574570827172, 6.946686748113876, 2.58081318075702]",[],"[0.0, 0.0, 0.0, 0.0]",[],"[6.261684557933553, 3.345063002120953, 15.24791473875353, 4.0533671301462055]"
908,0,1373,True,False,,0.0,1,1,,0,1,2.9805926365194,[2.9805926365194],2.162431128242566,[2.162431128242566],7.665117253951884,0.0,[],3.989395729041235,0.0,0.0,0.0,[3.989395729041235],[],[0.0],[],[7.665117253951884]
908,0,1374,True,False,,0.0,2,2,,0,2,19.47461259451788,"[7.893355245284448, 11.581257349233432]",9.595098911861974,"[4.078408545660935, 5.516690366201039]",33.52595118391491,0.0,[],15.075120961726816,0.0,0.0,0.0,"[5.643200455432035, 9.43192050629478]",[],"[0.0, 0.0]",[],"[11.905642193415474, 21.620308990499435]"
908,0,1375,True,False,,0.0,3,3,,0,3,12.985621135603886,"[3.119353504167663, 4.600799857525343, 5.2654677739108795]",8.064392242885516,"[2.2165478666253886, 2.7943119444348836, 3.0535324318252433]",28.028642275425412,0.0,[],13.93117048741591,0.0,0.0,0.0,"[6.5061770686369504, 5.258572526316876, 2.1664208924620834]",[],"[0.0, 0.0, 0.0]",[],"[14.118402740094744, 10.919416734145837, 2.9908228011848297]"
908,0,1376,True,False,,0.0,2,2,,0,2,26.537063352091227,"[19.216260486319353, 7.320802865771874]",12.349454707315578,"[8.494341589664547, 3.855113117651031]",15.466430310702876,0.0,[],8.031907821174121,0.0,0.0,0.0,"[2.9956462525107086, 5.036261568663413]",[],"[0.0, 0.0]",[],"[5.117041673104381, 10.349388637598494]"
908,0,1377,True,False,,0.0,2,2,,0,2,15.155671852700188,"[7.7032201248539085, 7.452451727846278]",7.9107120225530725,"[4.004255848693024, 3.9064561738600485]",15.104006249695383,0.0,[],7.890562437381199,0.0,0.0,0.0,"[3.393505593523681, 4.497056843857518]",[],"[0.0, 0.0]",[],"[6.1371938295479005, 8.966812420147482]"
908,0,1378,True,True,1.0,5.99,5,5,True,2,7,43.08993474988696,"[3.203474198767177, 17.17162206704394, 14.461600971361419, 3.4517858325366113, 4.8014516801778155]",21.80507455245592,"[2.249354937519199, 7.696932606147137, 6.640024378830954, 2.3461964746892785, 2.8725661552693484]",60.80297520554562,9.868794734067562,"[6.998058157582431, 2.8707365764851307]",28.713160330162793,5.848829946286349,23.713160330162793,3.848829946286349,"[4.880814033281378, 7.602543145678373, 3.6205633908234947, 8.878592233710073, 3.7306475266694763]","[3.729242681457148, 2.119587264829201]","[3.8808140332813776, 6.602543145678373, 2.6205633908234947, 7.878592233710073, 2.7306475266694763]","[2.729242681457148, 1.119587264829201]","[9.950805213541994, 16.929597809431726, 6.719393309803832, 20.201518547974544, 7.001660324793528]"
908,0,1379,True,False,,0.0,3,3,,0,3,21.724505141873415,"[5.550394973491204, 13.44388093744933, 2.7302292309328813]",11.472557005330632,"[3.1646540396615697, 6.243113565605239, 2.064789400063824]",15.509033482763652,0.0,[],9.048523058277825,0.0,0.0,0.0,"[4.105982146648035, 2.96754091162979, 1.975]",[],"[0.0, 0.0, 0.0]",[],"[7.964056786277012, 5.044976696486641, 2.5]"
908,0,1380,True,True,1.0,5.99,5,5,True,2,7,58.33106957685341,"[9.486516757304484, 12.115950636447389, 17.286580134284957, 15.224855790159262, 4.217166258657319]",27.74911713497283,"[4.699741535348749, 5.725220748214482, 7.741766252371134, 6.937693758162112, 2.6446948408763546]",31.05923614059588,17.57764495810626,"[9.3705346019417, 8.20711035616456]",17.113102094832392,8.85528153366144,12.113102094832392,6.855281533661442,"[3.0061178180851584, 6.039043880410026, 2.227776618674932, 3.314583997655516, 2.52557978000676]","[4.654508494757263, 4.200773038904178]","[2.0061178180851584, 5.039043880410026, 1.2277766186749322, 2.314583997655516, 1.52557978000676]","[3.654508494757263, 3.2007730389041784]","[5.143891841243995, 12.920625334384681, 3.1481451760895696, 5.934830763219271, 3.911743025658359]"
908,0,1381,True,True,1.0,5.99,5,5,True,1,6,52.52603737013122,"[13.498737417668284, 16.1216812434897, 6.503143679505442, 5.003771438864714, 11.398703590603075]",25.485154574351178,"[6.264507592890631, 7.2874556849609835, 3.536226035007122, 2.9514708611572384, 5.4454944003352]",57.74616062811148,6.717120812596462,[6.717120812596462],27.52100264496348,3.6196771169126203,22.521002644963477,2.6196771169126203,"[4.7339866622766955, 6.335323284929297, 6.057345318304938, 5.653377975247104, 4.740969404205446]",[3.6196771169126203],"[3.7339866622766955, 5.335323284929297, 5.057345318304938, 4.653377975247104, 3.7409694042054453]",[2.6196771169126203],"[9.57432477506845, 13.680316115203325, 12.967552098217789, 11.931738398069498, 9.592229241552424]"
908,0,1382,True,False,,0.0,1,1,,0,1,4.314457277222082,[4.314457277222082],2.682638338116612,[2.682638338116612],10.828290100234842,0.0,[],5.223033139091588,0.0,0.0,0.0,[5.223033139091588],[],[0.0],[],[10.828290100234842]
908,0,1383,True,False,,0.0,3,3,,0,3,15.136864304551885,"[3.833124111177311, 4.492223125680677, 6.811517067693896]",8.903377078775236,"[2.4949184033591516, 2.751967019015464, 3.6564916564006196]",26.62584144406341,0.0,[],13.384078163184732,0.0,0.0,0.0,"[4.117010727801313, 3.9353916831469036, 5.331675752236515]",[],"[0.0, 0.0, 0.0]",[],"[7.992335199490547, 7.5266453414023164, 11.10686090317055]"
908,0,1384,True,True,1.0,5.99,6,6,True,1,7,74.59551808425701,"[7.383211957046304, 11.846714349495661, 15.600310344906251, 9.585748953890608, 10.272411757259503, 19.90712072165867]",35.09225205286023,"[3.8794526632480584, 5.6202185963033084, 7.084121034513438, 4.738442092017337, 5.006240585331207, 8.763777081446882]",42.26233390744263,7.409789919338904,[7.409789919338904],22.48231022390263,3.8898180685421724,16.482310223902626,2.8898180685421724,"[3.756119260448767, 3.589006825410255, 1.975, 5.73508612953489, 5.452098008508715, 1.975]",[3.8898180685421724],"[2.756119260448767, 2.589006825410255, 0.9750000000000001, 4.73508612953489, 4.452098008508715, 0.9750000000000001]",[2.8898180685421724],"[7.0669724626891455, 6.6384790395134745, 2.5, 12.141246485986898, 11.415635919253114, 2.5]"
908,0,1385,True,False,,0.0,2,2,,0,2,23.164120759362874,"[2.5, 20.664120759362874]",11.034007096151521,"[1.975, 9.059007096151522]",9.927587996633925,0.0,[],5.87175931868723,0.0,0.0,0.0,"[3.486286560044906, 2.385472758642325]",[],"[0.0, 0.0]",[],"[6.375093743704887, 3.552494252929039]"
908,0,1386,True,True,1.0,5.99,7,7,True,0,7,65.86059462731717,"[7.611374113664134, 10.522943325407509, 4.7121533151654535, 6.430108581903055, 13.184989373860867, 15.371652066103634, 8.027373851212511]",32.6856319046537,"[3.968435904329012, 5.103947896908928, 2.837739792914527, 3.507742346942192, 6.1421458558057385, 6.994944305780417, 4.130675801972879]",83.10861359722576,0.0,[],39.41235930291805,0.0,32.41235930291805,0.0,"[8.235255394600372, 8.209297611275147, 3.035837329023847, 2.7052504694602635, 5.068495030918532, 4.236860938005966, 7.92136252963392]",[],"[7.235255394600372, 7.209297611275146, 2.035837329023847, 1.7052504694602635, 4.068495030918532, 3.236860938005966, 6.92136252963392]",[],"[18.551936909231724, 18.485378490449094, 5.220095715445762, 4.372437101180163, 10.432038540816748, 8.299643430784528, 17.747083409317742]"
908,0,1387,True,False,,0.0,4,4,,0,4,57.76872097073688,"[8.485526409969804, 9.943102922907142, 14.93094781771159, 24.40914382014834]",26.529801178587384,"[4.309355299888224, 4.877810139933786, 6.823069648907521, 10.519566089857854]",45.01650488787311,0.0,[],21.556436906270516,0.0,0.0,0.0,"[5.360471513954477, 5.705051840214258, 8.515913552101779, 1.975]",[],"[0.0, 0.0, 0.0, 0.0]",[],"[11.180696189626863, 12.064235487728867, 19.271573210517378, 2.5]"
908,0,1388,True,True,1.0,5.99,5,5,True,1,6,62.44968543317102,"[22.032011195749195, 14.30492927284139, 3.9872713305289027, 8.672416863430056, 13.453056770621473]",29.3553773189367,"[9.592484366342186, 6.578922416408142, 2.555035818906272, 4.382242576737722, 6.2466921405423745]",49.49910784856875,11.689233147756338,[11.689233147756338],24.304652060941812,5.558800927624972,19.304652060941812,4.558800927624972,"[8.338762053122476, 2.962746623983657, 3.6330758302632633, 4.687427497406451, 4.682640056165965]",[5.558800927624972],"[7.338762053122476, 1.9627466239836568, 2.6330758302632633, 3.6874274974064507, 3.6826400561659653]",[4.558800927624972],"[18.817338597749938, 5.032683651240146, 6.7514764878545215, 9.45494230104218, 9.442666810681962]"
908,0,1389,True,False,,0.0,1,1,,0,1,7.183817352471403,[7.183817352471403],3.801688767463847,[3.801688767463847],4.170556418871182,0.0,[],2.626517003359761,0.0,0.0,0.0,[2.626517003359761],[],[0.0],[],[4.170556418871182]
908,0,1390,True,False,,0.0,2,2,,0,2,6.287077795959354,"[3.787077795959354, 2.5]",4.451960340424148,"[2.476960340424148, 1.975]",9.484896806105965,0.0,[],5.699109754381326,0.0,0.0,0.0,"[2.669586425962323, 3.0295233284190033]",[],"[0.0, 0.0]",[],"[4.280990835800829, 5.2039059703051365]"
908,0,1391,True,True,1.0,5.99,5,3,,3,8,21.411007714832987,"[9.497037593985858, 7.624422163441571, 4.289547957405557]",11.350293008784867,"[4.703844661654485, 3.973524643742213, 2.672923703388167]",26.19095479596976,31.63985036210723,"[7.420007207613228, 17.61595652905876, 6.6038866254352415]",13.214472370428204,15.33954164122182,10.214472370428206,12.33954164122182,"[6.011645042968288, 3.9307481586249926, 3.2720791688349253]","[3.893802810969159, 7.870223046332916, 3.5755157839197445]","[5.011645042968288, 2.9307481586249926, 2.2720791688349253]","[2.893802810969159, 6.870223046332916, 2.5755157839197445]","[12.850371905046893, 7.514738868269212, 5.825844022653654]"
908,0,1392,True,True,1.0,5.99,5,5,True,2,7,50.58875047967714,"[19.8429563933615, 9.750702716829833, 6.134055399065712, 2.5, 12.361035970420097]",24.729612687074088,"[8.738752993410985, 4.802774059563635, 3.392281605635628, 1.975, 5.820804028463838]",41.50047235924245,26.638520029109607,"[12.787069923255276, 13.85145010585433]",21.18518422010456,12.389022811352746,16.18518422010456,10.389022811352746,"[3.477957445038898, 6.629881553658078, 2.5504070942887456, 6.551938127118836, 1.975]","[5.986957270069557, 6.402065541283188]","[2.477957445038898, 5.629881553658078, 1.5504070942887456, 5.551938127118836, 0.9750000000000001]","[4.986957270069557, 5.402065541283188]","[6.353737038561277, 14.435593727328405, 3.975402805868578, 14.235738787484195, 2.5]"
908,0,1393,True,False,,0.0,3,3,,0,3,42.708929718763585,"[7.990746487470748, 14.865732911030571, 19.852450320262264]",19.6564825903178,"[4.116391130113591, 6.797635835301923, 8.742455624902284]",36.34210776052366,0.0,[],17.17342202660423,0.0,0.0,0.0,"[6.733605260896525, 2.1771884820693215, 8.262628283638382]",[],"[0.0, 0.0, 0.0]",[],"[14.701551951016729, 3.0184320053059532, 18.622123804200978]"
908,0,1394,True,False,,0.0,2,2,,0,2,7.535710472582526,"[5.035710472582526, 2.5]",4.938927084307185,"[2.963927084307185, 1.975]",11.492324281758663,0.0,[],6.482006469885879,0.0,0.0,0.0,"[2.557019148304948, 3.924987321580931]",[],"[0.0, 0.0]",[],"[3.9923567905255073, 7.499967491233156]"
908,0,1395,True,True,1.0,5.99,5,5,True,2,7,61.47904374288071,"[2.749386193863838, 11.581369775603994, 29.86782016304738, 9.562977762691933, 7.717489847673571]",28.976827059723483,"[2.072260615606897, 5.516734212485558, 12.648449863588478, 4.729561327449854, 4.009821040592692]",66.34487585733672,24.121914075717385,"[11.446342427782325, 12.67557164793506]",30.87450158436132,11.40754648952978,25.87450158436132,9.40754648952978,"[6.427909964707032, 6.408104704324547, 3.5309387085105057, 11.768729920443631, 2.7388182863756043]","[5.464073546835107, 5.943472942694673]","[5.427909964707032, 5.408104704324547, 2.5309387085105057, 10.768729920443631, 1.738818286375604]","[4.464073546835107, 4.943472942694673]","[13.91771785822316, 13.866935139293709, 6.4895864320782195, 27.612128001137513, 4.458508426604113]"
908,0,1396,True,False,,0.0,4,4,,0,4,40.659549212816614,"[12.241843370654374, 7.064476588932159, 14.932667017706004, 6.420562235524077]",19.85722419299848,"[5.774318914555206, 3.7551458696835422, 6.823740136905342, 3.50401927185439]",35.4419476963257,0.0,[],17.822359601567022,0.0,0.0,0.0,"[4.56760080595302, 5.18528645547014, 2.0447036752002434, 6.0247686649436165]",[],"[0.0, 0.0, 0.0, 0.0]",[],"[9.147694374238515, 10.731503731974719, 2.6787273723083156, 12.884022217804144]"
908,0,1397,True,True,1.0,5.99,6,6,True,1,7,49.37070836305563,"[2.5, 4.216559520295294, 4.469588303578817, 13.360604772422107, 3.7841332800296934, 21.03982248672972]",25.254576261591698,"[1.975, 2.644458212915165, 2.7431394383957386, 6.210635861244622, 2.4758119792115805, 9.205530769824591]",58.05160501285668,4.546706802822565,[4.546706802822565],28.640125955014106,2.7732156531008005,22.640125955014106,1.7732156531008005,"[3.247306378375898, 6.19649104408009, 2.4490136733139862, 3.272151663458067, 6.186893775381485, 7.28826942040458]",[2.7732156531008005],"[2.247306378375898, 5.19649104408009, 1.4490136733139862, 2.272151663458067, 5.186893775381485, 6.28826942040458]",[1.7732156531008005],"[5.762324047117688, 13.324336010461767, 3.715419675164067, 5.826029906302736, 13.299727629183293, 16.123767744627127]"
908,0,1398,True,True,1.0,5.99,9,9,True,1,10,95.90225187977717,"[9.843081583573275, 15.738477004737176, 6.997858518663363, 12.362072789569169, 6.495163334812455, 12.028401260572801, 5.407562120042287, 21.124530228668007, 5.905105039138648]",46.401878233113095,"[4.838801817593577, 7.138006031847499, 3.7291648222787117, 5.821208387931976, 3.5331137005768576, 5.6910764916233925, 3.1089492268164918, 9.238566789180522, 3.3029909652640725]",93.25712932623905,7.9843656786846555,[7.9843656786846555],45.370280437233234,4.1139026146870155,36.37028043723323,3.113902614687016,"[6.978736360575431, 2.465505394253288, 4.088864253705024, 6.228311780793043, 2.1943904827207685, 6.210331404649608, 4.293847877387874, 9.126836451808009, 3.7834564313401815]",[4.1139026146870155],"[5.978736360575431, 1.4655053942532883, 3.0888642537050237, 5.228311780793043, 1.1943904827207688, 5.210331404649608, 3.2938478773878734, 8.126836451808009, 2.7834564313401815]",[3.113902614687016],"[15.330093232244696, 3.7577061391109954, 7.9201647530898045, 13.405927643059085, 3.0625396992840224, 13.359824114486173, 8.445763788174034, 20.8380421841231, 7.137067772667132]"
908,0,1399,True,False,,0.0,4,4,,0,4,57.23694838729468,"[10.642249274331025, 12.64610833638898, 7.6445312353749335, 26.30405954119974]",26.322409871044925,"[5.1504772169891, 5.931982251191703, 3.981367181796224, 11.2585832210679]",60.85576912679592,0.0,[],27.73374995945041,0.0,0.0,0.0,"[5.303485840792186, 4.854242062283539, 7.134871939306966, 10.441150117067718]",[],"[0.0, 0.0, 0.0, 0.0]",[],"[11.034579078954323, 9.882671954573178, 15.730440870017862, 24.20807722325056]"
908,0,1400,True,False,,0.0,3,3,,0,3,22.185818562738177,"[2.5, 14.142188632280142, 5.543629930458034]",11.652469239467889,"[1.975, 6.5154535665892555, 3.1620156728786335]",28.619818140150187,0.0,[],14.161729074658572,0.0,0.0,0.0,"[4.769785827658319, 5.082995425363891, 4.308947821636361]",[],"[0.0, 0.0, 0.0]",[],"[9.666117506816205, 10.469219039394593, 8.484481593939387]"
908,0,1401,True,True,1.0,5.99,6,6,True,0,6,71.03373705397044,"[15.033298500858013, 7.986844254861001, 4.993628950119978, 18.631194281764063, 7.20939117246391, 17.179379893903473]",33.70315745104847,"[6.862986415334626, 4.114869259395791, 2.9475152905467916, 8.266165769887985, 3.811662557260925, 7.699958158622355]",59.343871309315546,0.0,[],29.144109810633065,0.0,23.144109810633065,0.0,"[2.452017799189766, 4.609146863733791, 7.353040427578411, 4.782411140114217, 5.686939663508196, 4.260553916508685]",[],"[1.452017799189766, 3.6091468637337916, 6.353040427578411, 3.7824111401142164, 4.686939663508196, 3.2605539165086848]",[],"[3.7231225620250408, 9.254222727522542, 16.289847250201053, 9.698490102856965, 12.017794008995374, 8.360394657714576]"
908,0,1402,True,True,1.0,5.99,6,6,True,2,8,89.99643465570675,"[16.096570509720657, 21.116181000351162, 22.19233669885265, 19.981182990869655, 6.5607476162501275, 4.049415839662498]",41.09860951572563,"[7.277662498791056, 9.235310590136953, 9.655011312552533, 8.792661366439166, 3.5586915703375497, 2.5792721774683747]",43.089526844690695,34.89815759887731,"[26.46303925845796, 8.435118340419352]",22.80491546942937,15.610281463562153,16.80491546942937,13.610281463562153,"[1.975, 2.070555263450683, 6.534682961128499, 3.8298689645123183, 6.234205118205073, 2.160603162132799]","[11.320585310798606, 4.289696152763547]","[0.9750000000000001, 1.0705552634506834, 5.534682961128499, 2.8298689645123183, 5.234205118205073, 1.1606031621327988]","[10.320585310798606, 3.2896961527635473]","[2.5, 2.745013496027393, 14.191494772124356, 7.256074267980303, 13.42103876462839, 2.9759055439302533]"
908,0,1403,True,False,,0.0,3,3,,0,3,19.179947044038748,"[7.589839339804121, 9.090107704234626, 2.5]",10.480179347175111,"[3.9600373425236075, 4.545142004651504, 1.975]",28.646908391136144,0.0,[],14.172294272543096,0.0,0.0,0.0,"[4.654762617679104, 5.705010019679831, 3.8125216351841615]",[],"[0.0, 0.0, 0.0]",[],"[9.371186199177188, 12.06412825558931, 7.211593936369645]"
908,0,1404,True,False,,0.0,1,1,,0,1,5.662096156441226,[5.662096156441226],3.2082175010120784,[3.2082175010120784],10.64292557102847,0.0,[],5.1507409727011035,0.0,0.0,0.0,[5.1507409727011035],[],[0.0],[],[10.64292557102847]
908,0,1405,True,False,,0.0,3,3,,0,3,19.73227236567258,"[6.453858974050438, 9.572203875163765, 3.706209516458377]",10.695586222612306,"[3.517004999879671, 4.733159511313868, 2.445421711418767]",32.04324716888208,0.0,[],15.49686639586401,0.0,0.0,0.0,"[4.279082613422162, 3.908794499036673, 7.308989283405176]",[],"[0.0, 0.0, 0.0]",[],"[8.407904136979903, 7.4584474334273665, 16.17689559847481]"
908,0,1406,True,True,1.0,5.99,5,5,True,0,5,44.421737045077236,"[12.002789469535022, 8.552156239893284, 6.365779376693066, 7.648989558870655, 9.85202240008521]",22.324477447580122,"[5.681087893118659, 4.335340933558381, 3.482653956910296, 3.9831059279595555, 4.842288736033232]",64.70840845816699,0.0,[],30.236279298685123,0.0,25.236279298685123,0.0,"[5.063315705253342, 8.630992409964495, 5.550966439470792, 6.202622483852012, 4.788382260144483]",[],"[4.063315705253342, 7.630992409964494, 4.550966439470792, 5.202622483852012, 3.788382260144483]",[],"[10.418758218598313, 19.566647205037164, 11.669144716591774, 13.340057650902594, 9.713800667037136]"
908,0,1407,True,False,,0.0,3,3,,0,3,21.071249257875316,"[11.484825094712969, 6.545742158132774, 3.0406820050295735]",11.217787210571373,"[5.479081786938058, 3.552839441671782, 2.185865981961534]",35.81651023768448,0.0,[],16.96843899269695,0.0,0.0,0.0,"[4.300712590491965, 10.233516872692817, 2.434209529512166]",[],"[0.0, 0.0, 0.0]",[],"[8.463365616646064, 23.675684288955942, 3.677460332082477]"
908,0,1408,True,False,,0.0,4,4,,0,4,55.43568463169433,"[31.5893009988029, 9.228164624874598, 8.702239004546081, 5.915980003470754]",25.619917006360787,"[13.319827389533131, 4.598984203701093, 4.393873211772972, 3.307232201353594]",31.122146617720606,0.0,[],16.137637180911035,0.0,0.0,0.0,"[3.7585223838310964, 6.623891336746883, 3.2745100382872394, 2.4807134220458176]",[],"[0.0, 0.0, 0.0, 0.0]",[],"[7.073134317515631, 14.420234196786879, 5.832077021249331, 3.7967010821687626]"
908,0,1409,True,False,,0.0,2,2,,0,2,21.667984058892138,"[6.725300412756567, 14.94268364613557]",10.450513782967935,"[3.6228671609750616, 6.827646621992873]",12.3102059144527,0.0,[],6.8009803066365535,0.0,0.0,0.0,"[2.5965073418576385, 4.2044729647789145]",[],"[0.0, 0.0]",[],"[4.09360856886574, 8.21659734558696]"
908,0,1410,True,False,,0.0,3,3,,0,3,32.77361125802928,"[10.925371426428992, 12.928073539140565, 8.920166292459717]",15.781708390631415,"[5.260894856307307, 6.04194868026482, 4.47886485405929]",47.36572830940383,0.0,[],21.472634040667494,0.0,0.0,0.0,"[14.13273053728596, 3.4703363521886397, 3.8695671511928946]",[],"[0.0, 0.0, 0.0]",[],"[33.67366804432297, 6.334195774842666, 7.357864490238192]"
908,0,1411,True,True,1.0,5.99,5,5,True,1,6,58.24695523049029,"[18.243629155009526, 10.630008173671477, 9.629122957927349, 8.19042736315989, 11.553767580722052]",27.716312539891213,"[8.115015370453715, 5.145703187731876, 4.755357953591666, 4.194266671632358, 5.5059693564816]",30.13828739507243,7.855799508916804,[7.855799508916804],16.75393208407825,4.063761808477554,11.753932084078247,3.0637618084775537,"[3.93740222321359, 2.844234056034219, 5.9956253108926685, 1.975, 2.0016704939377723]",[4.063761808477554],"[2.93740222321359, 1.844234056034219, 4.9956253108926685, 0.9750000000000001, 1.001670493937772]",[3.0637618084775537],"[7.531800572342537, 4.728805271882613, 12.80929566895556, 2.5, 2.5683858818917233]"
908,0,1412,True,False,,0.0,3,3,,0,3,21.618611493733912,"[10.02775379407569, 4.036375582755612, 7.554482116902611]",11.431258482556226,"[4.9108239796895194, 2.5741864772746887, 3.9462480255920185]",29.280591434034093,0.0,[],14.419430659273296,0.0,0.0,0.0,"[5.287418659361308, 2.337417970487412, 6.794594029424576]",[],"[0.0, 0.0, 0.0]",[],"[10.993381177849509, 3.429276847403621, 14.857933408780964]"
908,0,1413,True,False,,0.0,3,3,,0,3,24.693851653135933,"[7.913373846411142, 11.178101114045896, 5.602376692678894]",12.630602144723015,"[4.086215800100346, 5.3594594344779, 3.184926910144769]",17.6578375443832,0.0,[],9.886556642309447,0.0,0.0,0.0,"[1.9813756914012703, 1.975, 5.930180950908177]",[],"[0.0, 0.0, 0.0]",[],"[2.5163479266699236, 2.5, 12.641489617713274]"
908,0,1414,True,False,,0.0,1,1,,0,1,13.113930182715576,[13.113930182715576],6.114432771259075,[6.114432771259075],13.68865735249705,0.0,[],6.338576367473849,0.0,0.0,0.0,[6.338576367473849],[],[0.0],[],[13.68865735249705]
908,0,1415,True,False,,0.0,3,3,,0,3,36.92516858701623,"[15.03145698981412, 13.493898541983853, 8.399813055218257]",17.40081574893633,"[6.862268226027507, 6.262620431373703, 4.27592709153512]",34.18887337049593,0.0,[],16.33366061449341,0.0,0.0,0.0,"[3.567507981884761, 6.9601029472928815, 5.80604968531577]",[],"[0.0, 0.0, 0.0]",[],"[6.583353799704516, 15.282315249468926, 12.323204321322487]"
908,0,1416,True,False,,0.0,3,3,,0,3,24.475866278460675,"[3.93410899320876, 4.759337052524106, 15.782420232727809]",12.545587848599663,"[2.5343025073514163, 2.856141450484402, 7.155143890763846]",22.28593525396034,0.0,[],11.691514749044533,0.0,0.0,0.0,"[2.941482168183624, 4.867628607210739, 3.88240397365017]",[],"[0.0, 0.0, 0.0]",[],"[4.978159405599036, 9.916996428745485, 7.39077941961582]"
908,0,1417,True,True,1.0,5.99,5,6,,2,7,52.390901509638354,"[7.492649488142478, 6.993603902618239, 11.919502885264947, 11.578620583161436, 9.688188865163404, 4.718335785287849]",26.432451588758955,"[3.9221333003755663, 3.7275055220211133, 5.6486061252533295, 5.515662027432961, 4.778393657413728, 2.840150956262261]",71.9326585544888,11.834896462706425,"[1.6873794075095572, 10.147517055196868]",34.05373683625062,6.615609620455506,28.05373683625063,4.615609620455506,"[4.955209659650445, 5.7892509203386, 4.644317076820487, 3.00547652234836, 7.547470381047828, 8.112012276044908]","[1.6580779689287273, 4.957531651526779]","[3.9552096596504454, 4.7892509203386, 3.6443170768204864, 2.00547652234836, 6.547470381047828, 7.112012276044907]","[0.6580779689287273, 3.9575316515267787]","[10.141563229872936, 12.280130564970769, 9.34440276107817, 5.142247493200923, 16.788385592430327, 18.23592891293566]"
908,0,1418,True,False,,0.0,3,3,,0,3,43.94183492247561,"[12.635612762308098, 15.910118545919273, 15.396103614248236]",20.137315619765488,"[5.927888977300158, 7.204946232908517, 7.0044804095568125]",43.11942226761603,0.0,[],19.816574684370252,0.0,0.0,0.0,"[8.513782662317467, 2.324413307938075, 8.978378714114712]",[],"[0.0, 0.0, 0.0]",[],"[19.26610939055761, 3.395931558815576, 20.45738131824285]"
908,0,1419,True,False,,0.0,3,3,,0,3,13.247622603546136,"[6.9278100062972605, 3.8198125972488755, 2.5]",8.166572815382994,"[3.701845902455932, 2.489726912927061, 1.975]",24.920028696654217,0.0,[],12.718811191695146,0.0,0.0,0.0,"[3.1427368555832396, 5.900005577777112, 3.6760687583347944]",[],"[0.0, 0.0, 0.0]",[],"[5.49419706559805, 12.564116866095157, 6.861714764961011]"
908,0,1420,True,True,1.0,5.99,5,5,True,3,8,43.4441761843481,"[9.965634383468979, 2.586480754265553, 8.631391094983709, 14.188605601960942, 8.072064349668922]",21.94322871189576,"[4.886597409552902, 2.0087274941635656, 4.366242527043647, 6.533556184764768, 4.14810509637088]",65.413918591309,24.643995052458735,"[3.53899467090081, 11.002973987517779, 10.102026394040147]",30.511428250610507,12.611158070458906,25.511428250610507,9.611158070458906,"[3.317856458495931, 4.670551622542348, 6.813833360252777, 5.581999631108505, 10.127187178210947]","[2.380207921651316, 5.291159855131934, 4.9397902936756575]","[2.317856458495931, 3.6705516225423476, 5.813833360252777, 4.581999631108505, 9.127187178210947]","[1.3802079216513161, 4.291159855131934, 3.9397902936756575]","[5.943221688451104, 9.41167082703166, 14.90726502628917, 11.74871700284232, 23.40304404669474]"
908,0,1421,True,False,,0.0,1,1,,0,1,7.134827296566964,[7.134827296566964],3.7825826456611162,[3.7825826456611162],9.785129926957389,0.0,[],4.816200671513382,0.0,0.0,0.0,[4.816200671513382],[],[0.0],[],[9.785129926957389]
908,0,1422,True,False,,0.0,2,2,,0,2,17.97924490323829,"[13.00781882727485, 4.971426075963439]",9.011905512262933,"[6.073049342637192, 2.9388561696257414]",37.438922586964026,0.0,[],16.60117980891597,0.0,0.0,0.0,"[11.376583370425488, 5.224596438490482]",[],"[0.0, 0.0]",[],"[26.60662402673202, 10.832298560232005]"
908,0,1423,True,False,,0.0,3,3,,0,3,31.905436956645822,"[4.509291857310507, 4.2610841909153585, 23.135060908419955]",15.44312041309187,"[2.7586238243510977, 2.6618228344569896, 10.022673754283783]",30.74311526392938,0.0,[],14.98981495293246,0.0,0.0,0.0,"[5.638783754923014, 2.2557524402209723, 7.095278757788472]",[],"[0.0, 0.0, 0.0]",[],"[11.89431732031542, 3.2198780518486467, 15.628919891765314]"
908,0,1424,True,False,,0.0,2,2,,0,2,9.709507464892084,"[2.5, 7.209507464892084]",5.7867079113079125,"[1.975, 3.811707911307913]",14.035810912910918,0.0,[],7.473966256035258,0.0,0.0,0.0,"[5.498966256035258, 1.975]",[],"[0.0, 0.0]",[],"[11.535810912910918, 2.5]"
908,0,1425,True,False,,0.0,2,2,,0,2,13.820444146643412,"[11.320444146643412, 2.5]",7.389973217190931,"[5.414973217190931, 1.975]",15.888557144160018,0.0,[],8.196537286222409,0.0,0.0,0.0,"[5.226291204958932, 2.9702460812634754]",[],"[0.0, 0.0]",[],"[10.836644115279313, 5.051913028880706]"
908,0,1426,True,True,1.0,5.99,5,5,True,1,6,49.24246998205908,"[5.700473915200951, 11.126459414738857, 5.530508745691091, 13.757275613056311, 13.127752293371874]",24.20456329300304,"[3.223184826928371, 5.339319171748154, 3.1568984108195255, 6.365337489091962, 6.119823394415031]",44.73761428386432,19.38090889609017,[19.38090889609017],22.447669570707085,8.558554469475165,17.447669570707085,7.558554469475166,"[3.5619520743427326, 3.3897732528600395, 4.251588676654088, 2.5655579377016577, 8.678797629148566]",[8.558554469475165],"[2.5619520743427326, 2.3897732528600395, 3.2515886766540882, 1.5655579377016577, 7.678797629148566]",[7.558554469475166],"[6.5691078829300835, 6.127623725282152, 8.33740686321561, 4.014251122311943, 19.689224690124526]"
908,0,1427,True,False,,0.0,4,4,,0,4,35.82123827384933,"[7.490362686948088, 6.275562111538874, 10.548374879601688, 11.506938595760682]",17.97028292680124,"[3.9212414479097544, 3.447469223500161, 5.113866203044658, 5.487706052346666]",40.23629086261302,0.0,[],19.692153436419076,0.0,0.0,0.0,"[2.9220640690554367, 5.6939167849801064, 6.154148180188713, 4.922024402194822]",[],"[0.0, 0.0, 0.0, 0.0]",[],"[4.928369407834452, 12.035684064051555, 13.215764564586443, 10.056472826140569]"
908,0,1428,True,False,,0.0,1,1,,0,1,16.2916430002528,[16.2916430002528],7.353740770098592,[7.353740770098592],18.046643835887732,0.0,[],8.038191095996215,0.0,0.0,0.0,[8.038191095996215],[],[0.0],[],[18.046643835887732]
908,0,1429,True,False,,0.0,2,2,,0,2,7.8146775927247,"[4.098907457552046, 3.7157701351726544]",5.047724261162633,"[2.5985739084452977, 2.4491503527173353]",14.686598078069096,0.0,[],7.727773250446948,0.0,0.0,0.0,"[3.1621397305991352, 4.565633519847812]",[],"[0.0, 0.0]",[],"[5.54394802717727, 9.142650050891826]"
908,0,1430,True,False,,0.0,2,2,,0,2,26.90920223047147,"[15.994435378142839, 10.914766852328633]",12.494588869883874,"[7.237829797475707, 5.256759072408167]",26.71471963753799,0.0,[],12.418740658639816,0.0,0.0,0.0,"[10.443740658639816, 1.975]",[],"[0.0, 0.0]",[],"[24.21471963753799, 2.5]"
908,0,1431,True,True,1.0,5.99,5,5,True,4,9,52.4932734481625,"[5.372331692941394, 17.252751874614088, 7.274993854880577, 11.530327112125141, 11.062868913601298]",25.472376644783374,"[3.0952093602471438, 7.728573231099494, 3.837247603403425, 5.4968275737288055, 5.314518876304506]",47.170830489851724,32.127189229407676,"[7.877082856198293, 14.342959137660939, 3.581311569332235, 6.325835666216206]",23.39662389104217,16.529603799468994,18.39662389104217,12.529603799468992,"[1.975, 3.3217740827232562, 1.975, 7.671609314382858, 8.453240493936057]","[4.072062313917335, 6.593754063687767, 2.3967115120395714, 3.4670759098243207]","[0.9750000000000001, 2.3217740827232562, 0.9750000000000001, 6.671609314382858, 7.4532404939360575]","[3.0720623139173346, 5.593754063687767, 1.3967115120395717, 2.4670759098243207]","[2.5, 5.95326687877758, 2.5, 17.106690549699636, 19.110873061374505]"
908,0,1432,True,False,,0.0,2,2,,0,2,15.12198197430054,"[2.9180751529632576, 12.203906821337283]",7.897572969977211,"[2.1380493096556705, 5.75952366032154]",27.96515003594004,0.0,[],12.906408514016615,0.0,0.0,0.0,"[5.019753842055269, 7.886654671961347]",[],"[0.0, 0.0]",[],"[10.307061133475049, 17.658088902464993]"
908,0,1433,True,False,,0.0,3,3,,0,3,36.05656251270852,"[5.508789800526694, 21.236564927464283, 9.31120778471754]",17.062059379956324,"[3.148428022205411, 9.282260321711071, 4.631371036039841]",37.11936208277167,0.0,[],17.476551212280956,0.0,0.0,0.0,"[8.320999589755562, 3.00078125202539, 6.154770370500003]",[],"[0.0, 0.0, 0.0]",[],"[18.771793819886053, 5.13020833852664, 13.217359924358982]"
908,0,1434,True,False,,0.0,4,4,,0,4,21.765075058090513,"[2.5, 3.9962523933256286, 6.2140406447003675, 9.054782020064518]",12.488379272655301,"[1.975, 2.558538433396995, 3.4234758514331434, 4.531364987825162]",38.36189161223242,0.0,[],18.961137728770645,0.0,0.0,0.0,"[8.474140024307616, 2.1714138811444825, 4.383639389209397, 3.9319444341091487]",[],"[0.0, 0.0, 0.0, 0.0]",[],"[19.16446160078876, 3.0036253362679037, 8.675998433870248, 7.517806241305509]"
908,0,1435,True,False,,0.0,1,1,,0,1,2.6276913414242107,[2.6276913414242107],2.024799623155442,[2.024799623155442],4.21536769403357,0.0,[],2.643993400673092,0.0,0.0,0.0,[2.643993400673092],[],[0.0],[],[4.21536769403357]
908,0,1436,True,False,,0.0,1,1,,0,1,11.272151607687963,[11.272151607687963],5.396139126998306,[5.396139126998306],7.251199264881322,0.0,[],3.8279677133037158,0.0,0.0,0.0,[3.8279677133037158],[],[0.0],[],[7.251199264881322]
908,0,1437,True,False,,0.0,3,3,,0,3,27.69256807539083,"[4.934760099085707, 12.569586963832975, 10.188221012472146]",13.800101549402424,"[2.9245564386434255, 5.90213891589486, 4.973406194864137]",25.09415590257589,0.0,[],12.786720802004595,0.0,0.0,0.0,"[4.116754970982566, 4.41435514947324, 4.255610681548791]",[],"[0.0, 0.0, 0.0]",[],"[7.9916794127758095, 8.754756793521128, 8.34771969627895]"
908,0,1438,True,False,,0.0,2,2,,0,2,13.094188829749811,"[5.349455519876913, 7.744733309872899]",7.106733643602427,"[3.086287652751996, 4.020445990850431]",5.757020443048445,0.0,[],4.245237972788894,0.0,0.0,0.0,"[2.2702379727888937, 1.975]",[],"[0.0, 0.0]",[],"[3.2570204430484453, 2.5]"
908,0,1439,True,False,,0.0,1,1,,0,1,6.9235650490136535,[6.9235650490136535],3.700190369115325,[3.700190369115325],3.687399323406726,0.0,[],2.438085736128623,0.0,0.0,0.0,[2.438085736128623],[],[0.0],[],[3.687399323406726]
908,0,1440,True,False,,0.0,1,1,,0,1,9.686535348520742,[9.686535348520742],4.777748785923089,[4.777748785923089],6.173648851145553,0.0,[],3.407723051946766,0.0,0.0,0.0,[3.407723051946766],[],[0.0],[],[6.173648851145553]
908,0,1441,True,True,1.0,5.99,5,5,True,3,8,39.99319182643869,"[2.5, 4.061925464805859, 7.902239867026971, 15.982001651149773, 9.54702484345609]",20.59734481231109,"[1.975, 2.5841509312742854, 4.081873548140519, 7.2329806439484114, 4.723339688947875]",39.42302472677609,25.000844520753283,"[4.65098842552972, 9.268085329652871, 11.081770765570692]",20.374979643442682,12.75032936309378,15.37497964344268,9.75032936309378,"[7.134276126356677, 1.975, 2.9739694040283413, 5.33716487501593, 2.95456923804173]","[2.8138854859565905, 4.61455327856462, 5.32189059857257]","[6.134276126356677, 0.9750000000000001, 1.9739694040283413, 4.33716487501593, 1.95456923804173]","[1.8138854859565907, 3.61455327856462, 4.32189059857257]","[15.728913144504299, 2.5, 5.06146001032908, 11.120935576963923, 5.011715994978795]"
908,0,1442,True,True,1.0,5.99,5,5,True,1,6,54.75812750088479,"[4.621404940804229, 4.4885441154218775, 4.168211564600248, 22.006214733318746, 19.47375214673969]",26.355669725345074,"[2.8023479269136495, 2.750532205014532, 2.6256025101940965, 9.582423745994312, 8.59476333722848]",66.5444425970382,4.908289799993506,[4.908289799993506],30.952332612844906,2.9142330219974673,25.9523326128449,1.9142330219974675,"[6.886072012358712, 4.134447298460758, 6.712174297485321, 2.0710453430094358, 11.148593661530674]",[2.9142330219974673],"[5.886072012358712, 3.134447298460758, 5.712174297485321, 1.0710453430094358, 10.148593661530674]",[1.9142330219974675],"[15.092492339381312, 8.037044355027584, 14.646600762782874, 2.7462701102806046, 26.022035029565828]"
908,0,1443,True,False,,0.0,3,3,,0,3,25.21721737078331,"[14.741721092933696, 6.066955720830648, 4.4085405570189655]",12.834714774605493,"[6.749271226244142, 3.3661127311239527, 2.7193308172373967]",32.83751605971228,0.0,[],15.80663126328779,0.0,0.0,0.0,"[6.508608446527838, 4.516768431788741, 4.781254384971211]",[],"[0.0, 0.0, 0.0]",[],"[14.124637042379073, 9.017354953304462, 9.695524064028747]"
908,0,1444,True,True,1.0,5.99,9,9,True,0,9,83.0467473784414,"[18.50197671748248, 6.597431589306732, 6.90954426847096, 13.002374457748367, 11.239426452549102, 10.97083513305985, 6.716410617764464, 4.583353765640633, 4.525394376418806]",41.38823147759214,"[8.21577091981817, 3.5729983198296256, 3.694722264703674, 6.070926038521863, 5.38337631649415, 5.278625701893342, 3.6194001409281413, 2.787507968599847, 2.7649038068033343]",91.57700724315058,0.0,[],44.715032824828725,0.0,35.715032824828725,0.0,"[3.8952594181282625, 4.910225690976816, 2.7789105058029735, 9.8627338272966, 7.746975007234081, 1.975, 2.1347935795607604, 6.0789219541274875, 5.332212841701743]",[],"[2.8952594181282625, 3.9102256909768154, 1.7789105058029737, 8.8627338272966, 6.746975007234081, 0.9750000000000001, 1.1347935795607604, 5.0789219541274875, 4.332212841701743]",[],"[7.423742097764775, 10.026219720453373, 4.561308989238394, 22.724958531529744, 17.299935915984822, 2.5, 2.909727127078873, 13.022876805455097, 11.108238055645495]"
908,0,1445,True,False,,0.0,1,1,,0,1,8.413241895148857,[8.413241895148857],4.281164339108054,[4.281164339108054],6.562426551695421,0.0,[],3.5593463551612143,0.0,0.0,0.0,[3.5593463551612143],[],[0.0],[],[6.562426551695421]
908,0,1446,True,True,1.0,5.99,8,8,True,1,9,76.18866603456509,"[4.868704699113522, 3.834280786531399, 15.134723159935124, 15.290148015232553, 2.787424524778056, 5.294046803069897, 21.646285956756927, 7.333052089147616]",37.71357975348039,"[2.8987948326542736, 2.4953695067472457, 6.902542032374699, 6.963157725940696, 2.087095564663442, 3.06467825319726, 9.442051523135202, 3.8598903147675703]",47.42348034655471,7.445418791080339,[7.445418791080339],26.49515733515634,3.9037133285213326,18.49515733515634,2.9037133285213326,"[1.975, 3.07087042252287, 3.746751403932852, 3.9105075913879506, 2.8004694168365787, 1.975, 6.538530797337434, 2.4780277031386535]",[3.9037133285213326],"[0.9750000000000001, 2.07087042252287, 2.746751403932852, 2.9105075913879506, 1.8004694168365787, 0.9750000000000001, 5.538530797337434, 1.4780277031386535]",[2.9037133285213326],"[2.5, 5.309924160315051, 7.042952317776543, 7.462839977917821, 4.616588248298919, 2.5, 14.201361018813934, 3.7898146234324446]"
908,0,1447,True,False,,0.0,4,4,,0,4,35.31239313332594,"[9.763748724031686, 8.87508350067509, 7.77425108919504, 8.89930981942413]",17.77183332199712,"[4.8078620023723575, 4.461282565263286, 4.031957924786066, 4.470730829575411]",39.897917284338845,0.0,[],19.56018774089215,0.0,0.0,0.0,"[3.787017433415514, 6.678648245996838, 5.409921177986428, 3.6846008834933697]",[],"[0.0, 0.0, 0.0, 0.0]",[],"[7.1461985472192655, 14.560636528197021, 11.3074901999652, 6.883592008957358]"
908,0,1448,True,False,,0.0,2,2,,0,2,15.144566327109342,"[8.203099052879834, 6.941467274229507]",7.906380867572643,"[4.199208630623135, 3.707172236949508]",18.414102494663318,0.0,[],9.181499972918694,0.0,0.0,0.0,"[4.807840619357425, 4.37365935356127]",[],"[0.0, 0.0]",[],"[9.763693895788267, 8.650408598875051]"
908,0,1449,True,False,,0.0,2,2,,0,2,26.43226766477156,"[10.659169091103369, 15.773098573668193]",12.30858438926091,"[5.157075945530314, 7.151508443730595]",19.383350756846948,0.0,[],9.55950679517031,0.0,0.0,0.0,"[3.744164416189706, 5.8153423789806045]",[],"[0.0, 0.0]",[],"[7.03631901587104, 12.347031740975908]"
908,0,1450,True,True,1.0,5.99,5,5,True,3,8,40.83299013885744,"[2.5, 9.635655311110142, 12.391503446764268, 9.007362285170815, 7.298469095812215]",20.9248661541544,"[1.975, 4.757905571332955, 5.8326863442380645, 4.512871291216618, 3.846402947366764]",47.36285448286154,22.566365326613465,"[4.106933907712686, 3.7148655695701804, 14.7445658493306]",23.471513248316,11.800882477379254,18.471513248316,8.800882477379252,"[3.494811681965579, 3.585635644186388, 3.679721275511841, 2.9427564180472414, 9.768588228604951]","[2.6017042240079475, 2.4487975721323707, 6.750380681238934]","[2.494811681965579, 2.585635644186388, 2.679721275511841, 1.9427564180472414, 8.768588228604951]","[1.6017042240079475, 1.4487975721323705, 5.750380681238934]","[6.396953030680971, 6.629834985093303, 6.871080193620106, 4.981426712941644, 22.483559560525517]"
908,0,1451,True,True,1.0,5.99,5,5,True,4,9,46.09764903367189,"[7.721961037073479, 3.986436923652717, 5.728303951782914, 15.316666688383913, 13.344280432778874]",22.978083123132038,"[4.011564804458657, 2.5547104002245593, 3.2340385411953365, 6.973500008469727, 6.204269368783761]",52.065095317661694,27.656080655704553,"[4.496203871136977, 5.633948912972226, 12.510714980690713, 5.015212890904638]",25.305387173888064,14.785871455724777,20.30538717388806,10.785871455724777,"[4.279275429154968, 5.455241079301529, 2.515333501398683, 6.387206974571296, 6.668330189461587]","[2.753519509743421, 3.197240076059168, 5.879178842469378, 2.955933027452809]","[3.2792754291549673, 4.455241079301529, 1.515333501398683, 5.387206974571296, 5.668330189461587]","[1.753519509743421, 2.197240076059168, 4.879178842469378, 1.9559330274528088]","[8.408398536294788, 11.423695075132125, 3.8854705164068797, 13.813351216849476, 14.534179972978428]"
908,0,1452,True,False,,0.0,2,2,,0,2,16.9576600029155,"[7.178249740941968, 9.779410261973531]",8.613487401137045,"[3.799517398967368, 4.813970002169677]",22.264818599470093,0.0,[],10.683279253793337,0.0,0.0,0.0,"[6.574932739439566, 4.108346514353771]",[],"[0.0, 0.0]",[],"[14.294699331896323, 7.970119267573771]"
908,0,1453,True,False,,0.0,4,4,,0,4,48.70091308689173,"[16.14173185938369, 12.755606461256384, 9.027495722792652, 10.77607904345901]",22.99335610388778,"[7.295275425159639, 5.97468651988999, 4.520723331889135, 5.202670826949014]",47.593280901230216,0.0,[],22.561379551479785,0.0,0.0,0.0,"[6.762220108465797, 3.1918951282681527, 2.1835399445230386, 10.423724370222796]",[],"[0.0, 0.0, 0.0, 0.0]",[],"[14.774923355040507, 5.620243918636288, 3.0347178064693296, 24.163395821084094]"
908,0,1454,True,False,,0.0,1,1,,0,1,2.5,[2.5],1.975,[1.975],3.6354506594256493,0.0,[],2.4178257571760033,0.0,0.0,0.0,[2.4178257571760033],[],[0.0],[],[3.6354506594256493]
908,0,1455,True,False,,0.0,4,4,,0,4,34.72738047139737,"[16.654428210447367, 6.134619640193214, 9.438332620756787, 2.5]",17.543678383844977,"[7.495227002074474, 3.3925016596753537, 4.680949722095147, 1.975]",21.760681064558035,0.0,[],12.486665615177634,0.0,0.0,0.0,"[2.9306673191413664, 2.2070709446871506, 4.5866427250906305, 2.762284626258486]",[],"[0.0, 0.0, 0.0, 0.0]",[],"[4.950429023439401, 3.0950537043260264, 9.196519807924695, 4.518678528867913]"
908,0,1456,True,False,,0.0,4,4,,0,4,16.74246669313285,"[4.373479067123864, 2.9871356397896203, 6.117568718044868, 3.264283268174498]",10.529562010321813,"[2.7056568361783073, 2.164982899517952, 3.3858518000374986, 2.2730704745880543]",38.02562831583289,0.0,[],18.82999504317483,0.0,0.0,0.0,"[8.633143881100114, 4.1729547945734575, 3.110003598129519, 2.9138927693717376]",[],"[0.0, 0.0, 0.0, 0.0]",[],"[19.572163797692603, 8.135781524547326, 5.410265636229536, 4.907417357363429]"
908,0,1457,True,False,,0.0,1,1,,0,1,12.548277785164444,[12.548277785164444],5.893828336214133,[5.893828336214133],14.55736119312328,0.0,[],6.677370865318079,0.0,0.0,0.0,[6.677370865318079],[],[0.0],[],[14.55736119312328]
908,0,1458,True,True,1.0,5.99,6,6,True,2,8,68.05959724251959,"[20.526868188009274, 16.42824588401326, 4.393217217363224, 2.7442822071156665, 17.732988089645627, 6.233995656372532]",32.54324292458264,"[9.005478593323618, 7.4070158947651725, 2.7133547147716577, 2.07027006077511, 7.915865354961794, 3.4312583059852875]",51.187430740097284,5.1822461428244235,"[3.3866468750814187, 1.795599267743005]",25.96309798863794,4.021075995701525,19.96309798863794,2.0210759957015254,"[3.620400136724406, 4.37371914445634, 2.593496039981101, 2.9602063225376627, 3.217763536964716, 9.197512807973716]","[2.3207922812817534, 1.700283714419772]","[2.620400136724406, 3.3737191444563397, 1.593496039981101, 1.9602063225376625, 2.217763536964716, 8.197512807973716]","[1.3207922812817534, 0.700283714419772]","[6.718974709549759, 8.650561908862409, 4.0858872820028225, 5.026170057788878, 5.686573171704399, 21.019263610189014]"
908,0,1459,True,True,1.0,5.99,5,5,True,0,5,37.60553963207264,"[5.2377020111149335, 2.9985999136923485, 9.433724595762325, 8.484305560474818, 11.451207551028217]",19.66616045650833,"[3.042703784334824, 2.169453966340016, 4.6791525923473065, 4.308879168585179, 5.465970944901005]",54.538968682736105,0.0,[],26.270197786267076,0.0,21.270197786267076,0.0,"[6.527618490899688, 7.419863312164388, 2.942839413977112, 3.8185490303473877, 5.561327538878503]",[],"[5.527618490899688, 6.419863312164388, 1.942839413977112, 2.8185490303473877, 4.561327538878503]",[],"[14.173380745896637, 16.461187979908686, 4.981639523018235, 7.227048795762532, 11.695711638150009]"
908,0,1460,True,False,,0.0,2,2,,0,2,20.97939313714474,"[9.49574423264689, 11.483648904497848]",10.181963323486448,"[4.703340250732287, 5.478623072754161]",11.658210581699395,0.0,[],6.5467021268627645,0.0,0.0,0.0,"[4.369910446392925, 2.1767916804698393]",[],"[0.0, 0.0]",[],"[8.640796016392114, 3.0174145653072806]"
908,0,1461,True,False,,0.0,3,3,,0,3,28.720878546407473,"[8.335010104644928, 13.188011466352249, 7.1978569754102955]",14.201142633098915,"[4.250653940811522, 6.143324471877377, 3.8071642204100153]",26.01608114527354,0.0,[],13.14627164665668,0.0,0.0,0.0,"[2.5776591721671176, 4.870070754857289, 5.698541719632274]",[],"[0.0, 0.0, 0.0]",[],"[4.045279928633635, 9.92325834578792, 12.047542870851984]"
908,0,1462,True,False,,0.0,3,3,,0,3,22.525877607296664,"[9.893318834965271, 2.587500001956229, 10.045058770375165]",11.7850922668457,"[4.858394345636456, 2.0091250007629293, 4.9175729204463146]",45.51324368009015,0.0,[],20.75016503523516,0.0,0.0,0.0,"[6.079448242990011, 3.4860904144178306, 11.184626377827318]",[],"[0.0, 0.0, 0.0]",[],"[13.024226264076951, 6.374590806199565, 26.114426609813634]"
908,0,1463,True,True,1.0,5.99,5,5,True,1,6,55.175048027108055,"[3.7111897268705394, 7.829474001520531, 6.234867610245406, 2.508803164306082, 34.8907135241655]",26.518268730572142,"[2.4473639934795104, 4.053494860593007, 3.4315983679957083, 1.978433234079372, 14.607378274424544]",55.30642555874533,10.844248375879912,[10.844248375879912],26.569505967910676,5.229256866593166,21.56950596791068,4.229256866593166,"[2.3309113153018863, 5.839361613219271, 5.766156370122396, 3.24646823023553, 9.386608439031594]",[5.229256866593166],"[1.3309113153018863, 4.839361613219271, 4.766156370122396, 2.24646823023553, 8.386608439031594]",[4.229256866593166],"[3.412593116158683, 12.408619521075055, 12.220913769544605, 5.760174949321871, 21.504124202645112]"
908,0,1464,True,True,1.0,5.99,5,5,True,3,8,79.46228193536861,"[6.399136957215056, 23.9323550693945, 20.09239785919121, 13.273353150140673, 15.765038899427175]",35.99028995479376,"[3.495663413313872, 10.333618477063855, 8.83603516508457, 6.176607728554862, 7.148365170776598]",59.71754257050306,28.363886785675863,"[10.87782259014477, 9.153928717747963, 8.33213547778313]",28.2898416024962,14.061915846413585,23.2898416024962,11.061915846413587,"[8.071251308970101, 2.161806591368359, 6.05965550724912, 6.080180583336196, 5.916947611572421]","[5.24235081015646, 4.570032199921705, 4.249532836335421]","[7.071251308970101, 1.1618065913683588, 5.05965550724912, 5.080180583336196, 4.916947611572421]","[4.24235081015646, 3.5700321999217057, 3.249532836335421]","[18.13141361274385, 2.978991259918869, 12.973475659613129, 13.026104059836399, 12.607557978390822]"
908,0,1465,True,False,,0.0,3,3,,0,3,18.58450155940096,"[4.44047814717482, 11.025176413483589, 3.1188469987425527]",10.247955608166375,"[2.7317864773981797, 5.2998188012586, 2.216350329509596]",44.1179981545197,0.0,[],20.206019280262684,0.0,0.0,0.0,"[2.1564421022959195, 4.336569228065251, 13.713007949901513]",[],"[0.0, 0.0, 0.0]",[],"[2.965236159733127, 8.555305712987822, 32.59745628179875]"
908,0,1466,True,False,,0.0,1,1,,0,1,2.5,[2.5],1.975,[1.975],10.632106297454364,0.0,[],5.146521456007202,0.0,0.0,0.0,[5.146521456007202],[],[0.0],[],[10.632106297454364]
908,0,1467,True,True,1.0,5.99,6,5,,0,6,71.33696156474842,"[10.58594527542972, 15.595153274441362, 16.722192918486495, 23.178843253133508, 5.25482684325733]",32.82141501025188,"[5.128518657417591, 7.082109777032131, 7.521655238209734, 10.039748868722068, 3.049382468870359]",46.952343777278045,0.0,[],23.311414073138437,0.0,18.311414073138437,0.0,"[3.640429462017794, 6.269198732531019, 2.303642531217991, 4.424522640871656, 6.673620706499977]",[],"[2.640429462017794, 5.269198732531019, 1.303642531217991, 3.4245226408716563, 5.673620706499977]",[],"[6.7703319538917786, 13.510765980848767, 3.3426731569692074, 8.780827284286298, 14.547745401281993]"
908,0,1468,True,False,,0.0,2,2,,0,2,19.40774673038583,"[7.468615297023712, 11.939131433362117]",9.569021224850474,"[3.912759965839248, 5.656261259011226]",8.954264305035986,0.0,[],5.492163078964035,0.0,0.0,0.0,"[3.5171630789640345, 1.975]",[],"[0.0, 0.0]",[],"[6.454264305035986, 2.5]"
908,0,1469,True,False,,0.0,4,4,,0,4,47.13785377768319,"[4.0596748890021175, 11.969479441277556, 21.359503599098367, 9.749195848305149]",22.383762973296445,"[2.583273206710826, 5.668096982098247, 9.330206403648363, 4.802186380839008]",41.47560509138356,0.0,[],20.17548598563959,0.0,0.0,0.0,"[5.104784699799654, 6.3081840486856935, 5.281485124361999, 3.4810321127922403]",[],"[0.0, 0.0, 0.0, 0.0]",[],"[10.525088973845268, 13.610728329963317, 10.978166985543586, 6.361620802031386]"
908,0,1470,True,False,,0.0,4,4,,0,4,44.228085375127634,"[10.190138371336701, 12.002159359209887, 13.882329162113312, 8.15345848246773]",21.248953296299778,"[4.974153964821314, 5.6808421500918564, 6.414108373224192, 4.179848808162415]",30.35429818307534,0.0,[],15.838176291399384,0.0,0.0,0.0,"[6.246284395472945, 2.8259658339889766, 2.3813182438178, 4.384607818119662]",[],"[0.0, 0.0, 0.0, 0.0]",[],"[13.45201127044345, 4.681963676894812, 3.541841650814871, 8.67848158492221]"
908,0,1471,True,False,,0.0,3,3,,0,3,33.73348071595642,"[7.336121423026883, 16.622383119632968, 9.774976173296565]",16.156057479223,"[3.8610873549804845, 7.482729416656857, 4.81224070758566]",27.054627452531737,0.0,[],13.551304706487379,0.0,0.0,0.0,"[2.7676130783410535, 4.070295909354577, 6.713395718791747]",[],"[0.0, 0.0, 0.0]",[],"[4.532341226515522, 7.872553613729685, 14.649732612286531]"
908,0,1472,True,False,,0.0,2,2,,0,2,23.43760815217142,"[12.598085064868707, 10.839523087302712]",11.140667179346854,"[5.913253175298796, 5.227414004048058]",14.0240393168189,0.0,[],7.4693753335593716,0.0,0.0,0.0,"[4.578428828746037, 2.8909465048133343]",[],"[0.0, 0.0]",[],"[9.175458535246248, 4.848580781572652]"
908,0,1473,True,False,,0.0,4,4,,0,4,32.005024918178606,"[18.07649997913658, 6.404960178990547, 4.532898643286928, 2.9906661167645487]",16.48195971808966,"[8.049834991863268, 3.4979344698063133, 2.767830470881902, 2.166359785538174]",31.944994414974005,0.0,[],16.45854782183986,0.0,0.0,0.0,"[3.750810188499807, 6.331553441732288, 3.1821746786222183, 3.19400951298555]",[],"[0.0, 0.0, 0.0, 0.0]",[],"[7.053359457691812, 13.670649850595609, 5.595319688774919, 5.625665417911667]"
908,0,1474,True,False,,0.0,3,3,,0,3,19.506238131537422,"[2.5, 2.5, 14.506238131537424]",10.607432871299597,"[1.975, 1.975, 6.657432871299596]",16.776272647609126,0.0,[],9.54274633256756,0.0,0.0,0.0,"[2.3669992867296177, 4.112706560244232, 3.063040485593711]",[],"[0.0, 0.0, 0.0]",[],"[3.505126376229788, 7.981298872421107, 5.2898473989582335]"
908,0,1475,True,True,1.0,5.99,7,7,True,2,9,51.95906804755392,"[4.548472351075862, 7.633676974874146, 7.892589827272308, 4.627914717362815, 11.37391393933968, 7.010684075877285, 8.871816161751823]",27.26403653854603,"[2.773904216919586, 3.9771340202009173, 4.0781100326362, 2.804886739771498, 5.4358264363424755, 3.7341667895921415, 4.460008303083211]",62.527704410843974,12.690101717299203,"[4.935981813234555, 7.754119904064649]",31.385804720229157,6.94913966974669,24.385804720229153,4.94913966974669,"[4.4270422059748, 5.308308354448798, 3.046028011394973, 5.476652820854568, 1.975, 4.906702189142235, 6.246071138413778]","[2.9250329071614765, 4.024106762585213]","[3.4270422059748, 4.308308354448798, 2.046028011394973, 4.476652820854568, 0.9750000000000001, 3.9067021891422358, 5.246071138413778]","[1.9250329071614767, 3.0241067625852134]","[8.787287707627693, 11.04694449858666, 5.24622567024352, 11.478596976550174, 2.5, 10.017185100364706, 13.451464457471225]"
908,0,1476,True,False,,0.0,2,2,,0,2,12.94253549714966,"[5.26019441761774, 7.682341079531921]",7.047588843888368,"[3.0514758228709185, 3.9961130210174494]",22.545176747598823,0.0,[],10.79261893156354,0.0,0.0,0.0,"[4.248948618735987, 6.543670312827553]",[],"[0.0, 0.0]",[],"[8.33063748393843, 14.214539263660392]"
908,0,1477,True,False,,0.0,3,3,,0,3,41.68302411012147,"[10.2833494063592, 10.965281572701308, 20.434393131060965]",19.256379402947374,"[5.010506268480088, 5.27645981335351, 8.969413321113777]",17.79478543901439,0.0,[],9.939966321215612,0.0,0.0,0.0,"[2.3615538340011453, 3.5422886103333275, 4.03612387688114]",[],"[0.0, 0.0, 0.0]",[],"[3.4911636769260137, 6.51868874444443, 7.784933017643948]"
908,0,1478,True,True,1.0,5.99,5,5,True,5,10,42.97605152294879,"[9.569525883288692, 12.463834458517177, 2.5, 7.88314063363174, 10.559550547511177]",21.76066009395003,"[4.73211509448259, 5.860895438821699, 1.975, 4.074424847116379, 5.11822471352936]",55.38137640825743,56.16842855112426,"[4.796241074539086, 14.950927767509691, 7.682872501471032, 18.76046179326375, 9.977925414340698]",26.5987367992204,26.90568713493846,21.5987367992204,21.90568713493846,"[4.613075172961626, 5.570367478370968, 4.0118565989708035, 3.8036207632578924, 8.599816785659112]","[2.8705340190702437, 6.8308618293287795, 3.996320275573703, 8.316580099372864, 4.891390911592872]","[3.6130751729616257, 4.570367478370968, 3.011856598970804, 2.8036207632578924, 7.599816785659111]","[1.8705340190702437, 5.8308618293287795, 2.996320275573703, 7.316580099372863, 3.891390911592872]","[9.264295315286219, 11.718890970181969, 7.722709228130267, 7.188771187840749, 19.486709706818232]"
908,0,1479,True,True,1.0,5.99,6,6,True,2,8,51.49904000059024,"[10.977061895133543, 13.327791164982896, 9.073786412475513, 2.5, 12.491379209778714, 3.129021318219571]",26.084625600230193,"[5.281054139102082, 6.197838554343329, 4.5387767008654505, 1.975, 5.871637891813698, 2.220318314105633]",52.34782311715956,32.516037919948076,"[17.624690097640958, 14.891347822307116]",26.415651015692227,14.68125478877975,20.415651015692227,12.68125478877975,"[6.658977657655255, 2.7286841721904995, 3.669455464670129, 4.537877988675182, 5.850098035051357, 2.970557697449805]","[7.873629138079973, 6.807625650699776]","[5.658977657655255, 1.7286841721904995, 2.669455464670129, 3.5378779886751817, 4.850098035051357, 1.9705576974498051]","[6.873629138079973, 5.807625650699776]","[14.510199122192962, 4.432523518437178, 6.84475760171828, 9.071482022244055, 12.436148807823992, 5.05271204474309]"
908,0,1480,True,True,1.0,5.99,5,5,True,3,8,67.32573416517145,"[15.706767304207512, 14.087126601736731, 15.729542618050397, 7.433328454228664, 14.368969186948153]",31.257036324416866,"[7.12563924864093, 6.493979374677325, 7.134521621039655, 3.898998097149179, 6.60389798290978]",45.231389891139116,27.734496854468592,"[12.170714466797419, 5.427969075434991, 10.135813312236184]",22.640242057544256,13.81645377324275,17.640242057544256,10.816453773242753,"[1.975, 6.439543427937931, 3.9741666967548026, 4.8360372191125895, 5.415494713738934]","[5.746578642050993, 3.1169079394196464, 4.952967191772112]","[0.9750000000000001, 5.439543427937931, 2.9741666967548026, 3.8360372191125895, 4.415494713738934]","[4.746578642050993, 2.1169079394196464, 3.952967191772112]","[2.5, 13.947547251122899, 7.626068453217442, 9.83599286951946, 11.321781317279319]"
908,0,1481,True,False,,0.0,4,4,,0,4,39.80533970917775,"[8.065924631257543, 7.666627594676616, 18.371568963798588, 5.701218519445006]",19.524082486579324,"[4.145710606190442, 3.98998476192388, 8.164911895881449, 3.2234752225835526]",19.203127248662703,0.0,[],11.489219626978453,0.0,0.0,0.0,"[2.6921547881969787, 2.47874167660365, 3.6365597736413227, 2.6817633885365035]",[],"[0.0, 0.0, 0.0, 0.0]",[],"[4.338858431274304, 3.791645324624743, 6.760409676003391, 4.312213816760265]"
908,0,1482,True,False,,0.0,2,2,,0,2,26.131106558816633,"[18.506626613010592, 7.6244799458060415]",12.191131557938489,"[8.217584379074133, 3.973547178864356]",10.255127634930105,0.0,[],5.999499777622741,0.0,0.0,0.0,"[2.7729382201937933, 3.2265615574289472]",[],"[0.0, 0.0]",[],"[4.545995436394342, 5.709132198535762]"
908,0,1483,True,True,1.0,5.99,10,10,True,4,14,114.07477950258033,"[11.233046978162061, 10.289345924675647, 10.739035030480679, 7.762290590309677, 10.35367169049591, 10.890456870596577, 22.765044755009782, 3.8475719469913345, 18.286883827784244, 7.907431888074424]",54.48916400600633,"[5.380888321483204, 5.012844910623502, 5.188223661887465, 4.027293330220774, 5.037931959293405, 5.247278179532665, 9.878367454453816, 2.5005530593266205, 8.131884692835856, 4.083898436349026]",82.40431131399015,37.960127641546364,"[14.150159611890132, 6.730008568819757, 6.75065442747865, 10.329305033357828]",42.13768141245616,18.804449780203086,32.13768141245616,14.804449780203084,"[4.947182014505234, 4.117565483592855, 2.3516417279811144, 5.4267592879380295, 4.198137307274292, 2.098570718725031, 1.975, 6.790801804797651, 5.004744845973825, 5.227278221668133]","[6.518562248637152, 3.624703341839705, 3.6327552267166734, 5.028428963009553]","[3.947182014505234, 3.1175654835928546, 1.3516417279811144, 4.4267592879380295, 3.1981373072742922, 1.098570718725031, 0.9750000000000001, 5.790801804797651, 4.004744845973825, 4.227278221668133]","[5.518562248637152, 2.624703341839705, 2.6327552267166734, 4.028428963009553]","[10.120979524372395, 7.993757650238088, 3.4657480204643956, 11.350664840866742, 8.200352069934082, 2.8168479967308486, 2.5, 14.848209755891412, 10.268576528138013, 10.839174927354186]"
908,0,1484,True,False,,0.0,4,4,,0,4,37.98581543839018,"[8.141083214020542, 12.020297054739077, 13.566854731969185, 4.2575804376613835]",18.81446802097217,"[4.175022453468012, 5.68791585134824, 6.291073345467982, 2.66045637068794]",52.34897683064026,0.0,[],24.416100963949702,0.0,0.0,0.0,"[8.742566164514042, 5.666429603028179, 2.3707349644659352, 7.636370231941546]",[],"[0.0, 0.0, 0.0, 0.0]",[],"[19.85273375516421, 11.965204110328663, 3.5147050370921415, 17.016333928055246]"
908,0,1485,True,True,1.0,5.99,6,6,True,1,7,59.909230826736895,"[6.505652383056561, 24.765153796944826, 11.170196907117198, 5.947162214966696, 5.022143801201196, 6.498921723450417]",29.36460002242739,"[3.537204429392059, 10.658409980808482, 5.356376793775707, 3.319393263837011, 2.9586360824684665, 3.534579472145663]",65.4222838562144,7.272543266255608,[7.272543266255608],31.51469070392362,3.8362918738396874,25.51469070392362,2.8362918738396874,"[4.717895872796834, 7.420977430316617, 4.874014535333015, 2.4517402954465375, 5.262875093242783, 6.787187476787831]",[3.8362918738396874],"[3.717895872796834, 6.420977430316617, 3.874014535333015, 1.4517402954465377, 4.262875093242783, 5.787187476787831]",[2.8362918738396874],"[9.533066340504702, 16.46404469311953, 9.933370603417988, 3.7224110139654814, 10.930448957032775, 14.838942248173925]"
908,0,1486,True,True,1.0,5.99,7,7,True,1,8,53.72307365881012,"[11.718859547223028, 4.888183335328046, 7.401947030137086, 2.7704510302284335, 2.919164466340296, 8.878799962283841, 15.145668287269391]",27.951998726935948,"[5.570355223416981, 2.906391500777938, 3.886759341753464, 2.080475901789089, 2.138474141872716, 4.462731985290699, 6.906810632035063]",79.90922333696479,5.5188868293085,[5.5188868293085],38.16459710141627,3.1523658634303153,31.164597101416273,2.1523658634303153,"[7.055623293197357, 8.992890056024569, 5.96686531315557, 5.911971370628913, 5.66226833308617, 2.5878757448784127, 1.9871029904452808]",[3.1523658634303153],"[6.055623293197357, 7.992890056024569, 4.96686531315557, 4.911971370628913, 4.66226833308617, 1.5878757448784124, 0.9871029904452808]",[2.1523658634303153],"[15.527239213326556, 20.494589887242483, 12.735552085014282, 12.59479838622798, 11.954534187400435, 4.071476268919006, 2.5310333088340533]"
908,0,1487,True,False,,0.0,3,3,,0,3,12.554568631968834,"[2.68366435566631, 7.370904276302525, 2.5]",7.896281766467846,"[2.046629098709861, 3.874652667757985, 1.975]",29.513388748236952,0.0,[],14.510221611812412,0.0,0.0,0.0,"[4.411690144168105, 7.9462360475094584, 2.1522954201348483]",[],"[0.0, 0.0, 0.0]",[],"[8.747923446584885, 17.81086166028066, 2.954603641371406]"
908,0,1488,True,True,1.0,5.99,5,5,True,1,6,45.76270360378296,"[4.648637268809433, 5.777719750893714, 4.891761755801339, 8.103864651657583, 22.34072017662089]",22.847454405475354,"[2.812968534835679, 3.2533107028485486, 2.9077870847625222, 4.160507214146458, 9.712880868882149]",33.36197152531557,6.6490873250746905,[6.6490873250746905],18.011168894873073,3.5931440567791295,13.011168894873073,2.5931440567791295,"[4.8607916585799344, 2.824566884942996, 3.604761688421765, 4.411308183935494, 2.309740478992884]",[3.5931440567791295],"[3.8607916585799344, 1.8245668849429963, 2.604761688421765, 3.4113081839354944, 1.3097404789928844]",[2.5931440567791295],"[9.8994657912306, 4.678376628058965, 6.6788761241583705, 8.746944061373062, 3.3583089204945753]"
908,0,1489,True,True,1.0,5.99,8,4,,2,10,79.20756298910959,"[22.461911792681242, 15.489179571895363, 27.515177326877048, 13.741294297655948]",34.89094956575275,"[9.760145599145686, 7.040780033039192, 11.730919157482049, 6.35910477608582]",41.59851820890837,6.732180393288363,"[3.7157192841370534, 3.0164611091513094]",20.223422101474263,4.625550353382462,16.223422101474263,2.6255503533824616,"[5.407764028907126, 7.089724766028539, 1.975, 5.750933306538598]","[2.449130520813451, 2.1764198325690107]","[4.407764028907126, 6.089724766028539, 0.9750000000000001, 4.750933306538598]","[1.4491305208134508, 1.1764198325690107]","[11.30195904847981, 15.614678887252664, 2.5, 12.181880273175892]"
908,0,1490,True,False,,0.0,2,2,,0,2,27.607957690163595,"[7.423360669420463, 20.18459702074313]",12.7671034991638,"[3.8951106610739807, 8.87199283808982]",24.73126263370001,0.0,[],11.645192427143003,0.0,0.0,0.0,"[3.4433206602539137, 8.20187176688909]",[],"[0.0, 0.0]",[],"[6.26492476988183, 18.46633786381818]"
908,0,1491,True,False,,0.0,1,1,,0,1,20.858333093205516,[20.858333093205516],9.134749906350152,[9.134749906350152],3.1775094793539864,0.0,[],2.2392286969480546,0.0,0.0,0.0,[2.2392286969480546],[],[0.0],[],[3.1775094793539864]
908,0,1492,True,False,,0.0,1,1,,0,1,9.268257561118796,[9.268257561118796],4.61462044883633,[4.61462044883633],20.25266274564965,0.0,[],8.898538470803365,0.0,0.0,0.0,[8.898538470803365],[],[0.0],[],[20.25266274564965]
908,0,1493,True,False,,0.0,3,3,,0,3,12.538219196384057,"[4.397049468392804, 5.641169727991254, 2.5]",7.889905486589782,"[2.7148492926731933, 3.200056193916589, 1.975]",31.82084796422746,0.0,[],15.41013070604871,0.0,0.0,0.0,"[4.758759137013696, 7.1625145361525, 3.488857032882514]",[],"[0.0, 0.0, 0.0]",[],"[9.637843941060758, 15.801319323467949, 6.381684699698754]"
908,0,1494,True,False,,0.0,3,3,,0,3,34.71996206448613,"[8.548339697042397, 9.926246499917644, 16.245375867526093]",16.540785205149593,"[4.3338524818465345, 4.871236134967882, 7.335696588335177]",24.019104468838787,0.0,[],12.367450742847126,0.0,0.0,0.0,"[4.476235172944415, 3.2389387145031945, 4.652276855399517]",[],"[0.0, 0.0, 0.0]",[],"[8.913423520370296, 5.740868498726139, 9.364812449742352]"
908,0,1495,True,False,,0.0,3,3,,0,3,12.89446819343529,"[5.855145095414464, 2.5, 4.5393230980208275]",8.028842595439764,"[3.283506587211641, 1.975, 2.7703360082281225]",19.51629990167081,0.0,[],10.611356961651616,0.0,0.0,0.0,"[2.610034341636163, 1.975, 6.026322620015453]",[],"[0.0, 0.0, 0.0]",[],"[4.1282931836824694, 2.5, 12.88800671798834]"
908,0,1496,True,False,,0.0,3,3,,0,3,25.77367016979801,"[8.599633699958096, 5.342818878676276, 11.831217591163636]",13.051731366221222,"[4.3538571429836574, 3.0836993626837477, 5.614174860553818]",35.87452689159466,0.0,[],16.99106548772192,0.0,0.0,0.0,"[4.11007462755409, 7.275649593251325, 5.605341266916505]",[],"[0.0, 0.0, 0.0]",[],"[7.974550327061768, 16.091409213464935, 11.808567351067962]"
908,0,1497,True,False,,0.0,2,2,,0,2,14.838373266816676,"[5.614918850221304, 9.223454416595372]",7.786965574058504,"[3.1898183515863088, 4.597147222472195]",27.523606324053297,0.0,[],12.734206466380787,0.0,0.0,0.0,"[7.425605559432469, 5.3086009069483175]",[],"[0.0, 0.0]",[],"[16.475911690852485, 11.047694633200814]"
908,0,1498,True,False,,0.0,2,2,,0,2,21.715480214047762,"[10.353780831197238, 11.361699382850524]",10.469037283478627,"[5.0379745241669225, 5.431062759311705]",11.660773049592683,0.0,[],6.547701489341145,0.0,0.0,0.0,"[1.975, 4.572701489341146]",[],"[0.0, 0.0]",[],"[2.5, 9.160773049592683]"
908,0,1499,True,False,,0.0,3,3,,0,3,31.62862080628846,"[15.35265497037839, 6.960535952503811, 9.315429883406258]",15.3351621144525,"[6.987535438447573, 3.714609021476486, 4.633017654528441]",35.00408379681864,0.0,[],16.651592680759272,0.0,0.0,0.0,"[4.895393408243491, 7.016998371260751, 4.739200901255029]",[],"[0.0, 0.0, 0.0]",[],"[9.98818822626536, 15.428200951950643, 9.587694618602638]"
908,0,1500,True,False,,0.0,4,4,,0,4,44.54786219794287,"[17.234485714632935, 21.4669889671661, 2.5, 3.346387516143835]",21.37366625719772,"[7.721449428706845, 9.372125697194779, 1.975, 2.3050911312960958]",22.42873464296145,0.0,[],12.747206510754966,0.0,0.0,0.0,"[2.592763653719017, 3.049297389147796, 3.273468935022119, 3.831676532866034]",[],"[0.0, 0.0, 0.0, 0.0]",[],"[4.0840093685103, 5.254608690122553, 5.829407525697741, 7.260709058630856]"
908,0,1501,True,False,,0.0,4,4,,0,4,46.14901658944479,"[23.75379693806305, 10.421806478599748, 6.766085162325132, 5.207328010456863]",21.99811646988347,"[10.26398080584459, 5.064504526653902, 3.6387732133068016, 3.030857924078177]",43.26291258878504,0.0,[],20.872535909626166,0.0,0.0,0.0,"[6.730788936092822, 4.280118819082815, 4.712077355327238, 5.149550799123291]",[],"[0.0, 0.0, 0.0, 0.0]",[],"[14.694330605366211, 8.41056107457132, 9.518147064941635, 10.639873843905873]"
908,0,1502,True,False,,0.0,1,1,,0,1,11.08872080049193,[11.08872080049193],5.3246011121918535,[5.3246011121918535],10.501872340342045,0.0,[],5.095730212733398,0.0,0.0,0.0,[5.095730212733398],[],[0.0],[],[10.501872340342045]
908,0,1503,True,False,,0.0,3,3,,0,3,33.75403335840316,"[6.224044870353201, 18.07781023913631, 9.452178248913652]",16.164073009777233,"[3.4273774994377484, 8.05034599326316, 4.686349517076325]",42.001232505671524,0.0,[],19.380480677211896,0.0,0.0,0.0,"[2.944080495066861, 7.381227615868385, 9.05517256627665]",[],"[0.0, 0.0, 0.0]",[],"[4.98482178222272, 16.362122091970217, 20.654288631478586]"
908,0,1504,True,False,,0.0,1,1,,0,1,5.839591226590432,[5.839591226590432],3.2774405783702685,[3.2774405783702685],9.130002352203254,0.0,[],4.560700917359269,0.0,0.0,0.0,[4.560700917359269],[],[0.0],[],[9.130002352203254]
908,0,1505,True,True,1.0,5.99,5,5,True,1,6,43.30434317522771,"[12.226815831464673, 3.0519827465722935, 16.61725398682007, 2.5, 8.90829061037067]",21.88869383833881,"[5.768458174271223, 2.1902732711631945, 7.480729054859828, 1.975, 4.474233338044561]",41.3135836677093,6.216330117855887,[6.216330117855887],21.11229763040663,3.424368745963796,16.11229763040663,2.424368745963796,"[4.121682115581905, 2.6123427177434584, 8.48901740496813, 2.5177954239266995, 3.3714599681864366]",[3.424368745963796],"[3.1216821155819043, 1.6123427177434586, 7.4890174049681315, 1.5177954239266993, 2.3714599681864366]",[2.424368745963796],"[8.004313116876677, 4.134212096778099, 19.202608730687516, 3.891783138273588, 6.080666585093427]"
908,0,1506,True,False,,0.0,3,3,,0,3,20.34213301118743,"[9.667981646723653, 6.942728716276682, 3.7314226481870936]",10.933431874363098,"[4.7705128422222245, 3.707664199347906, 2.4552548327929666]",25.026721060214413,0.0,[],12.760421213483621,0.0,0.0,0.0,"[2.4517580896120568, 2.6353868969826832, 7.6732762268888814]",[],"[0.0, 0.0, 0.0]",[],"[3.7224566400309147, 4.193299735853033, 17.110964684330465]"
908,0,1507,True,False,,0.0,2,2,,0,2,31.561935474066306,"[14.485604791622968, 17.076330682443338]",14.30915483488586,"[6.649385868732958, 7.659768966152902]",15.236497464084067,0.0,[],7.942234010992786,0.0,0.0,0.0,"[5.580569335676841, 2.361664675315946]",[],"[0.0, 0.0]",[],"[11.745049578658564, 3.4914478854255027]"
908,0,1508,True,False,,0.0,2,2,,0,2,30.071762666731104,"[8.56113781625074, 21.51062485048036]",13.72798744002513,"[4.338843748337789, 9.389143691687341]",27.073033882881482,0.0,[],12.558483214323779,0.0,0.0,0.0,"[5.327628580628799, 7.23085463369498]",[],"[0.0, 0.0]",[],"[11.096483540073844, 15.97655034280764]"
908,0,1509,True,False,,0.0,3,3,,0,3,41.63851891762808,"[9.985253066065662, 16.294987643933485, 15.358278207628935]",19.239022377874953,"[4.894248695765608, 7.355045181134059, 6.989728500975285]",32.89866000926438,0.0,[],15.83047740361311,0.0,0.0,0.0,"[4.486884433197099, 7.081764560219584, 4.261828410196425]",[],"[0.0, 0.0, 0.0]",[],"[8.940729315889998, 15.594268103127138, 8.363662590247243]"
908,0,1510,True,True,1.0,5.99,7,7,True,1,8,75.59559004164002,"[10.82271580004349, 6.93270408444364, 4.8234833796630925, 14.131524002367085, 24.27830040887565, 8.497266510015653, 6.109595856231408]",36.48228011623961,"[5.2208591620169615, 3.7037545929330196, 2.881158518068606, 6.511294360923164, 10.468537159461505, 4.313933938906104, 3.3827423839302493]",62.11423690178164,9.109648481543653,[9.109648481543653],31.224552391694843,4.552762907802025,24.224552391694843,3.5527629078020246,"[2.9337950166825966, 7.530989141117475, 3.689640816363158, 5.99821201630117, 2.0333426038731703, 2.2293845625440336, 6.809188234813237]",[4.552762907802025],"[1.9337950166825963, 6.530989141117475, 2.689640816363158, 4.99821201630117, 1.0333426038731706, 1.2293845625440336, 5.809188234813237]",[3.5527629078020246],"[4.958448760724606, 16.74612600286532, 6.8965149137516875, 12.815928246926076, 2.6495964201876165, 3.1522681090872653, 14.89535444823907]"
908,0,1511,True,False,,0.0,4,4,,0,4,52.86306103192775,"[10.908976854488287, 17.767116032098016, 9.96683453541234, 14.220133609929107]",24.616593802451824,"[5.254500973250432, 7.929175252518227, 4.887065468810813, 6.545852107872352]",64.95722780938719,0.0,[],29.333318845661008,0.0,0.0,0.0,"[7.343590737992068, 8.785583257530721, 4.3955283692757146, 8.8086164808625]",[],"[0.0, 0.0, 0.0, 0.0]",[],"[16.265617276902738, 19.963033993668517, 8.706482998142858, 20.022093540673076]"
908,0,1512,True,False,,0.0,3,3,,0,3,41.16704103833729,"[4.0499961806183205, 15.0770758225054, 22.039969035213566]",19.055146004951542,"[2.579498510441145, 6.880059570777106, 9.59558792373329]",32.179691354377916,0.0,[],15.550079628207389,0.0,0.0,0.0,"[7.814264783944243, 1.975, 5.760814844263145]",[],"[0.0, 0.0, 0.0]",[],"[17.47247380498524, 2.5, 12.207217549392677]"
908,0,1513,True,False,,0.0,4,4,,0,4,50.96838409132024,"[14.869357465921127, 11.900998844444729, 7.880754872288964, 16.317272908665423]",23.877669795614896,"[6.799049411709239, 5.641389549333445, 4.073494400192696, 7.363736434379515]",31.678509073342916,0.0,[],16.354618538603738,0.0,0.0,0.0,"[5.822439369377088, 4.600132969650221, 2.714527409138638, 3.21751879043779]",[],"[0.0, 0.0, 0.0, 0.0]",[],"[12.365229152248943, 9.23111017859031, 4.396224125996507, 5.685945616507154]"
908,0,1514,True,False,,0.0,2,2,,0,2,20.697763203929707,"[2.6538612421824475, 18.04390196174726]",10.072127649532584,"[2.0350058844511545, 8.03712176508143]",17.526022346333786,0.0,[],8.835148715070176,0.0,0.0,0.0,"[5.844651980552939, 2.9904967345172366]",[],"[0.0, 0.0]",[],"[12.422184565520357, 5.103837780813428]"
908,0,1515,True,True,1.0,5.99,6,6,True,3,9,49.29134732350944,"[5.292445865106749, 2.83958583187728, 6.507492745748199, 12.281118998936448, 17.435114704772243, 4.935589177068524]",25.223625456168683,"[3.064053887391632, 2.107438474432139, 3.5379221708417976, 5.789636409585214, 7.799694734861175, 2.9248797790567242]",57.087312703295325,37.91725827723735,"[18.539848929971868, 4.322753617757271, 15.054655729508214]",28.264051954285172,17.78773072812257,22.264051954285172,14.787730728122568,"[6.5690346520366685, 5.771267568798343, 2.6283987535097184, 4.605840755526414, 6.0982164106501475, 2.5912938137638846]","[8.23054108268903, 2.6858739109253356, 6.871315734508204]","[5.5690346520366685, 4.771267568798343, 1.6283987535097186, 3.605840755526413, 5.0982164106501475, 1.5912938137638846]","[7.230541082689029, 1.6858739109253356, 5.871315734508204]","[14.279576030863252, 12.234019407175238, 4.175381419255689, 9.245745526990802, 13.072349770897814, 4.080240548112524]"
908,0,1516,True,False,,0.0,2,2,,0,2,30.16752666966573,"[20.223527347074743, 9.943999322590987]",13.765335401169635,"[8.88717566535915, 4.878159735810485]",18.899535107511923,0.0,[],9.370818691929651,0.0,0.0,0.0,"[5.477750172948903, 3.893068518980748]",[],"[0.0, 0.0]",[],"[11.48141069986898, 7.418124407642944]"
908,0,1517,True,True,1.0,5.99,7,7,True,2,9,74.55383720151913,"[2.591834646497891, 18.789236797704174, 8.402380791765458, 15.45355910336499, 11.33208942149174, 10.34654837509323, 7.638188065601658]",36.07599650859247,"[2.0108155121341778, 8.327802351104628, 4.2769285087885285, 7.026888050312346, 5.419514874381778, 5.035153866286359, 3.9788933455846465]",89.29869964505922,13.97577380314096,"[6.6843703705449835, 7.291403432595977]",41.826492861573094,7.450551783224975,34.826492861573094,5.450551783224975,"[11.682058481767013, 3.1828511880328447, 5.185905187947655, 5.634515540889657, 5.254254033558592, 7.34066066802703, 3.546247761350302]","[3.6069044445125438, 3.843647338712431]","[10.682058481767013, 2.1828511880328447, 4.185905187947655, 4.634515540889657, 4.254254033558592, 6.34066066802703, 2.546247761350302]","[2.6069044445125438, 2.843647338712431]","[27.38989354299234, 5.597054328289345, 10.733090225506807, 11.88337318176835, 10.90834367579126, 16.258104276992384, 6.528840413718723]"
908,0,1518,True,False,,0.0,4,4,,0,4,27.121282988180372,"[3.8169307991724937, 7.647515215837062, 8.003249170158728, 7.653587803012087]",14.577300365390347,"[2.488603011677273, 3.9825309341764545, 4.121267176361904, 3.984899243174714]",44.93696988917267,0.0,[],21.525418256777343,0.0,0.0,0.0,"[4.19733084565758, 10.040397159992322, 2.463426781834859, 4.824263469292582]",[],"[0.0, 0.0, 0.0, 0.0]",[],"[8.19828421963482, 23.18050553844185, 3.752376363679126, 9.805803767416876]"
908,0,1519,True,False,,0.0,2,2,,0,2,14.452619036177994,"[4.964382092740454, 9.48823694343754]",7.636521424109418,"[2.936109016168777, 4.700412407940641]",20.04373866074689,0.0,[],9.817058077691286,0.0,0.0,0.0,"[5.574802045633537, 4.24225603205775]",[],"[0.0, 0.0]",[],"[11.730261655470606, 8.313477005276281]"
908,0,1520,True,False,,0.0,3,3,,0,3,18.717786225834246,"[9.759286007478973, 3.868529486757757, 5.089970731597515]",10.299936628075356,"[4.8061215429168, 2.508726499835525, 2.985088585323031]",21.002955405254664,0.0,[],11.19115260804932,0.0,0.0,0.0,"[2.2552179831290267, 5.712440014252929, 3.223494610667364]",[],"[0.0, 0.0, 0.0]",[],"[3.218507649048786, 12.083179523725457, 5.70126823248042]"
908,0,1521,True,False,,0.0,1,1,,0,1,9.912545006759002,[9.912545006759002],4.86589255263601,[4.86589255263601],12.992293887975695,0.0,[],6.066994616310521,0.0,0.0,0.0,[6.066994616310521],[],[0.0],[],[12.992293887975695]
908,0,1522,True,True,1.0,5.99,7,7,True,0,7,88.54016393982431,"[12.658632072980806, 5.941045304180145, 27.482669655984314, 15.834149439533725, 15.11961465411826, 8.722992927675937, 2.7810598853511315]",41.53066393653149,"[5.936866508462515, 3.3170076686302568, 11.718241165833883, 7.175318281418153, 6.896649715106122, 4.401967241793615, 2.0846133552869412]",64.67486942925402,0.0,[],32.22319907740907,0.0,25.22319907740907,0.0,"[3.6233949113465753, 4.093232227218847, 3.9536201674486002, 3.2839663699192108, 5.847594173631804, 7.300662218222513, 4.120729009621519]",[],"[2.6233949113465753, 3.093232227218847, 2.9536201674486002, 2.2839663699192108, 4.847594173631804, 6.300662218222513, 3.1207290096215186]",[],"[6.726653618837372, 7.93136468517653, 7.57338504474, 5.8563240254338735, 12.429728650337958, 16.155544149288495, 8.001869255439791]"
908,0,1523,True,True,1.0,5.99,6,6,True,0,6,82.94820533279241,"[20.10398348164892, 13.42889896473306, 13.328413120675174, 12.87830890349971, 15.324015939161, 7.884584923074553]",38.34980007978905,"[8.84055355784308, 6.237270596245893, 6.198081117063318, 6.022540472364887, 6.97636621627279, 4.074988119999076]",48.34946324974479,0.0,[],24.85629066740047,0.0,18.85629066740047,0.0,"[2.0288507045228528, 4.202890675710248, 9.76334956540006, 2.810250584988185, 4.075949136779119, 1.975]",[],"[1.0288507045228525, 3.2028906757102478, 8.76334956540006, 1.8102505849881847, 3.0759491367791196, 0.9750000000000001]",[],"[2.638078729545776, 8.21254019412884, 22.470127090769388, 4.641668166636371, 7.8870490686644095, 2.5]"
908,0,1524,True,False,,0.0,2,2,,0,2,30.267245660756306,"[26.87314108373064, 3.394104577025666]",13.804225807694959,"[11.48052502265495, 2.3237007850400095]",17.254603584913657,0.0,[],8.729295398116326,0.0,0.0,0.0,"[2.6935063873579193, 6.035789010758407]",[],"[0.0, 0.0]",[],"[4.3423240701485115, 12.912279514765146]"
908,0,1525,True,False,,0.0,1,1,,0,1,32.732659907098345,[32.732659907098345],13.765737363768356,[13.765737363768356],15.031884137496775,0.0,[],6.862434813623742,0.0,0.0,0.0,[6.862434813623742],[],[0.0],[],[15.031884137496775]
908,0,1526,True,False,,0.0,4,4,,0,4,33.104892017551244,"[2.5, 6.7186095518912765, 16.05821581552084, 7.82806665013913]",16.910907886844985,"[1.975, 3.620257725237598, 7.262704168053127, 4.05294599355426]",41.86846409578997,0.0,[],20.328700997358084,0.0,0.0,0.0,"[7.336777254284613, 5.404751493820538, 2.4827663142569656, 5.10440593499597]",[],"[0.0, 0.0, 0.0, 0.0]",[],"[16.24814680585798, 11.294234599539841, 3.8019649083511937, 10.52411778204095]"
908,0,1527,True,False,,0.0,4,4,,0,4,38.85770317836117,"[5.5401696867621135, 8.774719830452597, 15.910860856054448, 8.631952805092013]",19.154504239560858,"[3.1606661778372245, 4.422140733876512, 7.205235733861235, 4.3664615939858855]",32.61629569366386,0.0,[],16.720355320528906,0.0,0.0,0.0,"[5.413670626067055, 3.671789992851503, 3.025362564950889, 4.609532136659459]",[],"[0.0, 0.0, 0.0, 0.0]",[],"[11.317104169402704, 6.85074357141411, 5.193237346027921, 9.255210606819125]"
908,0,1528,True,False,,0.0,3,3,,0,3,19.49383326849798,"[6.880281053573258, 6.018752266113399, 6.594799948811323]",10.602594974714211,"[3.683309610893571, 3.3473133837842255, 3.571971980036416]",32.14244097719636,0.0,[],15.535551981106583,0.0,0.0,0.0,"[6.890952780821598, 5.074366207223193, 3.570232993061791]",[],"[0.0, 0.0, 0.0]",[],"[15.105007130311789, 10.447092839033827, 6.590341007850745]"
908,0,1529,True,False,,0.0,2,2,,0,2,11.166700777864172,"[6.791194475577694, 4.375506302286479]",6.355013303367027,"[3.6485658454753005, 2.706447457891727]",9.619143918753842,0.0,[],5.751466128313998,0.0,0.0,0.0,"[3.776466128313998, 1.975]",[],"[0.0, 0.0]",[],"[7.119143918753841, 2.5]"
908,0,1530,True,False,,0.0,4,4,,0,4,30.427575852249376,"[5.782514156380916, 7.517357953146458, 2.6009853838424952, 14.526718358879505]",15.866754582377256,"[3.2551805209885574, 3.931769601727119, 2.0143842996985732, 6.665420159963007]",31.64825340796967,0.0,[],16.34281882910817,0.0,0.0,0.0,"[4.337804292106577, 4.280123180137327, 3.3750207582715874, 4.34987059859268]",[],"[0.0, 0.0, 0.0, 0.0]",[],"[8.558472543863019, 8.410572256762377, 6.089796816080993, 8.589411791263283]"
908,0,1531,True,True,1.0,5.99,5,5,True,3,8,66.21176422169063,"[22.929779636799196, 20.296226033953673, 6.340198628376093, 5.054421660506968, 11.591138262054693]",30.822588046459344,"[9.942614058351687, 8.915528153241933, 3.4726774650666763, 2.9712244475977174, 5.52054392220133]",49.89769958352439,24.617963603095607,"[3.3334582505469443, 12.876331245674303, 8.408174106874359]",24.46010283757451,12.601005805207288,19.46010283757451,9.601005805207286,"[4.423703968133138, 2.492525182089051, 3.5955016177072148, 7.420656715363739, 6.527715354281369]","[2.3000487177133087, 6.021769185812978, 4.279187901681]","[3.423703968133138, 1.4925251820890513, 2.5955016177072148, 6.420656715363739, 5.527715354281369]","[1.3000487177133084, 5.021769185812978, 3.279187901681]","[8.778728123418302, 3.8269876463821824, 6.655132353095422, 16.46322234708651, 14.173629113541972]"
908,0,1532,True,False,,0.0,2,2,,0,2,19.51715211955355,"[9.836230915235241, 9.68092120431831]",9.611689326625886,"[4.8361300569417445, 4.775559269684141]",9.156727354429414,0.0,[],5.571123668227472,0.0,0.0,0.0,"[2.2747432050015193, 3.296380463225952]",[],"[0.0, 0.0]",[],"[3.268572320516716, 5.888155033912697]"
908,0,1533,True,False,,0.0,1,1,,0,1,4.448687815359146,[4.448687815359146],2.734988247990067,[2.734988247990067],10.500398748374842,0.0,[],5.095155511866189,0.0,0.0,0.0,[5.095155511866189],[],[0.0],[],[10.500398748374842]
908,0,1534,True,True,1.0,5.99,5,5,True,1,6,44.29164140465334,"[10.433274237118304, 9.590348147685544, 5.622890226254363, 5.449790200396722, 13.195338593198409]",22.273740147814806,"[5.068976952476139, 4.740235777597363, 3.1929271882392016, 3.1254181781547214, 6.146182051347379]",51.092403141212415,12.99650082811084,[12.99650082811084],24.926037225072847,6.068635322963227,19.926037225072847,5.068635322963227,"[10.82457213630566, 2.9817366501183873, 4.7428538377284095, 2.6064866980185784, 3.770387902901808]",[6.068635322963227],"[9.82457213630566, 1.981736650118387, 3.742853837728409, 1.6064866980185784, 2.770387902901808]",[5.068635322963227],"[25.191210605911948, 5.081376025944582, 9.597061122380536, 4.119196661586098, 7.1035587253892505]"
908,0,1535,True,False,,0.0,1,1,,0,1,29.561171711692545,[29.561171711692545],12.528856967560094,[12.528856967560094],4.983422301617368,0.0,[],2.9435346976307737,0.0,0.0,0.0,[2.9435346976307737],[],[0.0],[],[4.983422301617368]
908,0,1536,True,True,1.0,5.99,9,9,True,1,10,77.3348923936782,"[4.4819880594993435, 16.039037939432333, 3.4348479703770667, 13.933819389905706, 6.0753937213904505, 11.058361216786038, 10.534317588303495, 5.374827194039046, 6.402299313944727]",39.1606080335345,"[2.747975343204744, 7.25522479637861, 2.339590708447056, 6.434189562063225, 3.369403551342276, 5.312760874546555, 5.108383859438363, 3.096182605675228, 3.4968967324384437]",112.28079856841005,10.202734154683023,[10.202734154683023],52.78951144167993,4.979066320326379,43.78951144167993,3.979066320326379,"[8.493732226941463, 5.331151519144456, 5.109398621677959, 13.368405819410965, 3.0694724305570116, 3.2743600963113315, 3.6102997271628405, 3.557506305428727, 6.975184695045173]",[4.979066320326379],"[7.493732226941463, 4.331151519144456, 4.109398621677959, 12.368405819410965, 2.0694724305570116, 2.2743600963113315, 2.6102997271628405, 2.557506305428727, 5.975184695045173]",[3.979066320326379],"[19.21469801779862, 11.105516715755014, 10.536919542763998, 31.71386107541273, 5.3063395655307986, 5.83169255464444, 6.6930762234944625, 6.5577084754582735, 15.320986397551724]"
908,0,1537,True,True,1.0,5.99,5,5,True,1,6,59.58680536615864,"[10.31671155342029, 18.300500706915674, 4.73618567498055, 9.831616664770173, 16.401790766071954]",28.238854092801873,"[5.023517505833913, 8.137195275697113, 2.8471124132424146, 4.834330499260368, 7.396698398768063]",52.90866767913801,5.989760399638107,[5.989760399638107],25.63438039486383,3.336006555858862,20.634380394863825,2.336006555858862,"[6.029210130643149, 5.005669709624179, 2.5341141376013723, 5.632745351329218, 6.432641065665908]",[3.336006555858862],"[5.029210130643149, 4.005669709624179, 1.5341141376013723, 4.632745351329218, 5.432641065665908]",[2.336006555858862],"[12.895410591392688, 10.27094797339533, 3.9336259938496725, 11.878834234177482, 13.929848886322839]"
908,0,1538,True,False,,0.0,2,2,,0,2,15.37852965940545,"[3.8420183400789427, 11.536511319326507]",7.997626567168126,"[2.4983871526307877, 5.499239414537338]",18.828273721343148,0.0,[],9.343026751323828,0.0,0.0,0.0,"[2.6028142162704038, 6.740212535053424]",[],"[0.0, 0.0]",[],"[4.1097800417189845, 14.718493679624164]"
908,0,1539,True,False,,0.0,2,2,,0,2,19.598059899793252,"[2.5, 17.098059899793252]",9.643243360919369,"[1.975, 7.6682433609193685]",18.89582423145326,0.0,[],9.369371450266772,0.0,0.0,0.0,"[6.0572920550569584, 3.312079395209814]",[],"[0.0, 0.0]",[],"[12.967415525787073, 5.92840870566619]"
908,0,1540,True,False,,0.0,3,3,,0,3,40.50407663859008,"[13.2831985982005, 8.246144749600653, 18.97473329078893]",18.796589889050132,"[6.180447453298195, 4.215996452344255, 8.400145983407683]",39.017268303322396,0.0,[],18.216734638295733,0.0,0.0,0.0,"[8.964359251742465, 3.1793016396115634, 6.073073746941707]",[],"[0.0, 0.0, 0.0]",[],"[20.42143397882683, 5.587952922080931, 13.007881402414633]"
908,0,1541,True,False,,0.0,3,3,,0,3,44.025741730318714,"[10.129303707455048, 19.00340758423022, 14.893030438633444]",20.170039274824298,"[4.950428445907469, 8.411328957849786, 6.808281871067043]",12.681473667152606,0.0,[],7.945774730189516,0.0,0.0,0.0,"[3.57940045932539, 2.3000753710146222, 2.066298899849504]",[],"[0.0, 0.0, 0.0]",[],"[6.613847331603563, 3.3335265923451853, 2.7340997432038563]"
908,0,1542,True,True,1.0,5.99,6,6,True,0,6,54.73978379673821,"[22.389831355202034, 5.186195623794908, 7.758630341745189, 4.979024719512491, 3.795167022353458, 10.630934734130125]",27.348515680727903,"[9.732034228528793, 3.0226162932800142, 4.025865833280624, 2.9418196406098716, 2.4801151387178484, 5.1460645463107495]",75.10304163187095,0.0,[],35.290186236429676,0.0,29.290186236429676,0.0,"[5.021201815614321, 3.1984998505522175, 6.138942306743469, 4.669869338712962, 10.065716160120704, 6.1959567646860005]",[],"[4.021201815614321, 2.1984998505522175, 5.138942306743469, 3.6698693387129624, 9.065716160120704, 5.1959567646860005]",[],"[10.310773886190567, 5.637179103980045, 13.176775145496073, 9.409921381315288, 23.24542605159155, 13.322966063297436]"
908,0,1543,True,False,,0.0,3,3,,0,3,41.839542919193335,"[14.765814773622068, 6.8540208740298, 20.219707271541466]",19.3174217384854,"[6.758667761712607, 3.673068140871622, 8.885685835901171]",31.298555391409536,0.0,[],15.206436602649719,0.0,0.0,0.0,"[4.094994523641443, 5.278402035963314, 5.833040043044962]",[],"[0.0, 0.0, 0.0]",[],"[7.935883393952418, 10.970261630675164, 12.392410366781954]"
908,0,1544,True,True,1.0,5.99,6,6,True,3,9,67.7234740332389,"[16.941646377644414, 19.117031981119705, 8.184976301092622, 13.35405293431728, 2.9550012499288894, 7.170765189135988]",32.41215487296317,"[7.607242087281322, 8.455642472636686, 4.192140757426122, 6.20808064438374, 2.152450487472267, 3.7965984237630352]",65.71604072110853,23.337981429164056,"[9.36699083581381, 10.448138570578474, 3.522852022771773]",31.62925588123233,12.101812757373981,25.629255881232332,9.101812757373983,"[4.860859194607176, 3.1769464806365897, 8.908720934830914, 2.4627866245861076, 3.6732476911213108, 8.546694955450231]","[4.653126425967386, 5.074774042525605, 2.3739122888809914]","[3.860859194607176, 2.1769464806365897, 7.908720934830915, 1.4627866245861079, 2.6732476911213108, 7.5466949554502305]","[3.653126425967386, 4.074774042525605, 1.3739122888809914]","[9.89963896053122, 5.581914052914333, 20.278771627771576, 3.750734934836174, 6.854481259285412, 19.35049988576982]"
908,0,1545,True,False,,0.0,4,4,,0,4,31.583201949980342,"[8.19525078468993, 9.757663283831619, 6.550969825226513, 7.079318056232276]",16.317448760492333,"[4.196147806029073, 4.8054886806943315, 3.55487823183834, 3.7609340419305877]",42.289555624870154,0.0,[],20.492926693699363,0.0,0.0,0.0,"[4.380809003743435, 8.316041138716898, 4.37203655150858, 3.424039999730449]",[],"[0.0, 0.0, 0.0, 0.0]",[],"[8.668741035239576, 18.759079842863837, 8.646247567970716, 6.215487178796024]"
908,0,1546,True,False,,0.0,4,4,,0,4,43.42694609487468,"[14.17506676441188, 9.19309149770938, 6.599211535554531, 13.459576297198883]",20.93650897700112,"[6.528276038120634, 4.585305684106658, 3.5736924988662673, 6.2492347559075645]",25.478742206251802,0.0,[],13.936709460438202,0.0,0.0,0.0,"[5.481036075691003, 1.975, 4.332622600337232, 2.1480507844099677]",[],"[0.0, 0.0, 0.0, 0.0]",[],"[11.489836091515393, 2.5, 8.545186154710851, 2.9437199600255584]"
908,0,1547,True,False,,0.0,3,3,,0,3,40.89004761289172,"[15.880439329551676, 12.076708289779098, 12.932899993560945]",18.947118569027772,"[7.193371338525154, 5.709916233013849, 6.043830997488769]",42.48782613108747,0.0,[],19.570252191124112,0.0,0.0,0.0,"[5.703922798824242, 10.172616716913318, 3.6937126753865552]",[],"[0.0, 0.0, 0.0]",[],"[12.061340509805747, 23.51953004336748, 6.9069555779142435]"
908,0,1548,True,False,,0.0,3,3,,0,3,21.99101443013979,"[8.406165292264834, 5.915855757505811, 7.668993380369144]",11.576495627754518,"[4.278404463983286, 3.3071837454272663, 3.990907418343966]",20.553508611962656,0.0,[],11.015868358665436,0.0,0.0,0.0,"[2.333161175339044, 6.183309573010559, 2.4993976103158326]",[],"[0.0, 0.0, 0.0]",[],"[3.4183619880488316, 13.29053736669374, 3.8446092572200836]"
908,0,1549,True,False,,0.0,4,4,,0,4,27.82569320935017,"[5.347173224423163, 6.22548909562168, 4.001578931929998, 12.25145195737533]",14.852020351646567,"[3.0853975575250336, 3.4279407472924555, 2.5606157834526995, 5.778066263376379]",28.259701359041127,0.0,[],15.02128353002604,0.0,0.0,0.0,"[2.452214839037393, 3.5153843647439955, 5.262486664856473, 3.791197661388178]",[],"[0.0, 0.0, 0.0, 0.0]",[],"[3.723627792403572, 6.449703499343578, 10.92945298681147, 7.156917080482508]"
908,0,1550,True,False,,0.0,3,3,,0,3,15.974658277493793,"[5.260344492302206, 6.557219602365092, 4.157094182826496]",9.23011672822258,"[3.0515343519978604, 3.5573156449223857, 2.6212667313023337]",21.425015859846713,0.0,[],11.355756185340217,0.0,0.0,0.0,"[2.403037768812142, 5.414477309123259, 3.5382411074048172]",[],"[0.0, 0.0, 0.0]",[],"[3.597532740543953, 11.319172587495537, 6.508310531807223]"
908,0,1551,True,False,,0.0,2,2,,0,2,10.23368760496987,"[7.464318448212719, 2.7693691567571515]",5.991138165938249,"[3.9110841948029607, 2.080053971135289]",21.250960180246103,0.0,[],10.287874470295982,0.0,0.0,0.0,"[2.8552578875064545, 7.432616582789527]",[],"[0.0, 0.0]",[],"[4.757071506426806, 16.4938886738193]"
908,0,1552,True,False,,0.0,1,1,,0,1,10.928877934384811,[10.928877934384811],5.262262394410077,[5.262262394410077],7.429363549736016,0.0,[],3.897451784397046,0.0,0.0,0.0,[3.897451784397046],[],[0.0],[],[7.429363549736016]
908,0,1553,True,True,1.0,5.99,5,5,True,0,5,50.07904777102772,"[19.163071414380237, 6.976339210089603, 7.1508873706238525, 7.599906570322552, 9.188843205611468]",24.53082863070081,"[8.473597851608293, 3.7207722919349453, 3.7888460745433026, 3.9639635624257954, 4.583648850188473]",37.66405267389205,0.0,[],19.6889805428179,0.0,14.688980542817902,0.0,"[4.675937217064201, 3.8993153148214574, 4.501612527287913, 2.840992066707184, 3.771123416937147]",[],"[3.6759372170642, 2.8993153148214574, 3.5016125272879126, 1.8409920667071842, 2.771123416937147]",[],"[9.425480043754359, 7.4341418328755315, 8.978493659712596, 4.72049247873637, 7.105444658813197]"
908,0,1554,True,False,,0.0,1,1,,0,1,8.815619810715175,[8.815619810715175],4.438091726178918,[4.438091726178918],14.15307452257967,0.0,[],6.519699063806072,0.0,0.0,0.0,[6.519699063806072],[],[0.0],[],[14.15307452257967]
908,0,1555,True,False,,0.0,2,2,,0,2,10.275118658535739,"[2.5, 7.775118658535739]",6.007296276828939,"[1.975, 4.032296276828938]",6.738693921442179,0.0,[],4.62809062936245,0.0,0.0,0.0,"[2.65309062936245, 1.975]",[],"[0.0, 0.0]",[],"[4.238693921442179, 2.5]"
908,0,1556,True,True,1.0,5.99,5,5,True,1,6,45.5986800456228,"[6.068389953402482, 9.659623162696429, 10.302842343660636, 8.16860034352998, 11.399224242333274]",22.783485217792894,"[3.366672081826968, 4.767253033451608, 5.018108514027648, 4.185754133976692, 5.445697454509977]",53.012184968187306,9.417754782002367,[9.417754782002367],25.674752137593053,4.672924364980924,20.674752137593053,3.6729243649809233,"[1.975, 6.011204753186275, 2.4361224952925067, 5.851457362378091, 9.40096752673618]",[4.672924364980924],"[0.9750000000000001, 5.011204753186275, 1.4361224952925065, 4.851457362378091, 8.40096752673618]",[3.6729243649809233],"[2.5, 12.849242956887885, 3.682365372544888, 12.439634262507925, 21.540942376246612]"
908,0,1557,True,False,,0.0,1,1,,0,1,8.80649425765503,[8.80649425765503],4.434532760485462,[4.434532760485462],4.3471921640470885,0.0,[],2.6954049439783647,0.0,0.0,0.0,[2.6954049439783647],[],[0.0],[],[4.3471921640470885]
908,0,1558,True,False,,0.0,1,1,,0,1,12.85683121870825,[12.85683121870825],6.014164175296218,[6.014164175296218],7.100572806547115,0.0,[],3.769223394553375,0.0,0.0,0.0,[3.769223394553375],[],[0.0],[],[7.100572806547115]
908,0,1559,True,False,,0.0,3,3,,0,3,50.14345131524958,"[29.94704420270716, 10.290353348857531, 9.906053763684884]",22.555946012947338,"[12.679347239055794, 5.013237806054438, 4.863360967837105]",43.74867073570659,0.0,[],20.061981586925572,0.0,0.0,0.0,"[6.381468038897811, 8.227406434080109, 5.453107113947653]",[],"[0.0, 0.0, 0.0]",[],"[13.798635997173873, 18.531811369436173, 11.418223369096546]"
908,0,1560,True,False,,0.0,2,2,,0,2,15.594859962574677,"[7.533465629133471, 8.061394333441207]",8.081995385404126,"[3.938051595362054, 4.143943790042071]",25.2643663014062,0.0,[],11.853102857548418,0.0,0.0,0.0,"[5.190648861809502, 6.662453995738916]",[],"[0.0, 0.0]",[],"[10.745253491819236, 14.519112809586964]"
908,0,1561,True,False,,0.0,3,3,,0,3,31.563876977375752,"[16.10837989026407, 4.761120885880369, 10.69437620123131]",15.309912021176544,"[7.282268157202988, 2.856837145493344, 5.170806718480211]",17.22009758335931,0.0,[],9.715838057510132,0.0,0.0,0.0,"[4.322552499903787, 1.975, 3.418285557606344]",[],"[0.0, 0.0, 0.0]",[],"[8.519365384368683, 2.5, 6.200732198990625]"
908,0,1562,True,False,,0.0,3,3,,0,3,32.79503045283957,"[12.809122765010205, 10.876524830705577, 9.109382857123789]",15.790061876607433,"[5.9955578783539805, 5.241844683975176, 4.552659314278278]",27.524618069489787,0.0,[],13.734601047101016,0.0,0.0,0.0,"[2.936132636511874, 3.349346090734782, 7.44912231985436]",[],"[0.0, 0.0, 0.0]",[],"[4.9644426577227545, 6.02396433521739, 16.53621107654964]"
908,0,1563,True,False,,0.0,1,1,,0,1,10.11568571368807,[10.11568571368807],4.945117428338348,[4.945117428338348],11.21787217857901,0.0,[],5.374970149645813,0.0,0.0,0.0,[5.374970149645813],[],[0.0],[],[11.21787217857901]
908,0,1564,True,False,,0.0,3,3,,0,3,24.13384218428378,"[13.606887629743909, 8.013279829897206, 2.5136747246426605]",12.412198451870674,"[6.306686175600125, 4.125179133659911, 1.9803331426106376]",28.12097295534222,0.0,[],13.967179452583466,0.0,0.0,0.0,"[2.2183961040167524, 6.340465380426125, 5.408317968140589]",[],"[0.0, 0.0, 0.0]",[],"[3.124092574401929, 13.693500975451602, 11.303379405488691]"
908,0,1565,True,False,,0.0,4,4,,0,4,31.773116158816322,"[6.617968020654499, 6.288731317859448, 6.833802666511989, 12.032614153790385]",16.391515301938366,"[3.5810075280552547, 3.452605213965185, 3.665183039939676, 5.69271951997825]",12.963543943351727,0.0,[],9.055782137907173,0.0,0.0,0.0,"[1.9767375203168087, 1.975, 3.1290446175903646, 1.975]",[],"[0.0, 0.0, 0.0, 0.0]",[],"[2.5044551802995096, 2.5, 5.4590887630522165, 2.5]"
908,0,1566,True,True,1.0,5.99,7,2,,3,10,20.048678677548363,"[17.548678677548363, 2.5]",9.818984684243862,"[7.843984684243861, 1.975]",19.362208342326397,24.31573710968747,"[4.484954872751109, 14.159100055898833, 5.671682181037524]",9.551261253507295,12.483137472778111,7.551261253507294,9.483137472778113,"[4.25176169454825, 5.299499558959044]","[2.7491324003729325, 6.522049021800545, 3.2119560506046345]","[3.2517616945482497, 4.299499558959044]","[1.7491324003729325, 5.522049021800545, 2.2119560506046345]","[8.337850498841666, 11.02435784348473]"
908,0,1567,True,False,,0.0,2,2,,0,2,21.372907732268583,"[15.009833235137997, 6.3630744971305875]",10.335434015584749,"[6.853834961703819, 3.481599053880929]",28.598276566521175,0.0,[],13.153327860943257,0.0,0.0,0.0,"[7.2710812907648945, 5.8822465701783635]",[],"[0.0, 0.0]",[],"[16.079695617345884, 12.518580949175291]"
908,0,1568,True,True,1.0,5.99,5,5,True,2,7,34.8434521795768,"[6.443024340457822, 11.870839867312561, 3.900100800861703, 7.7059952840000605, 4.923491886944653]",18.588946350034952,"[3.512779492778551, 5.629627548251899, 2.521039312336064, 4.005338160760024, 2.9201618359084147]",47.14985056474768,31.772536769695044,"[10.541175320214874, 21.231361449480172]",23.388441720251596,14.391289340181068,18.388441720251596,12.391289340181068,"[2.739008734269337, 9.988528800783623, 4.305262947194482, 2.1042157472598495, 4.251425490744302]","[5.111058374883801, 9.280230965297267]","[1.7390087342693372, 8.988528800783623, 3.305262947194482, 1.1042157472598495, 3.2514254907443023]","[4.111058374883801, 8.280230965297267]","[4.458996754536762, 23.047509745599033, 8.475033197934568, 2.8313224288714087, 8.336988437805903]"
908,0,1569,True,True,1.0,5.99,5,1,,3,8,3.7668760047772523,[3.7668760047772523],2.4690816418631285,[2.4690816418631285],15.569395217513517,23.470606907402512,"[5.707109337759272, 6.663455512216101, 11.10004205742714]",7.0720641348302715,12.15353669388698,6.0720641348302715,9.15353669388698,[7.0720641348302715],"[3.2257726417261163, 3.5987476497642796, 5.329016402396585]",[6.0720641348302715],"[2.2257726417261163, 2.5987476497642796, 4.329016402396585]",[15.569395217513517]
908,0,1570,True,False,,0.0,3,3,,0,3,29.541927300310427,"[9.235252554189458, 6.449633082621921, 13.857041663499045]",14.521351647121065,"[4.601748496133888, 3.5153569022225493, 6.404246248764627]",15.73000440677768,0.0,[],9.134701718643296,0.0,0.0,0.0,"[4.53883319740555, 2.005135971721399, 2.5907325495163467]",[],"[0.0, 0.0, 0.0]",[],"[9.073931275398845, 2.5772717223625614, 4.078801409016274]"
908,0,1571,True,True,1.0,5.99,9,9,True,0,9,108.4431451311205,"[15.908578334729095, 16.206583352594397, 8.034535854367379, 9.093681751767788, 20.772196792548954, 2.5881783211470557, 13.07413580475465, 16.183287627044187, 6.581967292166995]",51.292826601137,"[7.204345550544347, 7.320567507511815, 4.133468983203278, 4.546535883189437, 9.101156749094093, 2.009389545247352, 6.098912963854314, 7.311482174547233, 3.566967243945128]",58.671156861143295,0.0,[],31.88175117584589,0.0,22.88175117584589,0.0,"[5.763899929473357, 4.697257308077448, 1.975, 2.2874895351022957, 4.382566135137796, 3.3316275659119428, 2.185470824255843, 4.523037022865028, 2.735402855022179]",[],"[4.763899929473357, 3.6972573080774476, 0.9750000000000001, 1.2874895351022957, 3.382566135137796, 2.3316275659119428, 1.1854708242558432, 3.5230370228650276, 1.7354028550221792]",[],"[12.215128024290658, 9.480146943788327, 2.5, 3.3012552182110144, 8.673246500353322, 5.978532220287033, 3.0396687801431876, 9.03342826375648, 4.44975091031328]"
908,0,1572,True,False,,0.0,3,3,,0,3,23.680638229777486,"[7.039955838435936, 4.006101139729956, 12.634581251611593]",12.235448909613218,"[3.745582776990015, 2.562379444494683, 5.927486688128521]",27.94117934000134,0.0,[],13.897059942600524,0.0,0.0,0.0,"[4.0747965052376, 5.574550954649868, 4.247712482713056]",[],"[0.0, 0.0, 0.0]",[],"[7.884093603173333, 11.729617832435558, 8.327467904392451]"
908,0,1573,True,False,,0.0,4,4,,0,4,35.33806122334187,"[3.717214268380164, 20.1784399047735, 6.04188085119307, 5.400526198995131]",17.781843877103327,"[2.449713564668264, 8.869591562861665, 3.3563335319652974, 3.106205217608101]",38.91745257222972,0.0,[],19.177806503169595,0.0,0.0,0.0,"[6.75920513988064, 2.329411289121882, 5.0128110720260795, 5.076379002140992]",[],"[0.0, 0.0, 0.0, 0.0]",[],"[14.767192666360614, 3.4087468951843123, 10.28925915904123, 10.452253851643569]"
908,0,1574,True,True,1.0,5.99,5,5,True,2,7,54.07991717814434,"[6.097774164317866, 5.491207288774826, 5.782943259833199, 8.638002856049505, 28.069989609168942]",26.091167699476294,"[3.378131924083968, 3.141570842622182, 3.2553478713349477, 4.3688211138593065, 11.947295947575888]",59.50672982264805,20.489813794738637,"[13.198542045593317, 7.29127174914532]",28.20762463083274,9.991027379948068,23.207624630832736,7.991027379948068,"[2.7370467481513554, 2.736233351832638, 8.12826726669753, 6.1321146740635415, 8.473962590087673]","[6.147431397781394, 3.8435959821666748]","[1.7370467481513556, 1.736233351832638, 7.12826726669753, 5.1321146740635415, 7.473962590087674]","[5.147431397781394, 2.8435959821666748]","[4.4539660209009115, 4.451880389314456, 18.277608376147512, 13.159268395034722, 19.164006641250445]"
908,0,1575,True,False,,0.0,1,1,,0,1,14.060079922790212,[14.060079922790212],6.483431169888183,[6.483431169888183],3.5167787259899086,0.0,[],2.3715437031360644,0.0,0.0,0.0,[2.3715437031360644],[],[0.0],[],[3.5167787259899086]
908,0,1576,True,False,,0.0,2,2,,0,2,26.246009285249166,"[4.676318374301849, 21.569690910947315]",12.235943621247173,"[2.823764165977721, 9.412179455269452]",24.256366521284555,0.0,[],11.459982943300975,0.0,0.0,0.0,"[8.592908383784646, 2.8670745595163294]",[],"[0.0, 0.0]",[],"[19.46899585585807, 4.787370665426486]"
908,0,1577,True,False,,0.0,3,3,,0,3,37.697167644617636,"[22.193791094791813, 8.395437651249212, 7.107938898576615]",17.701895381400877,"[9.655578526968807, 4.274220683987193, 3.77209617044488]",23.885756321830588,0.0,[],12.31544496551393,0.0,0.0,0.0,"[3.702042966127218, 4.293723592631452, 4.3196784067552585]",[],"[0.0, 0.0, 0.0]",[],"[6.928315297762097, 8.445445109311416, 8.511995914757074]"
908,0,1578,True,True,1.0,5.99,8,8,True,2,10,99.79099771707173,"[14.494771266746937, 10.205480457992875, 15.400526308777334, 23.696826093725047, 6.116225296189278, 10.59295117800132, 11.143046438993652, 8.141170676645286]",46.91848910965797,"[6.652960794031306, 4.980137378617222, 7.00620526042316, 10.241762176552768, 3.385327865513818, 5.131250959420515, 5.345788111207525, 4.175056563891662]",57.490818198387316,19.61233923748089,"[7.246768897639873, 12.365570339841017]",30.421419097371054,9.648812302617547,22.421419097371054,7.6488123026175465,"[6.444973457276713, 5.222628205052108, 2.0062765732291847, 1.975, 1.975, 4.434802396679547, 3.4199883205264645, 4.942750144607037]","[3.8262398700795504, 5.822572432537997]","[5.444973457276713, 4.222628205052108, 1.0062765732291847, 0.9750000000000001, 0.9750000000000001, 3.4348023966795473, 2.4199883205264645, 3.9427501446070368]","[2.8262398700795504, 4.822572432537997]","[13.961470403273621, 10.827251807825917, 2.580196341613294, 2.5, 2.5, 8.80718563251166, 6.205098257760166, 10.109615755402658]"
908,0,1579,True,False,,0.0,2,2,,0,2,23.008131550648635,"[9.535986720911277, 13.472144829737358]",10.973171304752968,"[4.7190348211553985, 6.25413648359757]",20.46943526917226,0.0,[],9.98307975497718,0.0,0.0,0.0,"[3.819895188627929, 6.163184566349251]",[],"[0.0, 0.0]",[],"[7.2305004836613564, 13.238934785510901]"
908,0,1580,True,False,,0.0,2,2,,0,2,27.042264397448086,"[15.323233980120847, 11.719030417327241]",12.546483115004754,"[6.97606125224713, 5.570421862757624]",22.030760926036344,0.0,[],10.591996761154174,0.0,0.0,0.0,"[5.564196175429126, 5.027800585725048]",[],"[0.0, 0.0]",[],"[11.70306711648494, 10.327693809551405]"
908,0,1581,True,True,1.0,5.99,6,6,True,1,7,74.47451102603164,"[13.131215925781573, 14.264767466576002, 8.848229192118678, 15.671387780409901, 14.612443396766395, 7.946467264379087]",35.04505930015234,"[6.1211742110548135, 6.563259311964641, 4.450809384926284, 7.111841234359861, 6.698852924738894, 4.099122233107844]",52.392115960188164,3.9706363299159158,[3.9706363299159158],26.432925224473387,2.548548168667207,20.432925224473387,1.5485481686672071,"[4.631004204492416, 4.444643778555907, 1.975, 4.013880026160859, 3.618808413697632, 7.749588801566572]",[2.548548168667207],"[3.631004204492416, 3.4446437785559065, 0.9750000000000001, 3.0138800261608587, 2.618808413697632, 6.749588801566572]",[1.5485481686672071],"[9.310267191006194, 8.832419945015145, 2.5, 7.72789750297656, 6.714893368455467, 17.3066379527348]"
908,0,1582,True,True,1.0,5.99,5,5,True,2,7,37.47428480927568,"[4.887098562355195, 7.532810102123249, 11.629593403114775, 5.918333093297572, 7.506449648384889]",19.614971075617515,"[2.905968439318526, 3.9377959398280673, 5.5355414272147625, 3.308149906386053, 3.927515362870107]",38.47862776396659,25.99158257200279,"[11.621499209385608, 14.370083362617185]",20.00666482794697,12.13671720308109,15.006664827946972,10.13671720308109,"[6.654762067301163, 2.7665827459486563, 4.681546398346477, 3.071065437665929, 2.832708178684747]","[5.532384691660387, 6.6043325114207025]","[5.654762067301163, 1.766582745948656, 3.6815463983464767, 2.071065437665929, 1.8327081786847468]","[4.532384691660387, 5.6043325114207025]","[14.499389916156828, 4.5296993485862975, 9.43986255986276, 5.310424199143408, 4.699251740217299]"
908,0,1583,True,False,,0.0,3,3,,0,3,32.32424189261234,"[13.33347397723768, 5.234276424814579, 13.75649149056008]",15.606454338118812,"[6.200054851122696, 3.041367805677686, 6.365031681318431]",24.23678619372447,0.0,[],12.452346615552543,0.0,0.0,0.0,"[3.95894651912851, 2.8252082694528386, 5.668191826971195]",[],"[0.0, 0.0, 0.0]",[],"[7.587042356739769, 4.680021203725228, 11.969722633259474]"
908,0,1584,True,False,,0.0,2,2,,0,2,16.79816298412829,"[6.613772482705951, 10.184390501422337]",8.551283563810031,"[3.5793712682553207, 4.971912295554711]",31.732849207275244,0.0,[],14.375811190837346,0.0,0.0,0.0,"[11.234475979729519, 3.1413352111078274]",[],"[0.0, 0.0]",[],"[26.24224610187056, 5.490603105404686]"
908,0,1585,True,False,,0.0,1,1,,0,1,8.838350975084849,[8.838350975084849],4.446956880283091,[4.446956880283091],9.472820603135643,0.0,[],4.694400035222901,0.0,0.0,0.0,[4.694400035222901],[],[0.0],[],[9.472820603135643]
908,0,1586,True,False,,0.0,4,4,,0,4,23.35127241512793,"[2.5, 7.91328685332841, 6.526409751414693, 6.411575810384824]",13.106996241899893,"[1.975, 4.08618187279808, 3.5452998030517304, 3.5005145660500814]",27.983190248197623,0.0,[],14.913444196797075,0.0,0.0,0.0,"[3.2706303118119133, 2.91714576012374, 4.8631283715971, 3.8625397532643198]",[],"[0.0, 0.0, 0.0, 0.0]",[],"[5.822129004645931, 4.915758359291641, 9.905457363069488, 7.339845521190563]"
908,0,1587,True,False,,0.0,1,1,,0,1,5.514417653403368,[5.514417653403368],3.1506228848273135,[3.1506228848273135],5.171861292680157,0.0,[],3.0170259041452616,0.0,0.0,0.0,[3.0170259041452616],[],[0.0],[],[5.171861292680157]
908,0,1588,True,True,1.0,5.99,5,5,True,0,5,40.71672798650815,"[7.272605686947715, 5.319948487616388, 9.903030256991938, 7.642132368268051, 10.57901118668406]",20.87952391473818,"[3.836316217909609, 3.0747799101703914, 4.862181800226856, 3.98043162362454, 5.125814362806784]",68.31719127524667,0.0,[],31.643704597346208,0.0,26.643704597346208,0.0,"[5.049581496446556, 5.605475721243972, 7.431180696894038, 4.656205496338975, 8.901261186422664]",[],"[4.049581496446556, 4.605475721243972, 6.431180696894038, 3.656205496338975, 7.901261186422664]",[],"[10.383542298580911, 11.808912105753775, 16.490206915112918, 9.374885888048654, 20.25964406775042]"
908,0,1589,True,False,,0.0,4,4,,0,4,23.801679472692804,"[2.5, 6.459071427012201, 4.532803736347037, 10.309804309333565]",13.282654994350192,"[1.975, 3.5190378565347586, 2.7677934571753444, 5.02082368064009]",59.89477850214976,0.0,[],27.35896361583841,0.0,0.0,0.0,"[5.021945843081497, 6.163319572167656, 7.598514232625024, 8.575183967964232]",[],"[0.0, 0.0, 0.0, 0.0]",[],"[10.312681648926914, 13.23928095427604, 16.919267263141087, 19.423548635805723]"
908,0,1590,True,True,1.0,5.99,7,7,True,0,7,52.629372394944,"[5.086348172889217, 9.161718282457299, 6.338668119503165, 7.633393245940603, 9.802129732371295, 2.5, 12.107114841782419]",27.52545523402816,"[2.9836757874267947, 4.573070130158347, 3.4720805666062344, 3.977023365916835, 4.822830595624805, 1.975, 5.721774788295144]",71.11159759452744,0.0,[],34.7335230618657,0.0,27.733523061865707,0.0,"[7.07571876876128, 3.9769140206858777, 3.149902298544388, 6.156893094774211, 4.8204580062036, 5.67397000194145, 3.879666870954896]",[],"[6.07571876876128, 2.9769140206858777, 2.149902298544388, 5.156893094774211, 3.8204580062036, 4.67397000194145, 2.879666870954896]",[],"[15.57876607374687, 7.633112873553532, 5.512569996267661, 13.22280280711336, 9.79604616975282, 11.98453846651654, 7.383761207576656]"
908,0,1591,True,False,,0.0,6,6,,0,6,56.96810478250762,"[6.210338163454799, 13.124506557117602, 8.473199894217467, 4.2672266272873385, 16.52715960543581, 8.365673934994602]",28.217560865177973,"[3.4220318837473718, 6.118557557275865, 4.304547958744813, 2.664218384642062, 7.445592246119966, 4.262612834647895]",37.5323089392904,0.0,[],20.637600486323255,0.0,0.0,0.0,"[3.840077892211836, 4.328454297708994, 2.8310090975333218, 3.6187352659862086, 2.021587071537312, 3.9977368613455844]",[],"[0.0, 0.0, 0.0, 0.0, 0.0, 0.0]",[],"[7.282251005671374, 8.534498199253832, 4.694895121880312, 6.714705810221048, 2.619454029582851, 7.686504772680985]"
908,0,1592,True,False,,0.0,2,2,,0,2,31.508258575595736,"[16.867753030751228, 14.640505544844508]",14.288220844482337,"[7.578423681992979, 6.709797162489358]",25.51550194196672,0.0,[],11.951045757367021,0.0,0.0,0.0,"[3.584350563359022, 8.366695194007999]",[],"[0.0, 0.0]",[],"[6.626539906048774, 18.888962035917945]"
908,0,1593,True,False,,0.0,3,3,,0,3,38.72045278112135,"[8.025089601040694, 15.207033127220328, 15.488330052860334]",18.10097658463733,"[4.129784944405871, 6.930742919615928, 7.04044872061553]",25.976774526340154,0.0,[],13.13094206527266,0.0,0.0,0.0,"[3.894245807822935, 2.7492420657160155, 6.48745419173371]",[],"[0.0, 0.0, 0.0]",[],"[7.421143096981884, 4.485236065938501, 14.07039536341977]"
908,0,1594,True,True,1.0,5.99,5,5,True,1,6,53.33336814866921,"[4.186720174906152, 5.201419001955182, 15.846234478258246, 10.677681923941945, 17.421312569607682]",25.80001357798099,"[2.6328208682133996, 3.028553410762521, 7.180031446520716, 5.164295950337359, 7.794311902146997]",64.24293355169685,7.250205296383109,[7.250205296383109],30.054744085161772,3.8275800655894128,25.054744085161772,2.8275800655894128,"[5.7087371827940565, 7.2391555602012, 5.883547019632596, 8.420709106836792, 2.802595215697128]",[3.8275800655894128],"[4.7087371827940565, 6.2391555602012, 4.883547019632596, 7.420709106836791, 1.8025952156971277]",[2.8275800655894128],"[12.073685084087325, 15.997834769746667, 12.521915434955375, 19.027459248299465, 4.62203901460802]"
908,0,1595,True,False,,0.0,4,4,,0,4,58.15004867437908,"[8.25331439593544, 16.5719702690311, 10.258506956112251, 23.066257053300287]",26.67851898300784,"[4.218792614414822, 7.46306840492213, 5.000817712883778, 9.995840250787113]",40.813306298281844,0.0,[],19.91718945632992,0.0,0.0,0.0,"[4.089268797204959, 8.649671829218203, 2.033474980738474, 5.144773849168282]",[],"[0.0, 0.0, 0.0, 0.0]",[],"[7.9212020441152795, 19.614543151841545, 2.6499358480473694, 10.627625254277646]"
908,0,1596,True,False,,0.0,3,3,,0,3,22.41814664102335,"[5.851218846901545, 8.961177510020093, 7.605750284101709]",11.743077189999106,"[3.2819753502916025, 4.494859228907837, 3.9662426107996667]",25.68536550443264,0.0,[],13.01729254672873,0.0,0.0,0.0,"[5.26084092170767, 5.085433617630309, 2.6710180073907503]",[],"[0.0, 0.0, 0.0]",[],"[10.925233132583768, 10.475470814436688, 4.28466155741218]"
908,0,1597,True,False,,0.0,4,4,,0,4,27.30063820086424,"[6.5606294381448, 8.640803731221064, 7.496390319515562, 4.6028147119828136]",14.647248898337054,"[3.5586454808764723, 4.369913455176215, 3.9235922246110695, 2.7950977376732973]",32.48228067424561,0.0,[],16.668089462955788,0.0,0.0,0.0,"[3.578857556696854, 2.4933251713814966, 5.694580210882949, 4.901326523994488]",[],"[0.0, 0.0, 0.0, 0.0]",[],"[6.612455273581677, 3.829038900978196, 12.037385156110124, 10.00340134357561]"
908,0,1598,True,False,,0.0,1,1,,0,1,10.996387693026879,[10.996387693026879],5.288591200280483,[5.288591200280483],8.038671286114104,0.0,[],4.135081801584501,0.0,0.0,0.0,[4.135081801584501],[],[0.0],[],[8.038671286114104]
908,0,1599,True,True,1.0,5.99,5,5,True,1,6,57.771525193364596,"[12.511298436225943, 13.913653693729328, 18.43486437216139, 8.750131985585353, 4.161576705662584]",27.530894825412197,"[5.879406390128118, 6.426324940554438, 8.189597105142942, 4.412551474378288, 2.6230149152084077]",54.60215712030099,11.741951077888084,[11.741951077888084],26.294841276917385,5.579360920376353,21.294841276917385,4.579360920376353,"[5.735857375525849, 1.975, 3.625987519659548, 8.004460351407491, 6.9535360303244955]",[5.579360920376353],"[4.735857375525849, 0.9750000000000001, 2.625987519659548, 7.004460351407492, 5.9535360303244955]",[4.579360920376353],"[12.14322403980987, 2.5, 6.73330133246038, 17.960154747198697, 15.265477000832039]"
908,0,1600,True,True,1.0,5.99,6,6,True,1,7,42.28843576134529,"[6.630313541303844, 6.078645598545134, 10.82840858286311, 7.719566131376043, 7.5588174680930855, 3.4726844391640785]",22.492489946924664,"[3.585822281108499, 3.3706717834326025, 5.223079347316613, 4.0106307912366574, 3.9479388125563033, 2.354346931273991]",61.002796163850334,6.098391020063836,[6.098391020063836],29.791090503901636,3.378372497824896,23.791090503901636,2.378372497824896,"[4.626078764721649, 4.075752999856828, 2.4323260173010466, 6.960439317271971, 5.7169322353329814, 5.97956116941716]",[3.378372497824896],"[3.626078764721649, 3.075752999856828, 1.4323260173010466, 5.960439317271971, 4.7169322353329814, 4.97956116941716]",[2.378372497824896],"[9.297637858260638, 7.8865461534790455, 3.672630813592427, 15.283177736594798, 12.094698039315336, 12.7681055626081]"
908,0,1601,True,False,,0.0,4,4,,0,4,54.33271718950726,"[23.92019214514012, 6.626444133028963, 18.101465311032747, 5.68461560030543]",25.189759703907832,"[10.328874936604647, 3.584313211881296, 8.059571471302771, 3.217000084119118]",35.22857794812043,0.0,[],17.73914539976697,0.0,0.0,0.0,"[5.881409719696844, 2.002827484508658, 4.059219497329485, 5.795688698231983]",[],"[0.0, 0.0, 0.0, 0.0]",[],"[12.516435178709857, 2.5713525243811746, 7.844152557255089, 12.296637687774314]"
908,0,1602,True,False,,0.0,2,2,,0,2,8.82720399140793,"[4.54226273686515, 4.28494125454278]",5.442609556649092,"[2.7714824673774086, 2.671127089271684]",17.958521881734757,0.0,[],9.003823533876556,0.0,0.0,0.0,"[6.012559520245707, 2.9912640136308477]",[],"[0.0, 0.0]",[],"[12.852716718578737, 5.1058051631560195]"
908,0,1603,True,True,1.0,5.99,5,5,True,3,8,43.17654999977678,"[11.792032894976527, 7.200235613306592, 7.097507912011131, 5.8909646013043435, 11.195808978178187]",21.838854499912944,"[5.598892829040846, 3.808091889189571, 3.768028085684341, 3.297476194508694, 5.366365501489493]",44.79187452437713,31.740081741271485,"[14.905804901993593, 5.275619887726148, 11.558656951551743]",22.468831064507082,15.378631879095881,17.468831064507082,12.378631879095881,"[3.6876561776277, 5.1862463162266, 3.3077602625515183, 2.3884397285153094, 7.898728579585953]","[6.813263911777502, 3.057491756213198, 5.50787621110518]","[2.6876561776277, 4.1862463162266, 2.3077602625515183, 1.3884397285153094, 6.898728579585953]","[5.813263911777502, 2.057491756213198, 4.50787621110518]","[6.891426096481282, 10.73396491340154, 5.9173340065423545, 3.5601018679879726, 17.68904763996398]"
908,0,1604,True,False,,0.0,4,4,,0,4,33.69120183280588,"[7.280461731787266, 6.315907641152908, 6.556703059438175, 13.538129400427534]",17.139568714794294,"[3.8393800753970337, 3.463203980049634, 3.5571141931808885, 6.279870466166739]",39.300053046876656,0.0,[],19.3270206882819,0.0,0.0,0.0,"[6.839248488898199, 5.126144536040389, 2.39532859826149, 4.96629906508182]",[],"[0.0, 0.0, 0.0, 0.0]",[],"[14.972432022815894, 10.579857784718946, 3.5777656365679222, 10.169997602773897]"
908,0,1605,True,False,,0.0,1,1,,0,1,2.9112097892120006,[2.9112097892120006],2.1353718177926804,[2.1353718177926804],5.531249315766899,0.0,[],3.1571872331490907,0.0,0.0,0.0,[3.1571872331490907],[],[0.0],[],[5.531249315766899]
908,0,1606,True,False,,0.0,3,3,,0,3,34.09335546203184,"[8.219193674523243, 8.142936040247106, 17.731225747261487]",16.296408630192417,"[4.205485533064065, 4.175745055696371, 7.91517804143198]",31.916802305661953,0.0,[],15.447552899208162,0.0,0.0,0.0,"[4.947408039296596, 4.793130438884193, 5.707014421027374]",[],"[0.0, 0.0, 0.0]",[],"[10.121559075119475, 9.725975484318443, 12.069267746224035]"
908,0,1607,True,False,,0.0,1,1,,0,1,4.130917408319742,[4.130917408319742],2.6110577892446996,[2.6110577892446996],4.848647641153871,0.0,[],2.8909725800500095,0.0,0.0,0.0,[2.8909725800500095],[],[0.0],[],[4.848647641153871]
908,0,1608,True,False,,0.0,3,3,,0,3,23.90078700003127,"[10.52110795200808, 10.659489506968184, 2.7201895410550043]",12.321306930012195,"[5.103232101283151, 5.157200907717591, 2.060873921011452]",26.28732147333117,0.0,[],13.252055374599156,0.0,0.0,0.0,"[2.272987657376259, 6.723431981830206, 4.2556357353926915]",[],"[0.0, 0.0, 0.0]",[],"[3.2640709163493824, 14.67546662007745, 8.347783936904337]"
908,0,1609,True,False,,0.0,3,3,,0,3,26.75587578449251,"[7.607715623847877, 12.65796346025153, 6.490196700393101]",13.434791555952078,"[3.967009093300672, 5.936605749498097, 3.5311767131533096]",19.351542251917508,0.0,[],10.547101478247829,0.0,0.0,0.0,"[3.6208306488183997, 3.7077897729385203, 3.2184810564909085]",[],"[0.0, 0.0, 0.0]",[],"[6.7200785867138455, 6.94305069984236, 5.688412965361303]"
908,0,1610,True,False,,0.0,4,4,,0,4,41.80794538381669,"[5.223743019076935, 5.463241211266667, 22.064801189952483, 9.056159963520603]",20.30509869968851,"[3.037259777440005, 3.1306640723940005, 9.60527246408147, 4.531902385773035]",29.62738535530911,0.0,[],15.554680288570552,0.0,0.0,0.0,"[3.6469000139810306, 3.3979476994554907, 3.8974185861806037, 4.612413988953428]",[],"[0.0, 0.0, 0.0, 0.0]",[],"[6.786923112771873, 6.148583844757669, 7.429278426104111, 9.262599971675456]"
908,0,1611,True,False,,0.0,3,3,,0,3,39.93678350132495,"[13.090877592462519, 10.765682740797388, 16.08022316806505]",18.575345565516734,"[6.105442261060382, 5.198616268910982, 7.271287035545369]",31.147660481948236,0.0,[],15.147587587959812,0.0,0.0,0.0,"[6.663894174248794, 2.550855276544898, 5.932838137166121]",[],"[0.0, 0.0, 0.0]",[],"[14.522805574996907, 3.976551991140764, 12.648302915810566]"
908,0,1612,True,False,,0.0,1,1,,0,1,11.830813115416067,[11.830813115416067],5.614017115012266,[5.614017115012266],6.459101820790443,0.0,[],3.519049710108273,0.0,0.0,0.0,[3.519049710108273],[],[0.0],[],[6.459101820790443]
908,0,1613,True,True,1.0,5.99,7,7,True,2,9,58.03149278586048,"[11.709397985623852, 2.5, 7.829580364260133, 4.40564852805963, 13.704843171849385, 7.801907891203687, 10.080114844863804]",29.632282186485593,"[5.566665214393303, 1.975, 4.053536342061452, 2.718202925943256, 6.34488883702126, 4.042744077569438, 4.931244789496883]",62.16957321911426,21.71570608180675,"[14.62858634050067, 7.087119741306082]",31.24613355545456,10.469125371904633,24.24613355545456,8.469125371904633,"[3.411148430555432, 7.553996325764546, 3.598435608434713, 3.4038323383203952, 3.5189172151576864, 5.3296939128843, 4.430109724337488]","[6.705148672795262, 3.763976699109372]","[2.411148430555432, 6.553996325764546, 2.598435608434713, 2.4038323383203952, 2.5189172151576864, 4.3296939128843, 3.4301097243374876]","[5.705148672795262, 2.763976699109372]","[6.182431873219056, 16.805118784011654, 6.6626554062428545, 6.163672662359987, 6.458762090147914, 11.101779263805899, 8.79515313932689]"
908,0,1614,True,False,,0.0,2,2,,0,2,25.142071846111165,"[8.031588755361303, 17.110483090749863]",11.805408019983355,"[4.132319614590909, 7.673088405392447]",15.79327541517246,0.0,[],8.15937741191726,0.0,0.0,0.0,"[4.130739625396805, 4.028637786520456]",[],"[0.0, 0.0]",[],"[8.027537501017447, 7.765737914155013]"
908,0,1615,True,False,,0.0,1,1,,0,1,10.921589089177829,[10.921589089177829],5.259419744779353,[5.259419744779353],13.124269940756589,0.0,[],6.11846527689507,0.0,0.0,0.0,[6.11846527689507],[],[0.0],[],[13.124269940756589]
908,0,1616,True,False,,0.0,3,3,,0,3,34.761308985648135,"[9.688358895067623, 10.08348617283228, 14.989463917748234]",16.556910504402772,"[4.778459969076373, 4.93255960740459, 6.845890927921811]",23.639011089678448,0.0,[],12.219214324974594,0.0,0.0,0.0,"[4.037454004041772, 6.206760320932823, 1.975]",[],"[0.0, 0.0, 0.0]",[],"[7.788343600107108, 13.35066748957134, 2.5]"
908,0,1617,True,False,,0.0,3,3,,0,3,31.77998287858782,"[12.160356935728059, 4.881438297347123, 14.738187645512639]",15.39419332264925,"[5.742539204933943, 2.903760935965378, 6.747893181749929]",32.40354273952117,0.0,[],15.637381668413257,0.0,0.0,0.0,"[6.419539534168547, 4.443395278269552, 4.7744468559751585]",[],"[0.0, 0.0, 0.0]",[],"[13.896255215816787, 8.82921866222962, 9.678068861474765]"
908,0,1618,True,False,,0.0,3,3,,0,3,29.738026382240786,"[14.318041790254592, 7.236621365426773, 8.183363226559422]",14.597830289073908,"[6.584036298199291, 3.8222823325164414, 4.191511658358174]",28.324619475315586,0.0,[],14.046601595373078,0.0,0.0,0.0,"[5.7426242704887915, 5.3288372112707485, 2.975140113613538]",[],"[0.0, 0.0, 0.0]",[],"[12.160575052535362, 11.09958259300192, 5.064461829778303]"
908,0,1619,True,False,,0.0,3,3,,0,3,22.059324578310072,"[7.78151458374539, 6.018614056292652, 8.259195938272029]",11.603136585540929,"[4.034790687660703, 3.347259481954134, 4.2210864159260915]",29.02893917086573,0.0,[],14.321286276637634,0.0,0.0,0.0,"[1.975, 7.614895324060539, 4.731390952577096]",[],"[0.0, 0.0, 0.0]",[],"[2.5, 16.96127006169369, 9.56766910917204]"
908,0,1620,True,False,,0.0,4,4,,0,4,51.234906903006475,"[12.61888694147284, 14.02314688985938, 22.09287307167426, 2.5]",23.98161369217253,"[5.921365907174408, 6.469027287045158, 9.61622049795296, 1.975]",34.08068093707749,0.0,[],17.29146556546022,0.0,0.0,0.0,"[2.217600441892712, 3.6545924174548143, 6.044176122666116, 5.375096583446577]",[],"[0.0, 0.0, 0.0, 0.0]",[],"[3.1220524151095184, 6.806647224243114, 12.933784929913116, 11.218196367811737]"
908,0,1621,True,False,,0.0,2,2,,0,2,19.38985927836393,"[3.8927800055284005, 15.497079272835528]",9.562045118561933,"[2.5181842021560765, 7.043860916405856]",32.13357417331568,0.0,[],14.532093927593117,0.0,0.0,0.0,"[4.385696173942173, 10.146397753650945]",[],"[0.0, 0.0]",[],"[8.681272240877366, 23.452301932438317]"
908,0,1622,True,True,1.0,5.99,6,6,True,0,6,59.86445702581345,"[5.360530592117424, 13.09426157508679, 13.48254181536609, 2.5, 10.762678428298612, 14.664444614944532]",29.347138240067245,"[3.0906069309257953, 6.106762014283849, 6.258191307992775, 1.975, 5.1974445870364585, 6.719133399828368]",43.96342634846667,0.0,[],23.145736275902006,0.0,17.145736275902003,0.0,"[5.080115974755044, 3.7516972385240344, 4.2581373505936, 3.6781533016277064, 3.5443894616626985, 2.8332429487389197]",[],"[4.080115974755044, 2.7516972385240344, 3.2581373505936, 2.6781533016277064, 2.5443894616626985, 1.8332429487389197]",[],"[10.46183583270524, 7.055633944933421, 8.354198334855385, 6.867059747763349, 6.524075542724868, 4.700622945484409]"
908,0,1623,True,True,1.0,5.99,8,8,True,5,13,85.03897658444355,"[26.519911310953866, 2.5, 7.101214868538299, 4.4525767056737084, 14.768272083164312, 10.64550034067199, 3.591749075451314, 15.459752199990058]",41.16520086793298,"[11.342765411272008, 1.975, 3.7694737987299365, 2.7365049152127465, 6.759626112434082, 5.151745132862076, 2.4007821394260125, 7.029303357996123]",70.58359910620192,48.17897098329283,"[5.059886174751118, 7.957257579551997, 8.64999728845748, 11.617253621585744, 14.894576318946491]",35.527603651418744,23.789798683484204,27.527603651418747,18.789798683484204,"[2.0150905165406447, 8.030389947218751, 4.725766745744581, 4.123701991057283, 3.5379322111880067, 4.176236690387531, 5.982375047955275, 2.9361105013266737]","[2.973355608152936, 4.1033304560252795, 4.373498942498417, 5.53072891241844, 6.8088847643891315]","[1.015090516540645, 7.030389947218751, 3.7257667457445813, 3.1237019910572834, 2.5379322111880067, 3.176236690387531, 4.982375047955275, 1.9361105013266735]","[1.9733556081529362, 3.103330456025279, 3.373498942498417, 4.53072891241844, 5.8088847643891315]","[2.602796196258064, 18.02664089030449, 9.553248066011747, 8.009492284762265, 6.507518490225658, 8.14419664201931, 12.775320635782755, 4.964385900837624]"
908,0,1624,True,False,,0.0,2,2,,0,2,27.73215083678405,"[18.176587237754696, 9.555563599029353]",12.81553882634578,"[8.088869022724332, 4.726669803621448]",19.348968304148606,0.0,[],9.546097638617958,0.0,0.0,0.0,"[6.090758542766967, 3.4553390958509906]",[],"[0.0, 0.0]",[],"[13.053227032735812, 6.295741271412796]"
908,0,1625,True,False,,0.0,2,2,,0,2,18.482201951880405,"[11.846346190204994, 6.63585576167541]",9.208058761233358,"[5.620075014179948, 3.58798374705341]",26.63716780715403,0.0,[],12.388495444790072,0.0,0.0,0.0,"[8.06517076689173, 4.323324677898341]",[],"[0.0, 0.0]",[],"[18.115822479209566, 8.521345327944465]"
908,0,1626,True,False,,0.0,3,3,,0,3,23.735331814764514,"[13.87987045247547, 5.437052648365902, 4.418408713923143]",12.256779407758163,"[6.413149476465434, 3.120450532862702, 2.723179398430026]",28.00607175103717,0.0,[],13.922367982904497,0.0,0.0,0.0,"[3.7030797070501715, 4.211464337629716, 6.00782393822461]",[],"[0.0, 0.0, 0.0]",[],"[6.9309736078209525, 8.234523942640296, 12.840574200575922]"
908,0,1627,True,False,,0.0,3,3,,0,3,18.036142293558466,"[5.426747449750603, 7.7865287079517636, 4.8228661358561]",10.034095494487802,"[3.116431505402735, 4.036746196101188, 2.880917792983879]",27.664971870780867,0.0,[],13.789339029604538,0.0,0.0,0.0,"[6.714569975457661, 4.981427247915524, 2.0933418062313525]",[],"[0.0, 0.0, 0.0]",[],"[14.652743526814517, 10.208787815168009, 2.803440528798339]"
908,0,1628,True,False,,0.0,2,2,,0,2,38.64236930365743,"[6.956605371451811, 31.685763932205624]",17.070524028426398,"[3.7130760948662065, 13.357447933560193]",28.648602532612284,0.0,[],13.17295498771879,0.0,0.0,0.0,"[2.043743004855705, 11.129211982863085]",[],"[0.0, 0.0]",[],"[2.6762641150146274, 25.972338417597655]"
908,0,1629,True,True,1.0,5.99,5,5,True,3,8,44.720562186396364,"[3.93530697999603, 4.610383928893288, 10.090817075612515, 6.568274319790309, 19.515779882104226]",22.441019252694588,"[2.534769722198452, 2.7980497322683826, 4.935418659488882, 3.5616269847182203, 8.61115415402065]",59.227330208399124,33.30190695102721,"[12.301156041994481, 12.347598218320899, 8.653152690711835]",28.09865878127566,15.987743710900615,23.09865878127566,12.987743710900615,"[10.645306340739069, 7.574416083800364, 2.545225320727, 3.6646473998455216, 3.6690636361637052]","[5.797450856377848, 5.815563305145151, 4.374729549377616]","[9.645306340739069, 6.574416083800364, 1.5452253207270001, 2.6646473998455216, 2.6690636361637052]","[4.797450856377848, 4.815563305145151, 3.3747295493776157]","[24.731554719843764, 16.85747713794965, 3.962116206992308, 6.8324292303731315, 6.8437529132402695]"
908,0,1630,True,False,,0.0,3,3,,0,3,15.536420939370831,"[4.637337781319144, 8.399083158051686, 2.5]",9.059204166354624,"[2.8085617347144662, 4.275642431640158, 1.975]",29.64694712341467,0.0,[],14.56230937813172,0.0,0.0,0.0,"[5.936266793460768, 4.426262138321867, 4.199780446349086]",[],"[0.0, 0.0, 0.0]",[],"[12.657094342207097, 8.785287534158632, 8.20456524704894]"
908,0,1631,True,False,,0.0,3,3,,0,3,21.429701642749446,"[11.594744958860147, 3.031865899067971, 6.803090784821329]",11.357583640672285,"[5.521950533955458, 2.1824277006365085, 3.6532054060803185]",43.471742066236935,0.0,[],19.953979405832406,0.0,0.0,0.0,"[5.277700338189743, 9.963339166296013, 4.712939901346649]",[],"[0.0, 0.0, 0.0]",[],"[10.968462405614725, 22.982920939220545, 9.520358721401665]"
908,0,1632,True,True,1.0,5.99,6,6,True,2,8,54.867596477844835,"[5.692323877421343, 15.863378360468236, 4.3191909720952015, 12.337713826531186, 14.001798011371603, 2.65319142995727]",27.398362626359486,"[3.220006312194324, 7.186717560582612, 2.6844844791171285, 5.811708392347162, 6.460701224434925, 2.0347446576833352]",58.24264872651713,20.490835783108327,"[5.087870405708901, 15.402965377399427]",28.71463300334168,9.991425955412248,22.71463300334168,7.991425955412248,"[1.975, 5.2510887661180545, 2.2789729568889134, 3.5584600749730497, 6.649435838521964, 9.0016753668397]","[2.9842694582264713, 7.007156497185777]","[0.9750000000000001, 4.2510887661180545, 1.2789729568889137, 2.5584600749730497, 5.649435838521964, 8.0016753668397]","[1.9842694582264715, 6.007156497185777]","[2.5, 10.900227605430908, 3.2794178381767014, 6.560154038392435, 14.485732919287088, 20.517116325230003]"
908,0,1633,True,False,,0.0,2,2,,0,2,31.827164720739553,"[9.374856870100354, 22.452307850639198]",14.412594241088426,"[4.656194179339138, 9.756400061749288]",19.534581215974125,0.0,[],9.61848667422991,0.0,0.0,0.0,"[3.6714527613644754, 5.947033912865434]",[],"[0.0, 0.0]",[],"[6.849878875293526, 12.6847023406806]"
908,0,1634,True,False,,0.0,3,3,,0,3,26.38388570464316,"[11.521762888470933, 6.849536214991692, 8.012586601180534]",13.289715424810833,"[5.493487526503664, 3.67131912384676, 4.124908774460408]",32.314239443603654,0.0,[],15.602553383005425,0.0,0.0,0.0,"[6.163976502254209, 3.6686979292169, 5.7698789515343165]",[],"[0.0, 0.0, 0.0]",[],"[13.240965390395406, 6.8428152031202565, 12.230458850087992]"
908,0,1635,True,False,,0.0,2,2,,0,2,16.59155148735168,"[6.114006976341681, 10.477544511009999]",8.470705080067155,"[3.384462720773256, 5.0862423592939]",19.03650147621676,0.0,[],9.424235575724536,0.0,0.0,0.0,"[2.4732094395604225, 6.9510261361641135]",[],"[0.0, 0.0]",[],"[3.77746010143698, 15.259041374779779]"
908,0,1636,True,False,,0.0,2,2,,0,2,9.749239920110835,"[3.4534852925543293, 6.295754627556505]",5.802203568843225,"[2.3468592640961887, 3.455344304747037]",13.688624863190999,0.0,[],7.338563696644489,0.0,0.0,0.0,"[3.1575554590190587, 4.181008237625431]",[],"[0.0, 0.0]",[],"[5.532193484664252, 8.156431378526745]"
908,0,1637,True,False,,0.0,4,4,,0,4,29.688795433706073,"[15.240477807940294, 4.78248576021143, 4.268987647083416, 5.396844218470932]",15.578630219145367,"[6.943786345096715, 2.865169446482458, 2.6649051823625323, 3.1047692452036633]",60.56383767158141,0.0,[],27.61989669191675,0.0,0.0,0.0,"[6.38140548758425, 10.960461526685323, 4.180803104172627, 6.097226573474552]",[],"[0.0, 0.0, 0.0, 0.0]",[],"[13.798475609190385, 25.53964494021878, 8.155905395314429, 13.069811726857825]"
908,0,1638,True,True,1.0,5.99,5,5,True,1,6,38.27785457440166,"[15.064584193353642, 4.225902186111814, 8.774722469955435, 2.5, 7.712645724980769]",19.928363284016648,"[6.875187835407921, 2.6481018525836073, 4.422141763282619, 1.975, 4.0079318327425]",38.8077768564627,4.846923534070014,[4.846923534070014],20.135032974020454,2.8903001782873057,15.135032974020453,1.8903001782873057,"[2.968975065695256, 3.549338882824726, 6.998163891424157, 3.611695245386983, 3.0068598886893323]",[2.8903001782873057],"[1.9689750656952558, 2.549338882824726, 5.998163891424157, 2.611695245386983, 2.0068598886893323]",[1.8903001782873057],"[5.04865401460322, 6.536766366217245, 15.379907413908093, 6.696654475351238, 5.145794586382903]"
908,0,1639,True,False,,0.0,2,2,,0,2,23.781561414922614,"[14.523557066805584, 9.25800434811703]",11.27480895181982,"[6.664187256054178, 4.610621695765642]",11.701685157409969,0.0,[],6.563657211389888,0.0,0.0,0.0,"[3.0220428802615995, 3.5416143311282884]",[],"[0.0, 0.0]",[],"[5.184725334004101, 6.516959823405867]"
908,0,1640,True,False,,0.0,4,4,,0,4,46.89834042577789,"[10.513941379226422, 6.562604135838791, 3.1157445824369123, 26.70605032827577]",22.29035276605338,"[5.100437137898305, 3.5594156129771286, 2.215140387150396, 11.41535962802755]",62.81532612497874,0.0,[],28.497977188741714,0.0,0.0,0.0,"[5.560406635193939, 13.993623783465633, 2.666321077590821, 6.277625692491318]",[],"[0.0, 0.0, 0.0, 0.0]",[],"[11.693350346651124, 33.31698406016829, 4.272618147668772, 13.532373570490558]"
908,0,1641,True,False,,0.0,2,2,,0,2,18.00177926162032,"[6.806367336574933, 11.195411925045388]",9.020693912031925,"[3.654483261264224, 5.366210650767702]",9.59697307992316,0.0,[],5.7428195011700325,0.0,0.0,0.0,"[3.6005125642245193, 2.142306936945513]",[],"[0.0, 0.0]",[],"[6.667980933909023, 2.9289921460141364]"
908,0,1642,True,False,,0.0,3,3,,0,3,34.31005292971598,"[14.993781269420845, 10.182434883187883, 9.133836777107252]",16.38092064258923,"[6.84757469507413, 4.971149604443275, 4.562196343071829]",25.513550916787782,0.0,[],12.950284857547235,0.0,0.0,0.0,"[4.928044266807422, 3.4346864679899096, 4.5875541227499035]",[],"[0.0, 0.0, 0.0]",[],"[10.071908376429288, 6.242785815358742, 9.198856724999754]"
908,0,1643,True,False,,0.0,4,4,,0,4,54.146071179131965,"[25.447248673648136, 4.6664868308745, 12.392303827325541, 11.640031847283788]",25.116967759861467,"[10.924426982722773, 2.819929864041055, 5.832998492656961, 5.539612420440678]",27.353207191275487,0.0,[],14.667750804597441,0.0,0.0,0.0,"[4.513881557310139, 3.3246719854476483, 4.854197261839654, 1.975]",[],"[0.0, 0.0, 0.0, 0.0]",[],"[9.009952711051637, 5.960697398583713, 9.882557081640138, 2.5]"
908,0,1644,True,False,,0.0,1,1,,0,1,18.783016901303824,[18.783016901303824],8.32537659150849,[8.32537659150849],8.874258851784314,0.0,[],4.460960952195882,0.0,0.0,0.0,[4.460960952195882],[],[0.0],[],[8.874258851784314]
908,0,1645,True,False,,0.0,3,3,,0,3,21.567701122087072,"[3.87153735477893, 7.348129702562566, 10.348034064745576]",11.411403437613957,"[2.5098995683637826, 3.8657705839994008, 5.035733285250775]",52.28015659477539,0.0,[],23.389261071962405,0.0,0.0,0.0,"[7.0713091988299235, 7.660952716220768, 8.656999156911713]",[],"[0.0, 0.0, 0.0]",[],"[15.56745948417929, 17.07936593902761, 19.633331171568496]"
908,0,1646,True,False,,0.0,1,1,,0,1,10.226987441857274,[10.226987441857274],4.988525102324337,[4.988525102324337],5.531203124823469,0.0,[],3.1571692186811533,0.0,0.0,0.0,[3.1571692186811533],[],[0.0],[],[5.531203124823469]
908,0,1647,True,False,,0.0,1,1,,0,1,13.35951089897136,[13.35951089897136],6.21020925059883,[6.21020925059883],6.668318011077169,0.0,[],3.6006440243200957,0.0,0.0,0.0,[3.6006440243200957],[],[0.0],[],[6.668318011077169]
908,0,1648,True,False,,0.0,2,2,,0,2,37.13525990826774,"[7.10889324467545, 30.02636666359229]",16.48275136422442,"[3.7724683654234257, 12.710282998800993]",8.074647027912642,0.0,[],5.14911234088593,0.0,0.0,0.0,"[1.975, 3.17411234088593]",[],"[0.0, 0.0]",[],"[2.5, 5.574647027912642]"
908,0,1649,True,False,,0.0,4,4,,0,4,42.07878867985699,"[8.82273979870026, 10.862920490624177, 19.893128390532553, 2.5]",20.41072758514423,"[4.440868521493101, 5.236538991343429, 8.758320072307697, 1.975]",43.04700691501397,0.0,[],20.788332696855445,0.0,0.0,0.0,"[5.504247622515838, 2.9842843938650248, 6.6890359181120616, 5.610764762362522]",[],"[0.0, 0.0, 0.0, 0.0]",[],"[11.549352878245738, 5.087908702218012, 14.587271584902721, 11.822473749647493]"
908,0,1650,True,True,1.0,5.99,5,5,True,3,8,44.082546248712006,"[3.1603574984605944, 5.0981281688158875, 10.461308225853665, 8.408942818442913, 16.953809537138948]",22.192193036997686,"[2.232539424399632, 2.9882699858381963, 5.0799102080829295, 4.279487699192736, 7.61198571948419]",33.33528211216793,23.09054873496145,"[3.1069475263108295, 8.368300127322922, 11.6153010813277]",18.000760023745492,12.005314006634965,13.000760023745492,9.005314006634965,"[5.914807145227869, 3.3486128985807735, 2.343605345157288, 2.6795277436953375, 3.7142068910842223]","[2.2117095352612237, 4.263637049655939, 5.529967421717803]","[4.914807145227869, 2.3486128985807735, 1.343605345157288, 1.6795277436953377, 2.7142068910842223]","[1.2117095352612235, 3.2636370496559395, 4.529967421717803]","[12.602069603148383, 6.022084355335316, 3.445141910659713, 4.30648139409061, 6.9595048489339035]"
908,0,1651,True,False,,0.0,3,3,,0,3,25.331939344035227,"[3.0696831810437475, 15.828770523241417, 6.433485639750065]",12.87945634417374,"[2.1971764406070617, 7.173220504064153, 3.5090593995025254]",28.752630207722326,0.0,[],14.213525781011707,0.0,0.0,0.0,"[4.93344523681132, 6.006966202758187, 3.2731143414422013]",[],"[0.0, 0.0, 0.0]",[],"[10.085757017464921, 12.838374878867146, 5.828498311390259]"
908,0,1652,True,False,,0.0,1,1,,0,1,7.645775387171572,[7.645775387171572],3.981852400996913,[3.981852400996913],10.86035823176359,0.0,[],5.2355397103878,0.0,0.0,0.0,[5.2355397103878],[],[0.0],[],[10.86035823176359]
908,0,1653,True,False,,0.0,2,2,,0,2,26.086469738130404,"[9.693656209786942, 16.39281352834346]",12.173723197870856,"[4.780525921816908, 7.393197276053949]",11.227825098073339,0.0,[],6.3788517882486016,0.0,0.0,0.0,"[4.141095326977666, 2.2377564612709353]",[],"[0.0, 0.0]",[],"[8.054090581994016, 3.173734516079322]"
908,0,1654,True,False,,0.0,1,1,,0,1,6.301063588706877,[6.301063588706877],3.457414799595682,[3.457414799595682],6.165034052406003,0.0,[],3.4043632804383415,0.0,0.0,0.0,[3.4043632804383415],[],[0.0],[],[6.165034052406003]
908,0,1655,True,False,,0.0,4,4,,0,4,41.55788926450412,"[10.573330359523432, 7.114134230337853, 9.484770242772461, 14.385654431870371]",20.207576813156606,"[5.123598840214139, 3.7745123498317628, 4.6990603946812595, 6.610405228429445]",31.881830030573887,0.0,[],16.433913711923815,0.0,0.0,0.0,"[1.975, 5.205250683446296, 4.395690968468558, 4.857972060008962]",[],"[0.0, 0.0, 0.0, 0.0]",[],"[2.5, 10.782694060118708, 8.706899919150148, 9.892236051305032]"
908,0,1656,True,True,1.0,5.99,6,6,True,3,9,62.491849613161065,"[12.363447594900313, 5.989410065548933, 8.911799423831424, 6.936623042775659, 14.433686984511176, 13.856882501593558]",30.371821349132816,"[5.821744562011122, 3.335869925564084, 4.475601775294255, 3.705282986682507, 6.629137923959359, 6.404184175621488]",40.00411723636338,30.288383903233253,"[3.279278338302435, 16.869900949673166, 10.139204615257649]",21.601605722181716,14.812469722260968,15.601605722181718,11.812469722260968,"[5.107551303724994, 2.9194914549678117, 3.1980508609739604, 5.198403592958039, 2.6740907996498926, 2.5040177099070196]","[2.2789185519379496, 7.579261370372535, 4.954289799950484]","[4.107551303724994, 1.919491454967812, 2.1980508609739604, 4.198403592958039, 1.6740907996498928, 1.5040177099070198]","[1.2789185519379498, 6.579261370372535, 3.9542897999504834]","[10.532182830064087, 4.921772961455928, 5.63602784865118, 10.765137417841125, 4.292540511922802, 3.8564556664282557]"
908,0,1657,True,True,1.0,5.99,6,6,True,3,9,80.55453675872434,"[12.660660364732076, 16.261703863140536, 14.299993516169792, 10.019824946277488, 7.544961826218952, 19.767392242185494]",37.4162693359025,"[5.93765754224551, 7.342064506624809, 6.576997471306219, 4.907731729048221, 3.942535112225391, 8.709282974452343]",78.05548071760703,45.347418300638104,"[7.673094680821679, 28.971556078234077, 8.702767541582347]",36.44163747986674,20.68549313724886,30.441637479866746,17.685493137248862,"[9.116886091514282, 4.3679642445404445, 5.995795674690841, 6.602617807577996, 2.9652191520821436, 7.393154509461038]","[3.992506925520455, 12.29890687051129, 4.3940793412171155]","[8.116886091514282, 3.3679642445404445, 4.995795674690841, 5.602617807577996, 1.9652191520821436, 6.393154509461038]","[2.992506925520455, 11.29890687051129, 3.3940793412171155]","[20.81252843978021, 8.635805755231909, 12.809732499207286, 14.365686686097426, 5.039023466877291, 16.392703870412916]"
908,0,1658,True,False,,0.0,2,2,,0,2,8.415226939033682,"[5.12361730250149, 3.291609636532192]",5.2819385062231365,"[2.9982107479755813, 2.2837277582475553]",16.189204965317607,0.0,[],8.313789936473867,0.0,0.0,0.0,"[3.372423335620275, 4.941366600853593]",[],"[0.0, 0.0]",[],"[6.083136758000705, 10.106068207316904]"
908,0,1659,True,False,,0.0,2,2,,0,2,19.933571263225417,"[13.56509655450767, 6.3684747087177485]",9.774092792657914,"[6.290387656257992, 3.483705136399922]",12.991893569901096,0.0,[],7.066838492261428,0.0,0.0,0.0,"[3.825554667880302, 3.2412838243811257]",[],"[0.0, 0.0]",[],"[7.245011968923851, 5.746881600977245]"
908,0,1660,True,False,,0.0,3,3,,0,3,43.213440693924625,"[12.045690327553984, 11.206392053154618, 19.961358313216024]",19.853241870630605,"[5.697819227746054, 5.3704929007303015, 8.784929742154251]",25.59654889582534,0.0,[],12.982654069371883,0.0,0.0,0.0,"[5.696554991356119, 3.2344892340129876, 4.051609844002776]",[],"[0.0, 0.0, 0.0]",[],"[12.04244869578492, 5.729459574392275, 7.824640625648143]"
908,0,1661,True,False,,0.0,2,2,,0,2,29.6149433872358,"[11.117011243119542, 18.49793214411626]",13.549827921021963,"[5.335634384816622, 8.214193536205341]",25.513659976493244,0.0,[],11.950327390832364,0.0,0.0,0.0,"[7.586324913147092, 4.364002477685273]",[],"[0.0, 0.0]",[],"[16.888012597813056, 8.625647378680187]"
908,0,1662,True,False,,0.0,4,4,,0,4,40.82402411775068,"[9.296549963703342, 13.360918854757173, 2.686963782595133, 15.479591516695038]",19.921369405922768,"[4.625654485844303, 6.210758353355298, 2.047915875212102, 7.037040691511065]",42.304847924155936,0.0,[],20.49889069042082,0.0,0.0,0.0,"[3.3262160405695127, 5.9481927183083565, 3.923648761187328, 7.300833170355621]",[],"[0.0, 0.0, 0.0, 0.0]",[],"[5.964656514280802, 12.687673636688093, 7.496535285095712, 16.155982488091336]"
908,0,1663,True,False,,0.0,3,3,,0,3,27.543305702549336,"[11.33282026373852, 8.501763875747228, 7.708721563063588]",13.74188922399424,"[5.419799902858023, 4.315687911541419, 4.006401409594799]",29.594143982044177,0.0,[],14.54171615299723,0.0,0.0,0.0,"[7.796407666227924, 3.765246481967565, 2.9800620048017414]",[],"[0.0, 0.0, 0.0]",[],"[17.426686323661343, 7.090375594788627, 5.077082063594209]"
908,0,1664,True,False,,0.0,2,2,,0,2,36.56420516295164,"[20.394321555287632, 16.169883607664]",16.260040013551137,"[8.953785406562176, 7.3062546069889605]",24.298028594694046,0.0,[],11.47623115193068,0.0,0.0,0.0,"[4.480237399799171, 6.995993752131508]",[],"[0.0, 0.0]",[],"[8.923685640510696, 15.374342954183351]"
908,0,1665,True,True,1.0,5.99,8,8,True,2,10,67.26285317112092,"[11.398864635097729, 3.3342013083379807, 11.981407064142594, 9.427328772045934, 10.406139371985834, 11.197994498016762, 2.5, 7.016917521494098]",34.23251273673716,"[5.445557207688115, 2.3003385102518124, 5.672748755015612, 4.676658221097915, 5.058394355074475, 5.367217854226537, 1.975, 3.736597833382698]",76.49251107815903,10.14903352313435,"[3.781546924583387, 6.367486598550962]",37.83207932048202,5.958123074022396,29.83207932048202,3.958123074022396,"[3.9982574935865385, 2.3010564626776286, 6.772189009583193, 4.731901880814682, 3.6660426176316623, 6.5905545308344005, 3.792552824174911, 5.979524501179002]","[2.4748033005875207, 3.483319773434875]","[2.9982574935865385, 1.3010564626776284, 5.772189009583193, 3.7319018808146827, 2.6660426176316623, 5.5905545308344005, 2.792552824174911, 4.979524501179002]","[1.474803300587521, 2.483319773434875]","[7.68783972714497, 3.336042211993919, 14.800484639956904, 9.56897918157611, 6.836006711876057, 14.334755207267694, 7.160391856858746, 12.76801154148462]"
908,0,1666,True,False,,0.0,3,3,,0,3,22.267177857842057,"[6.448057887390863, 5.50805216109111, 10.31106780936008]",11.684199364558403,"[3.514742576082437, 3.148140342825533, 5.021316445650432]",25.010714014211253,0.0,[],12.754178465542388,0.0,0.0,0.0,"[4.519282946215939, 4.965023808837884, 3.2698717104885655]",[],"[0.0, 0.0, 0.0]",[],"[9.023802426194715, 10.166727714968934, 5.820183873047603]"
908,0,1667,True,False,,0.0,4,4,,0,4,27.652177774830086,"[9.352905459211323, 7.452846623608614, 8.346425692010152, 2.5]",14.784349332183734,"[4.647633129092416, 3.9066101832073596, 4.255106019883959, 1.975]",32.03049322042401,0.0,[],16.49189235596537,0.0,0.0,0.0,"[3.2564266646531785, 5.080495114124939, 5.197539686085034, 2.9574308911022147]",[],"[0.0, 0.0, 0.0, 0.0]",[],"[5.785709396546611, 10.46280798493574, 10.762922272012908, 5.019053566928756]"
908,0,1668,True,False,,0.0,2,2,,0,2,28.920925746006155,"[8.001848911594015, 20.91907683441214]",13.279161040942402,"[4.120721075521666, 9.158439965420735]",19.20733168951019,0.0,[],9.490859358908974,0.0,0.0,0.0,"[4.37506864159162, 5.115790717317355]",[],"[0.0, 0.0]",[],"[8.65402215792723, 10.553309531582961]"
908,0,1669,True,False,,0.0,3,3,,0,3,38.59813471571274,"[23.211117150009034, 8.3011188462369, 7.085898719466806]",18.05327253912797,"[10.052335688503524, 4.237436350032391, 3.7635005005920545]",25.08734902209444,0.0,[],12.784066118616833,0.0,0.0,0.0,"[3.218844636911343, 7.590221481705489, 1.975]",[],"[0.0, 0.0, 0.0]",[],"[5.689345222849597, 16.898003799244844, 2.5]"
908,0,1670,True,False,,0.0,1,1,,0,1,7.4072719952029535,[7.4072719952029535],3.888836078129152,[3.888836078129152],4.134118801275289,0.0,[],2.6123063324973628,0.0,0.0,0.0,[2.6123063324973628],[],[0.0],[],[4.134118801275289]
908,0,1671,True,False,,0.0,3,3,,0,3,45.50754101039544,"[8.765864577293682, 13.254870448431587, 23.486805984670177]",20.747940994054225,"[4.418687185144536, 6.169399474888319, 10.15985433402137]",24.452212942341554,0.0,[],12.536363047513207,0.0,0.0,0.0,"[3.709383124275767, 5.801067357599003, 3.025912565638437]",[],"[0.0, 0.0, 0.0]",[],"[6.94713621609171, 12.310429122048724, 5.19464760420112]"
908,0,1672,True,False,,0.0,4,4,,0,4,31.624809400637993,"[4.519281523117821, 7.545313731165973, 9.127467454202176, 10.432746692152023]",16.333675666248816,"[2.7625197940159505, 3.9426723551547296, 4.559712307138849, 5.068771209939289]",37.4134119680569,0.0,[],18.59123066754219,0.0,0.0,0.0,"[7.154442541581175, 5.640767990642057, 3.1213729139712885, 2.6746472213476693]",[],"[0.0, 0.0, 0.0, 0.0]",[],"[15.780621901490193, 11.899405104210402, 5.439417728131509, 4.293967234224793]"
908,0,1673,True,False,,0.0,3,3,,0,3,30.667033449361263,"[11.952415181656939, 7.046408556979589, 11.668209710724735]",14.960143045250893,"[5.661441920846206, 3.74809933722204, 5.5506017871826465]",35.476178063048955,0.0,[],16.835709444589092,0.0,0.0,0.0,"[4.859829836774638, 3.229226336374586, 8.746653271439868]",[],"[0.0, 0.0, 0.0]",[],"[9.896999581473432, 5.715964965063041, 19.86321351651248]"
908,0,1674,True,False,,0.0,1,1,,0,1,9.792112445323898,[9.792112445323898],4.818923853676321,[4.818923853676321],4.782924829710271,0.0,[],2.8653406835870054,0.0,0.0,0.0,[2.8653406835870054],[],[0.0],[],[4.782924829710271]
908,0,1675,True,False,,0.0,3,3,,0,3,23.380693711272393,"[14.37274680073862, 2.5, 6.507946910533775]",12.118470547396235,"[6.605371252288061, 1.975, 3.5380992951081724]",28.49166790702005,0.0,[],14.11175048373782,0.0,0.0,0.0,"[3.559536771543738, 4.354981320641972, 6.19723239155211]",[],"[0.0, 0.0, 0.0]",[],"[6.562914798830096, 8.602516206774286, 13.326236901415667]"
908,0,1676,True,True,1.0,5.99,7,7,True,2,9,82.12521690172285,"[14.371320183753358, 4.568005928057935, 20.978524304051888, 6.4818837249062895, 7.752401281725756, 10.60696558190895, 17.366115897318668]",39.02883459167191,"[6.60481487166381, 2.7815223119425947, 9.181624478580236, 3.527934652713453, 4.0234364998730445, 5.13671657694449, 7.7727851999542805]",81.49977828479287,17.33821022513294,"[9.782935195393497, 7.555275029739445]",38.78491353106922,8.761901987801847,31.784913531069222,6.761901987801847,"[8.78173029753814, 3.021619342363813, 5.872827276549722, 6.234781421484639, 4.302109494191042, 6.910173485466012, 3.6616722134758546]","[4.815344726203464, 3.9465572615983837]","[7.781730297538139, 2.021619342363813, 4.872827276549722, 5.234781421484639, 3.302109494191042, 5.910173485466012, 2.6616722134758546]","[3.815344726203464, 2.9465572615983837]","[19.95315460907215, 5.183639339394393, 12.494428914230054, 13.422516465345229, 8.466947421002672, 15.154290988374388, 6.824800547373986]"
908,0,1677,True,False,,0.0,2,2,,0,2,11.33393303492776,"[4.080866645661878, 7.253066389265882]",6.420233883621826,"[2.5915379918081323, 3.828695891813694]",17.451492617917175,0.0,[],8.8060821209877,0.0,0.0,0.0,"[3.160905384420032, 5.6451767365676675]",[],"[0.0, 0.0]",[],"[5.540783036974441, 11.910709580942736]"
908,0,1678,True,False,,0.0,2,2,,0,2,9.834611073459577,"[7.010501512643344, 2.8241095608162334]",5.835498318649236,"[3.7340955899309045, 2.1014027287183312]",18.326154889175417,0.0,[],9.147200406778413,0.0,0.0,0.0,"[4.803539556814977, 4.3436608499634355]",[],"[0.0, 0.0]",[],"[9.752665530294813, 8.573489358880604]"
908,0,1679,True,False,,0.0,3,3,,0,3,37.2931243589353,"[2.5, 23.904067042034114, 10.889057316901189]",17.54431849998477,"[1.975, 10.322586146393306, 5.246732353591464]",32.59166681105748,0.0,[],15.710750056312419,0.0,0.0,0.0,"[5.078526291116991, 7.77869009282851, 2.8535336723669165]",[],"[0.0, 0.0, 0.0]",[],"[10.457759720812797, 17.38125664827823, 4.752650441966453]"
908,0,1680,True,True,1.0,5.99,5,5,True,1,6,36.10657105667243,"[6.806559431644233, 7.744407773660189, 9.748116676082573, 9.307487175285436, 2.5]",19.08156271210225,"[3.654558178341251, 4.020319031727474, 4.801765503672204, 4.62991999836132, 1.975]",31.65231448967645,13.236291521059814,[13.236291521059814],17.344402650973816,6.162153693213328,12.344402650973816,5.162153693213328,"[2.6228477803966124, 3.2889557772043485, 2.9716698352669377, 3.9134076348120916, 4.547521623293824]",[6.162153693213328],"[1.6228477803966126, 2.2889557772043485, 1.9716698352669377, 2.9134076348120916, 3.5475216232938243]",[5.162153693213328],"[4.161148154863109, 5.869117377447047, 5.055563680171635, 7.470275986697671, 9.096209290496985]"
908,0,1681,True,False,,0.0,1,1,,0,1,2.572120106318578,[2.572120106318578],2.0031268414642454,[2.0031268414642454],11.866156800398972,0.0,[],5.627801152155599,0.0,0.0,0.0,[5.627801152155599],[],[0.0],[],[11.866156800398972]
908,0,1682,True,True,1.0,5.99,5,5,True,2,7,30.958460770420302,"[8.259554585844743, 8.327553126138845, 4.024113171685941, 5.975008522808742, 4.372231363942033]",17.073799700463915,"[4.22122628847945, 4.24774571919415, 2.569404136957517, 3.3302533238954095, 2.7051702319373927]",55.43758849265581,31.358404823074423,"[14.194700075888381, 17.163704747186042]",26.62065951213577,14.229777880999025,21.62065951213577,12.229777880999025,"[5.66504074870434, 7.293321655048166, 3.6219198110536155, 4.821290201994673, 5.219087095334974]","[6.535933029596468, 7.693844851402557]","[4.66504074870434, 6.293321655048166, 2.6219198110536155, 3.821290201994673, 4.219087095334974]","[5.535933029596468, 6.693844851402557]","[11.961642945395742, 16.136722192431193, 6.722871310393886, 9.798180005114546, 10.818172039320446]"
908,0,1683,True,False,,0.0,3,3,,0,3,20.545486739802122,"[3.16469578535252, 6.894195144656786, 10.486595809792819]",11.012739828522829,"[2.234231356287483, 3.6887361064161466, 5.0897723658192]",27.80412020351764,0.0,[],13.84360687937188,0.0,0.0,0.0,"[6.640843011256119, 2.858990221820695, 4.343773646295066]",[],"[0.0, 0.0, 0.0]",[],"[14.463700028861844, 4.766641594412039, 8.57377858024376]"
908,0,1684,True,False,,0.0,1,1,,0,1,4.343229043545773,[4.343229043545773],2.6938593269828517,[2.6938593269828517],12.477098475902041,0.0,[],5.866068405601796,0.0,0.0,0.0,[5.866068405601796],[],[0.0],[],[12.477098475902041]
908,0,1685,True,False,,0.0,4,4,,0,4,30.331880725184615,"[2.9044101185909885, 8.573668585322563, 9.649468974380541, 9.204333046890522]",15.829433482822,"[2.1327199462504858, 4.343730748275799, 4.763292900008411, 4.589689888287303]",35.372860447125476,0.0,[],17.795415574378932,0.0,0.0,0.0,"[3.5532230185263667, 3.192750318659843, 3.985987469293709, 7.063454767899015]",[],"[0.0, 0.0, 0.0, 0.0]",[],"[6.546725688529145, 5.6224367145124186, 7.6563781263941255, 15.54731991768978]"
908,0,1686,True,False,,0.0,2,2,,0,2,13.747560908154353,"[4.394110423296432, 9.353450484857921]",7.361548754180198,"[2.7137030650856087, 4.64784568909459]",15.004759804728282,0.0,[],7.85185632384403,0.0,0.0,0.0,"[5.87685632384403, 1.975]",[],"[0.0, 0.0]",[],"[12.504759804728282, 2.5]"
908,0,1687,True,False,,0.0,3,3,,0,3,31.401524635029045,"[6.251428597498137, 11.476264990761123, 13.673831046769784]",15.246594607661326,"[3.4380571530242734, 5.475743346396838, 6.332794108240216]",27.286931743546756,0.0,[],13.641903379983235,0.0,0.0,0.0,"[4.0514893717518845, 6.23332584026911, 3.357088167962241]",[],"[0.0, 0.0, 0.0]",[],"[7.824331722440729, 13.41878420581823, 6.043815815287798]"
908,0,1688,True,False,,0.0,2,2,,0,2,33.818976262111725,"[9.879685696530473, 23.939290565581253]",15.189400742223572,"[4.853077421646884, 10.336323320576689]",11.487667378487316,0.0,[],6.4801902776100535,0.0,0.0,0.0,"[2.4718313365874165, 4.008358941022637]",[],"[0.0, 0.0]",[],"[3.773926504070299, 7.713740874417017]"
908,0,1689,True,False,,0.0,4,4,,0,4,29.34840016301765,"[10.88029777983047, 4.683022275453431, 2.5, 11.285080107733751]",15.445876063576883,"[5.243316134133883, 2.826378687426838, 1.975, 5.401181242016163]",38.61701077108257,0.0,[],19.060634200722202,0.0,0.0,0.0,"[3.6466501043102877, 7.467187688869951, 4.004015897364399, 3.942780510177564]",[],"[0.0, 0.0, 0.0, 0.0]",[],"[6.786282318744327, 16.582532535563978, 7.702604865036919, 7.545591051737344]"
908,0,1690,True,False,,0.0,2,2,,0,2,25.17675299552097,"[5.332416922146456, 19.844336073374514]",11.81893366825318,"[3.079642599637118, 8.739291068616062]",22.522303568345595,0.0,[],10.783698391654783,0.0,0.0,0.0,"[7.615431899298929, 3.1682664923558534]",[],"[0.0, 0.0]",[],"[16.96264589563828, 5.559657672707316]"
908,0,1691,True,False,,0.0,4,4,,0,4,35.18143973190609,"[13.248704538563766, 10.686203200418072, 7.470473007984187, 3.7760589849400654]",17.720761495443377,"[6.166994770039869, 5.1676192481630485, 3.913484473113833, 2.4726630041266255]",38.50624179926945,0.0,[],19.017434301715088,0.0,0.0,0.0,"[4.4060361170209035, 9.357611926030874, 2.936099234053817, 2.3176870246094934]",[],"[0.0, 0.0, 0.0, 0.0]",[],"[8.733425941079238, 21.42977416930993, 4.9643570103944015, 3.378684678485881]"
908,0,1692,True,False,,0.0,4,4,,0,4,38.98573595753035,"[8.757120082179771, 6.780619656935719, 16.34577352298706, 7.1022226954278045]",19.20443702343684,"[4.415276832050111, 3.6444416662049304, 7.374851673964954, 3.769866851216844]",44.25394034173613,0.0,[],21.259036733277092,0.0,0.0,0.0,"[6.018627363561657, 5.741905401592202, 4.763380802058018, 4.735123166065213]",[],"[0.0, 0.0, 0.0, 0.0]",[],"[12.868275291183734, 12.158731798954364, 9.649694364251328, 9.5772388873467]"
908,0,1693,True,False,,0.0,3,3,,0,3,31.30035060352843,"[8.256833236006145, 11.035165138570827, 12.008352228951459]",15.20713673537609,"[4.220164962042396, 5.303714404042623, 5.683257369291069]",21.018467227081583,0.0,[],11.197202218561817,0.0,0.0,0.0,"[2.676998445803356, 5.344766290264532, 3.175437482493929]",[],"[0.0, 0.0, 0.0]",[],"[4.299996014880401, 11.140426385293672, 5.57804482690751]"
908,0,1694,True,True,1.0,5.99,7,7,True,3,10,67.96145738722886,"[4.061440029347513, 19.989000856381068, 7.491146237480824, 17.706723038479872, 2.884727439526437, 10.138463436531868, 5.689956349481273]",33.50496838101926,"[2.58396161144553, 8.795710333988616, 3.9215470326175215, 7.9056219850071505, 2.1250437014153105, 4.954000740247428, 3.2190829762976967]",57.559353076628724,29.54364113197829,"[8.291938563963955, 5.834511291513495, 15.41719127650084]",29.44814769988521,14.522020041471535,22.44814769988521,11.522020041471535,"[3.674142722573463, 8.310030750977692, 3.6672204724289283, 2.758780658901369, 3.6691793617117896, 3.7347219356489862, 3.6340717976429797]","[4.233856039945943, 3.275459403690263, 7.012704597835328]","[2.674142722573463, 7.310030750977693, 2.6672204724289283, 1.7587806589013686, 2.6691793617117896, 2.7347219356489862, 2.6340717976429797]","[3.2338560399459424, 2.275459403690263, 6.012704597835328]","[6.856776211726828, 18.743668592250494, 6.839026852381867, 4.509693997182996, 6.844049645414845, 7.012107527305092, 6.754030250366615]"
908,0,1695,True,True,1.0,5.99,5,5,True,7,12,33.09155478729044,"[3.512866173401993, 9.151894207018962, 9.50993191634491, 7.969159367598095, 2.947703122926481]",17.905706367043273,"[2.3700178076267773, 4.569238740737395, 4.708873447374515, 4.107972153363257, 2.1496042179413277]",55.25478173085463,64.75760920992177,"[15.371785801755628, 6.050964100905425, 8.403738121676298, 6.409305674139516, 10.941080181290706, 11.078639506219233, 6.502095823934956]",26.549364875033305,32.25546759186949,21.549364875033305,25.25546759186949,"[2.1113906566017584, 2.6564418851645364, 5.892124364589765, 8.603710005726374, 7.285697962950872]","[6.994996462684695, 3.359875999353116, 4.277457867453757, 3.499629212914411, 5.267021270703376, 5.320669407425501, 3.535817371334633]","[1.1113906566017584, 1.6564418851645362, 4.892124364589765, 7.603710005726374, 6.285697962950872]","[5.994996462684695, 2.359875999353116, 3.2774578674537564, 2.499629212914411, 4.267021270703376, 4.320669407425501, 2.535817371334633]","[2.849719632312201, 4.247286885037272, 12.543908627153243, 19.496692322375317, 16.117174263976594]"
908,0,1696,True,False,,0.0,1,1,,0,1,10.236416698575674,[10.236416698575674],4.992202512444512,[4.992202512444512],4.789481095427025,0.0,[],2.8678976272165397,0.0,0.0,0.0,[2.8678976272165397],[],[0.0],[],[4.789481095427025]
908,0,1697,True,False,,0.0,3,3,,0,3,20.47712748861542,"[8.31357176685747, 5.228316591572636, 6.935239130185315]",10.986079720560014,"[4.242292989074413, 3.039043470713328, 3.704743260772273]",26.099241644491112,0.0,[],13.178704241351534,0.0,0.0,0.0,"[4.26735815138453, 5.728971448235367, 3.1823746417316383]",[],"[0.0, 0.0, 0.0]",[],"[8.377841413806484, 12.125567815988118, 5.595832414696509]"
908,0,1698,True,False,,0.0,1,1,,0,1,19.145247602152395,[19.145247602152395],8.466646564839435,[8.466646564839435],8.34953838429598,0.0,[],4.256319969875433,0.0,0.0,0.0,[4.256319969875433],[],[0.0],[],[8.34953838429598]
908,0,1699,True,False,,0.0,2,2,,0,2,20.092015207765044,"[4.4651152908747775, 15.626899916890265]",9.835885931028367,"[2.7413949634411634, 7.094490967587204]",20.785026939277785,0.0,[],10.106160506318338,0.0,0.0,0.0,"[3.2934004886826482, 6.812760017635689]",[],"[0.0, 0.0]",[],"[5.8805140735452515, 14.904512865732535]"
908,0,1700,True,False,,0.0,3,3,,0,3,16.688192326024787,"[6.706791959541526, 4.3630395592207165, 5.618360807262543]",9.508395007149668,"[3.6156488642211952, 2.7015854280960796, 3.191160714832392]",26.889009774166432,0.0,[],13.48671381192491,0.0,0.0,0.0,"[6.808047096355553, 4.28589900145907, 2.392767714110287]",[],"[0.0, 0.0, 0.0]",[],"[14.892428452193725, 8.425382055023254, 3.5711992669494537]"
908,0,1701,True,False,,0.0,4,4,,0,4,31.42346042989783,"[9.277931961117929, 13.661890989010345, 3.0413686164491045, 5.442268863320448]",16.255149567660155,"[4.618393464835993, 6.328137485714035, 2.1861337604151507, 3.122484856694975]",25.584801677362254,0.0,[],13.978072654171282,0.0,0.0,0.0,"[1.975, 6.821144673362679, 3.0674070995990443, 2.1145208812095566]",[],"[0.0, 0.0, 0.0, 0.0]",[],"[2.5, 14.926011982981226, 5.301043845125754, 2.8577458492552728]"
908,0,1702,True,False,,0.0,1,1,,0,1,2.5,[2.5],1.975,[1.975],18.795978518823325,0.0,[],8.330431622341097,0.0,0.0,0.0,[8.330431622341097],[],[0.0],[],[18.795978518823325]
908,0,1703,True,True,1.0,5.99,5,5,True,0,5,44.230165366380376,"[6.33898831110345, 9.312905681745091, 11.719409884395944, 6.539692531223498, 10.319168957912396]",22.249764492888346,"[3.472205441330346, 4.632033215880586, 5.570569854914418, 3.550480087177164, 5.0244758935858345]",33.56893002659506,0.0,[],18.091882710372076,0.0,13.091882710372074,0.0,"[2.819653233834058, 4.6896302158906416, 1.975, 4.197328467260665, 4.41027079338671]",[],"[1.819653233834058, 3.6896302158906416, 0.9750000000000001, 3.1973284672606654, 3.41027079338671]",[],"[4.665777522651431, 9.460590297155491, 2.5, 8.198278121181193, 8.744284085606948]"
908,0,1704,True,False,,0.0,1,1,,0,1,12.107330010177819,[12.107330010177819],5.72185870396935,[5.72185870396935],13.551406088287218,0.0,[],6.285048374432015,0.0,0.0,0.0,[6.285048374432015],[],[0.0],[],[13.551406088287218]
908,0,1705,True,True,1.0,5.99,8,8,True,3,11,78.39159523410642,"[15.366398107015186, 9.384507135262842, 6.472211022070427, 3.4432698289235426, 6.929826334204157, 13.286404567658167, 11.559647218278458, 11.949331020693643]",38.572722141301504,"[6.992895261735923, 4.6599577827525085, 3.5241622986074668, 2.3428752332801817, 3.7026322703396213, 6.181697781386685, 5.508262415128599, 5.660239098070521]",34.136697055118205,23.262602501948074,"[8.45381755092467, 8.312108933336734, 6.496676017686667]",21.313311851496103,12.072414975759747,13.313311851496099,9.072414975759749,"[2.634960952220582, 1.9945748056085095, 2.0386076261481114, 4.829549208720837, 1.975, 2.447286890525583, 3.418332368272477, 1.975]","[4.296988844860621, 4.241722484001326, 3.5337036468978003]","[1.634960952220582, 0.9945748056085095, 1.0386076261481114, 3.829549208720837, 0.9750000000000001, 1.4472868905255831, 2.418332368272477, 0.9750000000000001]","[3.2969888448606217, 3.2417224840013263, 2.5337036468978003]","[4.192207569796364, 2.5501918092525884, 2.6630964773028496, 9.819356945438043, 2.5, 3.7109920269886745, 6.200852226339684, 2.5]"
908,0,1706,True,True,1.0,5.99,5,5,True,3,8,27.588621961557585,"[9.408175252997308, 2.5, 4.044865877251993, 4.771761180743227, 6.8638196505650555]",15.759562565007458,"[4.66918834866895, 1.975, 2.5774976921282775, 2.8609868604898585, 3.6768896637203716]",39.30092829946019,30.719143125704537,"[12.593082644679749, 14.754016760178324, 3.372043720846468]",20.327362036789474,14.98046581902477,15.327362036789475,11.98046581902477,"[4.458555647186886, 2.636108371183018, 4.3494352439479425, 3.110636215144577, 5.772626559327051]","[5.911302231425102, 6.754066536469547, 2.3150970511301225]","[3.4585556471868864, 1.6361083711830182, 3.349435243947942, 2.110636215144577, 4.772626559327051]","[4.911302231425102, 5.754066536469547, 1.3150970511301225]","[8.868091403043298, 4.195149669700046, 8.588295497302415, 5.411887731139942, 12.237503998274489]"
908,0,1707,True,False,,0.0,2,2,,0,2,19.375891257265323,"[13.529068229165896, 5.846823028099426]",9.556597590333476,"[6.2763366093747, 3.280260980958776]",27.988898642565783,0.0,[],12.915670470600656,0.0,0.0,0.0,"[2.938772899550919, 9.976897571049737]",[],"[0.0, 0.0]",[],"[4.971212562951074, 23.01768607961471]"
908,0,1708,True,True,1.0,5.99,5,5,True,1,6,44.31825061688023,"[12.521050701321265, 7.555763803043532, 10.004615537238495, 9.69322626496274, 4.543594310314198]",22.28411774058329,"[5.8832097735152935, 3.9467478831869776, 4.901800059523014, 4.780358243335469, 2.7720017810225372]",54.23125099605292,5.93092019103412,[5.93092019103412],26.150187888460643,3.313058874503307,21.150187888460643,2.313058874503307,"[5.341901289544412, 5.273783001893563, 7.380337797917048, 2.9867802021102485, 5.167385596995368]",[3.313058874503307],"[4.341901289544412, 4.273783001893563, 6.380337797917048, 1.9867802021102485, 4.167385596995368]",[2.313058874503307],"[11.133080229601056, 10.958417953573239, 16.35984050747961, 5.094308210539099, 10.685604094859919]"
908,0,1709,True,False,,0.0,4,4,,0,4,31.991474895506364,"[15.44905878334326, 4.518428737872484, 7.6212893382272915, 4.402698036063328]",16.47667520924748,"[7.025132925503871, 2.762187207770269, 3.9723028419086437, 2.717052234064698]",38.08178261772793,0.0,[],18.851895220913896,0.0,0.0,0.0,"[3.288030693508469, 8.330272372487414, 4.806441362779774, 2.427150792138237]",[],"[0.0, 0.0, 0.0, 0.0]",[],"[5.866745367970433, 18.795570185865166, 9.760106058409676, 3.6593610054826584]"
908,0,1710,True,False,,0.0,2,2,,0,2,21.584084143373367,"[13.281800037618655, 8.302284105754712]",10.417792815915615,"[6.179902014671276, 4.237890801244338]",14.741337484809844,0.0,[],7.749121619075838,0.0,0.0,0.0,"[2.778575145002239, 4.9705464740736]",[],"[0.0, 0.0]",[],"[4.560449089749331, 10.180888395060512]"
908,0,1711,True,False,,0.0,2,2,,0,2,12.509436368153823,"[10.009436368153823, 2.5]",6.878680183579991,"[4.903680183579992, 1.975]",13.388072992922641,0.0,[],7.221348467239831,0.0,0.0,0.0,"[4.158965796250262, 3.0623826709895683]",[],"[0.0, 0.0]",[],"[8.099912298077594, 5.288160694845047]"
908,0,1712,True,False,,0.0,1,1,,0,1,2.5,[2.5],1.975,[1.975],8.01553185021722,0.0,[],4.126057421584716,0.0,0.0,0.0,[4.126057421584716],[],[0.0],[],[8.01553185021722]
908,0,1713,True,False,,0.0,1,1,,0,1,2.967041751450238,[2.967041751450238],2.157146283065593,[2.157146283065593],9.511152686093183,0.0,[],4.709349547576341,0.0,0.0,0.0,[4.709349547576341],[],[0.0],[],[9.511152686093183]
908,0,1714,True,True,1.0,5.99,5,5,True,2,7,40.6209768191956,"[10.65407248872885, 7.56649033287919, 8.220266494111842, 5.804844655533868, 8.375302847941848]",20.842180959486285,"[5.155088270604252, 3.950931229822884, 4.2059039327036185, 3.2638894156582086, 4.266368110697321]",66.22651173269753,25.634741937694507,"[9.56526893326196, 16.069473004432545]",30.82833957575204,11.997549355700858,25.82833957575204,9.997549355700857,"[4.883718754853788, 8.249576848376638, 11.278589104958876, 3.9614716676676416, 2.4549831998950964]","[4.730454883972165, 7.267094471728693]","[3.8837187548537884, 7.249576848376638, 10.278589104958876, 2.9614716676676416, 1.4549831998950964]","[3.7304548839721643, 6.267094471728693]","[9.958253217573816, 18.588658585581122, 26.35535667938173, 7.593517096583696, 3.7307261535771703]"
908,0,1715,True,False,,0.0,1,1,,0,1,6.6069088261901445,[6.6069088261901445],3.5766944422141567,[3.5766944422141567],12.038585383820454,0.0,[],5.695048299689978,0.0,0.0,0.0,[5.695048299689978],[],[0.0],[],[12.038585383820454]
908,0,1716,True,False,,0.0,4,4,,0,4,48.0775244131342,"[4.2566990976983945, 13.48428978038531, 10.415682239366134, 19.92085329568436]",22.750234521122337,"[2.660112648102374, 6.2588730143502715, 5.062116073352793, 8.7691327853169]",61.455905911139226,0.0,[],27.967803305344297,0.0,0.0,0.0,"[6.372076349878262, 3.090799723465036, 13.43011632033513, 5.074810911665868]",[],"[0.0, 0.0, 0.0, 0.0]",[],"[13.774554743277594, 5.36102493196163, 31.87209312906444, 10.44823310683556]"
908,0,1717,True,False,,0.0,1,1,,0,1,9.089618714641587,[9.089618714641587],4.5449512987102185,[4.5449512987102185],5.610806576814571,0.0,[],3.1882145649576827,0.0,0.0,0.0,[3.1882145649576827],[],[0.0],[],[5.610806576814571]
908,0,1718,True,False,,0.0,3,3,,0,3,31.170330803380313,"[2.5, 18.76337747601495, 9.906953327365365]",15.156429013318322,"[1.975, 8.31771721564583, 4.863711797672492]",29.511066679819013,0.0,[],14.509316005129415,0.0,0.0,0.0,"[6.038699187593379, 6.495616817536036, 1.975]",[],"[0.0, 0.0, 0.0]",[],"[12.91974150664969, 14.091325173169324, 2.5]"
908,0,1719,True,False,,0.0,3,3,,0,3,23.69479907150015,"[9.190294803742324, 6.592399155638694, 7.912105112119133]",12.240971637885059,"[4.584214973459506, 3.5710356706990907, 4.085720993726461]",22.95144692959761,0.0,[],11.951064302543069,0.0,0.0,0.0,"[3.5824489995562003, 5.6183246720859135, 2.7502906309009547]",[],"[0.0, 0.0, 0.0]",[],"[6.621664101426155, 11.841858133553623, 4.487924694617832]"
908,0,1720,True,True,1.0,5.99,8,8,True,1,9,93.5074224715226,"[2.513314532529491, 28.359606498062732, 5.028818475079392, 10.049248347475558, 19.295266764049444, 6.1361337501857465, 17.353501045407622, 4.771533058732624]",44.46789476389382,"[1.9801926676865014, 12.060246534244465, 2.961239205280963, 4.919206855515467, 8.525154037979284, 3.393092162572441, 7.767865407708973, 2.860897892905723]",119.07037364623929,9.027830551451844,[9.027830551451844],54.43744572203333,4.520853915066219,46.43744572203333,3.5208539150662195,"[5.768672835080129, 4.245127827829777, 7.275289431795293, 6.358457864941174, 6.95209161013529, 4.174085867300295, 9.435250339353637, 10.228469945597729]",[4.520853915066219],"[4.768672835080129, 3.2451278278297773, 6.275289431795293, 5.358457864941174, 5.95209161013529, 3.1740858673002954, 8.435250339353637, 9.228469945597729]",[3.5208539150662195],"[12.227366243795203, 8.320840584178915, 16.09048572255203, 13.739635551131215, 15.261773359321257, 8.138681711026399, 21.62884702398368, 23.662743450250584]"
908,0,1721,True,False,,0.0,4,4,,0,4,39.31559833558519,"[5.350505286983663, 4.937736978622967, 24.6961923964024, 4.33116367357616]",19.333083350878223,"[3.0866970619236285, 2.925717421662957, 10.631515034596935, 2.6891538326947027]",48.98611630835935,0.0,[],23.104585360260145,0.0,0.0,0.0,"[8.47741460668471, 2.8111054692599167, 5.799696564600187, 6.016368719715333]",[],"[0.0, 0.0, 0.0, 0.0]",[],"[19.172857965858228, 4.643860177589529, 12.306914268205608, 12.86248389670598]"
908,0,1722,True,False,,0.0,4,4,,0,4,28.151721514216142,"[4.98449474872535, 14.458426672776021, 5.8116843502391875, 2.8971157424755853]",14.979171390544295,"[2.9439529520028866, 6.638786402382649, 3.266556896593283, 2.1298751395654785]",33.244268662868436,0.0,[],16.965264778518687,0.0,0.0,0.0,"[2.527465198525709, 4.355962333570771, 1.975, 8.10683724642221]",[],"[0.0, 0.0, 0.0, 0.0]",[],"[3.916577432117203, 8.605031624540437, 2.5, 18.222659606210794]"
908,0,1723,True,False,,0.0,2,2,,0,2,10.49000695800645,"[5.701636034091682, 4.788370923914768]",6.091102713622515,"[3.223638053295756, 2.8674646603267595]",16.79038996352915,0.0,[],8.548252085776369,0.0,0.0,0.0,"[5.440478293581913, 3.1077737921944566]",[],"[0.0, 0.0]",[],"[11.38584177841516, 5.404548185113991]"
908,0,1724,True,True,1.0,5.99,6,6,True,2,8,48.65432726639255,"[2.5, 4.869898969622863, 11.636425803248361, 15.976647743438878, 6.015470084803472, 7.655884665278975]",24.975187633893093,"[1.975, 2.8992605981529165, 5.538206063266861, 7.230892619941163, 3.3460333330733545, 3.9857950194588003]",52.34148461789853,12.44296848110474,"[8.634387699305698, 3.808580781799043]",26.413179000980428,6.8527577076308495,20.413179000980428,4.8527577076308495,"[8.493715928179231, 1.975, 3.5027676477657583, 6.159042128635893, 3.6413205981181185, 2.641332698281428]","[4.3674112027292225, 2.485346504901627]","[7.49371592817923, 0.9750000000000001, 2.5027676477657583, 5.159042128635893, 2.6413205981181185, 1.641332698281428]","[3.3674112027292225, 1.4853465049016268]","[19.21465622610059, 2.5, 6.417352942989123, 13.228313150348445, 6.772616918251586, 4.20854538020879]"
908,0,1725,True,False,,0.0,1,1,,0,1,25.066732166594097,[25.066732166594097],10.776025544971699,[10.776025544971699],11.034821904796935,0.0,[],5.3035805428708045,0.0,0.0,0.0,[5.3035805428708045],[],[0.0],[],[11.034821904796935]
908,0,1726,True,False,,0.0,1,1,,0,1,11.227737986867979,[11.227737986867979],5.378817814878512,[5.378817814878512],8.359584566087964,0.0,[],4.260237980774306,0.0,0.0,0.0,[4.260237980774306],[],[0.0],[],[8.359584566087964]
908,0,1727,True,False,,0.0,2,2,,0,2,24.277029043700374,"[14.692835697874836, 9.584193345825538]",11.468041327043146,"[6.730205922171186, 4.73783540487196]",17.20815313653126,0.0,[],8.711179723247191,0.0,0.0,0.0,"[4.573733871723105, 4.137445851524086]",[],"[0.0, 0.0]",[],"[9.163420183905396, 8.044732952625862]"
908,0,1728,True,False,,0.0,4,4,,0,4,33.52297419810587,"[9.281881243628455, 6.438803148600987, 8.984951830727422, 8.817337975149005]",17.073959937261286,"[4.619933685015098, 3.5111332279543848, 4.504131213983694, 4.438761810308112]",41.58082281942981,0.0,[],20.216520899577628,0.0,0.0,0.0,"[5.346185218080192, 6.461676708925223, 3.801828441996152, 4.60683053057606]",[],"[0.0, 0.0, 0.0, 0.0]",[],"[11.144064661744082, 14.004299253654418, 7.184175492297825, 9.248283411733487]"
908,0,1729,True,False,,0.0,1,1,,0,1,8.36395571226211,[8.36395571226211],4.261942727782223,[4.261942727782223],4.185194947667094,0.0,[],2.632226029590167,0.0,0.0,0.0,[2.632226029590167],[],[0.0],[],[4.185194947667094]
908,0,1730,True,False,,0.0,1,1,,0,1,15.761751369476976,[15.761751369476976],7.1470830340960205,[7.1470830340960205],24.195334487943725,0.0,[],10.436180450298053,0.0,0.0,0.0,[10.436180450298053],[],[0.0],[],[24.195334487943725]
908,0,1731,True,False,,0.0,4,4,,0,4,34.30505498988015,"[4.819876104135446, 16.99957452235627, 5.102212504587165, 7.383391858801268]",17.378971446053256,"[2.879751680612824, 7.6298340637189455, 2.9898628767889943, 3.8795228249324945]",43.75166649390657,0.0,[],21.06314993262356,0.0,0.0,0.0,"[4.4942235083723165, 4.378947453996661, 3.405041277902757, 8.784937692351827]",[],"[0.0, 0.0, 0.0, 0.0]",[],"[8.959547457364915, 8.663967830760667, 6.166772507442967, 19.961378698338017]"
908,0,1732,True,False,,0.0,2,2,,0,2,28.742131111212416,"[14.048169380429506, 14.693961730782911]",13.209431133372842,"[6.478786058367508, 6.730645075005335]",26.57149482044335,0.0,[],12.362882979972905,0.0,0.0,0.0,"[6.829855857452636, 5.533027122520269]",[],"[0.0, 0.0]",[],"[14.948348352442657, 11.62314646800069]"
908,0,1733,True,False,,0.0,2,2,,0,2,17.614191950677736,"[10.68787149725023, 6.926320453427508]",8.869534860764318,"[5.168269883927589, 3.701264976836728]",10.76250806238044,0.0,[],6.197378144328372,0.0,0.0,0.0,"[4.222378144328372, 1.975]",[],"[0.0, 0.0]",[],"[8.26250806238044, 2.5]"
908,0,1734,True,True,1.0,5.99,5,5,True,4,9,37.91685442832558,"[9.193879816132545, 8.13792442908474, 5.649708686370087, 10.409454104478137, 4.5258873922600715]",19.787573227046977,"[4.585613128291692, 4.173790527343048, 3.203386387684334, 5.059687100746474, 2.7650960829814277]",41.25307558145907,33.19369793976944,"[6.081776275052318, 6.596935579169851, 8.21774968623037, 12.297236399316903]",21.088699476769037,16.945542196510083,16.088699476769037,12.945542196510083,"[4.940286439353552, 4.0134355729990725, 4.348805072363096, 2.967833145312139, 4.81833924674118]","[3.371892747270404, 3.572804875876242, 4.2049223776298446, 5.795922195733592]","[3.940286439353552, 3.0134355729990725, 3.3488050723630964, 1.9678331453121387, 3.81833924674118]","[2.371892747270404, 2.572804875876242, 3.2049223776298446, 4.795922195733592]","[10.103298562445005, 7.726757879484801, 8.586679672725888, 5.045726013620868, 9.790613453182512]"
908,0,1735,True,False,,0.0,1,1,,0,1,8.19254251355807,[8.19254251355807],4.195091580287647,[4.195091580287647],7.074609369621624,0.0,[],3.7590976541524332,0.0,0.0,0.0,[3.7590976541524332],[],[0.0],[],[7.074609369621624]
908,0,1736,True,True,1.0,5.99,5,5,True,0,5,28.957929429309978,"[4.96260827706404, 5.230165033343429, 2.5, 4.104772108611966, 12.16038401029054]",16.29359247743089,"[2.9354172280549755, 3.0397643630039375, 1.975, 2.600861122358667, 5.742549764013311]",43.9529705828855,0.0,[],22.141658527325347,0.0,17.141658527325347,0.0,"[2.8868580022260115, 3.7843489917658903, 4.111760739130217, 5.47098024939961, 5.8877105448036176]",[],"[1.8868580022260113, 2.7843489917658903, 3.1117607391302173, 4.47098024939961, 4.8877105448036176]",[],"[4.838097441605157, 7.139356389143308, 7.97887369007748, 11.464051921537461, 12.532591140522095]"
908,0,1737,True,False,,0.0,4,4,,0,4,42.93801065930949,"[23.93382985968439, 6.7458549621073365, 6.433732226860568, 5.824593610657196]",20.7458241571307,"[10.334193645276912, 3.6308834352218615, 3.5091555684756215, 3.2715915081563067]",45.61098460421324,0.0,[],21.788283995643166,0.0,0.0,0.0,"[2.922416742173477, 3.932612833287557, 7.43176900691065, 7.5014854132714825]",[],"[0.0, 0.0, 0.0, 0.0]",[],"[4.92927369788071, 7.51952008535271, 16.491715402335, 16.670475418644827]"
908,0,1738,True,False,,0.0,3,3,,0,3,34.27451898141037,"[11.01248236169601, 4.394883536442544, 18.86715308327181]",16.367062402750044,"[5.2948681210614446, 2.714004579212592, 8.358189702476006]",22.169628907592887,0.0,[],11.646155273961226,0.0,0.0,0.0,"[6.383718244303613, 2.9563030588915353, 2.306133970766078]",[],"[0.0, 0.0, 0.0]",[],"[13.804405754624648, 5.016161689465474, 3.349061463502764]"
908,0,1739,True,True,1.0,5.99,5,5,True,0,5,38.02202049280714,"[4.089591014452158, 8.142084418745085, 8.556962564589028, 7.457288506801444, 9.77609398821942]",19.828587992194784,"[2.594940495636342, 4.175412923310583, 4.337215400189721, 3.9083425176525632, 4.812676655405574]",60.90120027511931,0.0,[],28.75146810729653,0.0,23.75146810729653,0.0,"[3.4936313334762983, 6.5986393525711895, 7.925877671971302, 8.646217824478455, 2.0871019247992857]",[],"[2.4936313334762983, 5.5986393525711895, 6.925877671971302, 7.646217824478456, 1.0871019247992855]",[],"[6.393926496093072, 14.355485519413305, 17.758660697362313, 19.605686729431937, 2.787440832818681]"
908,0,1740,True,False,,0.0,1,1,,0,1,10.918923230378017,[10.918923230378017],5.258380059847426,[5.258380059847426],9.526621864781568,0.0,[],4.715382527264811,0.0,0.0,0.0,[4.715382527264811],[],[0.0],[],[9.526621864781568]
908,0,1741,True,True,1.0,5.99,6,4,,1,7,41.24009443201413,"[12.051312435581448, 5.550360348517501, 16.45335720548261, 7.1850644424325765]",20.083636828485513,"[5.7000118498767645, 3.1646405359218255, 7.416809310138219, 3.802175132548705]",40.28674280329475,4.723854380496685,[4.723854380496685],19.711829693284955,2.842303208393707,15.711829693284953,1.8423032083937072,"[4.050224559594215, 5.201472216766, 5.6209388959480995, 4.83919402097664]",[2.842303208393707],"[3.050224559594215, 4.201472216766, 4.6209388959480995, 3.8391940209766404]",[1.8423032083937072],"[7.8210886143441405, 10.773005684015382, 11.848561271661794, 9.844087233273436]"
908,0,1742,True,False,,0.0,3,3,,0,3,24.885527339631636,"[6.574474460129037, 2.6884035740961334, 15.622649305406464]",12.705355662456338,"[3.5640450394503245, 2.048477393897492, 7.092833229108521]",28.25653054952557,0.0,[],14.020046914314975,0.0,0.0,0.0,"[5.432696407083316, 5.440145430712816, 3.1472050765188415]",[],"[0.0, 0.0, 0.0]",[],"[11.365888223290554, 11.384988283879014, 5.505654042356004]"
908,0,1743,True,False,,0.0,1,1,,0,1,4.752340329357021,[4.752340329357021],2.8534127284492383,[2.8534127284492383],8.397854022479754,0.0,[],4.275163068767104,0.0,0.0,0.0,[4.275163068767104],[],[0.0],[],[8.397854022479754]
908,0,1744,True,False,,0.0,1,1,,0,1,15.177188503245032,[15.177188503245032],6.9191035162655625,[6.9191035162655625],10.8236234404012,0.0,[],5.221213141756468,0.0,0.0,0.0,[5.221213141756468],[],[0.0],[],[10.8236234404012]
908,0,1745,True,False,,0.0,3,3,,0,3,33.56190279481737,"[17.365605047756414, 12.018967291061871, 4.177330455999084]",16.089142089978775,"[7.772585968625002, 5.6873972435141305, 2.629158877839643]",54.770154691924766,0.0,[],24.36036032985066,0.0,0.0,0.0,"[9.515539672458203, 10.150110278211717, 4.69471037918074]",[],"[0.0, 0.0, 0.0]",[],"[21.83471710886719, 23.461821226183886, 9.473616356873691]"
908,0,1746,True,False,,0.0,4,4,,0,4,25.798527387787523,"[7.454182935139554, 6.725291841606385, 3.0660349607810256, 8.553017650260559]",14.061425681237134,"[3.907131344704426, 3.6228638182264903, 2.1957536347046, 4.335676883601618]",29.231790864270618,0.0,[],15.40039843706554,0.0,0.0,0.0,"[4.132695036491572, 2.6556099648658007, 4.189440515763383, 4.422652919944785]",[],"[0.0, 0.0, 0.0, 0.0]",[],"[8.032551375619416, 4.245153756066155, 8.178052604521497, 8.776033128063549]"
908,0,1747,True,False,,0.0,1,1,,0,1,6.155699812533671,[6.155699812533671],3.4007229268881316,[3.4007229268881316],6.387962766640836,0.0,[],3.491305478989926,0.0,0.0,0.0,[3.491305478989926],[],[0.0],[],[6.387962766640836]
908,0,1748,True,False,,0.0,4,4,,0,4,24.232726206547547,"[6.113277540715915, 7.841622197351208, 5.9177996231122965, 4.3600268453681235]",13.450763220553544,"[3.3841782408792067, 4.058232656966972, 3.3079418530137956, 2.7004104696935682]",19.706235957616,0.0,[],11.68543202347024,0.0,0.0,0.0,"[1.975, 3.1694446050409515, 4.123333111327161, 2.4176543071021275]",[],"[0.0, 0.0, 0.0, 0.0]",[],"[2.5, 5.5626784744639775, 8.008546439300412, 3.635011043851609]"
908,0,1749,True,True,1.0,5.99,6,6,True,1,7,62.16149239411792,"[16.303030430131553, 5.434536036744385, 9.351562768570885, 7.662626781411287, 17.893920250084516, 5.515816127175292]",30.242982033705985,"[7.358181867751306, 3.11946905433031, 4.647109479742645, 3.988424444750402, 7.978628897532961, 3.1511682895983637]",43.40392955702845,5.270008673181383,[5.270008673181383],22.927532527241095,3.0553033825407394,16.927532527241095,2.0553033825407394,"[2.170662621877569, 5.699978242166732, 2.9116379717619134, 3.1908308838825445, 3.7623733618107504, 5.192049445741585]",[3.0553033825407394],"[1.1706626218775689, 4.699978242166732, 1.9116379717619136, 2.1908308838825445, 2.7623733618107504, 4.192049445741585]",[2.0553033825407394],"[3.001699030455305, 12.051226261965978, 4.901635825030548, 5.61751508687832, 7.083008620027565, 10.74884473267073]"
908,0,1750,True,False,,0.0,1,1,,0,1,2.5,[2.5],1.975,[1.975],5.349234345697418,0.0,[],3.0862013948219933,0.0,0.0,0.0,[3.0862013948219933],[],[0.0],[],[5.349234345697418]
908,0,1751,True,False,,0.0,2,2,,0,2,27.864687491860646,"[18.681917515614685, 9.182769976245961]",12.867228121825654,"[8.285947831089729, 4.581280290735925]",14.331177442395262,0.0,[],7.589159202534153,0.0,0.0,0.0,"[4.451620981203233, 3.1375382213309204]",[],"[0.0, 0.0]",[],"[8.850310208213415, 5.480867234181847]"
908,0,1752,True,False,,0.0,3,3,,0,3,16.817383612763265,"[6.809101250663456, 7.508282362099809, 2.5]",9.558779608977673,"[3.655549487758748, 3.9282301212189257, 1.975]",50.83103716872121,0.0,[],22.824104495801276,0.0,0.0,0.0,"[6.936356930835858, 11.366589765621708, 4.521157799343708]",[],"[0.0, 0.0, 0.0]",[],"[15.22142802778425, 26.58099939903002, 9.028609741906942]"
908,0,1753,True,False,,0.0,3,3,,0,3,14.0980277719554,"[3.5978492275474276, 7.0545728038919, 3.445605740516072]",8.498230831062607,"[2.403161198743497, 3.751283393517841, 2.3437862388012682]",23.06213540985279,0.0,[],11.99423280984259,0.0,0.0,0.0,"[5.489225230435761, 3.786221065764545, 2.7187865136422813]",[],"[0.0, 0.0, 0.0]",[],"[11.51083392419426, 7.1441565788834485, 4.40714490677508]"
908,0,1754,True,False,,0.0,2,2,,0,2,18.259232969925016,"[7.299192830330387, 10.96004013959463]",9.121100858270758,"[3.846685203828851, 5.274415654441906]",31.125124408915426,0.0,[],14.138798519477016,0.0,0.0,0.0,"[4.444772869562907, 9.694025649914108]",[],"[0.0, 0.0]",[],"[8.8327509475972, 22.292373461318228]"
908,0,1755,True,False,,0.0,3,3,,0,3,29.094533781172224,"[15.693278054862867, 4.475392783901627, 8.925862942407731]",14.346868174657168,"[7.120378441396518, 2.745403185721635, 4.481086547539015]",21.497847356926854,0.0,[],11.384160469201476,0.0,0.0,0.0,"[4.198659465725936, 4.243400389723627, 2.9421006137519123]",[],"[0.0, 0.0, 0.0]",[],"[8.20169093775881, 8.316411255701606, 4.979745163466442]"
908,0,1756,True,False,,0.0,3,3,,0,3,17.055377887319473,"[7.945519232724687, 4.091993268439228, 5.017865386155559]",9.651597376054596,"[4.098752500762628, 2.595877374691299, 2.956967500600668]",12.512379738501934,0.0,[],7.879828098015755,0.0,0.0,0.0,"[2.0180963726296124, 2.2665083980692833, 3.5952233273168592]",[],"[0.0, 0.0, 0.0]",[],"[2.6105035195631086, 3.2474574309468793, 6.654418787991947]"
908,0,1757,True,False,,0.0,1,1,,0,1,8.088806017265403,[8.088806017265403],4.154634346733507,[4.154634346733507],18.799043131638626,0.0,[],8.331626821339064,0.0,0.0,0.0,[8.331626821339064],[],[0.0],[],[18.799043131638626]
908,0,1758,True,False,,0.0,4,4,,0,4,35.6258484536451,"[5.14333869284416, 14.68942961688792, 3.987247124765403, 11.805833019147613]",17.894080896921587,"[3.005902090209222, 6.728877550586289, 2.555026378658507, 5.604274877467569]",26.130358391738014,0.0,[],14.190839772777824,0.0,0.0,0.0,"[6.441166684593496, 2.6268504749203476, 2.3973530719766822, 2.7254695412873002]",[],"[0.0, 0.0, 0.0, 0.0]",[],"[13.95170944767563, 4.171411474154737, 3.5829565948120057, 4.424280875095642]"
908,0,1759,True,True,1.0,5.99,6,6,True,3,9,78.66782415115682,"[11.835629376124269, 12.405334096791135, 11.179992775494334, 2.5, 26.98799310599468, 13.758874796752401]",36.68045141895116,"[5.615895456688465, 5.838080297748543, 5.36019718244279, 1.975, 11.525317311337925, 6.365961170733437]",76.52464211334538,23.209636621934585,"[4.711959484898296, 7.353603446444363, 11.144073690591926]",35.8446104242047,12.051758282554488,29.8446104242047,9.051758282554488,"[11.071178149722341, 8.203375669105244, 6.115462531580659, 2.809340579439632, 2.077810561371126, 5.567442932985699]","[2.8376641991103355, 3.867905344113302, 5.346188739330851]","[10.071178149722341, 7.2033756691052435, 5.115462531580659, 1.809340579439632, 1.0778105613711257, 4.567442932985699]","[1.8376641991103355, 2.867905344113302, 4.346188739330851]","[25.82353371723677, 18.470194023346778, 13.11657059379656, 4.639334819075979, 2.7636168240285275, 11.711392135860766]"
908,0,1760,True,False,,0.0,3,3,,0,3,38.43199277380536,"[7.94610900229095, 20.359959673221745, 10.125924098292668]",17.98847718178409,"[4.098982510893471, 8.94038427255648, 4.94911039833414]",28.699752077845968,0.0,[],14.192903310359927,0.0,0.0,0.0,"[4.237856010253047, 2.6017654500770497, 7.3532818500298305]",[],"[0.0, 0.0, 0.0]",[],"[8.302194898084736, 4.107090897633461, 16.29046628212777]"
908,0,1761,True,False,,0.0,4,4,,0,4,43.38903426940696,"[8.589634154846095, 10.84548018815005, 8.036432117799908, 15.917487808610915]",20.92172336506872,"[4.3499573203899775, 5.22973727337852, 4.134208525941965, 7.207820245358257]",36.00637263807011,0.0,[],18.04248532884734,0.0,0.0,0.0,"[4.138922764057563, 6.522064633753159, 4.109500112700464, 3.271997818336158]",[],"[0.0, 0.0, 0.0, 0.0]",[],"[8.048519907839903, 14.15914008654656, 7.973077212052471, 5.8256354316311745]"
908,0,1762,True,False,,0.0,1,1,,0,1,4.0404438517553585,[4.0404438517553585],2.5757731021845895,[2.5757731021845895],4.170720098329295,0.0,[],2.626580838348425,0.0,0.0,0.0,[2.626580838348425],[],[0.0],[],[4.170720098329295]
908,0,1763,True,False,,0.0,3,3,,0,3,21.721904153893924,"[10.296582152559377, 3.7016179535445937, 7.723704047789955]",11.471542620018631,"[5.015667039498157, 2.443631001882392, 4.012244578638082]",18.34088760114767,0.0,[],10.152946164447592,0.0,0.0,0.0,"[2.274711264355819, 3.2564770518251716, 4.621757848266601]",[],"[0.0, 0.0, 0.0]",[],"[3.2684904214251773, 5.785838594423517, 9.286558585298975]"
908,0,1764,True,False,,0.0,2,2,,0,2,17.4159116835877,"[11.422344554640262, 5.993567128947442]",8.792205556599205,"[5.454714376309703, 3.3374911802895024]",19.053464613823955,0.0,[],9.430851199391343,0.0,0.0,0.0,"[3.9350628157301886, 5.4957883836611545]",[],"[0.0, 0.0]",[],"[7.525802091615867, 11.527662522208088]"
908,0,1765,True,False,,0.0,2,2,,0,2,18.891930760026987,"[2.5, 16.391930760026987]",9.367852996410525,"[1.975, 7.392852996410525]",25.421263118821884,0.0,[],11.914292616340536,0.0,0.0,0.0,"[4.566504739348192, 7.347787876992344]",[],"[0.0, 0.0]",[],"[9.144883947046646, 16.27637917177524]"
908,0,1766,True,False,,0.0,4,4,,0,4,35.251979757310345,"[4.062024513122771, 3.5607681291634705, 24.471453842500672, 3.157733272523429]",17.748272105351035,"[2.584189560117881, 2.3886995703737535, 10.543866998575263, 2.2315159762841374]",29.945117807840468,0.0,[],15.678595945057783,0.0,0.0,0.0,"[3.211263375926092, 2.18995820743082, 1.975, 8.30237436170087]",[],"[0.0, 0.0, 0.0, 0.0]",[],"[5.669906092118184, 3.051174890848256, 2.5, 18.724036824874027]"
908,0,1767,True,False,,0.0,3,3,,0,3,15.885066495382205,"[4.400709945340856, 4.0099319343379385, 7.47442461570341]",9.19517593319906,"[2.716276878682934, 2.5638734543917963, 3.91502560012433]",20.386540770545093,0.0,[],10.950750900512586,0.0,0.0,0.0,"[1.975, 6.300474555656387, 2.6752763448561994]",[],"[0.0, 0.0, 0.0]",[],"[2.5, 13.590960399118941, 4.295580371426152]"
908,0,1768,True,True,1.0,5.99,7,7,True,1,8,69.31762707371865,"[15.53866822937489, 12.70966813092452, 10.87232081133056, 8.836410501779064, 4.330437773250086, 10.975413094351332, 6.054708532708197]",34.03387455875027,"[7.060080609456207, 5.956770571060563, 5.2402051164189185, 4.446200095693834, 2.6888707315675333, 5.280411106797019, 3.361336327756197]",63.221748290999344,14.019063033418174,[14.019063033418174],31.656481833489742,6.467434583033088,24.656481833489742,5.467434583033088,"[3.3043775949987286, 2.3647183697407366, 5.17216319150385, 4.847472713581896, 3.8028989689801516, 4.899701518263878, 7.265149476420502]",[6.467434583033088],"[2.3043775949987286, 1.3647183697407368, 4.17216319150385, 3.847472713581895, 2.8028989689801516, 3.899701518263879, 6.265149476420502]",[5.467434583033088],"[5.908660499996739, 3.4992778711300945, 10.69785433718936, 9.865314650209987, 7.18692043328244, 9.999234662215073, 16.064485836975646]"
908,0,1769,True,False,,0.0,1,1,,0,1,7.128283141832046,[7.128283141832046],3.7800304253144983,[3.7800304253144983],4.906391272109538,0.0,[],2.91349259612272,0.0,0.0,0.0,[2.91349259612272],[],[0.0],[],[4.906391272109538]
908,0,1770,True,False,,0.0,4,4,,0,4,29.767566886379452,"[14.985998296573484, 7.95580883231653, 3.6584370634166223, 3.167322694072818]",15.60935108568799,"[6.844539335663659, 4.102765444603447, 2.426790454732483, 2.2352558506883993]",21.402837671290257,0.0,[],12.347106691803198,0.0,0.0,0.0,"[1.975, 3.318878074758704, 1.975, 5.078228617044496]",[],"[0.0, 0.0, 0.0, 0.0]",[],"[2.5, 5.94584121733001, 2.5, 10.456996453960246]"
908,0,1771,True,False,,0.0,2,2,,0,2,35.852128264267485,"[17.310630949481244, 18.54149731478624]",15.982330023064321,"[7.751146070297685, 8.231183952766635]",37.311064192244565,0.0,[],16.55131503497538,0.0,0.0,0.0,"[10.587465815389084, 5.963849219586297]",[],"[0.0, 0.0]",[],"[24.58324568048483, 12.727818511759736]"
908,0,1772,True,True,1.0,5.99,8,8,True,4,12,54.67697444679747,"[4.494815407174303, 5.416620116355856, 10.676251102173907, 4.925260263864235, 9.720741259805505, 5.583141387820248, 8.908770881384516, 4.951374028218903]",29.324020034251014,"[2.752978008797978, 3.1124818453787837, 5.163737929847824, 2.920851502907052, 4.791089091324148, 3.177425141249897, 4.474420643739961, 2.9310358710053723]",59.33436220492605,41.89654245182157,"[7.427332676270008, 13.50348808353944, 9.570272562840746, 11.395449129171375]",31.140401259921163,20.339651556210413,23.140401259921163,16.339651556210413,"[2.2517768642980887, 2.7490796519240197, 3.2779967216377854, 4.205515892034047, 3.327654705811997, 5.074692863714806, 5.437563542597207, 4.816121017903212]","[3.896659743745303, 6.2663603525803815, 4.7324062995078915, 5.444225160376837]","[1.2517768642980889, 1.7490796519240195, 2.2779967216377854, 3.2055158920340467, 2.327654705811997, 4.074692863714806, 4.437563542597207, 3.8161210179032117]","[2.896659743745303, 5.2663603525803815, 3.732406299507891, 4.444225160376837]","[3.209684267430997, 4.484819620317999, 5.841017234968681, 8.219271518036017, 5.968345399517941, 10.447930419781553, 11.378368057941557, 9.784925686931311]"
908,0,1773,True,False,,0.0,4,4,,0,4,30.260246235594906,"[5.424748866728391, 8.659370333134651, 5.881824443072737, 10.294302592659125]",15.801496031882014,"[3.1156520580240725, 4.3771544299225145, 3.2939115327983672, 5.014778011137059]",26.779392473154036,0.0,[],14.443963064530076,0.0,0.0,0.0,"[3.1440576800528706, 3.0177450046699033, 5.011045112210603, 3.271115267596698]",[],"[0.0, 0.0, 0.0, 0.0]",[],"[5.49758379500736, 5.173705140179239, 10.284731056950264, 5.8233724810171745]"
908,0,1774,True,True,1.0,5.99,7,7,True,1,8,61.365502951889816,"[7.0000353048692325, 12.76157480288273, 15.795201608230242, 2.85943679465208, 6.7598573983134775, 13.689397042942048, 2.5]",30.932546151237027,"[3.730013768899001, 5.977014173124265, 7.160128627209795, 2.1151803499143114, 3.636344385342256, 6.3388648467473985, 1.975]",51.03323850929262,24.55172349120507,[24.55172349120507],26.902963018624124,10.575172161569977,19.902963018624124,9.575172161569977,"[2.469511921258398, 3.209465180867434, 4.469740679357525, 4.639957285166849, 4.171168835334063, 4.218852715370092, 3.724266401269761]",[10.575172161569977],"[1.4695119212583978, 2.209465180867434, 3.4697406793575247, 3.639957285166849, 3.171168835334063, 3.2188527153700917, 2.724266401269761]",[9.575172161569977],"[3.767979285277943, 5.6652953355575235, 8.896770972711602, 9.333223808120126, 8.131202141882213, 8.253468500948953, 6.985298464794259]"
908,0,1775,True,False,,0.0,3,3,,0,3,22.676459153650406,"[5.347444856577983, 7.6288652097275875, 9.700149087344833]",11.843819069923658,"[3.0855034940654136, 3.9752574317937595, 4.783058144064485]",31.067440780294824,0.0,[],15.116301904314982,0.0,0.0,0.0,"[5.999702007640412, 3.7425163317987984, 5.374083564875772]",[],"[0.0, 0.0, 0.0]",[],"[12.819748737539516, 7.032093158458458, 11.21559888429685]"
908,0,1776,True,False,,0.0,4,4,,0,4,39.173036222941214,"[4.502070525579064, 15.956731005604622, 13.631842362382386, 5.082392329375149]",19.277484126947076,"[2.755807504975835, 7.223125092185803, 6.316418521329131, 2.9821330084563082]",36.27212965456218,0.0,[],18.14613056527925,0.0,0.0,0.0,"[7.558018396052585, 4.006237575144992, 3.6275805452084136, 2.954294048873259]",[],"[0.0, 0.0, 0.0, 0.0]",[],"[16.815431784750217, 7.708301474730748, 6.737386013354906, 5.011010381726305]"
908,0,1777,True,False,,0.0,4,4,,0,4,34.84073980465955,"[6.895785308440051, 6.805804890523331, 8.216970920411942, 12.922178685284226]",17.587888523817224,"[3.6893562702916203, 3.6542639073040992, 4.204618658960658, 6.039649687260848]",29.853907807240336,0.0,[],15.643024044823731,0.0,0.0,0.0,"[2.8412942854333334, 4.652082428338621, 4.976777394288865, 3.1728699367629125]",[],"[0.0, 0.0, 0.0, 0.0]",[],"[4.721267398547009, 9.364313918816976, 10.196865113561191, 5.57146137631516]"
908,0,1778,True,False,,0.0,1,1,,0,1,2.5,[2.5],1.975,[1.975],10.020521326864733,0.0,[],4.908003317477246,0.0,0.0,0.0,[4.908003317477246],[],[0.0],[],[10.020521326864733]
908,0,1779,True,False,,0.0,4,4,,0,4,47.084274990145325,"[19.075099609834343, 13.104646910009757, 5.6946318829210085, 9.209896587380213]",22.362867246156675,"[8.439288847835394, 6.1108122949038055, 3.2209064343391933, 4.591859669078283]",40.58651050263463,0.0,[],19.828739096027505,0.0,0.0,0.0,"[5.1031479927421515, 5.545974970146948, 4.482783067454607, 4.696833065683801]",[],"[0.0, 0.0, 0.0, 0.0]",[],"[10.52089228908244, 11.656346077299865, 8.93021299347335, 9.479059142778977]"
908,0,1780,True,False,,0.0,3,3,,0,3,27.205365205304073,"[4.420228451599955, 16.921331664373618, 5.863805089330501]",13.610092430068589,"[2.7238890961239823, 7.599319349105711, 3.2868839848388958]",21.153964844351208,0.0,[],11.25004628929697,0.0,0.0,0.0,"[7.250373323947786, 2.0246729653491853, 1.975]",[],"[0.0, 0.0, 0.0]",[],"[16.026598266532783, 2.627366577818423, 2.5]"
908,0,1781,True,False,,0.0,3,3,,0,3,27.993612726919515,"[6.979918487365413, 4.730865359145918, 16.282828880408182]",13.917508963498612,"[3.7221682100725113, 2.845037490066908, 7.350303263359192]",24.720259681174067,0.0,[],12.640901275657887,0.0,0.0,0.0,"[7.744842196097956, 2.4051946139480656, 2.4908644656118653]",[],"[0.0, 0.0, 0.0]",[],"[17.294467169481937, 3.6030631126873476, 3.822729399004783]"
908,0,1782,True,True,1.0,5.99,6,6,True,2,8,57.217241610853996,"[9.312986490590768, 16.041534959972303, 3.6683713620301264, 10.217409376334224, 12.66390186465749, 5.313037557269091]",28.314724228233064,"[4.6320647313304, 7.256198634389198, 2.4306648311917494, 4.984789656770348, 5.938921727216421, 3.0720846473349455]",75.63967750527362,22.92409096600008,"[4.690422886378065, 18.233668079622014]",35.49947422705671,10.940395476740031,29.499474227056712,8.940395476740031,"[6.549033594668785, 6.054052718137713, 3.82379191215445, 2.5215116758449776, 8.39500342398425, 8.156080902266538]","[2.829264925687445, 8.111130551052586]","[5.549033594668785, 5.054052718137713, 2.82379191215445, 1.5215116758449774, 7.3950034239842495, 7.156080902266538]","[1.8292649256874454, 7.111130551052586]","[14.2282912683815, 12.959109533686444, 7.240492082447307, 3.9013119893460955, 18.961547240985254, 18.34892539042702]"
908,0,1783,True,False,,0.0,1,1,,0,1,11.573804825363887,[11.573804825363887],5.513783881891916,[5.513783881891916],13.933090163352027,0.0,[],6.433905163707291,0.0,0.0,0.0,[6.433905163707291],[],[0.0],[],[13.933090163352027]
908,0,1784,True,False,,0.0,1,1,,0,1,3.1255797364103217,[3.1255797364103217],2.2189760972000254,[2.2189760972000254],4.454830922234237,0.0,[],2.7373840596713523,0.0,0.0,0.0,[2.7373840596713523],[],[0.0],[],[4.454830922234237]
908,0,1785,True,False,,0.0,1,1,,0,1,7.657463544175079,[7.657463544175079],3.986410782228281,[3.986410782228281],14.926323067757295,0.0,[],6.821265996425345,0.0,0.0,0.0,[6.821265996425345],[],[0.0],[],[14.926323067757295]
908,0,1786,True,False,,0.0,1,1,,0,1,9.430058440525087,[9.430058440525087],4.677722791804785,[4.677722791804785],3.7280272455233177,0.0,[],2.453930625754094,0.0,0.0,0.0,[2.453930625754094],[],[0.0],[],[3.7280272455233177]
908,0,1787,True,False,,0.0,4,4,,0,4,45.216415275627995,"[6.7013799465154795, 22.503194446874843, 13.511840882237667, 2.5]",21.634401957494916,"[3.6135381791410373, 9.77624583428119, 6.2696179440726905, 1.975]",30.234938178546052,0.0,[],15.79162588963296,0.0,0.0,0.0,"[4.352727569182582, 4.886248842439322, 1.975, 4.577649478011057]",[],"[0.0, 0.0, 0.0, 0.0]",[],"[8.596737356878414, 9.964740621639287, 2.5, 9.17346020002835]"
908,0,1788,True,False,,0.0,4,4,,0,4,42.869734916012746,"[13.844312771491103, 10.205627584390037, 9.222660394600942, 9.59713416553066]",20.719196617244968,"[6.39928198088153, 4.980194757912114, 4.5968375538943675, 4.742882324556957]",36.67108139726439,0.0,[],18.30172174493311,0.0,0.0,0.0,"[3.090935897827064, 6.86299107014936, 5.019168933341568, 3.328625843615121]",[],"[0.0, 0.0, 0.0, 0.0]",[],"[5.361374096992471, 15.03331043628041, 10.305561367542483, 5.970835496449029]"
908,0,1789,True,False,,0.0,4,4,,0,4,22.91157455564746,"[3.6415814681714025, 6.45991780431468, 10.310075283161376, 2.5]",12.935514076702509,"[2.420216772586847, 3.519367943682725, 5.020929360432937, 1.975]",40.493100503768645,0.0,[],19.79230919646977,0.0,0.0,0.0,"[4.084403087053166, 3.3397089850444943, 7.847991030179515, 4.520206094192595]",[],"[0.0, 0.0, 0.0, 0.0]",[],"[7.908725864238886, 5.9992538078063955, 17.558951359434655, 9.026169472288705]"
908,0,1790,True,False,,0.0,4,4,,0,4,48.118447987883776,"[16.39322568941278, 8.181438031798955, 20.719862568752678, 2.823921697919367]",22.766194715274672,"[7.393358018870985, 4.190760832401592, 9.080746401813544, 2.101329462188553]",41.3479091106788,0.0,[],20.125684553164735,0.0,0.0,0.0,"[3.5177927494743657, 7.072886792194768, 2.432220846734797, 7.102784164760803]",[],"[0.0, 0.0, 0.0, 0.0]",[],"[6.455878844806065, 15.571504595371199, 3.6723611454738383, 15.648164525027699]"
908,0,1791,True,False,,0.0,1,1,,0,1,11.45721219224744,[11.45721219224744],5.468312754976502,[5.468312754976502],11.28282637101318,0.0,[],5.40030228469514,0.0,0.0,0.0,[5.40030228469514],[],[0.0],[],[11.28282637101318]
908,0,1792,True,False,,0.0,2,2,,0,2,19.16690329001706,"[16.181925574876182, 2.9849777151408787]",9.475092283106655,"[7.310950974201711, 2.164141308904943]",15.937645783804777,0.0,[],8.215681855683863,0.0,0.0,0.0,"[3.0133900406468634, 5.2022918150369994]",[],"[0.0, 0.0]",[],"[5.162538565761189, 10.775107218043589]"
908,0,1793,True,False,,0.0,3,3,,0,3,41.11737593403017,"[12.959688482859555, 13.613810060006282, 14.543877391164337]",19.035776614271768,"[6.054278508315226, 6.30938592340245, 6.672112182554091]",40.20543119171815,0.0,[],18.68011816477008,0.0,0.0,0.0,"[5.6700050370722, 4.075743367275662, 8.934369760422218]",[],"[0.0, 0.0, 0.0]",[],"[11.974371889928719, 7.88652145455298, 20.344537847236452]"
908,0,1794,True,True,1.0,5.99,7,7,True,1,8,73.66120925741954,"[10.290698690018301, 10.749853103231217, 11.859982201507092, 9.498554686443354, 17.465868360413594, 11.296252215805978, 2.5]",35.72787161039362,"[5.013372489107137, 5.192442710260175, 5.6253930585877665, 4.704436327712909, 7.811688660561302, 5.4055383641643315, 1.975]",82.7990032411844,8.771606628292279,[8.771606628292279],39.29161126406192,4.420926585033989,32.29161126406192,3.420926585033989,"[5.5739670027859125, 3.8434930426609957, 6.312371344469087, 6.732145850761027, 3.3906436971451517, 6.470527242974434, 6.968463083265311]",[4.420926585033989],"[4.5739670027859125, 2.8434930426609957, 5.312371344469087, 5.732145850761027, 2.3906436971451517, 5.470527242974434, 5.968463083265311]",[3.420926585033989],"[11.728120519963877, 7.29100780169486, 13.621464985818172, 14.697809873746223, 6.129855633705517, 14.026992930703678, 15.303751495552078]"
908,0,1795,True,False,,0.0,1,1,,0,1,9.691332900643456,[9.691332900643456],4.7796198312509475,[4.7796198312509475],16.763358287386378,0.0,[],7.537709732080688,0.0,0.0,0.0,[7.537709732080688],[],[0.0],[],[16.763358287386378]
908,0,1796,True,False,,0.0,2,2,,0,2,38.224055479651284,"[17.67010820744905, 20.553947272202237]",16.907381637064002,"[7.89134220090513, 9.016039436158872]",22.96416404411336,0.0,[],10.956023977204211,0.0,0.0,0.0,"[5.724776360331278, 5.231247616872933]",[],"[0.0, 0.0]",[],"[12.11481118033661, 10.849352863776751]"
908,0,1797,True,False,,0.0,3,3,,0,3,19.9706328821068,"[4.384583824489909, 5.995634641999242, 9.59041441561765]",10.788546824021653,"[2.709987691551065, 3.3382975103797046, 4.740261622090884]",23.99629006064745,0.0,[],12.358553123652506,0.0,0.0,0.0,"[2.5681078788670932, 4.419718564046548, 5.370726680738866]",[],"[0.0, 0.0, 0.0]",[],"[4.020789432992546, 8.76850913858089, 11.206991489074014]"
908,0,1798,True,False,,0.0,2,2,,0,2,12.947040348273802,"[7.239232926214502, 5.7078074220593]",7.049345735826783,"[3.8233008412236558, 3.226044894603127]",25.778535225798723,0.0,[],12.053628738061501,0.0,0.0,0.0,"[7.532622211019665, 4.521006527041838]",[],"[0.0, 0.0]",[],"[16.750313361588884, 9.02822186420984]"
908,0,1799,True,False,,0.0,1,1,,0,1,4.965947976874286,[4.965947976874286],2.936719710980972,[2.936719710980972],17.91071447104045,0.0,[],7.985178643705775,0.0,0.0,0.0,[7.985178643705775],[],[0.0],[],[17.91071447104045]
908,0,1800,True,False,,0.0,3,3,,0,3,23.211852064882343,"[4.331175815548778, 6.202342966214903, 12.678333283118663]",12.052622305304116,"[2.6891585680640233, 3.4189137568238124, 5.944549980416279]",37.468906504086526,0.0,[],17.612873536593746,0.0,0.0,0.0,"[4.078707779313479, 5.342610490783654, 8.19155526649661]",[],"[0.0, 0.0, 0.0]",[],"[7.894122511060203, 11.134898694317062, 18.43988529870926]"
908,0,1801,True,False,,0.0,3,3,,0,3,14.848003887679981,"[3.3593293870348577, 8.988674500645123, 2.5]",8.790721516195193,"[2.3101384609435947, 4.5055830552515985, 1.975]",21.654373298163698,0.0,[],11.445205586283842,0.0,0.0,0.0,"[3.4134622079558246, 4.224337249278604, 3.807406129049413]",[],"[0.0, 0.0, 0.0]",[],"[6.188364635784166, 8.267531408406677, 7.198477253972853]"
908,0,1802,True,False,,0.0,1,1,,0,1,13.705540247780277,[13.705540247780277],6.345160696634308,[6.345160696634308],11.314002879115563,0.0,[],5.41246112285507,0.0,0.0,0.0,[5.41246112285507],[],[0.0],[],[11.314002879115563]
908,0,1803,True,False,,0.0,4,4,,0,4,27.781779463664428,"[9.292670452929443, 2.7704051032559365, 6.8333792160367, 8.88532469144235]",14.834893990829128,"[4.624141476642483, 2.0804579902698155, 3.6650178942543135, 4.465276629662517]",32.893507806990236,0.0,[],16.828468044726193,0.0,0.0,0.0,"[4.227368320547354, 6.388490590505473, 2.3577486800408347, 3.8548604536325306]",[],"[0.0, 0.0, 0.0, 0.0]",[],"[8.275303386018855, 13.816642539757622, 3.4814068718995763, 7.320155009314181]"
908,0,1804,True,False,,0.0,2,2,,0,2,19.555150890106308,"[3.7626824883881733, 15.792468401718134]",9.62650884714146,"[2.467446170471388, 7.1590626766700725]",19.64071393785865,0.0,[],9.659878435764874,0.0,0.0,0.0,"[4.1751952523468265, 5.4846831834180465]",[],"[0.0, 0.0]",[],"[8.141526288068787, 11.499187649789862]"
908,0,1805,True,False,,0.0,1,1,,0,1,5.979988082146404,[5.979988082146404],3.3321953520370977,[3.3321953520370977],21.168054599129928,0.0,[],9.255541293660672,0.0,0.0,0.0,[9.255541293660672],[],[0.0],[],[21.168054599129928]
908,0,1806,True,True,1.0,5.99,7,7,True,2,9,80.88553771932433,"[26.256710939682193, 16.596779665364494, 7.3177426610316765, 4.289754217006439, 7.155893813738199, 7.591743239539625, 11.676913182961705]",38.54535971053649,"[11.240117266476055, 7.472744069492153, 3.853919637802354, 2.673004144632511, 3.790798587357898, 3.960779863420454, 5.553996141355065]",77.59973919717041,12.993126706996222,"[4.657919347434972, 8.335207359561249]",37.263898286896456,7.067319415728527,30.26389828689646,5.067319415728527,"[2.268160672142283, 6.075987065147489, 2.105010776588946, 14.209975244921152, 3.7151124724597047, 4.867904259365992, 4.021747796270892]","[2.816588545499639, 4.250730870228887]","[1.2681606721422831, 5.075987065147489, 1.1050107765889459, 13.209975244921152, 2.7151124724597047, 3.867904259365992, 3.0217477962708927]","[1.816588545499639, 3.250730870228887]","[3.2516940311340594, 13.015351449096125, 2.8333609656126817, 33.871731397233724, 6.9618268524607805, 9.91770322914357, 7.748071272489469]"
908,0,1807,True,False,,0.0,2,2,,0,2,15.615063259502396,"[10.190031267783098, 5.4250319917192975]",8.089874671205934,"[4.974112194435408, 3.1157624767705263]",18.44543106791874,0.0,[],9.19371811648831,0.0,0.0,0.0,"[3.16789028651695, 6.02582782997136]",[],"[0.0, 0.0]",[],"[5.558693042351154, 12.886738025567588]"
908,0,1808,True,True,1.0,5.99,5,5,True,2,7,33.068172586447176,"[2.5, 6.557223575314615, 11.750849852828942, 2.5124383562614696, 9.747660802042148]",17.896587308714402,"[1.975, 3.5573171943727, 5.582831442603288, 1.9798509589419733, 4.801587712796438]",54.12612325502669,14.6817034871548,"[9.295574668013135, 5.386128819141666]",26.109188069460405,7.725864359990373,21.10918806946041,5.725864359990373,"[5.2357925932874885, 7.784570250333375, 5.415458718109596, 3.3367513862965272, 4.336615121433422]","[4.625274120525123, 3.10059023946525]","[4.2357925932874885, 6.784570250333375, 4.415458718109596, 2.3367513862965272, 3.3366151214334216]","[3.625274120525123, 2.10059023946525]","[10.8610066494551, 17.396333975213782, 11.321689020793835, 5.9916702212731465, 8.555423388290825]"
908,0,1809,True,False,,0.0,3,3,,0,3,32.85660477994373,"[19.043008244878916, 5.9576681970682985, 7.855928337996518]",15.814075864178056,"[8.426773215502777, 3.3234905968566366, 4.063812051818642]",26.622479913597555,0.0,[],13.382767166303047,0.0,0.0,0.0,"[5.254778135379611, 4.821298606972707, 3.30669042395073]",[],"[0.0, 0.0, 0.0]",[],"[10.909687526614386, 9.798201556340274, 5.914590830642898]"
908,0,1810,True,False,,0.0,4,4,,0,4,43.02736179290301,"[7.0133888527582515, 10.779534139131318, 7.5762306417485865, 17.658208159264852]",20.780671099232173,"[3.735221652575718, 5.204018314261214, 3.9547299502819486, 7.886701182113293]",22.688408354052967,0.0,[],12.848479258080658,0.0,0.0,0.0,"[3.287361190015254, 3.3575693293406, 3.015164957796172, 3.1883837809286315]",[],"[0.0, 0.0, 0.0, 0.0]",[],"[5.8650286923468045, 6.045049562411794, 5.167089635374801, 5.611240463919568]"
908,0,1811,True,True,1.0,5.99,5,5,True,1,6,58.466849298592145,"[18.125930118992006, 5.415947793445608, 14.467500096208145, 10.246531651367913, 10.210939638578475]",27.80207122645094,"[8.069112746406883, 3.1122196394437873, 6.642325037521177, 4.996147344033487, 4.982266459045606]",42.543625226304684,17.433866525179045,[17.433866525179045],21.59201383825883,7.799207944819828,16.59201383825883,6.799207944819828,"[2.2326822545143408, 4.099676239957447, 5.398643666196345, 4.255998079678177, 5.605013597912518]",[7.799207944819828],"[1.2326822545143405, 3.0996762399574473, 4.398643666196345, 3.2559980796781764, 4.605013597912518]",[6.799207944819828],"[3.16072372952395, 7.947887794762685, 11.278573503067552, 8.348713024815837, 11.807727174134662]"
908,0,1812,True,False,,0.0,1,1,,0,1,5.538556624124745,[5.538556624124745],3.1600370834086506,[3.1600370834086506],6.679014228864554,0.0,[],3.6048155492571765,0.0,0.0,0.0,[3.6048155492571765],[],[0.0],[],[6.679014228864554]
908,0,1813,True,False,,0.0,3,3,,0,3,16.662754805900974,"[5.08612749048368, 8.896383593425723, 2.680243721991571]",9.49847437430138,"[2.9835897212886353, 4.469589601436033, 2.045295051576713]",21.057015788553393,0.0,[],11.212236157535823,0.0,0.0,0.0,"[2.8631124392263145, 4.847662721876728, 3.501460996432782]",[],"[0.0, 0.0, 0.0]",[],"[4.777211382631576, 9.865801850965969, 6.41400255495585]"
908,0,1814,True,False,,0.0,3,3,,0,3,14.244752786618754,"[4.963502587081898, 6.154249891724983, 3.1270003078118735]",8.555453586781315,"[2.93576600896194, 3.4001574577727434, 2.2195301200466306]",34.86585391329222,0.0,[],16.597683026183965,0.0,0.0,0.0,"[7.21817758667094, 4.690372839166752, 4.689132600346273]",[],"[0.0, 0.0, 0.0]",[],"[15.94404509402805, 9.46249445940193, 9.459314359862239]"
908,0,1815,True,False,,0.0,2,2,,0,2,28.323178087494284,"[20.86710112051413, 7.456076966980156]",13.04603945412277,"[9.13816943700051, 3.907870017122261]",13.974976597814807,0.0,[],7.450240873147775,0.0,0.0,0.0,"[3.0169893563222288, 4.433251516825546]",[],"[0.0, 0.0]",[],"[5.171767580313407, 8.8032090175014]"
908,0,1816,True,False,,0.0,4,4,,0,4,28.232400622505946,"[4.555376267715881, 11.937605790912265, 8.834759186608132, 2.9046593772696654]",15.010636242777318,"[2.7765967444091935, 5.655666258455783, 4.445556082777172, 2.1328171571351695]",44.46361710777863,0.0,[],21.340810672033665,0.0,0.0,0.0,"[11.145231090147195, 4.033073630109914, 2.3219561380324842, 3.840549813744072]",[],"[0.0, 0.0, 0.0, 0.0]",[],"[26.013413051659473, 7.777111872076704, 3.3896311231602163, 7.283461060882235]"
908,0,1817,True,False,,0.0,4,4,,0,4,48.221885732036284,"[7.677556364411908, 26.38490920906925, 6.923518294764219, 7.235901863790904]",22.806535435494148,"[3.9942469821206443, 11.290114591537007, 3.7001721349580454, 3.8220017268784527]",44.46541629441562,0.0,[],21.341512354822093,0.0,0.0,0.0,"[3.2714705676660074, 10.138619397361412, 3.016389806588748, 4.915032583205926]",[],"[0.0, 0.0, 0.0, 0.0]",[],"[5.824283506835916, 23.432357429131823, 5.170230273304482, 10.0385450851434]"
908,0,1818,True,False,,0.0,3,3,,0,3,47.647860926509374,"[20.07978126091328, 19.42007707940433, 8.148002586191764]",21.582665761338657,"[8.831114691756179, 8.573830060967689, 4.177721008614788]",32.697247025154184,0.0,[],15.751926339810133,0.0,0.0,0.0,"[5.965533471498739, 5.587155099866308, 4.1992377684450855]",[],"[0.0, 0.0, 0.0]",[],"[12.732137106407023, 11.761936153503354, 8.203173765243807]"
908,0,1819,True,False,,0.0,3,3,,0,3,29.859406983913377,"[10.628608544619922, 13.087499805910818, 6.143298633382639]",14.645168723726218,"[5.145157332401769, 6.10412492430522, 3.3958864670192295]",42.6547606214782,0.0,[],19.635356642376497,0.0,0.0,0.0,"[6.706876077964381, 5.971434279648544, 6.957046284763571]",[],"[0.0, 0.0, 0.0]",[],"[14.633015584524054, 12.747267383714215, 15.274477653239925]"
908,0,1820,True,True,1.0,5.99,5,5,True,2,7,40.62820336238207,"[11.625950330387896, 4.358638681312868, 8.068826485810023, 10.122553326124155, 6.4522345387471205]",20.84499931132901,"[5.53412062885128, 2.6998690857120184, 4.146842329465909, 4.947795797188421, 3.5163714701113773]",84.02984736668108,8.812247198753091,"[3.3261477142870715, 5.4860994844660205]",37.771640473005625,5.436776407513706,32.771640473005625,3.436776407513706,"[6.2939706801284885, 7.168710809018696, 2.387514506129285, 3.5213030638586083, 18.400141413870546]","[2.297197608571958, 3.139578798941748]","[5.2939706801284885, 6.168710809018696, 1.387514506129285, 2.5213030638586083, 17.400141413870546]","[1.2971976085719579, 2.139578798941748]","[13.574283795201252, 15.817207202612042, 3.5577295028956026, 6.464879650919508, 44.615747215052686]"
908,0,1821,True,False,,0.0,4,4,,0,4,39.1142479710953,"[11.589198754912452, 8.273172189578831, 4.6576272388441184, 14.594249787759901]",19.25455670872717,"[5.519787514415857, 4.226537153935745, 2.8164746231492064, 6.691757417226362]",33.69666195365532,0.0,[],17.141698161925575,0.0,0.0,0.0,"[2.4817545268339036, 5.580718953873745, 4.907499460380467, 4.17172522083746]",[],"[0.0, 0.0, 0.0, 0.0]",[],"[3.7993705816253938, 11.745433215060885, 10.01922938559094, 8.132628771378101]"
908,0,1822,True,True,1.0,5.99,6,3,,2,8,22.435845044095995,"[11.207319331766222, 6.3370741080136845, 4.891451604316088]",11.749979567197439,"[5.3708545393888265, 3.4714589021253373, 2.9076661256832743]",25.198154545287917,9.218901141353488,"[5.98289021926905, 3.2360109220844375]",12.827280272662287,5.59537144512786,9.827280272662287,3.5953714451278604,"[5.597199330772268, 1.975, 5.25508094189002]","[3.33332718551493, 2.2620442596129307]","[4.597199330772268, 0.9750000000000001, 4.25508094189002]","[2.33332718551493, 1.2620442596129307]","[11.787690591723763, 2.5, 10.910463953564154]"
908,0,1823,True,False,,0.0,2,2,,0,2,14.002546219297713,"[3.8243066037011957, 10.178239615596517]",7.4609930255261085,"[2.491479575443466, 4.969513450082642]",15.624660554198188,0.0,[],8.093617616137294,0.0,0.0,0.0,"[2.778147398429673, 5.315470217707621]",[],"[0.0, 0.0]",[],"[4.559352303665827, 11.065308250532361]"
908,0,1824,True,False,,0.0,1,1,,0,1,2.5,[2.5],1.975,[1.975],5.966519220986101,0.0,[],3.3269424961845795,0.0,0.0,0.0,[3.3269424961845795],[],[0.0],[],[5.966519220986101]
908,0,1825,True,False,,0.0,4,4,,0,4,38.719528193147525,"[5.188664146474068, 13.441581536731139, 6.57274835873482, 13.516534151207498]",19.100615995327537,"[3.0235790171248866, 6.242216799325145, 3.5633718599065802, 6.271448318970925]",47.76761955628737,0.0,[],22.62937162695207,0.0,0.0,0.0,"[4.940989469877146, 6.396356008974259, 2.6632561562241444, 8.628769991876526]",[],"[0.0, 0.0, 0.0, 0.0]",[],"[10.105101204813195, 13.836810279421176, 4.2647593749337025, 19.560948697119297]"
908,0,1826,True,False,,0.0,3,3,,0,3,48.25923272660562,"[12.366727630124473, 14.978939638991234, 20.91356545748991]",21.821100763376194,"[5.823023775748545, 6.841786459206581, 9.156290528421065]",38.17123798640225,0.0,[],17.88678281469688,0.0,0.0,0.0,"[6.3794115375791005, 4.8896640808419, 6.617707196275878]",[],"[0.0, 0.0, 0.0]",[],"[13.793362916869487, 9.973497643184357, 14.404377426348404]"
908,0,1827,True,False,,0.0,1,1,,0,1,12.155166222128205,[12.155166222128205],5.74051482663,[5.74051482663],8.679199264197537,0.0,[],4.38488771303704,0.0,0.0,0.0,[4.38488771303704],[],[0.0],[],[8.679199264197537]
908,0,1828,True,False,,0.0,2,2,,0,2,21.289363484061276,"[15.238348367836204, 6.05101511622507]",10.302851758783897,"[6.9429558634561195, 3.3598958953277775]",38.780898834773446,0.0,[],17.124550545561647,0.0,0.0,0.0,"[3.260310557599187, 13.864239987962458]",[],"[0.0, 0.0]",[],"[5.795668096408171, 32.985230738365274]"
908,0,1829,True,True,1.0,5.99,5,5,True,1,6,50.489536870978135,"[4.246514028451339, 4.269125634456495, 19.09812532331112, 17.450318771312435, 5.42545311344674]",24.69091937968147,"[2.6561404710960224, 2.664958997438033, 8.448268876091337, 7.80562432081185, 3.1159267142442286]",55.20786124880474,4.451690318433979,[4.451690318433979],26.531065887033854,2.736159224189252,21.531065887033854,1.7361592241892518,"[4.555853088872663, 5.443476694254286, 6.4609272233679285, 3.1279805111828503, 6.942828369356126]",[2.736159224189252],"[3.555853088872663, 4.443476694254286, 5.4609272233679285, 2.1279805111828503, 5.942828369356126]",[1.7361592241892518],"[9.117572022750418, 11.393529985267397, 14.0023774958152, 5.456360285084231, 15.2380214598875]"
908,0,1830,True,False,,0.0,1,1,,0,1,3.3401647189746506,[3.3401647189746506],2.302664240400114,[2.302664240400114],3.9471627370983597,0.0,[],2.5393934674683605,0.0,0.0,0.0,[2.5393934674683605],[],[0.0],[],[3.9471627370983597]
908,0,1831,True,False,,0.0,3,3,,0,3,39.80506663550338,"[12.568924976168773, 8.051416885479549, 19.184724773855063]",18.52397598784632,"[5.901880740705821, 4.140052585337024, 8.482042661803476]",17.51668590193434,0.0,[],9.831507501754393,0.0,0.0,0.0,"[2.8183194713583966, 3.8481117609332114, 3.1650762694627854]",[],"[0.0, 0.0, 0.0]",[],"[4.662357618867683, 7.302850669059516, 5.551477614007142]"
908,0,1832,True,False,,0.0,1,1,,0,1,13.136752511637992,[13.136752511637992],6.123333479538817,[6.123333479538817],8.400624947203468,0.0,[],4.2762437294093525,0.0,0.0,0.0,[4.2762437294093525],[],[0.0],[],[8.400624947203468]
908,0,1833,True,False,,0.0,4,4,,0,4,54.68697475462345,"[21.695158346645933, 7.686669026246829, 4.434731479439573, 20.870415902291114]",25.327920154303143,"[9.461111755191913, 3.9978009202362634, 2.7295452769814332, 9.139462201893535]",42.70650619355384,0.0,[],20.655537415485995,0.0,0.0,0.0,"[5.753671093095114, 8.447036933648517, 2.320210302281458, 4.1346190864609085]",[],"[0.0, 0.0, 0.0, 0.0]",[],"[12.18890023870542, 19.09496649653466, 3.3851546212345074, 8.037484837079253]"
908,0,1834,True,False,,0.0,3,3,,0,3,35.99293101352947,"[6.264596145037116, 5.919003660634279, 23.809331207858072]",17.037243095276494,"[3.443192496564475, 3.3084114276473686, 10.285639171064648]",18.505040612448646,0.0,[],10.216965838854973,0.0,0.0,0.0,"[4.2062366189008085, 2.2416808263842913, 3.7690483935698733]",[],"[0.0, 0.0, 0.0]",[],"[8.221119535643098, 3.1837969907289523, 7.1001240860765975]"
908,0,1835,True,False,,0.0,3,3,,0,3,55.348700451566444,"[13.497080991810922, 9.966894868364003, 31.884724591391517]",24.58599317611091,"[6.26386158680626, 4.8870889986619614, 13.435042590642691]",19.132764652309582,0.0,[],10.461778214400738,0.0,0.0,0.0,"[3.7125190346817223, 4.263723264777438, 2.4855359149415763]",[],"[0.0, 0.0, 0.0]",[],"[6.955177012004416, 8.36852119173702, 3.809066448568144]"
908,0,1836,True,False,,0.0,2,2,,0,2,18.66123049094839,"[3.5199456602871635, 15.141284830661228]",9.277879891469873,"[2.3727788075119935, 6.905101083957879]",31.486907512415776,0.0,[],14.279893929842153,0.0,0.0,0.0,"[6.904972308498928, 7.374921621343225]",[],"[0.0, 0.0]",[],"[15.140954637176737, 16.34595287523904]"
908,0,1837,True,True,1.0,5.99,5,5,True,3,8,49.25096077253653,"[5.474428183151578, 11.841935156793411, 13.290917455439837, 7.661637464019411, 10.982042513132289]",24.20787470128925,"[3.1350269914291156, 5.618354711149431, 6.1834578076215365, 3.9880386109675703, 5.282996580121592]",43.85857552980171,28.571353284441585,"[9.268738725693915, 8.869496938476114, 10.433117620271554]",22.10484445662267,14.142827780932217,17.10484445662267,11.142827780932217,"[6.905245301661122, 2.3549484117073636, 3.8425205400704137, 4.366419815078691, 4.635710388105078]","[4.614808103020627, 4.459103806005684, 5.068915871905906]","[5.905245301661122, 1.3549484117073638, 2.8425205400704137, 3.366419815078691, 3.6357103881050783]","[3.6148081030206267, 3.4591038060056847, 4.068915871905906]","[15.141654619643901, 3.474226696685548, 7.288514205308752, 8.63184567968895, 9.32233432847456]"
908,0,1838,True,False,,0.0,1,1,,0,1,15.82266237783103,[15.82266237783103],7.170838327354102,[7.170838327354102],12.954002723303544,0.0,[],6.052061062088383,0.0,0.0,0.0,[6.052061062088383],[],[0.0],[],[12.954002723303544]
908,0,1839,True,False,,0.0,2,2,,0,2,17.16914283625534,"[9.528023831769566, 7.641119004485773]",8.695965706139582,"[4.715929294390131, 3.9800364117494516]",17.652130592279036,0.0,[],8.884330930988824,0.0,0.0,0.0,"[2.015609760545148, 6.868721170443676]",[],"[0.0, 0.0]",[],"[2.6041275911414052, 15.04800300113763]"
908,0,1840,True,False,,0.0,1,1,,0,1,7.685145214144153,[7.685145214144153],3.9972066335162197,[3.9972066335162197],5.374213361064046,0.0,[],3.095943210814978,0.0,0.0,0.0,[3.095943210814978],[],[0.0],[],[5.374213361064046]
908,0,1841,True,False,,0.0,3,3,,0,3,20.58097222370635,"[7.191833178100902, 9.110161215077099, 4.278977830528351]",11.026579167245478,"[3.804814939459352, 4.552962873880069, 2.668801353906057]",31.696142153193183,0.0,[],15.361495439745342,0.0,0.0,0.0,"[5.889136695182475, 4.814837064764674, 4.657521679798192]",[],"[0.0, 0.0, 0.0]",[],"[12.53624793636532, 9.781633499396602, 9.37826071743126]"
908,0,1842,True,False,,0.0,4,4,,0,4,33.06558485127119,"[12.215172263870393, 9.329972854657166, 7.085788717988911, 4.4346510147547225]",16.895578091995766,"[5.763917182909453, 4.638689413316294, 3.763457600015675, 2.7295138957543417]",45.13877882337765,0.0,[],21.604123741117284,0.0,0.0,0.0,"[3.5571355866940495, 4.610211070128365, 5.303491082491415, 8.133286001803455]",[],"[0.0, 0.0, 0.0, 0.0]",[],"[6.5567579146001265, 9.256951461867603, 11.034592519208756, 18.290476927701164]"
908,0,1843,True,False,,0.0,3,3,,0,3,17.336366198352373,"[3.54724683351629, 3.2179073200839663, 10.571212044752114]",9.761182817357426,"[2.3834262650713534, 2.254983854832747, 5.122772697453325]",26.135693745591226,0.0,[],13.192920560780577,0.0,0.0,0.0,"[4.829919573439726, 4.879101353179531, 3.4838996341613204]",[],"[0.0, 0.0, 0.0]",[],"[9.820306598563402, 9.946413726101362, 6.368973420926462]"
908,0,1844,True,True,1.0,5.99,5,5,True,4,9,43.45084930905304,"[4.0510621777101745, 2.987451614050297, 14.400742171410663, 11.132363578230105, 10.8792297676518]",21.945831230530686,"[2.5799142493069684, 2.165106129479616, 6.616289446850159, 5.341621795509742, 5.242899609384202]",36.768544202729394,25.66070381595755,"[5.039411639367145, 9.789417336007459, 5.540348817620497, 5.291526022962448]",19.339732239064464,14.007674488223444,14.339732239064464,10.007674488223444,"[1.975, 5.77536645762981, 3.6456122318485065, 4.4747182932355045, 3.469035256350643]","[2.965370539353187, 4.817872761042909, 3.160736038871994, 3.0636951489553548]","[0.9750000000000001, 4.77536645762981, 2.6456122318485065, 3.4747182932355045, 2.469035256350643]","[1.9653705393531868, 3.817872761042909, 2.160736038871994, 2.0636951489553548]","[2.5, 12.244529378537973, 6.783621107303863, 8.909534085219242, 6.330859631668315]"
908,0,1845,True,False,,0.0,3,3,,0,3,22.98524495069956,"[3.5336983154387216, 8.673698099956393, 10.777848535304443]",11.964245530772828,"[2.3781423430211017, 4.382742258982994, 5.203360928768733]",31.921623240645268,0.0,[],15.449433063851654,0.0,0.0,0.0,"[2.363908427659635, 7.370822910983971, 5.714701725208049]",[],"[0.0, 0.0, 0.0]",[],"[3.4972010965631664, 16.33544336149736, 12.088978782584741]"
908,0,1846,True,False,,0.0,3,3,,0,3,31.54009888476125,"[11.837158822825218, 2.5, 17.202940061936033]",15.30063856505689,"[5.6164919409018355, 1.975, 7.7091466241550535]",27.352504192208496,0.0,[],13.667476634961313,0.0,0.0,0.0,"[4.25545769309922, 4.617544662438609, 4.7944742794234845]",[],"[0.0, 0.0, 0.0]",[],"[8.347327418203127, 9.275755544714384, 9.729421229290985]"
908,0,1847,True,False,,0.0,3,3,,0,3,17.160427362108663,"[10.508707618614324, 4.151719743494342, 2.5]",9.69256667122238,"[5.0983959712595865, 2.619170699962793, 1.975]",29.342482531267265,0.0,[],14.443568187194234,0.0,0.0,0.0,"[4.699581443294986, 4.851196529222294, 4.892790214676952]",[],"[0.0, 0.0, 0.0]",[],"[9.486106264858938, 9.87486289544178, 9.981513370966544]"
908,0,1848,True,False,,0.0,1,1,,0,1,4.717056204196003,[4.717056204196003],2.839651919636441,[2.839651919636441],18.315711932752052,0.0,[],8.1431276537733,0.0,0.0,0.0,[8.1431276537733],[],[0.0],[],[18.315711932752052]
908,0,1849,True,False,,0.0,2,2,,0,2,28.164001851715067,"[4.440472900401896, 23.72352895131317]",12.983960722168877,"[2.7317844311567394, 10.252176291012137]",16.586251440094877,0.0,[],8.468638061637003,0.0,0.0,0.0,"[3.1515397802165137, 5.317098281420489]",[],"[0.0, 0.0]",[],"[5.51676866722183, 11.069482772873048]"
908,0,1850,True,False,,0.0,1,1,,0,1,15.6804875014386,[15.6804875014386],7.1153901255610545,[7.1153901255610545],16.04047483336145,0.0,[],7.255785185010966,0.0,0.0,0.0,[7.255785185010966],[],[0.0],[],[16.04047483336145]
908,0,1851,True,False,,0.0,3,3,,0,3,23.91707819509455,"[9.642155020404733, 6.4477835136571, 7.827139661032716]",12.327660496086875,"[4.760440457957846, 3.514635570326269, 4.05258446780276]",24.379649113893137,0.0,[],12.508063154418325,0.0,0.0,0.0,"[4.883886358731322, 3.1278022891201442, 4.496374506566859]",[],"[0.0, 0.0, 0.0]",[],"[9.958682971105954, 5.455903305436267, 8.965062837350919]"
908,0,1852,True,False,,0.0,3,3,,0,3,15.395444090470143,"[5.569867539771858, 3.5968063035631106, 6.2287702471351745]",9.004223195283355,"[3.1722483405110244, 2.402754458389613, 3.429220396382718]",19.085307386235876,0.0,[],10.443269880631991,0.0,0.0,0.0,"[3.2179185220716753, 2.6942844307385005, 4.531066927821815]",[],"[0.0, 0.0, 0.0]",[],"[5.686970569414552, 4.344319053175642, 9.05401776364568]"
908,0,1853,True,True,1.0,5.99,5,5,True,0,5,25.719295203560076,"[3.591323169033919, 4.156529401823632, 4.208803486693009, 9.649386947907487, 4.113252198102028]",15.03052512938843,"[2.4006160359232283, 2.6210464667112165, 2.6414333598102733, 4.76326090968392, 2.604168357259791]",41.9652574938741,0.0,[],21.366450422610903,0.0,16.3664504226109,0.0,"[6.717519092854301, 2.2949445858640027, 3.1537228108819724, 4.757289215479691, 4.442974717530932]",[],"[5.717519092854301, 1.294944585864003, 2.1537228108819724, 3.757289215479691, 3.442974717530932]",[],"[14.66030536629308, 3.320370732984623, 5.522366181748647, 9.634074911486387, 8.828140301361364]"
908,0,1854,True,True,1.0,5.99,8,8,True,1,9,76.93647850082779,"[5.281487028277415, 11.633668202541532, 5.18243266275007, 11.30013857838068, 13.092898116142885, 7.057202248911904, 14.272574987317126, 9.11607667650618]",38.00522661532284,"[3.059779941028192, 5.537130598991197, 3.0211487384725273, 5.407054045568466, 6.106230265295726, 3.7523088770756425, 6.566304245053679, 4.555269903837411]",73.83110700384606,14.511164269755104,[14.511164269755104],36.79413173149996,6.659354065204491,28.79413173149996,5.659354065204491,"[6.0108121046961, 3.6228139169631106, 8.515628220753943, 4.275301202243352, 4.196251685930122, 4.220620546454865, 3.463987610662823, 2.488716443795648]",[6.659354065204491],"[5.0108121046961, 2.6228139169631106, 7.5156282207539435, 3.2753012022433516, 3.1962516859301213, 3.2206205464548647, 2.463987610662823, 1.488716443795648]",[5.659354065204491],"[12.848236165887437, 6.725163889649001, 19.270841591676778, 8.398208210880389, 8.195517143410568, 8.25800140116632, 6.317916950417494, 3.8172216507580714]"
908,0,1855,True,False,,0.0,4,4,,0,4,28.71154128231383,"[5.939863472481242, 5.148242893427037, 10.533046333138085, 7.090388583267468]",15.197501100102395,"[3.316546754267684, 3.0078147284365446, 5.107888069923853, 3.7652515474743127]",20.24785950813678,0.0,[],11.896665208173344,0.0,0.0,0.0,"[3.167457215491816, 2.5474265722138343, 3.16129786241695, 3.020483558050744]",[],"[0.0, 0.0, 0.0, 0.0]",[],"[5.557582603825169, 3.967760441573934, 5.541789390812692, 5.180727071924984]"
908,0,1856,True,False,,0.0,2,2,,0,2,8.233379668356251,"[3.882301308895211, 4.35107835946104]",5.2110180706589375,"[2.5140975104691323, 2.6969205601898056]",13.714271703404915,0.0,[],7.348565964327918,0.0,0.0,0.0,"[5.217849984488539, 2.1307159798393784]",[],"[0.0, 0.0]",[],"[10.814999960227022, 2.899271743177893]"
908,0,1857,True,True,1.0,5.99,5,5,True,2,7,57.817462861955235,"[10.975140293651762, 4.227712006991443, 10.8583663017855, 25.474926616490553, 6.28131764303598]",27.548810516162543,"[5.2803047145241875, 2.648807682726663, 5.234762857696345, 10.935221380431315, 3.449713880784032]",63.53867280783,24.242208229171208,"[15.675365927708622, 8.566842301462586]",29.7800823950537,11.45446120937677,24.7800823950537,9.45446120937677,"[2.0421072037653314, 7.421047197791937, 5.842419284743246, 5.1496837236428545, 9.324824985110329]","[7.1133927118063625, 4.341068497570409]","[1.0421072037653314, 6.421047197791937, 4.842419284743246, 4.1496837236428545, 8.324824985110329]","[6.1133927118063625, 3.341068497570409]","[2.6720697532444393, 16.46422358408189, 12.416459704469862, 10.640214676007318, 21.345705090026485]"
908,0,1858,True,False,,0.0,4,4,,0,4,32.534916189217746,"[8.379858284096889, 2.6365896407916143, 11.660496358328173, 9.85797190600107]",16.68861731379492,"[4.268144730797786, 2.0282699599087297, 5.547593579747987, 4.844609043340418]",41.39775637367107,0.0,[],20.14512498573172,0.0,0.0,0.0,"[4.738626749807439, 6.9610143557372375, 5.73775022771523, 2.707733652471812]",[],"[0.0, 0.0, 0.0, 0.0]",[],"[9.58622243540369, 15.284652194198044, 12.148077506962128, 4.37880423710721]"
908,0,1859,True,False,,0.0,3,3,,0,3,41.71969017666687,"[2.5, 24.37273012248434, 14.846960054182535]",19.27067916890008,"[1.975, 10.505364747768894, 6.790314421131189]",46.684772937668114,0.0,[],21.207061445690567,0.0,0.0,0.0,"[5.185711099734023, 6.630021243000759, 9.391329102955783]",[],"[0.0, 0.0, 0.0]",[],"[10.732592563420571, 14.435951905130151, 21.516228469117394]"
908,0,1860,True,False,,0.0,4,4,,0,4,46.66695818841059,"[8.315635872718184, 7.79362646239862, 21.55994313727767, 8.997752716016112]",22.200113693480127,"[4.243097990360091, 4.039514320335462, 9.408377823538292, 4.509123559246284]",47.29532953923916,0.0,[],22.445178520303276,0.0,0.0,0.0,"[5.562422944270373, 3.069529658408816, 5.197329428266796, 8.615896489357292]",[],"[0.0, 0.0, 0.0, 0.0]",[],"[11.698520369924031, 5.306486303612349, 10.76238314940204, 19.527939716300747]"
908,0,1861,True,False,,0.0,3,3,,0,3,17.575649202389837,"[6.706485651805824, 7.988477737292533, 2.880685813291477]",9.854503188932036,"[3.6155294042042714, 4.115506317544089, 2.123467467183676]",18.188232706113038,0.0,[],10.093410755384085,0.0,0.0,0.0,"[2.4709176490058615, 4.403237736915605, 3.2192553694626183]",[],"[0.0, 0.0, 0.0]",[],"[3.771583715399645, 8.72625060747591, 5.690398383237483]"
908,0,1862,True,False,,0.0,4,4,,0,4,33.463972717142674,"[11.697396589452978, 9.271818051459638, 2.8404461784096875, 9.654311897820367]",17.050949359685642,"[5.5619846698866615, 4.616009040069259, 2.107774009579778, 4.765181640149944]",55.567502172368265,0.0,[],25.671325847223624,0.0,0.0,0.0,"[2.458145412771319, 7.894030355408349, 9.554375359476719, 5.764774719567239]",[],"[0.0, 0.0, 0.0, 0.0]",[],"[3.7388343917213307, 17.67700091130346, 21.934295793530048, 12.217371075813432]"
908,0,1863,True,False,,0.0,1,1,,0,1,14.479955486800893,[14.479955486800893],6.647182639852349,[6.647182639852349],4.4430967982419025,0.0,[],2.732807751314342,0.0,0.0,0.0,[2.732807751314342],[],[0.0],[],[4.4430967982419025]
908,0,1864,True,False,,0.0,3,3,,0,3,46.56962076562988,"[17.86898646519527, 12.1697157371889, 16.530918563245706]",21.16215209859565,"[7.9689047214261555, 5.746189137503671, 7.447058239665825]",37.91630363354403,0.0,[],17.787358417082174,0.0,0.0,0.0,"[6.114538948691674, 5.43081433277302, 6.242005135617481]",[],"[0.0, 0.0, 0.0]",[],"[13.114202432542754, 11.36106239172569, 13.441038809275591]"
908,0,1865,True,False,,0.0,1,1,,0,1,5.93678402308505,[5.93678402308505],3.3153457690031694,[3.3153457690031694],15.152685106794024,0.0,[],6.909547191649669,0.0,0.0,0.0,[6.909547191649669],[],[0.0],[],[15.152685106794024]
908,0,1866,True,True,1.0,5.99,5,5,True,2,7,41.918026332698446,"[4.809966753921524, 3.6335882902118133, 3.9179434087108405, 25.279580461227482, 4.276947418626787]",21.348030269752392,"[2.875887034029394, 2.4170994331826074, 2.5279979293972277, 10.859036379878718, 2.668009493264447]",46.113629791221314,13.636745202754572,"[7.039744523383487, 6.597000679371084]",22.984315618576318,7.318330629074283,17.984315618576318,5.318330629074283,"[2.4973393669237427, 4.254114746372474, 5.023367435920965, 4.941187587044623, 6.268306482314511]","[3.74550036411956, 3.572830264954723]","[1.4973393669237427, 3.2541147463724744, 4.023367435920965, 3.941187587044623, 5.268306482314511]","[2.74550036411956, 2.572830264954723]","[3.8393317100608786, 8.343883965057627, 10.316326758771703, 10.105609197550315, 13.508478159780797]"
908,0,1867,True,True,1.0,5.99,5,5,True,1,6,31.995473348274153,"[3.0815259648932276, 4.7012066358325795, 16.564592186423482, 2.978251023559061, 4.669897537565802]",17.47823460582692,"[2.201795126308359, 2.833470587974706, 7.460190952705158, 2.161517899188034, 2.821260039650663]",51.970311940060014,4.8373133762775185,[4.8373133762775185],25.268421656623406,2.8865522167482323,20.26842165662341,1.8865522167482323,"[9.114291155548017, 5.517218707742763, 4.4725510102529515, 4.189360783079674, 1.975]",[2.8865522167482323],"[8.114291155548017, 4.517218707742763, 3.472551010252952, 3.1893607830796737, 0.9750000000000001]",[1.8865522167482323],"[20.805874757815428, 11.582612071135289, 8.903976949366543, 8.177848161742753, 2.5]"
908,0,1868,True,False,,0.0,4,4,,0,4,35.64232685744573,"[2.5, 8.589415717628029, 5.29571543490588, 19.257195704911823]",17.900507474403835,"[1.975, 4.349872129874932, 3.065329019613293, 8.51030632491561]",49.50485163089062,0.0,[],23.306892136047345,0.0,0.0,0.0,"[8.35670501099667, 6.182072439775153, 3.0272968161138207, 5.740817869161701]",[],"[0.0, 0.0, 0.0, 0.0]",[],"[18.86334618204274, 13.2873652301927, 5.198196964394412, 12.15594325426077]"
908,0,1869,True,True,1.0,5.99,5,5,True,0,5,53.35105294470713,"[10.328324767323968, 20.802983551246417, 8.403306539427547, 9.623715079526043, 4.192723007183153]",25.80691064843578,"[5.028046659256348, 9.113163584986102, 4.277289550376743, 4.753248881015157, 2.6351619728014297]",45.00031136040529,0.0,[],22.550121430558065,0.0,17.550121430558065,0.0,"[2.8367283171248148, 5.630210771147304, 2.57458589272689, 5.546810480514431, 5.961785969044626]",[],"[1.8367283171248148, 4.630210771147304, 1.57458589272689, 4.546810480514431, 4.961785969044626]",[],"[4.709559787499525, 11.872335310634114, 4.037399724940744, 11.658488411575462, 12.72252812575545]"
908,0,1870,True,True,1.0,5.99,5,5,True,3,8,49.867681569121906,"[18.561375304737876, 3.5339327985619704, 12.116245969658504, 5.957805753260554, 9.698321742903003]",24.448395811957546,"[8.23893636884777, 2.3782337914391682, 5.725335928166817, 3.3235442437716163, 4.782345479732172]",42.68135420135936,25.593512011417076,"[5.649127445259847, 6.188433185936731, 13.755951380220498]",21.64572813853015,12.981469684452659,16.64572813853015,9.981469684452659,"[4.815363233098346, 2.2746898501001014, 3.9195343781007623, 6.354759689549648, 4.281380987681293]","[3.20315970365134, 3.413488942515325, 6.364821038285995]","[3.815363233098346, 1.2746898501001014, 2.9195343781007623, 5.354759689549648, 3.2813809876812927]","[2.20315970365134, 2.413488942515325, 5.364821038285995]","[9.782982648970117, 3.2684355130771827, 7.485985584873749, 13.730153050127303, 8.413797404311007]"
908,0,1871,True,False,,0.0,1,1,,0,1,16.78052753164475,[16.78052753164475],7.544405737341453,[7.544405737341453],2.5,0.0,[],1.975,0.0,0.0,0.0,[1.975],[],[0.0],[],[2.5]
908,0,1872,True,True,1.0,5.99,5,5,True,3,8,54.08439814826501,"[5.304577016309645, 13.467610584927971, 10.617353118851995, 14.769763224378895, 9.925094203796505]",26.09291527782336,"[3.0687850363607616, 6.252368128121909, 5.140767716352278, 6.760207657507769, 4.8707867394806375]",45.062266232886195,28.576702703474247,"[12.117113209798804, 4.928746911426224, 11.53084258224922]",22.57428383082562,14.144914054354958,17.574283830825618,11.144914054354956,"[5.26036752425192, 4.557546098465423, 5.004477533899897, 5.369112970708402, 2.382779703499976]","[5.725674151821534, 2.9222112954562274, 5.497028607077196]","[4.26036752425192, 3.5575460984654224, 4.004477533899897, 4.369112970708402, 1.3827797034999756]","[4.725674151821534, 1.9222112954562274, 4.497028607077196]","[10.92401929295364, 9.121913072988262, 10.267891112563838, 11.202853771047184, 3.5455889833332708]"
908,0,1873,True,False,,0.0,2,2,,0,2,21.863700271009773,"[11.756849252030777, 10.106851018978995]",10.52684310569381,"[5.585171208292003, 4.941671897401808]",25.38497118806061,0.0,[],11.900138763343637,0.0,0.0,0.0,"[7.025598990594575, 4.874539772749063]",[],"[0.0, 0.0]",[],"[15.450253822037372, 9.93471736602324]"
908,0,1874,True,False,,0.0,2,2,,0,2,37.28317080035189,"[8.509871834480451, 28.773298965871437]",16.540436612137235,"[4.318850015447376, 12.22158659668986]",28.21836899867347,0.0,[],13.005163909482652,0.0,0.0,0.0,"[11.030163909482653, 1.975]",[],"[0.0, 0.0]",[],"[25.71836899867347, 2.5]"
908,0,1875,True,True,1.0,5.99,5,5,True,1,6,53.79235361837,"[7.65827089098515, 18.354517178373225, 5.025258122325484, 17.31503900522031, 5.43926842146583]",25.9790179111643,"[3.9867256474842083, 8.158261699565557, 2.959850667706939, 7.752865212035921, 3.1213146843716735]",40.698129512433816,19.943561082819755,[19.943561082819755],20.872270509849187,8.777988822299704,15.872270509849189,7.7779888222997045,"[3.7925321985030176, 3.851681695898337, 3.730366805934481, 4.972199307003372, 4.525490502509982]",[8.777988822299704],"[2.7925321985030176, 2.851681695898337, 2.730366805934481, 3.972199307003372, 3.525490502509982]",[7.7779888222997045],"[7.160338970520558, 7.312004348457274, 7.00094052803713, 10.185126428213774, 9.039719237205082]"
908,0,1876,True,False,,0.0,1,1,,0,1,6.2211427989021315,[6.2211427989021315],3.4262456915718316,[3.4262456915718316],9.850017523509344,0.0,[],4.841506834168644,0.0,0.0,0.0,[4.841506834168644],[],[0.0],[],[9.850017523509344]
908,0,1877,True,False,,0.0,4,4,,0,4,43.68414031054756,"[9.23933985363915, 10.947498513927611, 7.750174620644578, 15.747127322336226]",21.03681472111355,"[4.603342542919268, 5.269524420431768, 4.022568102051386, 7.141379655711129]",61.660595395752,0.0,[],28.047632204343284,0.0,0.0,0.0,"[6.229532410149358, 10.153258439041778, 6.22177754426845, 5.443063810883697]",[],"[0.0, 0.0, 0.0, 0.0]",[],"[13.40905746192143, 23.469893433440454, 13.389173190431922, 11.392471309958196]"
908,0,1878,True,False,,0.0,4,4,,0,4,38.697654818584645,"[10.201274030205953, 11.982742311997066, 9.003522581083633, 7.51011589529799]",19.09208537924801,"[4.978496871780322, 5.673269501678856, 4.5113738066226166, 3.928945199166216]",61.46524749966298,0.0,[],27.97144652486856,0.0,0.0,0.0,"[7.383568908964893, 4.392852226105253, 5.820864643138623, 10.374160746659793]",[],"[0.0, 0.0, 0.0, 0.0]",[],"[16.36812540760229, 8.699621092577573, 12.361191392663134, 24.03630960681998]"
908,0,1879,True,False,,0.0,2,2,,0,2,18.48932848467123,"[11.83514648043257, 6.654182004238661]",9.21083810902178,"[5.615707127368703, 3.5951309816530777]",18.262941546728158,0.0,[],9.122547203223982,0.0,0.0,0.0,"[2.21656904342546, 6.905978159798522]",[],"[0.0, 0.0]",[],"[3.1194078036550255, 15.143533743073133]"
908,0,1880,True,True,1.0,5.99,7,7,True,2,9,73.57254556359217,"[2.599708074720392, 11.96182173448423, 2.5, 5.6585057027553765, 21.566840854816448, 11.05993080801612, 18.225738388799613]",35.69329276980095,"[2.0138861491409528, 5.66511047644885, 1.975, 3.2068172240745967, 9.411067933378416, 5.313373015126286, 8.108037971631848]",73.35546715013292,14.393322920129641,"[8.241304223750966, 6.1520186963786765]",35.60863218855184,7.6133959388505605,28.60863218855184,5.6133959388505605,"[6.52131535513286, 6.85381488795823, 4.78522082202233, 7.8941911968608585, 3.5218983860320594, 2.681487008977758, 3.350704531567744]","[4.214108647262877, 3.399287291587684]","[5.52131535513286, 5.85381488795823, 3.7852208220223305, 6.8941911968608585, 2.5218983860320594, 1.6814870089777576, 2.350704531567744]","[3.2141086472628766, 2.399287291587684]","[14.157218859315027, 15.009781763995463, 9.705694415441872, 17.677413325284252, 6.466406118030921, 4.3115051512250195, 6.027447516840369]"
908,0,1881,True,False,,0.0,2,2,,0,2,22.31957913841123,"[12.745773863682771, 9.573805274728455]",10.704635863980378,"[5.970851806836281, 4.7337840571440974]",19.182244064871078,0.0,[],9.481075185299721,0.0,0.0,0.0,"[4.550316774058482, 4.930758411241239]",[],"[0.0, 0.0]",[],"[9.103376343739697, 10.078867721131381]"
908,0,1882,True,False,,0.0,3,3,,0,3,20.269725762902173,"[6.407504348518811, 8.59896177689882, 5.263259637484541]",10.905193047531847,"[3.498926695922336, 4.35359509299054, 3.0526712586189713]",19.806593765899834,0.0,[],10.724571568700934,0.0,0.0,0.0,"[1.9865824590364642, 5.143066744135766, 3.5949223655287055]",[],"[0.0, 0.0, 0.0]",[],"[2.5296986129140104, 10.623248061886578, 6.653647091099245]"
908,0,1883,True,False,,0.0,3,3,,0,3,46.819733421559654,"[16.289267822484526, 14.857887357192945, 15.672578241882187]",21.259696034408268,"[7.352814450768965, 6.794576069305249, 7.112305514334053]",21.343893086492017,0.0,[],11.324118303731886,0.0,0.0,0.0,"[5.277239315325907, 4.071878988405979, 1.975]",[],"[0.0, 0.0, 0.0]",[],"[10.967280295707454, 7.876612790784563, 2.5]"
908,0,1884,True,True,1.0,5.99,5,5,True,1,6,42.309351039876965,"[3.030328878035355, 3.8070269609693286, 6.1435158421975595, 10.7040623130964, 18.624417045578323]",21.500646905552017,"[2.181828262433789, 2.4847405147780384, 3.395971178457048, 5.174584302107596, 8.263522647775545]",84.09617697621484,15.795546030291554,[15.795546030291554],37.79750902072379,7.160262951813706,32.79750902072379,6.160262951813706,"[10.37644978942221, 4.91217814971926, 8.240593063011069, 8.00861676988708, 6.259671248684165]",[7.160262951813706],"[9.37644978942221, 3.9121781497192596, 7.240593063011068, 7.008616769887079, 5.259671248684165]",[6.160262951813706],"[24.042178947236437, 10.031226024921178, 18.565623238489916, 17.97081223047969, 13.486336535087602]"
908,0,1885,True,False,,0.0,4,4,,0,4,49.51288862371113,"[12.407460255836, 24.366781629710573, 3.127122931400758, 9.611523806763797]",23.31002656324734,"[5.83890949977604, 10.503044835587124, 2.2195779432462954, 4.74849428463788]",26.649293762917356,0.0,[],14.393224567537771,0.0,0.0,0.0,"[3.9820372303330527, 3.207200996427051, 3.6920159327675703, 3.511970408010096]",[],"[0.0, 0.0, 0.0, 0.0]",[],"[7.646249308546288, 5.659489734428336, 6.902604955814283, 6.440949764128452]"
908,0,1886,True,True,1.0,5.99,11,2,,1,12,17.338971554888236,"[11.72879372730268, 5.610177827585556]",8.762198906406413,"[5.5742295536480455, 3.187969352758367]",10.601990815069474,3.557506097638319,[3.557506097638319],6.134776417877095,2.3874273780789443,4.134776417877095,1.3874273780789443,"[2.2795662726283603, 3.855210145248735]",[2.3874273780789443],"[1.2795662726283603, 2.855210145248735]",[1.3874273780789443],"[3.280939160585539, 7.321051654483935]"
908,0,1887,True,False,,0.0,4,4,,0,4,25.71575210294341,"[10.748104283779455, 3.037828535097413, 2.5, 9.429819284066543]",14.02914332014793,"[5.191760670673988, 2.184753128687991, 1.975, 4.677629520785952]",44.40388586590781,0.0,[],21.317515487704046,0.0,0.0,0.0,"[3.574806834500865, 9.035602108549478, 4.695203722154405, 4.011902822499298]",[],"[0.0, 0.0, 0.0, 0.0]",[],"[6.602068806412475, 20.604107970639685, 9.474881338857447, 7.722827749998199]"
908,0,1888,True,False,,0.0,3,3,,0,3,26.88269767400086,"[6.337941348999096, 10.151874265836947, 10.392882059164817]",13.484252092860336,"[3.4717971261096476, 4.95923096367641, 5.053224003074279]",32.317683939519405,0.0,[],15.603896736412565,0.0,0.0,0.0,"[6.876747794305905, 5.357682634560538, 3.3694663075461238]",[],"[0.0, 0.0, 0.0]",[],"[15.06858408796386, 11.173545216821893, 6.075554634733651]"
908,0,1889,True,False,,0.0,2,2,,0,2,19.421580515045694,"[4.030807780829956, 15.390772734215737]",9.574416400867822,"[2.572015034523683, 7.002401366344138]",21.28585513510864,0.0,[],10.30148350269237,0.0,0.0,0.0,"[5.0406797232370275, 5.260803779455343]",[],"[0.0, 0.0]",[],"[10.3607172390693, 10.92513789603934]"
908,0,1890,True,False,,0.0,1,1,,0,1,26.28101010083968,[26.28101010083968],11.249593939327475,[11.249593939327475],7.261436669529229,0.0,[],3.8319603011163994,0.0,0.0,0.0,[3.8319603011163994],[],[0.0],[],[7.261436669529229]
908,0,1891,True,False,,0.0,4,4,,0,4,37.27075626550645,"[5.809814867167394, 22.69754508232357, 6.263396316015491, 2.5]",18.53559494354752,"[3.265827798195284, 9.852042582106192, 3.4427245632460415, 1.975]",50.77795897911157,0.0,[],23.803404001853515,0.0,0.0,0.0,"[4.642531182104641, 4.348135721904727, 9.25725481149066, 5.555482286353486]",[],"[0.0, 0.0, 0.0, 0.0]",[],"[9.339823543858051, 8.584963389499299, 21.172448234591435, 11.680723811162785]"
908,0,1892,True,True,1.0,5.99,7,7,True,3,10,60.24553638484262,"[8.574405383792143, 9.349461082384654, 11.035950940799799, 8.795376075466836, 2.5, 8.94859986159258, 11.04174304080661]",30.495759190088627,"[4.3440180996789355, 4.646289822130015, 5.304020866911921, 4.430196669432066, 1.975, 4.489953946021107, 5.306279785914578]",67.99397878253666,23.19978063790715,"[13.46314347542761, 5.337773374764466, 4.398863787715072]",33.517651725189296,12.04791444878379,26.517651725189296,9.04791444878379,"[7.239206716049583, 4.136092863016688, 3.7147962981181246, 4.097598557760928, 3.705417583110028, 7.036839972395294, 3.5876997347386492]","[6.250625955416768, 3.081731616158142, 2.7155568772088783]","[6.239206716049583, 3.136092863016688, 2.7147962981181246, 3.0975985577609277, 2.705417583110028, 6.036839972395294, 2.5876997347386492]","[5.250625955416768, 2.081731616158142, 1.7155568772088783]","[15.997965938588676, 8.041263751324841, 6.961016149020832, 7.9425604045151985, 6.936968161820585, 15.479076852295623, 6.635127524970895]"
908,0,1893,True,False,,0.0,3,3,,0,3,26.81279404179253,"[10.326646769795637, 3.0038958393265776, 13.482251432670314]",13.456989676299088,"[5.027392240220299, 2.1715193773373653, 6.258078058741423]",37.96749610686008,0.0,[],17.807323481675432,0.0,0.0,0.0,"[3.8777342990748664, 6.675078129878633, 7.254511052721933]",[],"[0.0, 0.0, 0.0]",[],"[7.37880589506376, 14.551482384304187, 16.037207827492136]"
908,0,1894,True,False,,0.0,2,2,,0,2,11.255646946899132,"[8.755646946899132, 2.5]",6.389702309290662,"[4.414702309290662, 1.975]",16.049755422421093,0.0,[],8.259404614744225,0.0,0.0,0.0,"[3.403608620268797, 4.855795994475429]",[],"[0.0, 0.0]",[],"[6.163099026330248, 9.886656396090844]"
908,0,1895,True,True,1.0,5.99,5,5,True,4,9,43.96319116570204,"[10.263830099255173, 9.858127913999695, 8.5666231010716, 2.5406725533037573, 12.73393749807182]",22.1456445546238,"[5.002893738709518, 4.844669886459881, 4.340983009417924, 1.9908622957884654, 5.96623562424801]",43.41143992190463,26.14170171345717,"[4.326351268629919, 10.535471499121304, 5.797381130713221, 5.482497814992725]",21.930461569542803,14.195263668248298,16.930461569542807,10.195263668248298,"[5.174746510989597, 3.740078991797995, 3.1808664226358783, 5.319753440736205, 4.51501620338313]","[2.6872769947656687, 5.108833884657309, 3.2609786409781565, 3.1381741478471628]","[4.174746510989597, 2.740078991797995, 2.1808664226358783, 4.319753440736205, 3.51501620338313]","[1.6872769947656685, 4.108833884657309, 2.2609786409781565, 2.1381741478471628]","[10.70447823330666, 7.025843568712808, 5.591965186245841, 11.076290873682577, 9.012862059956744]"
908,0,1896,True,False,,0.0,1,1,,0,1,16.148164899688194,[16.148164899688194],7.297784310878396,[7.297784310878396],11.208312804566495,0.0,[],5.3712419937809335,0.0,0.0,0.0,[5.3712419937809335],[],[0.0],[],[11.208312804566495]
908,0,1897,True,False,,0.0,4,4,,0,4,40.77578190772197,"[19.36472354704017, 8.73635057306044, 7.917331732971879, 4.757376054649476]",19.90255494401157,"[8.552242183345667, 4.4071767234935715, 4.087759375859033, 2.8553766613132954]",64.76123935127812,0.0,[],29.25688334699847,0.0,0.0,0.0,"[6.7315193424012145, 5.673391142313719, 4.665264969132338, 12.1867078931512]",[],"[0.0, 0.0, 0.0, 0.0]",[],"[14.696203442054395, 11.983054211060818, 9.398115305467531, 28.683866392695382]"
908,0,1898,True,False,,0.0,1,1,,0,1,6.872693737086912,[6.872693737086912],3.6803505574638957,[3.6803505574638957],7.70574478326994,0.0,[],4.005240465475277,0.0,0.0,0.0,[4.005240465475277],[],[0.0],[],[7.70574478326994]
908,0,1899,True,False,,0.0,1,1,,0,1,2.7814881124771276,[2.7814881124771276],2.08478036386608,[2.08478036386608],12.112276474938657,0.0,[],5.7237878252260765,0.0,0.0,0.0,[5.7237878252260765],[],[0.0],[],[12.112276474938657]
908,0,1900,True,False,,0.0,1,1,,0,1,5.181290914470221,[5.181290914470221],3.0207034566433864,[3.0207034566433864],9.8763574707289,0.0,[],4.851779413584271,0.0,0.0,0.0,[4.851779413584271],[],[0.0],[],[9.8763574707289]
908,0,1901,True,False,,0.0,4,4,,0,4,42.59540760530553,"[8.008947105326547, 13.488791738661162, 15.51565147590728, 5.582017285410544]",20.612208966069158,"[4.123489371077353, 6.260628778077853, 7.051104075603839, 3.1769867413101123]",40.86221724687537,0.0,[],19.936264726281394,0.0,0.0,0.0,"[5.574366140556004, 7.04762313205828, 3.8678103478356407, 3.44646510583147]",[],"[0.0, 0.0, 0.0, 0.0]",[],"[11.729143950143598, 15.506725979636613, 7.353359866245232, 6.272987450849923]"
908,0,1902,True,False,,0.0,4,4,,0,4,26.158723850495086,"[6.648008212791499, 5.805872699955042, 2.66368060714605, 11.041162330602496]",14.201902301693085,"[3.592723202988685, 3.2642903529824667, 2.0388354367869597, 5.306053308934974]",56.99195515888261,0.0,[],26.22686251196422,0.0,0.0,0.0,"[3.6050470116098796, 5.824340607009804, 14.822474893344536, 1.975]",[],"[0.0, 0.0, 0.0, 0.0]",[],"[6.679607722076614, 12.370104120537958, 35.44224331626804, 2.5]"
908,0,1903,True,True,1.0,5.99,5,5,True,3,8,48.004366815356725,"[8.95195609831795, 5.798685676371233, 2.5, 20.49383774171011, 10.25988729895743]",23.72170305798912,"[4.491262878344001, 3.261487413784781, 1.975, 8.992596719266942, 5.001356046593398]",46.10800574734966,19.83298760005313,"[3.236026421682432, 7.571508812717505, 9.025452365653193]",22.98212224146637,10.734865164020722,17.98212224146637,7.7348651640207216,"[4.611453447907985, 5.101550827008939, 4.523977029185204, 3.5669811735817736, 5.1781597637824675]","[2.2620503044561486, 3.952888436959827, 4.519926422604746]","[3.611453447907985, 4.101550827008939, 3.5239770291852044, 2.5669811735817736, 4.1781597637824675]","[1.2620503044561484, 2.952888436959827, 3.5199264226047453]","[9.26013704591791, 10.516796992330612, 9.035838536372319, 6.582003009184035, 10.713230163544788]"
908,0,1904,True,False,,0.0,2,2,,0,2,27.139592964515295,"[14.924666074602705, 12.214926889912588]",12.584441256160964,"[6.820619769095055, 5.7638214870659095]",11.03356149538151,0.0,[],6.303088983198789,0.0,0.0,0.0,"[4.328088983198789, 1.975]",[],"[0.0, 0.0]",[],"[8.53356149538151, 2.5]"
908,0,1905,True,False,,0.0,4,4,,0,4,47.72091137552281,"[15.551262660944417, 9.917265171335954, 6.346043557270265, 15.906339985972176]",22.6111554364539,"[7.064992437768323, 4.867733416821022, 3.4749569873354034, 7.203472594529149]",51.9869590509189,0.0,[],24.27491402985837,0.0,0.0,0.0,"[3.14567149633799, 9.067997453983123, 7.4096828192055275, 4.651562260331731]",[],"[0.0, 0.0, 0.0, 0.0]",[],"[5.501721785482025, 20.687172958931086, 16.435084151809043, 9.362980154696745]"
908,0,1906,True,False,,0.0,3,3,,0,3,30.623733349485498,"[4.483162299029455, 8.756068373722515, 17.38450267673353]",14.943256006299343,"[2.7484332966214873, 4.414866665751781, 7.779956043926076]",24.15347696333083,0.0,[],12.419856015699025,0.0,0.0,0.0,"[5.6806163830125245, 2.376976942957024, 4.362262689729476]",[],"[0.0, 0.0, 0.0]",[],"[12.001580469262883, 3.5307101101462153, 8.621186383921732]"
908,0,1907,True,True,1.0,5.99,6,6,True,0,6,44.38602611797217,"[7.366723684317382, 10.909931539635458, 6.116797562365893, 11.678628011033165, 5.81394532062027, 2.5]",23.31055018600915,"[3.873022236883779, 5.254873300457829, 3.3855510493226983, 5.5546649243029345, 3.2674386750419053, 1.975]",38.16846029916707,0.0,[],20.885699516675157,0.0,14.885699516675157,0.0,"[2.3495964717454414, 4.455524703483032, 5.162572064091695, 2.7570236630909184, 3.510638132237555, 2.650344482026516]",[],"[1.3495964717454414, 3.4555247034830323, 4.162572064091695, 1.7570236630909184, 2.510638132237555, 1.6503444820265163]",[],"[3.4605037737062596, 8.860319752520596, 10.673261702799216, 4.505188879720303, 6.437533672403987, 4.231652518016708]"
908,0,1908,True,True,1.0,5.99,5,5,True,1,6,41.316993976408796,"[7.34077634427179, 6.969972384312235, 9.958415182380756, 12.126467462306927, 4.921362603137094]",21.113627650799433,"[3.862902774265998, 3.718289229881772, 4.883781921128495, 5.729322310299701, 2.919331415223467]",38.54450293317441,16.377131939449335,[16.377131939449335],20.032356143938017,7.387081456385241,15.032356143938019,6.387081456385241,"[3.163195585629452, 3.9603532329627193, 4.592428294914095, 3.477836807880211, 4.838542222551542]",[7.387081456385241],"[2.163195585629452, 2.9603532329627193, 3.5924282949140944, 2.477836807880211, 3.838542222551542]",[6.387081456385241],"[5.5466553477678255, 7.590649315289024, 9.211354602343832, 6.353427712513362, 9.842415955260364]"
908,0,1909,True,False,,0.0,4,4,,0,4,40.617044177561006,"[9.939372813656203, 15.887002655068436, 2.5, 12.290668708836368]",19.840647229248795,"[4.876355397325919, 7.19593103547669, 1.975, 5.7933607964461835]",28.728668265656864,0.0,[],15.204180623606177,0.0,0.0,0.0,"[2.593158822313529, 2.07813786742845, 5.412916242727858, 5.119967691136341]",[],"[0.0, 0.0, 0.0, 0.0]",[],"[4.085022621316741, 2.7644560703293584, 11.315169853148355, 10.564019720862412]"
908,0,1910,True,False,,0.0,2,2,,0,2,15.783560317172679,"[7.2436329330449, 8.539927384127779]",8.155588523697345,"[3.825016843887511, 4.330571679809834]",15.302549490495284,0.0,[],7.967994301293161,0.0,0.0,0.0,"[4.485793698476262, 3.4822006028168992]",[],"[0.0, 0.0]",[],"[8.937932560195543, 6.364616930299741]"
908,0,1911,True,False,,0.0,3,3,,0,3,22.961515488802544,"[11.03395792244379, 2.5, 9.427557566358754]",11.954991040632992,"[5.3032435897530785, 1.975, 4.676747450879914]",15.932535228433025,0.0,[],9.21368873908888,0.0,0.0,0.0,"[1.975, 2.5985734765412385, 4.640115262547642]",[],"[0.0, 0.0, 0.0]",[],"[2.5, 4.09890635010574, 9.333628878327286]"
908,0,1912,True,False,,0.0,4,4,,0,4,25.061674788982156,"[9.55159474196134, 5.64969115983065, 6.404826008758618, 3.455562878431546]",13.77405316770304,"[4.725121949364922, 3.2033795523339537, 3.497882143415861, 2.347669522588303]",34.130363290393106,0.0,[],17.31084168325331,0.0,0.0,0.0,"[3.3812062776490355, 5.5390306760845975, 4.725386248192269, 3.6652184813274094]",[],"[0.0, 0.0, 0.0, 0.0]",[],"[6.105657122177013, 11.638540195088712, 9.552272431262226, 6.833893541865152]"
908,0,1913,True,False,,0.0,3,3,,0,3,32.17373939028059,"[16.11792924761087, 4.83684818011691, 11.218961962552806]",15.547758362209429,"[7.28599240656824, 2.8863707902455946, 5.375395165395594]",38.091535585058466,0.0,[],17.855698878172802,0.0,0.0,0.0,"[4.253484545080419, 3.7331993459842865, 9.869014987108097]",[],"[0.0, 0.0, 0.0]",[],"[8.342268064308767, 7.0082034512417595, 22.74106406950794]"
908,0,1914,True,False,,0.0,1,1,,0,1,9.001079582675198,[9.001079582675198],4.5104210372433275,[4.5104210372433275],7.863467439815887,0.0,[],4.0667523015281954,0.0,0.0,0.0,[4.0667523015281954],[],[0.0],[],[7.863467439815887]
908,0,1915,True,False,,0.0,4,4,,0,4,61.67961315647674,"[17.738195776967753, 22.34239739893296, 11.423762399412354, 10.17525758116367]",28.055049131025925,"[7.917896353017424, 9.713534985583854, 5.455267335770818, 4.968350456653832]",57.485199487089176,0.0,[],26.419227799964784,0.0,0.0,0.0,"[10.934469401827636, 5.136295467893407, 5.71928570927277, 4.629177220970969]",[],"[0.0, 0.0, 0.0, 0.0]",[],"[25.472998466224706, 10.6058858151113, 12.100732587878896, 9.305582617874279]"
908,0,1916,True,False,,0.0,4,4,,0,4,32.150551036969794,"[12.277807176454692, 2.6158384638341072, 11.480665365708141, 5.776240030972852]",16.53871490441822,"[5.78834479881733, 2.020177000895302, 5.477459492626175, 3.2527336120794126]",68.13940854534388,0.0,[],30.57436933268411,0.0,0.0,0.0,"[7.239239767074925, 11.183940062835546, 3.991256087955861, 8.159933414817779]",[],"[0.0, 0.0, 0.0, 0.0]",[],"[15.998050684807499, 26.11266682778345, 7.669887405015029, 18.358803627737895]"
908,0,1917,True,False,,0.0,2,2,,0,2,12.390168594522251,"[3.198839603333211, 9.19132899118904]",6.832165751863679,"[2.2475474452999524, 4.584618306563726]",12.79462102095766,0.0,[],6.989902198173487,0.0,0.0,0.0,"[4.883180662892485, 2.1067215352810025]",[],"[0.0, 0.0]",[],"[9.956873494596115, 2.837747526361545]"
908,0,1918,True,False,,0.0,3,3,,0,3,32.451459705178905,"[13.981879717335573, 8.967820846475504, 9.501759141367831]",15.656069285019775,"[6.452933089760874, 4.497450130125447, 4.705686065133454]",25.607219728544635,0.0,[],12.986815694132408,0.0,0.0,0.0,"[5.233974784388395, 2.6326717157573096, 5.120169193986704]",[],"[0.0, 0.0, 0.0]",[],"[10.856345600995883, 4.186337732711051, 10.564536394837702]"
908,0,1919,True,False,,0.0,1,1,,0,1,6.776794944925857,[6.776794944925857],3.6429500285210845,[3.6429500285210845],12.325748742823462,0.0,[],5.80704200970115,0.0,0.0,0.0,[5.80704200970115],[],[0.0],[],[12.325748742823462]
908,0,1920,True,False,,0.0,2,2,,0,2,32.810052221557854,"[15.475293751622685, 17.334758469935167]",14.795920366407563,"[7.035364563132847, 7.760555803274715]",9.100896415562307,0.0,[],5.5493496020693005,0.0,0.0,0.0,"[3.5743496020693, 1.975]",[],"[0.0, 0.0]",[],"[6.600896415562307, 2.5]"
908,0,1921,True,True,1.0,5.99,8,3,,5,13,24.683228751261858,"[11.880547315349453, 10.042031209601635, 2.760650226310771]",12.626459212992128,"[5.633413452986287, 4.916392171744638, 2.076653588261201]",18.13860582199801,47.31186222372096,"[4.098381361589525, 17.54588890912889, 7.476973220458198, 9.791625713257886, 8.398993019286456]",10.074056270579224,23.451626267251175,7.074056270579224,18.45162626725117,"[3.1648851533487083, 2.5756079817773543, 4.333563135453161]","[2.5983687310199146, 7.842896674560268, 3.916019555978697, 4.818734028170576, 4.275607277521718]","[2.1648851533487083, 1.5756079817773543, 3.3335631354531614]","[1.5983687310199148, 6.842896674560268, 2.916019555978697, 3.8187340281705757, 3.275607277521718]","[5.550987572688996, 4.04002046609578, 8.547597783213234]"
908,0,1922,True,True,1.0,5.99,5,5,True,2,7,64.11411509323142,"[9.557596606254835, 26.34489282107559, 9.365927651299314, 5.019074890134016, 13.826623124467659]",30.00450488636025,"[4.7274626764393854, 11.274508200219481, 4.6527117840067325, 2.9574392071522664, 6.392383018542387]",39.238594300801914,7.679538807598956,"[5.033917442742791, 2.6456213648561655]",20.303051777312746,4.9950201349635925,15.303051777312746,2.995020134963593,"[5.83213719265525, 2.5780830348038615, 5.553256399687693, 3.4117312438236875, 2.9278439063422548]","[2.9632278026696883, 2.0317923322939047]","[4.83213719265525, 1.5780830348038617, 4.553256399687693, 2.4117312438236875, 1.9278439063422548]","[1.9632278026696883, 1.0317923322939047]","[12.390095365782694, 4.0463667559073375, 11.675016409455623, 6.183926266214583, 4.943189503441679]"
908,0,1923,True,False,,0.0,2,2,,0,2,11.47892965774241,"[4.407848285850995, 7.071081371891416]",6.476782566519541,"[2.719060831481888, 3.757721735037652]",21.985591723321818,0.0,[],10.574380772095509,0.0,0.0,0.0,"[5.902583304500274, 4.671797467595235]",[],"[0.0, 0.0]",[],"[12.570726421795573, 9.414865301526243]"
908,0,1924,True,False,,0.0,3,3,,0,3,30.4930853355712,"[7.467645862467179, 3.353908594132004, 19.67153087897202]",14.89230328087277,"[3.9123818863622, 2.308024351711482, 8.671897042799088]",15.990007011459436,0.0,[],9.236102734469181,0.0,0.0,0.0,"[2.2673666024070487, 4.603456264923339, 2.365279867138793]",[],"[0.0, 0.0, 0.0]",[],"[3.249657954889868, 9.239631448521381, 3.5007176080481877]"
908,0,1925,True,False,,0.0,1,1,,0,1,12.211536863231682,[12.211536863231682],5.762499376660356,[5.762499376660356],5.269136073661162,0.0,[],3.0549630687278535,0.0,0.0,0.0,[3.0549630687278535],[],[0.0],[],[5.269136073661162]
908,0,1926,True,False,,0.0,2,2,,0,2,6.279850524768083,"[3.740237293923755, 2.5396132308443278]",4.449141704659553,"[2.4586925446302645, 1.990449160029288]",6.914217583892788,0.0,[],4.696544857718187,0.0,0.0,0.0,"[1.9813340719219215, 2.715210785796266]",[],"[0.0, 0.0]",[],"[2.516241210056209, 4.397976373836579]"
908,0,1927,True,False,,0.0,2,2,,0,2,50.06382660721535,"[38.35479849988384, 11.709028107331502]",21.524892376813987,"[15.9583714149547, 5.566520961859286]",21.4350647454594,0.0,[],10.359675250729165,0.0,0.0,0.0,"[5.107172744774838, 5.252502505954328]",[],"[0.0, 0.0]",[],"[10.531212166089327, 10.90385257937007]"
908,0,1928,True,True,1.0,5.99,5,5,True,1,6,41.945649612761514,"[5.308390562333828, 2.7828842309852826, 14.050481757012637, 10.645638137565813, 9.158254924863952]",21.35880334897699,"[3.070272319310193, 2.0853248500842603, 6.479687885234928, 5.151798873650667, 4.571719420696942]",38.25394169577662,9.715302734952159,[9.715302734952159],19.91903726135288,4.788968066631343,14.91903726135288,3.7889680666313423,"[2.535807533686962, 3.16058506475041, 3.43063821916112, 3.326526667119328, 7.465479776635061]",[4.788968066631343],"[1.5358075336869619, 2.16058506475041, 2.43063821916112, 2.326526667119328, 6.465479776635061]",[3.7889680666313423],"[3.937968035094774, 5.539961704488231, 6.2324056901567175, 5.9654529926136615, 16.578153273423233]"
908,0,1929,True,False,,0.0,4,4,,0,4,36.25518730635383,"[8.586898344430308, 16.46860142544357, 3.9509708186946035, 7.248716717785353]",18.139523049477997,"[4.34889035432782, 7.422754555922992, 2.540878619290895, 3.8269995199362876]",37.082759229322775,0.0,[],18.462276099435883,0.0,0.0,0.0,"[3.461777557892839, 5.22085980129689, 2.700575167203852, 7.079063573042303]",[],"[0.0, 0.0, 0.0, 0.0]",[],"[6.312250148443177, 10.822717439222794, 4.360449146676543, 15.587342494980263]"
908,0,1930,True,False,,0.0,1,1,,0,1,18.895915597019954,[18.895915597019954],8.369407082837782,[8.369407082837782],3.8352192189301557,0.0,[],2.495735495382761,0.0,0.0,0.0,[2.495735495382761],[],[0.0],[],[3.8352192189301557]
908,0,1931,True,False,,0.0,1,1,,0,1,10.474952284969495,[10.474952284969495],5.0852313911381035,[5.0852313911381035],14.937262743714257,0.0,[],6.82553247004856,0.0,0.0,0.0,[6.82553247004856],[],[0.0],[],[14.937262743714257]
908,0,1932,True,False,,0.0,3,3,,0,3,41.72020642258527,"[9.5670103786008, 27.223246709170514, 4.929949334813953]",19.270880504808254,"[4.7311340476543124, 11.6170662165765, 2.9226802405774417]",44.25586249067443,0.0,[],20.259786371363028,0.0,0.0,0.0,"[3.4933824781307696, 8.008215472243709, 8.75818842098855]",[],"[0.0, 0.0, 0.0]",[],"[6.393288405463512, 17.969783262163357, 19.892790823047562]"
908,0,1933,True,False,,0.0,3,3,,0,3,45.785125539576214,"[9.006672354827547, 17.409334663955917, 19.369118520792746]",20.856198960434725,"[4.512602218382743, 7.789640518942808, 8.553956223109171]",32.959750103516846,0.0,[],15.85430254037157,0.0,0.0,0.0,"[2.222659019210021, 11.494951326700653, 2.136692194460897]",[],"[0.0, 0.0, 0.0]",[],"[3.1350231261795405, 26.91013160692475, 2.914595370412557]"
908,0,1934,True,True,1.0,5.99,5,5,True,2,7,30.52330927848958,"[8.358210223049724, 8.28693433969483, 8.77366289009671, 2.5, 2.6045018256483177]",16.904090618610937,"[4.259701986989393, 4.231904392480983, 4.421728527137717, 1.975, 2.0157557120028438]",38.13438069039595,13.738657877529532,"[5.480846070070102, 8.25781180745943]",19.872408469254424,7.358076572236517,14.87240846925442,5.358076572236517,"[1.975, 4.108871303988778, 5.467190066591097, 2.0491174222378374, 6.2722296764367105]","[3.13752996732734, 4.2205466049091775]","[0.9750000000000001, 3.1088713039887774, 4.467190066591097, 1.0491174222378372, 5.2722296764367105]","[2.13752996732734, 3.2205466049091775]","[2.5, 7.971464882022506, 11.454333504079734, 2.6900446724047105, 13.518537631889002]"
908,0,1935,True,False,,0.0,1,1,,0,1,9.125883657777207,[9.125883657777207],4.559094626533111,[4.559094626533111],4.578474527192019,0.0,[],2.785605065604887,0.0,0.0,0.0,[2.785605065604887],[],[0.0],[],[4.578474527192019]
908,0,1936,True,True,1.0,5.99,7,7,True,2,9,72.42798084879064,"[5.5332328248256895, 4.985677960412083, 15.725439840100544, 15.077317827812275, 12.566352023801416, 6.1732315448324195, 12.366728827006217]",35.24691253102835,"[3.157960801682019, 2.9444144045607126, 7.132921537639212, 6.880153952846787, 5.900877289282552, 3.4075603024846437, 5.823024242532425]",70.03629790435537,24.82498215113266,"[6.018967551199074, 18.806014599933587]",34.31415618269859,11.68174303894174,27.31415618269859,9.681743038941738,"[3.5866598505896907, 3.00928690994331, 3.3978003989385814, 6.086662980962258, 6.637038640349754, 5.8325045180954245, 5.7642028838195705]","[3.347397344967639, 8.3343456939741]","[2.5866598505896907, 2.00928690994331, 2.3978003989385814, 5.086662980962258, 5.637038640349754, 4.8325045180954245, 4.7642028838195705]","[2.347397344967639, 7.334345693974099]","[6.632461155358181, 5.152017717803359, 6.148206151124568, 13.042725592210918, 14.453945231666035, 12.391037225885704, 12.215904830306592]"
908,0,1937,True,False,,0.0,2,2,,0,2,15.107950078608898,"[10.924872875508479, 4.18307720310042]",7.892100530657471,"[5.260700421448307, 2.6314001092091637]",26.737591139814565,0.0,[],12.42766054452768,0.0,0.0,0.0,"[7.3636219146613895, 5.064038629866291]",[],"[0.0, 0.0]",[],"[16.316979268362537, 10.420611871452028]"
908,0,1938,True,False,,0.0,1,1,,0,1,3.785735745578333,[3.785735745578333],2.47643694077555,[2.47643694077555],5.48060299343414,0.0,[],3.1374351674393144,0.0,0.0,0.0,[3.1374351674393144],[],[0.0],[],[5.48060299343414]
908,0,1939,True,False,,0.0,1,1,,0,1,5.021083878485207,[5.021083878485207],2.958222712609231,[2.958222712609231],10.066318218971572,0.0,[],4.925864105398913,0.0,0.0,0.0,[4.925864105398913],[],[0.0],[],[10.066318218971572]
908,0,1940,True,False,,0.0,3,3,,0,3,37.717692409578916,"[16.387249682916302, 3.940472328711493, 17.38997039795112]",17.70990003973578,"[7.391027376337358, 2.5367842081974823, 7.782088455200937]",19.328551649712455,0.0,[],10.538135143387859,0.0,0.0,0.0,"[2.055291208390151, 3.331301606564656, 5.1515423284330515]",[],"[0.0, 0.0, 0.0]",[],"[2.7058748933080787, 5.977696427088862, 10.644980329315516]"
908,0,1941,True,False,,0.0,2,2,,0,2,15.825305924778597,"[2.8644678782942523, 12.960838046484344]",8.171869310663652,"[2.1171424725347583, 6.054726838128895]",20.309768639663538,0.0,[],9.92080976946878,0.0,0.0,0.0,"[3.4948997502800014, 6.4259100191887795]",[],"[0.0, 0.0]",[],"[6.397178846871798, 13.912589792791742]"
908,0,1942,True,True,1.0,5.99,6,6,True,0,6,65.7536482747619,"[13.9631417974704, 8.559717829266035, 9.424944411697878, 16.405226467056654, 5.009229787447687, 12.391387981823256]",31.64392282715714,"[6.445625301013456, 4.338289953413754, 4.675728320562172, 7.398038322152095, 2.953599617104598, 5.83264131291107]",93.97909139649435,0.0,[],42.6518456446328,0.0,36.6518456446328,0.0,"[3.476421855818407, 4.651699788596136, 5.129266760122879, 2.8495865106965548, 16.43631956429033, 10.10855116510849]",[],"[2.476421855818407, 3.6516997885961358, 4.129266760122879, 1.849586510696555, 15.43631956429033, 9.10855116510849]",[],"[6.3497996303036075, 9.363332791272143, 10.58786348749456, 4.742529514606551, 39.58030657510341, 23.35525939771408]"
908,0,1943,True,False,,0.0,2,2,,0,2,15.330321963697418,"[5.440865803875787, 9.889456159821632]",7.978825565841993,"[3.1219376635115568, 4.8568879023304365]",33.04065089789118,0.0,[],14.885853850177561,0.0,0.0,0.0,"[5.848254941410915, 9.037598908766647]",[],"[0.0, 0.0]",[],"[12.431422926694655, 20.609227971196532]"
908,0,1944,True,False,,0.0,3,3,,0,3,34.18780318214859,"[5.012133495741934, 20.2373838322611, 8.938285854145558]",16.33324324103795,"[2.954732063339354, 8.89257969458183, 4.485931483116768]",43.05595988453917,0.0,[],19.791824354970277,0.0,0.0,0.0,"[3.0083098302709295, 6.457031280116899, 10.326483244582448]",[],"[0.0, 0.0, 0.0]",[],"[5.149512385310076, 13.99238789773564, 23.914059601493456]"
908,0,1945,True,True,1.0,5.99,6,6,True,3,9,56.97306334787389,"[3.249300066258978, 4.123093016202766, 14.389668224931672, 12.126327598756498, 7.156466700053504, 15.92820774167047]",28.21949470567082,"[2.2672270258410014, 2.6080062763190788, 6.611970607723352, 5.729267763515034, 3.7910220130208665, 7.212001019251483]",79.03776181354657,39.611457755197975,"[21.95903466283427, 12.495260717535194, 5.157162374828513]",36.82472710728316,18.44846852452721,30.824727107283156,15.448468524527211,"[5.319194089088581, 8.229232865889937, 6.61963295894478, 3.0478589117926873, 8.464271496197448, 5.144536785369724]","[9.564023518505365, 5.873151679838726, 3.01129332618312]","[4.319194089088581, 7.229232865889937, 5.61963295894478, 2.0478589117926873, 7.464271496197447, 4.144536785369724]","[8.564023518505365, 4.873151679838726, 2.01129332618312]","[11.07485663868867, 18.536494527922915, 14.40931527934559, 5.250920286647916, 19.139157682557556, 10.62701739838391]"
908,0,1946,True,False,,0.0,4,4,,0,4,21.77685415765649,"[3.539512219398053, 3.2411642702227272, 9.001695533407995, 5.994482134627716]",12.492973121486031,"[2.3804097655652408, 2.2640540653868637, 4.510661258029119, 3.337848032504809]",31.0901685841864,0.0,[],16.125165747832696,0.0,0.0,0.0,"[2.7409649554932134, 2.4031154877575003, 7.099825758739982, 3.8812595458420014]",[],"[0.0, 0.0, 0.0, 0.0]",[],"[4.464012706392854, 3.5977320198910263, 15.640578868564056, 7.387844989338465]"
908,0,1947,True,False,,0.0,4,4,,0,4,45.590844507406125,"[9.687454179536502, 14.359921219934405, 2.5, 19.043469107935216]",21.780429357888387,"[4.778107130019236, 6.600369275774418, 1.975, 8.426952952094734]",44.982258324192614,0.0,[],21.54308074643512,0.0,0.0,0.0,"[2.2342296936889223, 8.886799978343827, 6.1439126901944245, 4.278138384207946]",[],"[0.0, 0.0, 0.0, 0.0]",[],"[3.1646915222792873, 20.22256404703545, 13.189519718447242, 8.40548303643063]"
908,0,1948,True,False,,0.0,4,4,,0,4,39.237016489260355,"[8.09750002431297, 20.411244578483018, 6.657457521377328, 4.070814365087044]",19.30243643081154,"[4.158025009482058, 8.960385385608376, 3.596408433337158, 2.587617602383947]",42.066343704998374,0.0,[],20.405874044949368,0.0,0.0,0.0,"[2.7745266882641912, 2.3181290705620956, 10.900669695416353, 4.412548590706727]",[],"[0.0, 0.0, 0.0, 0.0]",[],"[4.550068431446644, 3.3798181296463983, 25.38633255234962, 8.750124591555709]"
908,0,1949,True,True,1.0,5.99,7,7,True,1,8,76.12635454042467,"[10.215367351559776, 12.428526514311457, 5.180904756919431, 16.869345219889045, 7.928210658124367, 11.305909481049142, 12.198090558571446]",36.68927827076562,"[4.983993267108312, 5.847125340581468, 3.020552855198578, 7.579044635756728, 4.092002156668503, 5.409304697609166, 5.757255317842864]",58.87810896015818,10.192605240734347,[10.192605240734347],29.96246249446169,4.975116043886395,22.96246249446169,3.9751160438863953,"[3.5502714133149986, 3.078324440221784, 5.895987848901934, 2.4841392094489265, 6.764583260992625, 4.3263383121539185, 3.8628180094275026]",[4.975116043886395],"[2.5502714133149986, 2.078324440221784, 4.895987848901934, 1.4841392094489263, 5.764583260992625, 3.326338312153918, 2.8628180094275026]",[3.9751160438863953],"[6.539157470038458, 5.329037026209702, 12.553814997184446, 3.8054851524331443, 14.78098272049391, 8.529072595266456, 7.340558998532058]"
908,0,1950,True,True,1.0,5.99,6,6,True,1,7,65.46168016421576,"[19.498136284505154, 9.364311395865595, 10.73487896840657, 3.3124845107123964, 10.916044206650641, 11.63582479807541]",31.53005526404415,"[8.60427315095701, 4.652081444387582, 5.186602797678562, 2.291868959177835, 5.25725724059375, 5.53797167124941]",66.05738414563785,11.428988495476244,[11.428988495476244],31.762379816798763,5.4573055132357355,25.76237981679876,4.4573055132357355,"[6.681245617352204, 2.2541177024589683, 8.591391931472764, 7.674278041649313, 2.349098041741703, 4.2122484821238135]",[5.4573055132357355],"[5.681245617352204, 1.2541177024589683, 7.591391931472763, 6.674278041649313, 1.349098041741703, 3.212248482123813]",[4.4573055132357355],"[14.56729645474924, 3.215686416561457, 19.465107516596827, 17.113533440126442, 3.4592257480556485, 8.236534569548239]"
908,0,1951,True,False,,0.0,1,1,,0,1,9.738383115059012,[9.738383115059012],4.797969414873014,[4.797969414873014],2.5,0.0,[],1.975,0.0,0.0,0.0,[1.975],[],[0.0],[],[2.5]
908,0,1952,True,True,1.0,5.99,5,5,True,1,6,29.963388712391293,"[4.099635345918265, 8.229788811144033, 2.831307497296007, 7.087261559949763, 7.715395498083225]",16.685721597832604,"[2.598857784908123, 4.209617636346173, 2.104209923945443, 3.7640320083804077, 4.009004244252457]",48.01205537604741,4.559038607552152,[4.559038607552152],23.724701596658488,2.7780250569453395,18.72470159665849,1.7780250569453393,"[4.261689613196051, 7.976628950403493, 3.2664645332844695, 2.0576742080846726, 6.162244291689803]",[2.7780250569453395],"[3.2616896131960513, 6.976628950403493, 2.2664645332844695, 1.0576742080846728, 5.162244291689803]",[1.7780250569453393],"[8.363306700502696, 17.888792180521776, 5.811447521242229, 2.7119851489350584, 13.236523824845648]"
908,0,1953,True,False,,0.0,3,3,,0,3,34.76045952954104,"[13.688933147959416, 10.729825291202022, 10.341701090379601]",16.556579216521005,"[6.338683927704173, 5.1846318635687885, 5.033263425248045]",22.903293147647535,0.0,[],11.932284327582538,0.0,0.0,0.0,"[4.755031008721982, 3.5421499276179453, 3.6351033912426103]",[],"[0.0, 0.0, 0.0]",[],"[9.628284637748672, 6.518333147738321, 6.756675362160539]"
908,0,1954,True,False,,0.0,2,2,,0,2,27.563490785416544,"[7.6278972431271574, 19.935593542289386]",12.749761406312452,"[3.9748799248195916, 8.77488148149286]",28.574821046803983,0.0,[],13.144180208253555,0.0,0.0,0.0,"[8.608936385821035, 4.53524382243252]",[],"[0.0, 0.0]",[],"[19.51009329697701, 9.064727749826973]"
908,0,1955,True,False,,0.0,3,3,,0,3,21.106528401326187,"[5.877207620763773, 11.991727159875758, 3.2375936206866545]",11.231546076517214,"[3.2921109720978716, 5.676773592351545, 2.2626615120677953]",31.418356335119974,0.0,[],15.253158970696791,0.0,0.0,0.0,"[5.636573583034719, 7.161939640512537, 2.454645747149536]",[],"[0.0, 0.0, 0.0]",[],"[11.888650212909535, 15.799845232083426, 3.729860890127015]"
908,0,1956,True,True,1.0,5.99,6,6,True,2,8,46.50567040440442,"[6.891919474513087, 4.584754630067964, 4.60226850246034, 8.34881097462336, 7.856549826276069, 14.221366996463594]",24.137211457717722,"[3.687848595060104, 2.788054305726506, 2.7948847159595323, 4.25603628010311, 4.0640544322476675, 6.546333128620802]",57.11381357658028,19.267854955358374,"[8.845589162196143, 10.42226579316223]",28.27438729486631,9.514463432589768,22.27438729486631,7.514463432589766,"[5.617243233956408, 5.002764669993718, 2.6720566451619083, 6.159321245039302, 3.96406906081276, 4.858932439902215]","[4.4497797732564965, 5.06468365933327]","[4.617243233956408, 4.002764669993718, 1.672056645161908, 5.159321245039302, 2.96406906081276, 3.858932439902215]","[3.449779773256496, 4.06468365933327]","[11.83908521527284, 10.263499153830047, 4.28732473118438, 13.229028833434107, 7.600177079007077, 9.894698563851833]"
908,0,1957,True,False,,0.0,3,3,,0,3,26.888036793540092,"[8.542112760209138, 11.780752781750742, 6.565171251580215]",13.486334349480636,"[4.331423976481563, 5.594493584882789, 3.560416788116284]",18.00521452899477,0.0,[],10.02203366630796,0.0,0.0,0.0,"[2.676804297272205, 2.413981488835048, 4.931247880200708]",[],"[0.0, 0.0, 0.0]",[],"[4.2994981981338585, 3.625593561115508, 10.080122769745403]"
908,0,1958,True,False,,0.0,4,4,,0,4,28.461679907982493,"[2.5, 10.388599789888989, 6.166307454425421, 9.406772663668084]",15.100055164113172,"[1.975, 5.0515539180567055, 3.404859907225914, 4.668641338830553]",22.781802943163576,0.0,[],12.884903147833795,0.0,0.0,0.0,"[4.846622242046019, 2.189471614000304, 2.1506402750561904, 3.698169016731281]",[],"[0.0, 0.0, 0.0, 0.0]",[],"[9.863133953964152, 3.0499272153853956, 2.950359679631258, 6.918382094182771]"
908,0,1959,True,False,,0.0,3,3,,0,3,26.223373741882234,"[9.477811982772996, 12.777328748946836, 3.9682330101623986]",13.227115759334069,"[4.696346673281468, 5.983158212089267, 2.547610873963335]",30.611086454711163,0.0,[],14.938323717337354,0.0,0.0,0.0,"[5.40019909965419, 4.99433889096033, 4.5437857267228345]",[],"[0.0, 0.0, 0.0]",[],"[11.282561793985103, 10.241894592205975, 9.086630068520089]"
908,0,1960,True,False,,0.0,1,1,,0,1,6.064155876648949,[6.064155876648949],3.3650207918930906,[3.3650207918930906],15.577117192928515,0.0,[],7.075075705242122,0.0,0.0,0.0,[7.075075705242122],[],[0.0],[],[15.577117192928515]
908,0,1961,True,False,,0.0,4,4,,0,4,24.634809049031766,"[5.595062069141488, 2.8631880601131536, 3.0463526716980014, 13.130206248079123]",13.60757552912239,"[3.18207420696518, 2.11664334344413, 2.1880775419622207, 6.1207804367508585]",43.421567343778314,0.0,[],20.93441126407354,0.0,0.0,0.0,"[5.256526991535523, 3.125198290441277, 8.254971013566937, 4.297714968529803]",[],"[0.0, 0.0, 0.0, 0.0]",[],"[10.914171773168007, 5.449226385746864, 18.602489778376764, 8.455679406486675]"
908,0,1962,True,False,,0.0,2,2,,0,2,17.230548400339686,"[11.64042978319376, 5.590118617145926]",8.719913876132479,"[5.539767615445567, 3.1801462606869113]",20.753712891863834,0.0,[],10.093948027826897,0.0,0.0,0.0,"[4.924228336297528, 5.169719691529369]",[],"[0.0, 0.0]",[],"[10.06212393922443, 10.691588952639407]"
908,0,1963,True,False,,0.0,3,3,,0,3,18.54275325636624,"[2.5, 6.6846057224602164, 9.358147533906022]",10.231673769982834,"[1.975, 3.6069962317594846, 4.649677538223349]",35.968034665764165,0.0,[],17.027533519648024,0.0,0.0,0.0,"[4.657846788577045, 6.305007920537538, 6.064678810533442]",[],"[0.0, 0.0, 0.0]",[],"[9.37909432968473, 13.602584411634712, 12.986355924444723]"
908,0,1964,True,False,,0.0,3,3,,0,3,28.90461907242335,"[12.316693698461606, 4.674844734758849, 11.913080639202898]",14.272801438245107,"[5.803510542400026, 2.823189446555951, 5.64610144928913]",26.147934923647142,0.0,[],13.197694620222386,0.0,0.0,0.0,"[5.004632333419688, 2.468013082045668, 5.72504920475703]",[],"[0.0, 0.0, 0.0]",[],"[10.268288034409457, 3.764136107809405, 12.115510781428283]"
908,0,1965,True,False,,0.0,1,1,,0,1,13.833974234960449,[13.833974234960449],6.395249951634575,[6.395249951634575],5.019514099987991,0.0,[],2.957610498995317,0.0,0.0,0.0,[2.957610498995317],[],[0.0],[],[5.019514099987991]
908,0,1966,True,True,1.0,5.99,8,8,True,4,12,92.3646322378496,"[16.640939757520325, 7.434612624203265, 8.380410966739845, 5.4396680697813755, 7.418900791682501, 17.114942720426555, 19.903828210654577, 10.031329096841157]",44.02220657276135,"[7.489966505432927, 3.8994989234392734, 4.26836027702854, 3.1214705472147366, 3.8933713087561754, 7.674827660966357, 8.762493002155285, 4.912218347768052]",77.23866909732071,22.325367054581577,"[3.2859576659270426, 1.8142093291525763, 8.112756694662039, 9.11244336483992]",38.123080947955074,12.706893151286815,30.123080947955074,8.706893151286817,"[3.5255540876390485, 3.6924670254431256, 4.609623098218568, 4.601609700687116, 2.4184982378767925, 10.606989901420988, 4.483788869394948, 4.184550027274489]","[2.281523489711547, 1.7075416383695048, 4.163975110918195, 4.553852912287569]","[2.5255540876390485, 2.6924670254431256, 3.609623098218568, 3.601609700687116, 1.4184982378767923, 9.606989901420988, 3.483788869394948, 3.184550027274489]","[1.2815234897115466, 0.7075416383695048, 3.1639751109181953, 3.553852912287569]","[6.475779711894996, 6.903761603700322, 9.255443841586072, 9.234896668428503, 3.637174968914852, 24.633307439540992, 8.932791972807559, 8.165512890447408]"
908,0,1967,True,True,1.0,5.99,5,5,True,6,11,49.85914450702789,"[6.3623312825277045, 8.273406625204826, 5.98627571067126, 21.92233893930251, 7.3147919493215845]",24.445066357740874,"[3.481309200185805, 4.226628583829882, 3.3346475271617915, 9.549712186327978, 3.852768860235418]",39.59639250319278,49.96482741456609,"[8.81646511721036, 5.599619896738152, 17.359049321819747, 2.292816465427516, 12.140209085819649, 3.7566675275506647]",20.442593076245185,25.486282691680774,15.442593076245185,19.486282691680774,"[3.9262520559781846, 4.162505017491059, 4.509888998605037, 4.3995134650773675, 3.4444335390935383]","[4.438421395712041, 3.1838517597278795, 7.770029235509702, 1.8941984215167311, 5.734681543469663, 2.465100335744759]","[2.9262520559781846, 3.1625050174910587, 3.5098889986050366, 3.3995134650773675, 2.4444335390935383]","[3.4384213957120404, 2.1838517597278795, 6.770029235509702, 0.8941984215167312, 4.734681543469663, 1.4651003357447592]","[7.503210399944063, 8.108987224336047, 8.999715381038556, 8.71670119250607, 6.267778305368047]"
908,0,1968,True,True,1.0,5.99,7,7,True,3,10,66.83027384234406,"[13.64373403376468, 3.701442579379248, 11.030375160561334, 17.09181776686101, 8.240954020919013, 9.284593053124055, 3.837357227734718]",33.063806798514186,"[6.321056273168225, 2.443562605957907, 5.30184631261892, 7.665808929075793, 4.213972068158415, 4.620991290718382, 2.4965693188165403]",48.56843549660512,18.622242247982598,"[7.574921575448069, 5.482010103335473, 5.565310569199057]",25.941689843675995,10.262674476713215,18.941689843675995,7.262674476713214,"[2.8167135650910247, 4.334575047837658, 3.8248176271407273, 5.784769117414471, 2.0635555451016474, 2.865655581628811, 4.251603359461658]","[3.954219414424747, 3.1379839403008347, 3.1704711219876325]","[1.8167135650910249, 3.334575047837658, 2.8248176271407273, 4.784769117414471, 1.0635555451016472, 1.8656555816288112, 3.251603359461658]","[2.954219414424747, 2.1379839403008347, 2.1704711219876325]","[4.658239910489807, 8.550192430352968, 7.243122120873659, 12.268638762601206, 2.727065500260634, 4.783732260586695, 8.337444511440149]"
908,0,1969,True,True,1.0,5.99,9,9,True,0,9,67.0968212752481,"[17.09795030495134, 3.9188719389415994, 9.83235697348051, 9.53146666456114, 8.15280155265325, 4.908413619232469, 3.577689075894643, 2.5, 7.577271145533157]",35.16776029734676,"[7.668200618931023, 2.528360056187224, 4.834619219657399, 4.717271999178845, 4.179592605534768, 2.9142813115006634, 2.3952987395989105, 1.975, 3.9551357467579313]",101.93569161171888,0.0,[],48.75491972857036,0.0,39.75491972857036,0.0,"[6.623234432014115, 6.314404444039412, 8.570136183639235, 3.8527014553230137, 3.978213934403712, 3.553326378798408, 8.865253128835796, 3.3722069843509503, 3.6254427871657184]",[],"[5.623234432014115, 5.314404444039412, 7.570136183639236, 2.8527014553230137, 2.978213934403712, 2.553326378798408, 7.865253128835796, 2.3722069843509503, 2.6254427871657184]",[],"[14.418549825677218, 13.626678061639518, 19.410605599074962, 7.314619116212855, 7.636445985650543, 6.546990714867713, 20.16731571496358, 6.0825820111562825, 6.731904582476201]"
908,0,1970,True,False,,0.0,1,1,,0,1,4.9388492422802095,[4.9388492422802095],2.9261512044892815,[2.9261512044892815],8.999620050035551,0.0,[],4.509851819513865,0.0,0.0,0.0,[4.509851819513865],[],[0.0],[],[8.999620050035551]
908,0,1971,True,False,,0.0,2,2,,0,2,20.306125638587076,"[7.32063743527184, 12.985488203315237]",9.91938899904896,"[3.8550485997560178, 6.064340399292942]",20.516129518571546,0.0,[],10.001290512242903,0.0,0.0,0.0,"[4.340251315725899, 5.661039196517003]",[],"[0.0, 0.0]",[],"[8.564746963399742, 11.951382555171802]"
908,0,1972,True,False,,0.0,1,1,,0,1,22.83932754496381,[22.83932754496381],9.907337742535885,[9.907337742535885],9.293334738143013,0.0,[],4.624400547875775,0.0,0.0,0.0,[4.624400547875775],[],[0.0],[],[9.293334738143013]
908,0,1973,True,False,,0.0,3,3,,0,3,36.85619670057714,"[18.31098524343499, 10.207544164812965, 8.337667292329181]",17.373916713225082,"[8.141284244939646, 4.980942224277056, 4.251690244008381]",15.803254293330479,0.0,[],9.163269174398888,0.0,0.0,0.0,"[2.0549094368142597, 3.2694460720914726, 3.838913665493155]",[],"[0.0, 0.0, 0.0]",[],"[2.7048959918314344, 5.819092492542238, 7.279265808956808]"
908,0,1974,True,True,1.0,5.99,5,5,True,1,6,39.42706497337965,"[7.073573484143662, 7.144686544632669, 6.551208155612492, 6.869569615005625, 11.788027173985197]",20.37655533961806,"[3.758693658816028, 3.786427752406741, 3.554971180688872, 3.679132149852194, 5.597330597854227]",35.39005117175194,4.007297882138763,[4.007297882138763],18.802119956983258,2.5628461740341177,13.802119956983258,1.5628461740341177,"[2.444875201168258, 5.785687348346767, 2.8285249517550817, 2.5208786283738704, 5.222153827339281]",[2.5628461740341177],"[1.4448752011682582, 4.785687348346767, 1.828524951755082, 1.5208786283738704, 4.222153827339281]",[1.5628461740341177],"[3.7048082081237386, 12.270993200889144, 4.6885255173207225, 3.899688790702232, 10.826035454716104]"
908,0,1975,True,False,,0.0,1,1,,0,1,5.585196546904363,[5.585196546904363],3.1782266532927017,[3.1782266532927017],9.700517813682003,0.0,[],4.783201947335981,0.0,0.0,0.0,[4.783201947335981],[],[0.0],[],[9.700517813682003]
908,0,1976,True,False,,0.0,4,4,,0,4,28.393301555038974,"[15.988290962891348, 3.633520291301837, 4.817352173841558, 3.9541381270042297]",15.0733876064652,"[7.235433475527626, 2.4170729136077167, 2.878767347798208, 2.54211386953165]",33.10164635302787,0.0,[],16.90964207768087,0.0,0.0,0.0,"[3.045684827711662, 4.512408256429275, 3.8626318415883762, 5.488917151951556]",[],"[0.0, 0.0, 0.0, 0.0]",[],"[5.245345712081185, 9.006175016485319, 7.3400816450984, 11.510043979362964]"
908,0,1977,True,False,,0.0,4,4,,0,4,49.16581576192621,"[18.82046666043168, 2.5, 16.013897634328558, 11.831451467165977]",23.174668147151223,"[8.339981997568355, 1.975, 7.245420077388138, 5.614266072194731]",18.053473944621263,0.0,[],11.040854838402291,0.0,0.0,0.0,"[1.975, 3.3868006283409535, 1.975, 3.7040542100613387]",[],"[0.0, 0.0, 0.0, 0.0]",[],"[2.5, 6.12000161113065, 2.5, 6.933472333490612]"
908,0,1978,True,False,,0.0,2,2,,0,2,13.989090612343896,"[2.5, 11.489090612343896]",7.45574533881412,"[1.975, 5.48074533881412]",32.58887284384329,0.0,[],14.709660409098884,0.0,0.0,0.0,"[4.900979155995115, 9.808681253103769]",[],"[0.0, 0.0]",[],"[10.002510656397732, 22.58636218744556]"
908,0,1979,True,False,,0.0,1,1,,0,1,7.3391223900836735,[7.3391223900836735],3.862257732132633,[3.862257732132633],2.5,0.0,[],1.975,0.0,0.0,0.0,[1.975],[],[0.0],[],[2.5]
908,0,1980,True,False,,0.0,2,2,,0,2,17.276306362564522,"[10.22463379418816, 7.051672568376363]",8.737759481400165,"[4.9876071797333825, 3.7501523016667817]",40.22618852783356,0.0,[],17.68821352585509,0.0,0.0,0.0,"[9.608152605769025, 8.080060920086066]",[],"[0.0, 0.0]",[],"[22.072186168638524, 18.154002359195037]"
908,0,1981,True,False,,0.0,1,1,,0,1,15.422596370397878,[15.422596370397878],7.014812584455172,[7.014812584455172],15.139954812855843,0.0,[],6.904582377013779,0.0,0.0,0.0,[6.904582377013779],[],[0.0],[],[15.139954812855843]
908,0,1982,True,False,,0.0,4,4,,0,4,54.3371672547357,"[9.285643471697425, 24.314847810088963, 15.81045629424182, 4.9262196787074926]",25.191495229346923,"[4.621400953961995, 10.482790645934696, 7.16607795475431, 2.921225674695922]",37.97066406029581,0.0,[],18.80855898351537,0.0,0.0,0.0,"[6.078033846807516, 1.975, 8.105224659418859, 2.6503004772889924]",[],"[0.0, 0.0, 0.0, 0.0]",[],"[13.02059960719876, 2.5, 18.21852476774066, 4.231539685356391]"
908,0,1983,True,False,,0.0,1,1,,0,1,8.612670088820153,[8.612670088820153],4.3589413346398596,[4.3589413346398596],7.5791511501026,0.0,[],3.9558689485400143,0.0,0.0,0.0,[3.9558689485400143],[],[0.0],[],[7.5791511501026]
908,0,1984,True,False,,0.0,3,3,,0,3,27.99910995326983,"[10.468831289861678, 10.10114752163674, 7.429131141771414]",13.919652881775235,"[5.082844203046054, 4.939447533438329, 3.8973611452908514]",32.23826711240954,0.0,[],15.57292417383972,0.0,0.0,0.0,"[8.329831916021426, 3.2696351891012805, 3.9734570687170145]",[],"[0.0, 0.0, 0.0]",[],"[18.79444081031135, 5.819577407952001, 7.624248894146191]"
908,0,1985,True,True,1.0,5.99,10,10,True,0,10,91.91043203382625,"[25.035389303148342, 11.053030066722974, 8.74537877620563, 5.966773693564068, 5.7286657340595575, 9.745592981539849, 12.832199578398978, 2.5, 3.9178771843761626, 6.385524715810691]",45.84506849319224,"[10.763801828227853, 5.31068172602196, 4.410697722720196, 3.3270417404899866, 3.2341796362832276, 4.800781262800541, 6.004557835575602, 1.975, 2.5279721019067036, 3.4903546391661697]",100.14042410004942,0.0,[],49.054765399019274,0.0,39.05476539901927,0.0,"[3.496497094866352, 4.842285772707335, 4.886342347688153, 3.915679881033972, 4.946514707267221, 2.9293842374587657, 13.723559562957098, 3.978032302763692, 2.4345969879103038, 3.901872504366378]",[],"[2.496497094866352, 3.842285772707335, 3.886342347688153, 2.915679881033972, 3.9465147072672213, 1.9293842374587657, 12.723559562957098, 2.978032302763692, 1.4345969879103035, 2.901872504366378]",[],"[6.401274602221415, 9.852014801813679, 9.96498037868757, 7.4761022590614665, 10.119268480172362, 4.947139070407092, 32.62451169988999, 7.635980263496646, 3.6784538151546244, 7.440698729144559]"
908,0,1986,True,False,,0.0,2,2,,0,2,24.737193070106038,"[15.603744572629807, 9.133448497476232]",11.647505297341356,"[7.085460383325625, 4.562044914015731]",7.466641574716764,0.0,[],4.9119902141395375,0.0,0.0,0.0,"[1.975, 2.936990214139538]",[],"[0.0, 0.0]",[],"[2.5, 4.966641574716764]"
908,0,1987,True,False,,0.0,3,3,,0,3,16.19785115216728,"[5.614233126904897, 2.648795904906779, 7.934822120355607]",9.317161949345241,"[3.18955091949291, 2.033030402913644, 4.094580626938686]",16.505855373577553,0.0,[],9.437283595695245,0.0,0.0,0.0,"[1.975, 5.005988289300095, 2.45629530639515]",[],"[0.0, 0.0, 0.0]",[],"[2.5, 10.271764844359218, 3.7340905292183333]"
908,0,1988,True,False,,0.0,4,4,,0,4,37.40746006519502,"[19.293648341245472, 12.382891633157207, 3.230920090792337, 2.5]",18.58890942542606,"[8.524522853085735, 5.829327736931311, 2.260058835409011, 1.975]",30.759234118598368,0.0,[],15.996101306253365,0.0,0.0,0.0,"[3.9881582933317605, 4.832311469012927, 2.20379793549752, 4.971833608411155]",[],"[0.0, 0.0, 0.0, 0.0]",[],"[7.661944341876309, 9.826439664135709, 3.0866613730705645, 10.184188739515783]"
908,0,1989,True,False,,0.0,1,1,,0,1,10.16647927328777,[10.16647927328777],4.964926916582231,[4.964926916582231],15.473318758975976,0.0,[],7.034594316000631,0.0,0.0,0.0,[7.034594316000631],[],[0.0],[],[15.473318758975976]
908,0,1990,True,False,,0.0,3,3,,0,3,31.05519094258188,"[16.395322559787285, 3.8580056614920304, 10.801862721302568]",15.111524467606934,"[7.3941757983170415, 2.5046222079818916, 5.2127264613080015]",12.780816543449026,0.0,[],7.984518451945119,0.0,0.0,0.0,"[2.9916062917686004, 3.0179121601765195, 1.975]",[],"[0.0, 0.0, 0.0]",[],"[5.106682799406668, 5.174133744042358, 2.5]"
908,0,1991,True,False,,0.0,2,2,,0,2,24.812250593945798,"[8.215395640281473, 16.596854953664327]",11.676777731638861,"[4.204004299709775, 7.472773431929087]",20.08940642601199,0.0,[],9.834868506144677,0.0,0.0,0.0,"[4.757326897760712, 5.077541608383965]",[],"[0.0, 0.0]",[],"[9.634171532719774, 10.455234893292216]"
908,0,1992,True,False,,0.0,1,1,,0,1,8.416846111667704,[8.416846111667704],4.282569983550404,[4.282569983550404],2.8556223736041417,0.0,[],2.113692725705615,0.0,0.0,0.0,[2.113692725705615],[],[0.0],[],[2.8556223736041417]
908,0,1993,True,False,,0.0,4,4,,0,4,45.63262216253682,"[14.591825503462895, 18.606849849689734, 6.8834312858595625, 5.550515523524624]",21.79672264338936,"[6.690811946350529, 8.256671441378996, 3.6845382014852297, 3.1647010541746035]",56.28426176422585,0.0,[],25.95086208804808,0.0,0.0,0.0,"[8.16650731846689, 1.975, 6.960699476568953, 8.84865529301224]",[],"[0.0, 0.0, 0.0, 0.0]",[],"[18.37565979094074, 2.5, 15.283844811715264, 20.124757161569846]"
908,0,1994,True,True,1.0,5.99,5,5,True,2,7,40.35507154462196,"[6.440150829258349, 4.324907938045915, 7.022772227625312, 18.401533704434605, 4.165706845257772]",20.73847790240256,"[3.511658823410756, 2.6867140958379068, 3.738881168773872, 8.176598144729496, 2.6246256696505315]",49.23280675222105,21.869421801944544,"[2.6134224278828277, 19.255999374061716]",24.200794633366215,10.529074502758373,19.20079463336621,8.529074502758373,"[4.664471556263096, 7.092873639991181, 2.6293815305165706, 5.39266596374207, 4.421401942853294]","[2.019234746874303, 8.50983975588407]","[3.664471556263096, 6.092873639991181, 1.6293815305165704, 4.39266596374207, 3.4214019428532936]","[1.0192347468743028, 7.5098397558840695]","[9.396080913495117, 15.62275292305431, 4.177901360298899, 11.263246060877103, 8.772825494495624]"
908,0,1995,True,False,,0.0,1,1,,0,1,11.268722455597434,[11.268722455597434],5.394801757682999,[5.394801757682999],7.824366397692405,0.0,[],4.051502895100038,0.0,0.0,0.0,[4.051502895100038],[],[0.0],[],[7.824366397692405]
908,0,1996,True,True,1.0,5.99,5,5,True,4,9,50.34665411145339,"[6.475719647383045, 15.656324583761695, 8.109455002309174, 11.191549962665881, 8.913604915333591]",24.63519510346682,"[3.5255306624793876, 7.105966587667061, 4.162687450900577, 5.3647044854396935, 4.476305916980101]",58.1305294494678,55.60750675924636,"[13.84508007381012, 18.974048959618973, 4.210386953807106, 18.577990772010164]",27.67090648529244,25.686927636106084,22.67090648529244,21.686927636106084,"[4.716247800496788, 7.068197045409407, 5.032620299574481, 5.821708826868457, 5.032132512943308]","[6.399581228785947, 8.3998790942514, 2.6420509119847715, 8.245416401083965]","[3.7162478004967885, 6.068197045409407, 4.032620299574481, 4.821708826868457, 4.032132512943308]","[5.399581228785947, 7.3998790942514, 1.6420509119847713, 7.245416401083964]","[9.528840514094329, 15.559479603613864, 10.340052050190977, 12.363355966329378, 10.338801315239252]"
908,0,1997,False,False,,0.0,3,3,,0,3,18.650491506292685,"[4.878316185105213, 7.592821185141422, 6.179354136046051]",10.273691687454148,"[2.902543312191033, 3.9612002622051548, 3.40994811305796]",38.11275539202921,0.0,[],17.863974602891393,0.0,0.0,0.0,"[11.22337030600916, 3.7786762191810803, 2.861928077701152]",[],"[0.0, 0.0, 0.0]",[],"[26.2137700154081, 7.124810818413026, 4.774174558208081]"
908,0,1998,False,False,,0.0,4,4,,0,4,31.65436066534668,"[7.124919719691795, 8.987107140387923, 7.2520518785017885, 8.290281926765173]",16.345200659485208,"[3.7787186906798, 4.504971784751291, 3.8283002326156974, 4.233209951438418]",42.449555503081555,0.0,[],20.555326646201802,0.0,0.0,0.0,"[5.601721909836432, 4.44953827517795, 7.091447803546414, 3.4126186576410076]",[],"[0.0, 0.0, 0.0, 0.0]",[],"[11.799286948298544, 8.844969936353719, 15.619096932170292, 6.186201686258994]"
908,0,1999,False,True,1.0,5.99,5,5,True,0,5,28.448496635062277,"[6.393078229522855, 7.97472360213003, 6.313579266189222, 3.8955830652851446, 3.871532471935028]",16.09491368767429,"[3.4933005095139134, 4.110142204830712, 3.4622959138137963, 2.5192773954612067, 2.509897664054661]",52.90589846731559,0.0,[],25.63330040225308,0.0,20.633300402253077,0.0,"[3.554698386501524, 2.6353239420484402, 9.487486776064472, 2.972048310633222, 6.98374298700542]",[],"[2.554698386501524, 1.6353239420484402, 8.487486776064472, 1.9720483106332218, 5.98374298700542]",[],"[6.550508683337241, 4.193138312944718, 21.762786605293517, 5.056534129828774, 15.342930735911333]"
908,0,2000,False,False,,0.0,3,3,,0,3,16.72520851502419,"[7.2901026202006385, 3.0073705183237425, 6.4277353764998075]",9.522831320859435,"[3.843140021878249, 2.17287450214626, 3.506816796834925]",23.095960591889877,0.0,[],12.007424630837052,0.0,0.0,0.0,"[4.037619743995423, 5.99480488684163, 1.975]",[],"[0.0, 0.0, 0.0]",[],"[7.788768574347237, 12.80719201754264, 2.5]"
908,0,2001,False,True,1.0,5.99,5,5,True,1,6,60.084588145569136,"[14.121872892953718, 8.515466339707746, 7.137708371952549, 13.308634024441501, 17.000906516513624]",28.432989376771964,"[6.50753042825195, 4.321031872486021, 3.783706265061494, 6.190367269532185, 7.630353541440313]",56.162840183795936,11.113686163571902,[11.113686163571902],26.903507671680416,5.334337603793042,21.903507671680416,4.334337603793042,"[6.0707708753849525, 8.756315080796377, 3.147617073961217, 4.023588989559111, 4.905215651978756]",[5.334337603793042],"[5.0707708753849525, 7.7563150807963765, 2.147617073961217, 3.0235889895591113, 3.9052156519787564]",[4.334337603793042],"[13.00197660355116, 19.887987386657375, 5.506710446054402, 7.752792280920798, 10.013373466612196]"
908,0,2002,False,False,,0.0,3,3,,0,3,47.64797863999012,"[16.1984663031094, 17.561316337148675, 13.888195999732046]",21.582711669596147,"[7.317401858212666, 7.848913371487983, 6.4163964398954985]",38.00025002191229,0.0,[],17.82009750854579,0.0,0.0,0.0,"[7.315562667725728, 4.9186249075267785, 5.5859099332932844]",[],"[0.0, 0.0, 0.0]",[],"[16.19375043006597, 10.047756173145585, 11.75874341870073]"
908,0,2003,False,False,,0.0,3,3,,0,3,17.30628571677096,"[4.850030852339397, 5.1256319954517275, 7.330622868979837]",9.749451429540674,"[2.891512032412365, 2.9989964782261738, 3.8589429189021365]",29.747299277721826,0.0,[],14.601446718311513,0.0,0.0,0.0,"[6.222710119539518, 3.751449918882925, 4.627286679889069]",[],"[0.0, 0.0, 0.0]",[],"[13.391564409075688, 7.0549997920075, 9.300735076638638]"
908,0,2004,False,True,1.0,5.99,7,7,True,6,13,33.45490642184998,"[2.5833925769888775, 2.5, 7.664463223629362, 4.130644141526774, 6.650232429564259, 3.942888204930872, 5.983285845209836]",20.047413504521494,"[2.0075231050256623, 1.975, 3.9891406572154513, 2.610951215195442, 3.593590647530061, 2.53772639992304, 3.333481479631836]",48.630896306146404,52.406892228357094,"[4.7026689553880265, 8.084419196369387, 6.675611153653728, 9.0402898475981, 17.71398550302207, 6.189917572325779]",25.9660495593971,26.438687969059266,18.9660495593971,20.438687969059266,"[5.19316682326662, 6.227977357208435, 4.46382783007058, 2.9362807611168193, 2.990568060774979, 1.975, 2.179228726959664]","[2.8340408926013305, 4.152923486584061, 3.603488349924954, 4.525713040563259, 7.908454346178607, 3.414067853207054]","[4.19316682326662, 5.227977357208435, 3.46382783007058, 1.9362807611168196, 1.990568060774979, 0.9750000000000001, 1.1792287269596644]","[1.8340408926013305, 3.152923486584061, 2.603488349924954, 3.525713040563259, 6.908454346178607, 2.414067853207054]","[10.751709803247742, 13.405070146688296, 8.881609820693795, 4.9648224644021015, 5.104020668653792, 2.5, 3.0236634024606777]"
908,0,2005,False,False,,0.0,1,1,,0,1,6.07314907972512,[6.07314907972512],3.368528141092797,[3.368528141092797],3.8806827066852523,0.0,[],2.5134662556072485,0.0,0.0,0.0,[2.5134662556072485],[],[0.0],[],[3.8806827066852523]
908,0,2006,False,False,,0.0,2,2,,0,2,24.414905920887396,"[7.381417223765417, 17.033488697121978]",11.521813309146085,"[3.8787527172685126, 7.643060591877572]",16.065288384104313,0.0,[],8.265462469800681,0.0,0.0,0.0,"[3.332968574524305, 4.932493895276377]",[],"[0.0, 0.0]",[],"[5.981970703908474, 10.083317680195838]"
908,0,2007,False,True,1.0,5.99,6,6,True,3,9,94.44642125495018,"[11.115435475813202, 11.958526968914422, 25.4323034126387, 5.82288693874601, 15.43330142377474, 24.683967035063105]",42.83410428943057,"[5.335019835567149, 5.663825517876624, 10.918598330929093, 3.270925906110944, 7.018987555272148, 10.626747143674612]",74.8581249530813,42.28909913573357,"[24.250114140595976, 15.25580988978106, 2.783175105356533]",35.194668731701704,19.492748662936094,29.194668731701707,16.492748662936094,"[3.776826002888544, 3.817075273554593, 4.739218331165561, 3.177280362901347, 12.407082830639563, 7.2771859305521]","[10.457544514832431, 6.949765857014614, 2.085438291089048]","[2.776826002888544, 2.817075273554593, 3.739218331165561, 2.177280362901347, 11.407082830639563, 6.2771859305521]","[9.457544514832431, 5.949765857014614, 1.0854382910890479]","[7.12006667407319, 7.223269932191265, 9.587739310680925, 5.582770161285504, 29.248930334973238, 16.09534853987718]"
908,0,2008,False,False,,0.0,4,4,,0,4,33.06103740683699,"[10.16662628922011, 16.37749523347966, 2.5, 4.016915884137221]",16.893804588666427,"[4.964984252795843, 7.387223141057068, 1.975, 2.5665971948135162]",30.895007042407535,0.0,[],16.04905274653894,0.0,0.0,0.0,"[4.065032028702835, 2.888880237964794, 3.555470144340662, 5.539670335530648]",[],"[0.0, 0.0, 0.0, 0.0]",[],"[7.859056483853424, 4.843282661448189, 6.552487549591442, 11.640180347514482]"
908,0,2009,False,False,,0.0,2,2,,0,2,12.789662307127415,"[4.123041126722211, 8.666621180405203]",6.987968299779691,"[2.6079860394216623, 4.379982260358029]",37.517064112724356,0.0,[],16.6316550039625,0.0,0.0,0.0,"[7.46839082922541, 9.163264174737089]",[],"[0.0, 0.0]",[],"[16.585617510834386, 20.93144660188997]"
908,0,2010,False,False,,0.0,4,4,,0,4,34.53215842618334,"[6.31737249589161, 14.497358999216255, 7.1861209219846245, 6.531306009090847]",17.467541786211502,"[3.463775273397728, 6.65397000969434, 3.8025871595740037, 3.5472093435454304]",37.27252752884543,0.0,[],18.53628573624972,0.0,0.0,0.0,"[3.70365791798699, 6.82425995274168, 3.342032440222451, 4.666335425298598]",[],"[0.0, 0.0, 0.0, 0.0]",[],"[6.932456199966642, 14.93399987882482, 6.005211385185771, 9.4008600648682]"
908,0,2011,False,False,,0.0,3,3,,0,3,23.690820199096958,"[14.45930085358993, 2.5, 6.731519345507028]",12.239419877647816,"[6.639127332900073, 1.975, 3.625292544747741]",33.08381150942884,0.0,[],15.902686488677247,0.0,0.0,0.0,"[6.076492224584949, 3.7474481470248455, 6.078746117067452]",[],"[0.0, 0.0, 0.0]",[],"[13.016646729704997, 7.0447388385252445, 13.022425941198595]"
908,0,2012,False,True,1.0,5.99,6,6,True,3,9,45.52968182834696,"[7.1271170258930345, 5.3369352843274, 8.878662909882292, 11.245371874903112, 5.057600606677503, 7.883994126663618]",23.756575913055315,"[3.7795756400982836, 3.0814047608876862, 4.462678534854094, 5.385695031212214, 2.9724642366042264, 4.074757709398812]",57.78038992574933,17.928896204632174,"[4.9161440700441466, 7.374075424969103, 5.638676709618925]",28.53435207104224,9.992269519806548,22.53435207104224,6.992269519806548,"[3.603993272437482, 5.246349003404022, 6.919598589839242, 2.935826988767846, 4.405168105472475, 5.423416111121174]","[2.917296187317217, 3.87588941573795, 3.199083916751381]","[2.603993272437482, 4.246349003404022, 5.919598589839242, 1.9358269887678456, 3.4051681054724745, 4.423416111121174]","[1.9172961873172172, 2.87588941573795, 2.199083916751381]","[6.676905826762774, 10.888074367702622, 15.178457922664723, 4.963658945558579, 8.731200270442242, 11.342092592618394]"
908,0,2013,False,False,,0.0,3,3,,0,3,20.24647952333274,"[4.210531646744616, 13.042499170664758, 2.9934487059233668]",10.896127014099768,"[2.6421073422304002, 6.086574676559255, 2.167444995310113]",29.679856903159255,0.0,[],14.57514419223211,0.0,0.0,0.0,"[6.459971032794173, 4.719345990130581, 3.395827169307356]",[],"[0.0, 0.0, 0.0]",[],"[13.999925725113265, 9.536784590078412, 6.143146587967579]"
908,0,2014,False,False,,0.0,1,1,,0,1,7.859379663683929,[7.859379663683929],4.065158068836732,[4.065158068836732],8.898786510953961,0.0,[],4.470526739272045,0.0,0.0,0.0,[4.470526739272045],[],[0.0],[],[8.898786510953961]
908,0,2015,False,False,,0.0,1,1,,0,1,2.5,[2.5],1.975,[1.975],9.991110861504117,0.0,[],4.896533235986606,0.0,0.0,0.0,[4.896533235986606],[],[0.0],[],[9.991110861504117]
908,0,2016,False,False,,0.0,3,3,,0,3,36.4854091009487,"[18.014157320887936, 9.601779736732023, 8.869472043328745]",17.229309549369994,"[8.025521355146296, 4.744694097325489, 4.459094096898211]",28.12605728318355,0.0,[],13.969162340441585,0.0,0.0,0.0,"[5.1745423174448355, 2.774728113546166, 6.0198919094505845]",[],"[0.0, 0.0, 0.0]",[],"[10.703954660114961, 4.550584906528631, 12.871517716539959]"
908,0,2017,False,False,,0.0,3,3,,0,3,33.256353447831,"[17.843639917099825, 12.18466855436845, 3.2280449763627304]",15.969977844654094,"[7.959019567668932, 5.752020736203696, 2.258937540781465]",36.11937306072096,0.0,[],17.086555493681175,0.0,0.0,0.0,"[4.826134026919933, 4.260593013021535, 7.999828453739705]",[],"[0.0, 0.0, 0.0]",[],"[9.810600069025467, 8.360494905183423, 17.948278086512065]"
908,0,2018,False,False,,0.0,3,3,,0,3,20.63137763686954,"[3.6345527604567245, 14.472490884355887, 2.5243339920569277]",11.04623727837912,"[2.4174755765781226, 6.644271444898796, 1.9844902569022018]",28.334884663070362,0.0,[],14.050605018597441,0.0,0.0,0.0,"[6.3020182302623535, 4.515298779751051, 3.2332880085840374]",[],"[0.0, 0.0, 0.0]",[],"[13.59491853913424, 9.013586614746282, 5.726379509189839]"
908,0,2019,False,True,1.0,5.99,5,5,True,0,5,69.7790873187697,"[21.010911784197056, 12.36708312438519, 17.879347807398336, 5.820916033973885, 12.70082856881522]",32.21384405432018,"[9.194255595836852, 5.823162418510224, 7.9729456448853515, 3.270157253249815, 5.953323141837936]",52.94780774889681,0.0,[],25.649645022069755,0.0,20.649645022069755,0.0,"[8.04370591068226, 2.5177856431144767, 5.680114891175333, 3.189995728373586, 6.218042848724099]",[],"[7.04370591068226, 1.5177856431144767, 4.680114891175333, 2.189995728373586, 5.218042848724099]",[],"[18.06078438636477, 3.891758059267889, 12.000294592757264, 5.615373662496374, 13.37959704801051]"
908,0,2020,False,True,1.0,5.99,5,5,True,3,8,54.44835407506228,"[9.582420109991043, 15.114314367461839, 8.772206715592679, 13.844879952123836, 7.1345329298928775]",26.234858089274287,"[4.737143842896507, 6.894582603310117, 4.421160619081145, 6.3995031813282965, 3.7824678426582223]",42.86215009065264,25.421928350436264,"[7.269694393067052, 12.192203100932174, 5.96003085643704]",21.71623853535453,12.914552056670143,16.71623853535453,9.914552056670143,"[9.091561240001996, 1.975, 2.1785166285120505, 4.066890822486882, 4.404269844353602]","[3.8351808132961502, 5.754959209363548, 3.3244120340104457]","[8.091561240001996, 0.9750000000000001, 1.1785166285120507, 3.066890822486882, 3.4042698443536024]","[2.8351808132961502, 4.754959209363548, 2.3244120340104457]","[20.74759292308204, 2.5, 3.021837509005258, 7.863822621761236, 8.728897036804108]"
908,0,2021,False,False,,0.0,1,1,,0,1,20.260301744687208,[20.260301744687208],8.901517680428011,[8.901517680428011],3.0793727996885814,0.0,[],2.200955391878547,0.0,0.0,0.0,[2.200955391878547],[],[0.0],[],[3.0793727996885814]
908,0,2022,False,True,1.0,5.99,5,5,True,0,5,35.47635129322947,"[8.58664868439519, 10.534717517709195, 2.5, 11.354985091125089, 2.5]",18.835777004359496,"[4.348792986914124, 5.108539831906587, 1.975, 5.428444185538785, 1.975]",51.01868020791661,0.0,[],24.897285281087477,0.0,19.897285281087477,0.0,"[4.0752804856946145, 5.02049262390471, 7.77537059994631, 3.752564449018478, 4.273577122523365]",[],"[3.075280485694615, 4.02049262390471, 6.77537059994631, 2.752564449018478, 3.2735771225233647]",[],"[7.885334578704141, 10.308955445909513, 17.37274512806746, 7.05785756158584, 8.393787493649652]"
908,0,2023,False,True,1.0,5.99,5,3,,2,7,30.593536127860826,"[11.000517683048285, 14.874430888869739, 4.7185875559428]",14.931479089865723,"[5.290201896388831, 6.801028046659199, 2.8402491468176922]",64.88734282879135,24.787503915942743,"[7.94407526888005, 16.843428647062694]",28.306063703228624,11.66712652721767,25.306063703228624,9.66712652721767,"[12.6340202812091, 11.98145383381287, 3.690589588206657]","[4.098189354863219, 7.568937172354451]","[11.6340202812091, 10.98145383381287, 2.690589588206657]","[3.0981893548632193, 6.568937172354451]","[29.830821233869486, 28.15757393285351, 6.898947662068351]"
908,0,2024,False,False,,0.0,3,3,,0,3,26.06432759729062,"[10.27268093569664, 2.5, 13.29164666159398]",13.16508776294334,"[5.0063455649216895, 1.975, 6.183742198021652]",21.05729621658372,0.0,[],11.21234552446765,0.0,0.0,0.0,"[1.975, 3.0523665718769672, 6.184978952590683]",[],"[0.0, 0.0, 0.0]",[],"[2.5, 5.262478389428121, 13.294817827155597]"
908,0,2025,False,False,,0.0,5,5,,0,5,34.483811896945596,"[7.437379719604064, 7.1381959201997525, 12.35104150242772, 4.024417471572219, 3.5327772831418396]",18.44868663980878,"[3.900578090645585, 3.7838964088779035, 5.81690618594681, 2.5695228139131654, 2.3777831404253176]",35.61164661314494,0.0,[],18.888542179126524,0.0,0.0,0.0,"[2.6838442362631385, 2.970070860487362, 5.664078948859762, 3.06647838697267, 4.504069746543594]",[],"[0.0, 0.0, 0.0, 0.0, 0.0]",[],"[4.317549323751637, 5.05146374483939, 11.959176791948108, 5.298662530699153, 8.984794221906652]"
908,0,2026,False,False,,0.0,3,3,,0,3,25.54758956764609,"[9.71712862090196, 11.52363601680792, 4.306824929936208]",12.963559931381974,"[4.789680162151765, 5.494218046555089, 2.679661722675121]",19.273217020694425,0.0,[],10.516554638070826,0.0,0.0,0.0,"[1.975, 4.22444523135513, 4.317109406715696]",[],"[0.0, 0.0, 0.0]",[],"[2.5, 8.267808285525973, 8.50540873516845]"
908,0,2027,False,False,,0.0,4,4,,0,4,36.87013801921617,"[12.60913187610449, 14.035818438068288, 6.473614806540818, 3.751572898502572]",18.379353827494306,"[5.917561431680752, 6.473969190846633, 3.524709774550919, 2.463113430416003]",38.63284585047517,0.0,[],19.06680988168532,0.0,0.0,0.0,"[5.757191115429637, 6.375661628979422, 3.2370985556252405, 3.696858581651017]",[],"[0.0, 0.0, 0.0, 0.0]",[],"[12.197925936999068, 13.783747766613903, 5.736150142628822, 6.915022004233376]"
908,0,2028,False,False,,0.0,1,1,,0,1,4.299931249674496,[4.299931249674496],2.6769731873730533,[2.6769731873730533],13.707390175456238,0.0,[],6.345882168427933,0.0,0.0,0.0,[6.345882168427933],[],[0.0],[],[13.707390175456238]
908,0,2029,False,False,,0.0,4,4,,0,4,39.03410595722855,"[15.024900385495933, 7.568861211024128, 3.2026840191447263, 13.23766034156376]",19.223301323319134,"[6.859711150343414, 3.95185587229941, 2.249046767466443, 6.1626875332098665]",39.59676973590076,0.0,[],19.442740197001296,0.0,0.0,0.0,"[3.5840331723443937, 7.917853503387909, 4.714280613128976, 3.2265729081400165]",[],"[0.0, 0.0, 0.0, 0.0]",[],"[6.625726082934342, 17.738085906122844, 9.52379644392045, 5.7091613029231185]"
908,0,2030,False,False,,0.0,2,2,,0,2,11.606743368402238,"[7.777951752059562, 3.828791616342676]",6.5266299136768735,"[4.03340118330323, 2.4932287303736436]",23.15150682922557,0.0,[],11.029087663397974,0.0,0.0,0.0,"[8.286976269458107, 2.742111393939866]",[],"[0.0, 0.0]",[],"[18.684554537072067, 4.466952292153503]"
908,0,2031,False,False,,0.0,3,3,,0,3,25.48620094387926,"[2.9728061634611045, 10.573604663863893, 11.939790116554262]",12.93961836811291,"[2.1593944037498307, 5.1237058189069185, 5.656518145456162]",30.835576937719885,0.0,[],15.025875005710756,0.0,0.0,0.0,"[5.697217156060889, 7.353657849649867, 1.975]",[],"[0.0, 0.0, 0.0]",[],"[12.044146554002278, 16.291430383717607, 2.5]"
908,0,2032,False,False,,0.0,4,4,,0,4,47.55459265904179,"[16.0508172250573, 9.432082482408665, 9.271127367482126, 12.800565584093688]",22.546291137026294,"[7.259818717772347, 4.678512168139379, 4.615739673318029, 5.992220577796538]",38.6329400027891,0.0,[],19.066846601087747,0.0,0.0,0.0,"[1.975, 4.446453955184655, 4.082167631840993, 8.563225014062098]",[],"[0.0, 0.0, 0.0, 0.0]",[],"[2.5, 8.837061423550399, 7.902993927797417, 19.39288465144128]"
908,0,2033,False,True,1.0,5.99,8,8,True,3,11,71.03933005812596,"[11.834300072003137, 15.075299661922111, 5.859577358169151, 4.673492853070679, 12.096520336050109, 3.990248538639722, 5.731404916648637, 11.77848632162241]",35.705338722669126,"[5.615377028081223, 6.879366868149623, 3.285235169685969, 2.822662212697565, 5.717642931059543, 2.5561969300694916, 3.2352479174929685, 5.59360966543274]",85.60238118562818,33.22177343853907,"[20.415656396855976, 9.34721205733651, 3.4589049843465838]",41.38492866239499,15.956491641030238,33.38492866239499,12.956491641030238,"[7.836494250424076, 2.695207675689785, 3.4559402849387775, 6.199258496045641, 2.949859624033089, 4.49932212703136, 9.94931619340395, 3.79953001082831]","[8.96210599477383, 4.645412702361239, 2.3489729438951676]","[6.836494250424076, 1.695207675689785, 2.4559402849387775, 5.199258496045641, 1.949859624033089, 3.49932212703136, 8.94931619340395, 2.79953001082831]","[7.962105994773831, 3.645412702361239, 1.3489729438951676]","[17.52947243698481, 4.3466863479225255, 6.2972827818943005, 13.33143204114267, 4.999640061623305, 8.972620838541948, 22.946964598471666, 7.178282079046949]"
908,0,2034,False,True,1.0,5.99,5,5,True,1,6,60.97950991478545,"[7.007262887530854, 12.183531637299811, 5.234047064071767, 11.25886652195516, 25.29580180392786]",28.782008866766326,"[3.732832526137033, 5.751577338546927, 3.0412783549879894, 5.390957943562512, 10.865362703531865]",32.52065663004177,3.345844726227469,[3.345844726227469],17.68305608571629,2.304879443228713,12.683056085716292,1.304879443228713,"[3.033274563839087, 4.720328262535608, 3.090231510862042, 1.975, 4.8642217484795545]",[2.304879443228713],"[2.033274563839087, 3.720328262535608, 2.090231510862042, 0.9750000000000001, 3.864221748479554]",[1.304879443228713],"[5.213524522664326, 9.53930323727079, 5.3595679765693385, 2.5, 9.908260893537317]"
908,0,2035,False,False,,0.0,2,2,,0,2,48.18002719168848,"[41.599414590872165, 6.580612600816315]",20.790210604758506,"[17.223771690440145, 3.566438914318363]",9.506678296262326,0.0,[],5.707604535542307,0.0,0.0,0.0,"[3.7326045355423076, 1.975]",[],"[0.0, 0.0]",[],"[7.006678296262327, 2.5]"
908,0,2036,False,False,,0.0,3,3,,0,3,24.85795194269984,"[8.62357833811241, 6.76671980900059, 9.467653795586841]",12.694601257652938,"[4.363195551863839, 3.6390207255102305, 4.692384980278868]",36.4318181679151,0.0,[],17.208409085486885,0.0,0.0,0.0,"[5.265532924126224, 7.968846389514688, 3.974029771845975]",[],"[0.0, 0.0, 0.0]",[],"[10.937263908015959, 17.868836896191507, 7.625717363707628]"
908,0,2037,False,False,,0.0,4,4,,0,4,28.31186500415202,"[7.359374841614354, 3.7963658884249925, 7.886346464474021, 9.269777809638652]",15.04162735161929,"[3.8701561882295983, 2.4805826964857474, 4.075675121144869, 4.6152133457590745]",55.68261831421931,0.0,[],25.716221142545535,0.0,0.0,0.0,"[4.5228679214579905, 9.91008553596338, 5.580156806669675, 5.703110878454487]",[],"[0.0, 0.0, 0.0, 0.0]",[],"[9.032994670405103, 22.84637316913687, 11.743991811973524, 12.059258662703812]"
908,0,2038,False,False,,0.0,2,2,,0,2,16.901121210980453,"[5.465094250723752, 11.4360269602567]",8.591437272282377,"[3.131386757782263, 5.4600505145001135]",28.98919014843014,0.0,[],13.305784157887755,0.0,0.0,0.0,"[8.964170116497366, 4.34161404139039]",[],"[0.0, 0.0]",[],"[20.42094901665991, 8.56824113177023]"
908,0,2039,False,False,,0.0,1,1,,0,1,6.219037247026109,[6.219037247026109],3.4254245263401826,[3.4254245263401826],5.646838925634753,0.0,[],3.202267180997554,0.0,0.0,0.0,[3.202267180997554],[],[0.0],[],[5.646838925634753]
908,0,2040,False,False,,0.0,3,3,,0,3,22.49013013661425,"[6.331516600603525, 11.67386940170984, 4.484744134300887]",11.771150753279558,"[3.4692914742353747, 5.552809066666838, 2.749050212377346]",15.960895918825962,0.0,[],9.224749408342124,0.0,0.0,0.0,"[3.3593811595222736, 3.320145369484017, 2.5452228793358342]",[],"[0.0, 0.0, 0.0]",[],"[6.0496952808263424, 5.949090690984659, 3.9621099470149597]"
908,0,2041,False,False,,0.0,1,1,,0,1,4.856788609994408,[4.856788609994408],2.894147557897819,[2.894147557897819],16.597996921641503,0.0,[],7.473218799440186,0.0,0.0,0.0,[7.473218799440186],[],[0.0],[],[16.597996921641503]
908,0,2042,False,True,1.0,5.99,5,5,True,4,9,42.67648379403307,"[20.178075054648108, 9.009060386115666, 4.617429995241729, 6.371918358027561, 2.5]",21.6438286796729,"[8.869449271312764, 4.51353355058511, 2.800797698144274, 3.485048159630749, 1.975]",25.745557160206246,33.91332999435954,"[12.398443609987389, 3.3082801131188506, 9.575109469535455, 8.631496801717844]",15.040767292480437,17.22619869780022,10.040767292480437,13.226198697800221,"[2.1688275013219798, 3.8108645888346135, 2.6728473797104266, 2.5816560771058334, 3.806571745507584]","[5.835393007895082, 2.290229244116352, 4.734292693118828, 4.366283752669959]","[1.1688275013219798, 2.8108645888346135, 1.6728473797104269, 1.5816560771058332, 2.806571745507584]","[4.835393007895082, 1.2902292441163519, 3.7342926931188276, 3.3662837526699594]","[2.9969935931332814, 7.207345099575932, 4.289352255667761, 4.05552840283547, 7.196337808993805]"
908,0,2043,False,False,,0.0,2,2,,0,2,19.755504022073822,"[3.1631228049460844, 16.592381217127738]",9.70464656860879,"[2.2336178939289733, 7.471028674679818]",20.568924398831136,0.0,[],10.021880515544144,0.0,0.0,0.0,"[6.593678910382564, 3.42820160516158]",[],"[0.0, 0.0]",[],"[14.342766436878367, 6.226157961952769]"
908,0,2044,False,True,1.0,5.99,5,5,True,0,5,61.49149188674103,"[15.744103174406092, 12.68552670624865, 11.067007581409662, 14.424864958762058, 7.5699894659145635]",28.981681835829,"[7.140200238018376, 5.947355415436974, 5.316132956749768, 6.625697333917203, 3.95229589170668]",42.435738338056865,0.0,[],21.54993795184218,0.0,16.54993795184218,0.0,"[5.580365914610331, 2.5422197538218336, 4.966876359728252, 3.056848605651502, 5.403627318030259]",[],"[4.580365914610331, 1.5422197538218336, 3.9668763597282517, 2.056848605651502, 4.403627318030259]",[],"[11.744527986180335, 3.954409625184189, 10.171477845457055, 5.2739707837218, 11.291352097513485]"
908,0,2045,False,False,,0.0,4,4,,0,4,43.416647016632716,"[9.38370987970504, 15.810564569295503, 13.77493799573434, 4.447434571897834]",20.93249233648676,"[4.659646853084965, 7.166120182025246, 6.372225818336393, 2.7344994830401554]",49.12330042105519,0.0,[],23.158087164211526,0.0,0.0,0.0,"[1.975, 8.95260975070532, 6.441270164370665, 5.78920724913554]",[],"[0.0, 0.0, 0.0, 0.0]",[],"[2.5, 20.391307053090568, 13.951974780437602, 12.280018587527024]"
908,0,2046,False,True,1.0,5.99,5,5,True,4,9,49.749072431259094,"[10.2284045594927, 8.971284013889983, 15.242136084163704, 6.226306759818069, 9.080941013894634]",24.402138248191047,"[4.989077778202153, 4.498800765417093, 6.944433072823845, 3.428259636329047, 4.541566995418908]",43.15596841322339,43.84234917971163,"[5.995977161390654, 6.568089308605296, 6.949392280668363, 24.328890429047316]",21.830827681157125,21.098516180087536,16.830827681157125,17.098516180087536,"[4.06818957696683, 5.672239738983958, 2.9254737634376604, 4.812857251560333, 4.352067350208344]","[3.338431092942355, 3.5615548303560653, 3.7102629894606616, 10.488267267328453]","[3.0681895769668297, 4.672239738983958, 1.9254737634376604, 3.812857251560333, 3.352067350208344]","[2.338431092942355, 2.5615548303560653, 2.7102629894606616, 9.488267267328453]","[7.867152761453409, 11.98010189483066, 4.937112213942719, 9.776557055282906, 8.595044487713702]"
908,0,2047,False,False,,0.0,2,2,,0,2,15.960596472899649,"[5.124748408881665, 10.835848064017984]",8.224632624430864,"[2.998651879463849, 5.225980744967014]",18.979417364001392,0.0,[],9.401972771960542,0.0,0.0,0.0,"[4.607055900664912, 4.79491687129563]",[],"[0.0, 0.0]",[],"[9.248861283756186, 9.730556080245206]"
908,0,2048,False,False,,0.0,3,3,,0,3,27.12153341926653,"[8.209202057123571, 4.63271937197734, 14.27961199016562]",13.577398033513948,"[4.201588802278193, 2.806760555071163, 6.569048676164592]",36.25508414654336,0.0,[],17.13948281715191,0.0,0.0,0.0,"[8.98084508190475, 5.177930746815255, 2.9807069884319053]",[],"[0.0, 0.0, 0.0]",[],"[20.46370533821731, 10.712642940551936, 5.078735867774116]"
908,0,2049,False,False,,0.0,2,2,,0,2,34.51279653602199,"[24.6396726294926, 9.873123906529386]",15.459990649048574,"[10.609472325502114, 4.850518323546461]",16.500251973120626,0.0,[],8.435098269517045,0.0,0.0,0.0,"[3.894869335005679, 4.540228934511366]",[],"[0.0, 0.0]",[],"[7.422741884629946, 9.077510088490682]"
908,0,2050,False,False,,0.0,4,4,,0,4,58.09357426345579,"[6.04876906064635, 3.8946636940365345, 28.20336823282752, 19.946773275945386]",26.65649396274776,"[3.3590199336520765, 2.5189188406742486, 11.999313610802732, 8.779241577618702]",31.0412639315022,0.0,[],16.106092933285858,0.0,0.0,0.0,"[4.128813459990047, 4.422450587098873, 3.114380559028982, 4.440448327167955]",[],"[0.0, 0.0, 0.0, 0.0]",[],"[8.022598615359096, 8.775514325894546, 5.421488612894826, 8.82166237735373]"
908,0,2051,False,False,,0.0,2,2,,0,2,24.861189792563493,"[18.529832120480517, 6.3313576720829765]",11.695864019099762,"[8.226634526987402, 3.469229492112361]",26.539148444305987,0.0,[],12.350267893279335,0.0,0.0,0.0,"[9.088716597994898, 3.261551295284437]",[],"[0.0, 0.0]",[],"[20.740298969217687, 5.798849475088301]"
908,0,2052,False,True,1.0,5.99,8,5,,2,10,54.63260681303677,"[10.9148032231519, 12.202941228381743, 7.603408394518713, 7.73508322618242, 16.176370740801996]",26.306716657084344,"[5.256773257029241, 5.75914707906888, 3.9653292738622983, 4.016682458211144, 7.308784588912778]",49.2988578702454,7.019532140230371,"[2.7091396689997347, 4.310392471230637]",24.226554569395706,4.7376175346898455,19.226554569395706,2.737617534689845,"[4.953095773076191, 5.950439795539076, 2.5308795111201934, 5.455807506009036, 5.33633198365121]","[2.0565644709098967, 2.681053063779949]","[3.953095773076191, 4.950439795539076, 1.5308795111201934, 4.455807506009036, 4.33633198365121]","[1.0565644709098965, 1.6810530637799486]","[10.136143007887668, 12.693435373177117, 3.9253320797953672, 11.42514745130522, 11.118799958080025]"
908,0,2053,False,False,,0.0,2,2,,0,2,9.51440286319048,"[7.0144028631904805, 2.5]",5.710617116644288,"[3.7356171166442875, 1.975]",43.62654612783123,0.0,[],19.01435298985418,0.0,0.0,0.0,"[7.427929598880259, 11.586423390973923]",[],"[0.0, 0.0]",[],"[16.481870766359638, 27.144675361471595]"
908,0,2054,False,False,,0.0,1,1,,0,1,11.811109994638153,[11.811109994638153],5.60633289790888,[5.60633289790888],13.452464467297057,0.0,[],6.2464611422458525,0.0,0.0,0.0,[6.2464611422458525],[],[0.0],[],[13.452464467297057]
908,0,2055,False,True,1.0,5.99,10,10,True,2,12,133.52444364014158,"[4.476820491805012, 15.75668638663085, 11.048448606566238, 19.284600427857185, 6.809601983369743, 9.92699462532947, 19.195032469770588, 18.816281531664682, 11.11948059362668, 17.090496523521143]",62.07453301965522,"[2.7459599918039546, 7.145107690786031, 5.308894956560833, 8.520994166864302, 3.6557447735141997, 4.871527903878494, 8.486062663210529, 8.338349797349228, 5.336597431514405, 7.6652936441732455]",87.06832337958731,25.20352581942383,"[21.541550328711203, 3.6619754907126287]",43.95664611803906,11.829375069575295,33.95664611803906,9.829375069575295,"[4.7179731570698475, 3.5710935983564958, 3.846238453973615, 3.0215288594587975, 1.975, 5.971972472340054, 5.318940458890877, 2.5103502399929383, 8.666554134387827, 4.356994743568606]","[9.40120462819737, 2.428170441377925]","[3.717973157069848, 2.5710935983564958, 2.846238453973615, 2.0215288594587975, 0.9750000000000001, 4.971972472340054, 4.318940458890877, 1.5103502399929383, 7.666554134387827, 3.356994743568606]","[8.40120462819737, 1.4281704413779253]","[9.533264505307303, 6.592547688093578, 7.298047317881064, 5.183407331945634, 2.5, 12.748647364974497, 11.074206304848401, 3.872692923058816, 19.65783111381494, 8.607678829663092]"
908,0,2056,False,True,1.0,5.99,8,8,True,2,10,74.67833929284197,"[5.971364614767402, 13.39507149609058, 13.204264686690724, 7.03792771806809, 6.227070491401552, 15.6039750003994, 5.770079852908022, 7.468585432516204]",37.124552324208366,"[3.3288321997592867, 6.224077883475326, 6.149663227809382, 3.7447918100465554, 3.4285574916466053, 7.085550250155766, 3.2503311426341286, 3.9127483186813197]",84.58198476595157,13.118333128375461,"[3.4719535368845738, 9.646379591490888]",40.98697405872112,7.11614992006643,32.98697405872112,5.11614992006643,"[3.683258027367327, 7.891551544804704, 6.855248903694928, 4.553366051418584, 7.681804902797143, 2.174799684011677, 4.130003436958171, 4.016941507668582]","[2.354061879384984, 4.762088040681446]","[2.683258027367327, 6.891551544804704, 5.855248903694928, 3.553366051418583, 6.681804902797143, 1.1747996840116768, 3.1300034369581713, 3.016941507668582]","[1.354061879384984, 3.7620880406814465]","[6.880148788121351, 17.670644986678727, 15.013458727422893, 9.111195003637393, 17.13283308409524, 3.0123068820812224, 8.025649838354285, 7.735747455560466]"
908,0,2057,False,False,,0.0,4,4,,0,4,24.952542662757978,"[10.07332492486028, 5.514994619008866, 5.197404011890704, 4.166819106998124]",13.73149163847561,"[4.928596720695509, 3.150847901413458, 3.0269875646373747, 2.6250594517292685]",42.563240367027475,0.0,[],20.599663743140713,0.0,0.0,0.0,"[7.101677001141934, 4.04111470350991, 6.3240889570118295, 3.1327830814770414]",[],"[0.0, 0.0, 0.0, 0.0]",[],"[15.645325643953676, 7.79773000899977, 13.651510146184178, 5.46867456788985]"
908,0,2058,False,False,,0.0,4,4,,0,4,59.552910997960865,"[7.344524503577514, 28.47952063897443, 16.80087654081421, 6.927989314594713]",27.22563528920474,"[3.8643645563952305, 12.10701304920003, 7.552341850917541, 3.701915832691938]",45.287860865104925,0.0,[],21.662265737390918,0.0,0.0,0.0,"[9.553345805501307, 2.8529368739845493, 4.201027009702581, 5.054956048202483]",[],"[0.0, 0.0, 0.0, 0.0]",[],"[21.93165591154181, 4.751120189703973, 8.20776156333995, 10.397323200519187]"
908,0,2059,False,False,,0.0,3,3,,0,3,21.26187875391615,"[8.16623884791393, 8.613828885417504, 4.481811020584716]",11.292132714027296,"[4.1848331506864325, 4.359393265312827, 2.747906298028039]",38.93841483693483,0.0,[],18.18598178640459,0.0,0.0,0.0,"[9.382933463534078, 2.6426816217571423, 6.160366701113366]",[],"[0.0, 0.0, 0.0]",[],"[21.494701188548916, 4.212004158351646, 13.231709490034271]"
908,0,2060,False,False,,0.0,2,2,,0,2,33.060113920606604,"[17.1576114114168, 15.902502509189805]",14.893444429036576,"[7.691468450452551, 7.2019759785840245]",29.020932810583066,0.0,[],13.318163796127395,0.0,0.0,0.0,"[10.140583072753763, 3.177580723373632]",[],"[0.0, 0.0]",[],"[23.43739249424042, 5.583540316342646]"
908,0,2061,False,True,1.0,5.99,6,6,True,1,7,60.48218388890158,"[24.55135698339689, 7.2196362016205855, 8.0771455347212, 9.553578660144035, 2.5, 8.580466509018875]",29.58805171667162,"[10.575029223524787, 3.8156581186320286, 4.150086758541269, 4.725895677456174, 1.975, 4.346381938517361]",46.275047567949535,11.096216410794977,[11.096216410794977],24.047268551500316,5.3275244002100415,18.047268551500316,4.3275244002100415,"[6.676776338539154, 3.7991477369284743, 6.569993277483483, 2.332665775955391, 1.975, 2.693685422593814]",[5.3275244002100415],"[5.676776338539154, 2.7991477369284743, 5.569993277483483, 1.332665775955391, 0.9750000000000001, 1.693685422593814]",[4.3275244002100415],"[14.555836765485012, 7.17730188956019, 14.282034044829443, 3.4170917332189514, 2.5, 4.342783134855933]"
908,0,2062,False,True,1.0,5.99,5,5,True,3,8,46.7292316818766,"[17.075583534673964, 5.327550727978441, 12.112929456330235, 9.713167962893962, 2.5]",23.224400355931877,"[7.659477578522846, 3.077744783911592, 5.724042487968792, 4.788135505528645, 1.975]",45.12406662766286,51.09826814816146,"[20.964217888791165, 21.393254151272902, 8.740796108097392]",22.598385984788514,22.928324577782973,17.598385984788518,19.92832457778297,"[5.456559857873414, 2.041675840339301, 5.786458617711702, 6.391654217643767, 2.9220374512203344]","[9.176044976628555, 9.343369118996431, 4.408910482157983]","[4.456559857873414, 1.0416758403393007, 4.786458617711702, 5.391654217643767, 1.9220374512203344]","[8.176044976628555, 8.343369118996431, 3.408910482157983]","[11.427076558649778, 2.6709636931776943, 12.272970814645388, 13.824754404214787, 4.928301156975216]"
908,0,2063,False,False,,0.0,1,1,,0,1,17.380365815163785,[17.380365815163785],7.7783426679138765,[7.7783426679138765],13.580985378960932,0.0,[],6.296584297794763,0.0,0.0,0.0,[6.296584297794763],[],[0.0],[],[13.580985378960932]
908,0,2064,False,False,,0.0,1,1,,0,1,6.933987072707371,[6.933987072707371],3.704254958355875,[3.704254958355875],20.694164784590154,0.0,[],9.07072426599016,0.0,0.0,0.0,[9.07072426599016],[],[0.0],[],[20.694164784590154]
908,0,2065,False,False,,0.0,3,3,,0,3,30.01642437743781,"[7.714152080382528, 16.589489117781714, 5.7127831792735675]",14.706405507200747,"[4.008519311349186, 7.4699007559348685, 3.2279854399166914]",31.878103067500945,0.0,[],15.43246019632537,0.0,0.0,0.0,"[4.363496278792649, 6.262520305030461, 4.80644361250226]",[],"[0.0, 0.0, 0.0]",[],"[8.624349432801663, 13.49364180777041, 9.76011182692887]"
908,0,2066,False,False,,0.0,3,3,,0,3,23.728197319155424,"[3.422916258592797, 10.64007727625777, 9.665203784304857]",12.253996954470615,"[2.334937340851191, 5.14963013774053, 4.769429475878894]",35.35239341261645,0.0,[],16.787433430920416,0.0,0.0,0.0,"[4.892142542368465, 2.7520790139500044, 9.143211874601946]",[],"[0.0, 0.0, 0.0]",[],"[9.979852672739653, 4.492510292179499, 20.880030447697294]"
908,0,2067,False,True,1.0,5.99,5,3,,3,8,34.468069928341905,"[19.57186992737962, 6.1433149810813354, 8.75288501988095]",16.44254727205334,"[8.633029271678051, 3.3958928426217208, 4.41362515775357]",24.299207355410502,17.12816348338418,"[3.11225167321827, 7.240039540495375, 6.775872269670536]",12.476690868610095,9.67998375851983,9.476690868610095,6.67998375851983,"[7.151134523574094, 3.0047823729478864, 2.3207739720881158]","[2.2137781525551254, 3.8236154207931965, 3.642590185171509]","[6.151134523574094, 2.0047823729478864, 1.3207739720881158]","[1.2137781525551254, 2.8236154207931965, 2.642590185171509]","[15.772139804036138, 5.140467622943298, 3.386599928431066]"
908,0,2068,False,False,,0.0,2,2,,0,2,11.914661353872603,"[5.738722940452307, 6.175938413420296]",6.6467179280103155,"[3.2381019467764, 3.4086159812339156]",15.841882078306604,0.0,[],8.178334010539576,0.0,0.0,0.0,"[5.699303891920949, 2.479030118618626]",[],"[0.0, 0.0]",[],"[12.049497158771665, 3.7923849195349386]"
908,0,2069,False,True,1.0,5.99,5,5,True,1,6,48.504324563218006,"[15.493220368786822, 16.013775273138354, 2.5, 5.392663560220917, 9.104665361071918]",23.91668657965503,"[7.042355943826861, 7.2453723565239585, 1.975, 3.1031387884861577, 4.550819490818048]",41.78773438997116,8.901559909614273,[8.901559909614273],21.297216412088755,4.471608364749566,16.297216412088755,3.4716083647495664,"[4.562416069192507, 4.660772396140649, 4.425548330317853, 4.296517850648391, 3.3519617657893543]",[4.471608364749566],"[3.5624160691925066, 3.6607723961406493, 3.425548330317853, 3.2965178506483914, 2.3519617657893543]",[3.4716083647495664],"[9.134400177416683, 9.386595887540127, 8.783457257225264, 8.452609873457414, 6.030671194331678]"
908,0,2070,False,False,,0.0,2,2,,0,2,26.896991913785975,"[16.392039880555267, 10.504952033230708]",12.48982684637653,"[7.392895553416555, 5.096931292959976]",14.156564515775322,0.0,[],7.521060161152376,0.0,0.0,0.0,"[5.2394884373319455, 2.2815717238204307]",[],"[0.0, 0.0]",[],"[10.870483172646013, 3.2860813431293097]"
908,0,2071,False,True,1.0,5.99,7,1,,2,9,10.801388722100029,[10.801388722100029],5.212541601619011,[5.212541601619011],5.511958905244126,16.423268806884,"[4.708029360655975, 11.715239446228024]",3.149663973045209,8.40507483468476,2.149663973045209,6.4050748346847595,[3.149663973045209],"[2.8361314506558304, 5.5689433840289295]",[2.149663973045209],"[1.8361314506558304, 4.5689433840289295]",[5.511958905244126]
908,0,2072,False,True,1.0,5.99,5,2,,0,5,16.0440178893583,"[4.060732581185427, 11.983285308172874]",8.257166976849739,"[2.5836857066623162, 5.6734812701874215]",20.85935280563291,0.0,[],10.135147594196834,0.0,8.135147594196834,0.0,"[4.501035616300196, 5.634111977896638]",[],"[3.5010356163001957, 4.634111977896638]",[],"[8.977014400769733, 11.882338404863175]"
908,0,2073,False,False,,0.0,1,1,,0,1,4.775593951919965,[4.775593951919965],2.8624816412487863,[2.8624816412487863],11.598080828676437,0.0,[],5.523251523183811,0.0,0.0,0.0,[5.523251523183811],[],[0.0],[],[11.598080828676437]
908,0,2074,False,False,,0.0,1,1,,0,1,11.69233449100541,[11.69233449100541],5.56001045149211,[5.56001045149211],4.975451478896111,0.0,[],2.940426076769483,0.0,0.0,0.0,[2.940426076769483],[],[0.0],[],[4.975451478896111]
908,0,2075,False,False,,0.0,3,3,,0,3,19.410970997193374,"[2.5, 9.10536351788469, 7.805607479308683]",10.570278688905415,"[1.975, 4.551091771975029, 4.044186916930387]",41.326340712397084,0.0,[],19.117272877834864,0.0,0.0,0.0,"[6.058131341332062, 7.42001187753977, 5.639129658963031]",[],"[0.0, 0.0, 0.0]",[],"[12.969567541877081, 16.46156891676864, 11.895204253751361]"
908,0,2076,False,True,1.0,5.99,6,6,True,2,8,49.020771487978216,"[4.750548569805855, 8.435174469550885, 15.112302298256617, 3.379505408190784, 7.9939152283009385, 9.349325513873131]",25.118100880311506,"[2.8527139422242835, 4.289718043124845, 6.8937978963200806, 2.3180071091944057, 4.1176269390373665, 4.646236950410522]",67.3372789418237,23.56706250383546,"[17.496688982488394, 6.070373521347064]",32.261538787311245,11.19115437649583,26.26153878731125,9.19115437649583,"[4.893268950892169, 10.264641226157869, 3.123165146298812, 5.524767916173727, 4.607151690507876, 3.8485438572807946]","[7.823708703170474, 3.367445673325355]","[3.893268950892169, 9.264641226157869, 2.123165146298812, 4.524767916173727, 3.6071516905078758, 2.8485438572807946]","[6.823708703170474, 2.367445673325355]","[9.98274089972351, 23.755490323481713, 5.44401319563798, 11.601969015830068, 9.249106898738143, 7.303958608412294]"
908,0,2077,False,True,1.0,5.99,5,5,True,3,8,55.595714172721244,"[9.463081495902086, 12.225066000505514, 17.7775041236149, 9.7500763714193, 6.37998618127945]",26.68232852736129,"[4.690601783401814, 5.767775740197151, 7.933226608209811, 4.802529784853528, 3.4881946106989856]",53.4358682610455,17.98180846808902,"[4.500575710422193, 11.49614648497102, 1.985086272695809]",25.83998862180775,10.012905302554719,20.83998862180775,7.012905302554718,"[4.429579991013856, 8.206148524164188, 3.537844339564891, 5.035305837484736, 4.631109929580077]","[2.755224527064655, 5.483497129138698, 1.7741836463513656]","[3.429579991013856, 7.206148524164188, 2.537844339564891, 4.035305837484736, 3.6311099295800777]","[1.7552245270646551, 4.483497129138698, 0.7741836463513655]","[8.793794848753477, 18.477303908113303, 6.5072931783715156, 10.346938044832656, 9.310538280974558]"
908,0,2078,False,False,,0.0,4,4,,0,4,45.14315192506045,"[8.654661728384431, 16.56161593044501, 6.184573241772217, 13.74230102445879]",21.605829250773574,"[4.375318074069928, 7.459030212873555, 3.4119835642911647, 6.359497399538928]",46.69412392691949,0.0,[],22.2107083314986,0.0,0.0,0.0,"[4.0520119966551835, 4.742160603378858, 6.429551741167178, 6.986983990297382]",[],"[0.0, 0.0, 0.0, 0.0]",[],"[7.825671786295342, 9.59528359840733, 13.921927541454302, 15.351241000762517]"
908,0,2079,False,True,1.0,5.99,5,5,True,0,5,56.97482854864349,"[7.665362700928653, 12.077021692941827, 5.151672561077633, 19.3282199982613, 12.752551595434074]",27.220183133970963,"[3.9894914533621746, 5.710038460247312, 3.009152298820277, 8.538005799321908, 5.973495122219289]",50.993324903567625,0.0,[],24.88739671239138,0.0,19.88739671239138,0.0,"[5.331206962102864, 4.958935266349897, 4.953433253141307, 3.95703313224574, 5.6867880985515695]",[],"[4.331206962102864, 3.9589352663498967, 3.9534332531413066, 2.95703313224574, 4.6867880985515695]",[],"[11.10565887718683, 10.151116067563837, 10.137008341387965, 7.582136236527538, 12.01740538090146]"
908,0,2080,False,False,,0.0,2,2,,0,2,16.11629565078953,"[3.812918292156465, 12.303377358633066]",8.285355303807917,"[2.4870381339410215, 5.798317169866896]",21.53762610792895,0.0,[],10.399674182092292,0.0,0.0,0.0,"[4.316913545290472, 6.0827606368018206]",[],"[0.0, 0.0]",[],"[8.504906526385824, 13.032719581543128]"
908,0,2081,False,True,1.0,5.99,6,4,,2,8,38.77074836593183,"[10.499292839429096, 8.903781135926076, 8.463544401441348, 10.904129989135313]",19.120591862713418,"[5.0947242073773475, 4.47247464301117, 4.300782316562126, 5.2526106957627725]",30.9904378563686,12.315214302590174,"[8.4584601645007, 3.8567541380894754]",16.086270763983755,6.802933578010169,12.086270763983755,4.802933578010169,"[3.491766022375911, 4.555348007096343, 2.251544619341628, 5.787612115169874]","[4.298799464155273, 2.5041341138548954]","[2.491766022375911, 3.5553480070963426, 1.2515446193416282, 4.787612115169874]","[3.298799464155273, 1.5041341138548954]","[6.389143647117721, 9.116276941272673, 3.209088767542636, 12.275928500435574]"
908,0,2082,False,False,,0.0,2,2,,0,2,14.13786856188704,"[2.9136753895032323, 11.224193172383806]",7.513768739135945,"[2.1363334019062608, 5.377435337229684]",6.991088327577008,0.0,[],4.7265244477550326,0.0,0.0,0.0,"[1.975, 2.751524447755033]",[],"[0.0, 0.0]",[],"[2.5, 4.491088327577008]"
908,0,2083,False,True,1.0,5.99,5,5,True,2,7,32.60090559379282,"[6.516268089680368, 5.038108738691862, 5.598466853580852, 10.827281860882115, 4.620780050957624]",17.714353181579202,"[3.5413445549753435, 2.964862408089826, 3.1834020728965324, 5.2226399257440255, 2.802104219873473]",43.09999631027424,15.981114765421204,"[5.865159451311921, 10.115955314109282]",21.808998561006952,8.23263475851427,16.808998561006952,6.232634758514269,"[4.2175187524236115, 8.591771073301317, 1.979076485403354, 2.3747828942776943, 4.645849355600978]","[3.2874121860116494, 4.945222572502621]","[3.217518752423612, 7.591771073301316, 0.9790764854033541, 1.374782894277694, 3.6458493556009777]","[2.2874121860116494, 3.94522257250262]","[8.250048083137466, 19.466079675131578, 2.510452526675267, 3.5250843443017796, 9.348331681028148]"
908,0,2084,False,False,,0.0,2,2,,0,2,20.475251429736453,"[5.908444734604924, 14.56680669513153]",9.985348057597218,"[3.30429344649592, 6.681054611101297]",26.789518470562633,0.0,[],12.447912203519428,0.0,0.0,0.0,"[5.665747555335718, 6.782164648183709]",[],"[0.0, 0.0]",[],"[11.963455270091584, 14.826063200471049]"
908,0,2085,False,True,1.0,5.99,5,2,,0,5,11.33965604090752,"[4.3304561934286125, 7.009199847478907]",6.4224658559539325,"[2.6888779154371587, 3.733587940516774]",12.665037194112077,0.0,[],6.93936450570371,0.0,4.93936450570371,0.0,"[3.2533939511847683, 3.685970554518942]",[],"[2.2533939511847683, 2.685970554518942]",[],"[5.777933208166073, 6.887103985946005]"
908,0,2086,False,False,,0.0,3,3,,0,3,38.393830295415015,"[11.382420844246296, 15.340623847679053, 11.670785603489662]",17.973593815211856,"[5.439144129256055, 6.982843300594831, 5.5516063853609685]",24.701622690302177,0.0,[],12.633632849217848,0.0,0.0,0.0,"[5.297830196546486, 4.143684466670631, 3.1921181860007315]",[],"[0.0, 0.0, 0.0]",[],"[11.020077427042272, 8.060729401719568, 5.620815861540337]"
908,0,2087,False,False,,0.0,4,4,,0,4,35.66807963594482,"[4.730066208224964, 5.947500644383145, 8.181737724075518, 16.80877505926119]",17.91055105801848,"[2.844725821207736, 3.3195252513094267, 4.190877712389452, 7.555422273111865]",38.97368181340763,0.0,[],19.199735907228977,0.0,0.0,0.0,"[7.182729922964517, 6.29871839110148, 1.975, 3.743287593162979]",[],"[0.0, 0.0, 0.0, 0.0]",[],"[15.853153648626966, 13.586457413080717, 2.5, 7.0340707516999466]"
908,0,2088,False,True,1.0,5.99,5,5,True,2,7,45.72268237522859,"[10.036493853681785, 13.121833925646456, 5.310717872797537, 13.261785330642182, 3.991851392460635]",22.83184612633915,"[4.914232602935897, 6.117515231002118, 3.0711799703910394, 6.172096278950451, 2.5568220430596478]",34.14205491512472,13.819936262774632,"[8.944557489556313, 4.87537877321832]",18.315401416898638,7.389775142482107,13.31540141689864,5.389775142482107,"[3.4807345352646317, 4.509769798387681, 3.6975490612417055, 2.3238805411276253, 4.303467480876996]","[4.4883774209269625, 2.9013977215551447]","[2.4807345352646317, 3.5097697983876808, 2.6975490612417055, 1.323880541127625, 3.3034674808769964]","[3.4883774209269625, 1.901397721555145]","[6.360857782729825, 8.999409739455592, 6.916792464722322, 3.3945654900708337, 8.470429438146144]"
908,0,2089,False,False,,0.0,1,1,,0,1,4.445958743415135,[4.445958743415135],2.7339239099319026,[2.7339239099319026],14.424038810143509,0.0,[],6.625375135955969,0.0,0.0,0.0,[6.625375135955969],[],[0.0],[],[14.424038810143509]
908,0,2090,False,True,1.0,5.99,6,6,True,0,6,74.34398947444731,"[12.690840535242124, 26.65010799714163, 13.618337862387643, 2.5, 11.277624090218174, 7.607078989457754]",34.99415589503446,"[5.949427808744429, 11.393542118885236, 6.3111517663311805, 1.975, 5.398273395185088, 3.966760805888524]",92.86701920205073,0.0,[],42.21813748879979,0.0,36.21813748879978,0.0,"[6.70458172621714, 3.0434679705644268, 9.25907668507138, 3.1427829526191937, 8.999723528040736, 11.068504626286911]",[],"[5.70458172621714, 2.0434679705644268, 8.25907668507138, 2.1427829526191937, 7.999723528040736, 10.068504626286911]",[],"[14.627132631325999, 5.239661462985709, 21.177119705311227, 5.494315263126138, 20.51211161036086, 25.816678528940795]"
908,0,2091,False,False,,0.0,2,2,,0,2,12.922070613151412,"[7.517273329088835, 5.404797284062577]",7.039607539129051,"[3.9317365983446457, 3.107870940784405]",29.6681214424714,0.0,[],13.570567362563846,0.0,0.0,0.0,"[8.450377275078559, 5.120190087485287]",[],"[0.0, 0.0]",[],"[19.10353147456041, 10.56458996791099]"
908,0,2092,False,False,,0.0,3,3,,0,3,20.657929545578128,"[7.932682285571332, 3.1864165803357167, 9.538830679671078]",11.056592522775471,"[4.09374609137282, 2.24270246633093, 4.7201439650717205]",39.319782734597986,0.0,[],18.334715266493212,0.0,0.0,0.0,"[5.384706260685883, 8.564952708026897, 4.385056297780434]",[],"[0.0, 0.0, 0.0]",[],"[11.24283656586124, 19.397314635966406, 8.679631532770342]"
908,0,2093,False,False,,0.0,1,1,,0,1,10.597409449744745,[10.597409449744745],5.13298968540045,[5.13298968540045],3.9035824772154144,0.0,[],2.5223971661140117,0.0,0.0,0.0,[2.5223971661140117],[],[0.0],[],[3.9035824772154144]
908,0,2094,False,False,,0.0,4,4,,0,4,19.25759252529005,"[4.002774872037717, 2.5, 8.365745270907656, 4.389072382344677]",11.510461084863119,"[2.5610822000947095, 1.975, 4.2626406556539855, 2.7117382291144243]",21.022257822715364,0.0,[],12.198680550858992,0.0,0.0,0.0,"[2.905598980845154, 3.1016305279737995, 3.538060381611557, 2.6533906604284816]",[],"[0.0, 0.0, 0.0, 0.0]",[],"[4.886151232936292, 5.388796225573845, 6.507847132337325, 4.2394632318679015]"
