iteration,month,customers,is_existing_customer,membership_signed_up,tier_chosen,membership_revenue,rides_taken,rides_taken_control,existing_customer_late_signup,additional_rides_taken,total_rides_taken,total_control_ride_minutes,control_ride_minutes_array,total_control_ride_revenue,control_ride_revenue_array,total_standard_minutes,total_membership_minutes,membership_ride_minutes_array,initial_standard_ride_revenue,initial_membership_ride_revenue,adjusted_standard_ride_revenue,adjusted_membership_ride_revenue,initial_standard_ride_revenue_array,initial_membership_ride_revenue_array,adjusted_standard_ride_revenue_array,adjusted_membership_ride_revenue_array,standard_ride_minutes_array
102,0,0,True,True,1.0,3.99,3,3,True,3,6,15.001262247175298,"[3.887515225704909, 5.984302951025964, 5.129444070444425]",8.850492276398366,"[2.5161309380249146, 3.333878150900126, 3.0004831874733258]",29.471832095917392,19.18724270902124,"[7.533978054226152, 4.0960092643942225, 7.557255390400868]",14.494014517407784,10.483024656518285,11.494014517407784,7.483024656518285,"[3.138618960119088, 6.576631509159072, 4.778764048129624]","[3.9382514411481995, 2.5974436131137466, 3.9473296022563384]","[2.138618960119088, 5.576631509159072, 3.778764048129624]","[2.9382514411481995, 1.5974436131137468, 2.9473296022563384]","[5.483638359279713, 14.299055151689927, 9.689138584947754]"
102,0,1,True,False,,0.0,2,2,,0,2,20.39320535623466,"[15.15332525812236, 5.239880098112299]",9.953350088931517,"[6.90979685066772, 3.043553238263797]",23.23159043639366,0.0,[],11.060320270193529,0.0,0.0,0.0,"[4.577285749723919, 6.483034520469609]",[],"[0.0, 0.0]",[],"[9.172527563394665, 14.059062872998997]"
102,0,2,True,True,1.0,3.99,4,4,True,2,6,65.66011652037608,"[13.345697507920356, 13.357241774737128, 20.42492364322139, 18.53225359449721]",29.60744544294667,"[6.204822028088939, 6.20932429214748, 8.965720220856342, 8.227578901853912]",28.428610828108283,18.352588280850377,"[8.614590883065766, 9.737997397784609]",15.08715822296223,9.157509429531647,11.08715822296223,7.157509429531647,"[5.948787473796959, 1.975, 2.732885912940057, 4.430484836225213]","[4.359690444395649, 4.797818985135997]","[4.948787473796959, 0.9750000000000001, 1.732885912940057, 3.430484836225214]","[3.359690444395649, 3.7978189851359976]","[12.689198650761433, 2.5, 4.443297212666812, 8.796114964680035]"
102,0,3,True,True,1.0,3.99,4,4,True,2,6,29.263871299278087,"[14.225563929106585, 6.246825444737848, 6.291481925433656, 2.5]",15.412909806718455,"[6.5479699323515685, 3.4362619234477605, 3.453677950919126, 1.975]",24.49661463577425,14.19043919549799,"[3.825115627670719, 10.365323567827271]",13.55367970795196,7.534271286244216,9.553679707951959,5.534271286244216,"[3.073456774543872, 6.111415284182231, 2.0072978322107202, 2.361509817015137]","[2.4917950947915806, 5.042476191452636]","[2.073456774543872, 5.111415284182231, 1.00729783221072, 1.361509817015137]","[1.4917950947915806, 4.042476191452636]","[5.316555832163774, 13.106193036364694, 2.5828149543864614, 3.491050812859325]"
102,0,4,True,False,,0.0,2,2,,0,2,19.693617142359585,"[6.674466449016737, 13.019150693342846]",9.680510685520238,"[3.6030419151165276, 6.07746877040371]",13.426147618404086,0.0,[],7.236197571177593,0.0,0.0,0.0,"[2.113920712394378, 5.1222768587832155]",[],"[0.0, 0.0]",[],"[2.856206954857379, 10.569940663546706]"
102,0,5,True,True,1.0,3.99,3,3,True,3,6,55.419733422982276,"[12.944421864882356, 19.08581830951719, 23.389493248582728]",24.613696034963088,"[6.048324527304119, 8.443469140711706, 10.121902366947264]",29.606992120678598,28.169372318737697,"[10.241047645885576, 11.853656549383674, 6.074668123468444]",14.546726927064654,13.986055204307702,11.546726927064654,10.986055204307702,"[6.027968620718948, 5.1378999688667975, 3.380858337478908]","[4.994008581895375, 5.622926054259633, 3.3691205681526935]","[5.027968620718948, 4.1378999688667975, 2.380858337478908]","[3.994008581895375, 4.622926054259633, 2.3691205681526935]","[12.892227232612687, 10.609999920171276, 6.104764967894636]"
102,0,6,True,True,1.0,3.99,3,3,True,2,5,32.613118984423906,"[18.351616152423496, 3.365941711824009, 10.895561120176406]",15.719116403925327,"[8.157130299445164, 2.3127172676113634, 5.249268836868799]",42.697808699201936,20.76395839714622,"[4.114268066293172, 16.649690330853048]",19.652145392688755,10.097943774887026,16.652145392688755,8.097943774887026,"[6.886870437002029, 4.4133836086972185, 8.351891346989508]","[2.604564545854337, 7.493379229032689]","[5.886870437002029, 3.4133836086972185, 7.351891346989508]","[1.6045645458543372, 6.493379229032689]","[15.094539582056484, 8.7522656633262, 18.851003453819253]"
102,0,7,True,True,1.0,3.99,5,5,True,0,5,49.99801147803974,"[8.82271687157225, 13.070838175801697, 11.730955240134502, 7.2883235834306666, 9.08517760710063]",24.4992244764355,"[4.4408595799131785, 6.097626888562662, 5.575072543652456, 3.84244619753796, 4.5432192667692455]",43.17775496007625,0.0,[],21.839324434429738,0.0,16.839324434429738,0.0,"[8.172465826926217, 3.639072747785475, 2.3802740481007536, 3.540156816960541, 4.107354994656752]",[],"[7.172465826926217, 2.639072747785475, 1.3802740481007538, 2.540156816960541, 3.1073549946567516]",[],"[18.39093801775953, 6.766853199449935, 3.5391642258993685, 6.513222607591131, 7.967576909376286]"
102,0,8,True,True,1.0,3.99,4,4,True,2,6,27.714612389488607,"[2.5, 6.509545226454964, 3.501359145940935, 15.203708017092708]",14.808698831900557,"[1.975, 3.538722638317436, 2.3655300669169645, 6.929446126666156]",36.19768401065159,18.734921091630074,"[6.386130865774764, 12.34879022585531]",18.11709676415412,9.30661922573573,14.11709676415412,7.306619225735729,"[2.9184401541716354, 5.406614368291684, 2.7905928655580583, 7.001449376132744]","[3.490591037652158, 5.816028188083571]","[1.9184401541716354, 4.406614368291684, 1.790592865558058, 6.001449376132744]","[2.490591037652158, 4.816028188083571]","[4.919077318388808, 11.299011200747906, 4.591263757841174, 15.388331733673702]"
102,0,9,True,True,1.0,3.99,6,6,True,1,7,45.226297371442676,"[9.800788065688769, 6.353070899842182, 3.701659412610239, 9.632537436270834, 9.06223311907132, 6.676008437959332]",23.638255974862645,"[4.82230734561862, 3.477697650938451, 2.443647170917993, 4.756689600145625, 4.534270916437816, 3.60364329080414]",76.48354042444643,9.435447589850906,[9.435447589850906],35.82858076553411,4.679824560041853,29.828580765534106,3.6798245600418533,"[6.767220404462691, 2.1172306076074303, 8.461695562055434, 4.308298538706915, 10.438249984050504, 3.735885668651133]",[4.679824560041853],"[5.767220404462691, 1.11723060760743, 7.461695562055434, 3.3082985387069153, 9.438249984050504, 2.735885668651133]",[3.6798245600418533],"[14.787744626827413, 2.8646938656600773, 19.13255272321906, 8.482816765915167, 24.200640984744883, 7.015091458079827]"
102,0,10,True,True,1.0,3.99,4,4,True,1,5,36.42116544329842,"[7.141473294072023, 13.990071996802364, 5.486869349853911, 9.802750802570124]",18.204254522886384,"[3.785174584688089, 6.456128078752922, 3.139879046443025, 4.823072813002348]",30.185588875176023,24.159813453265738,[24.159813453265738],15.77237966131865,10.422327246773637,11.772379661318649,9.422327246773637,"[6.64253885806954, 2.374003690124562, 2.488064196821698, 4.2677729163028495]",[10.422327246773637],"[5.64253885806954, 1.374003690124562, 1.488064196821698, 3.267772916302849]",[9.422327246773637],"[14.46804835402446, 3.5230863849347744, 3.8155492226197385, 8.378904913597049]"
102,0,11,True,True,1.0,3.99,3,3,True,1,4,36.73195437693777,"[10.763410143818973, 7.00745881983668, 18.96108541328212]",17.32546220700573,"[5.1977299560893995, 3.7329089397363053, 8.394823311180026]",33.46897783112642,13.965672678992766,[13.965672678992766],16.05290135413931,6.446612344807178,13.052901354139307,5.446612344807178,"[1.975, 9.451446845616642, 4.626454508522665]",[6.446612344807178],"[0.9750000000000001, 8.451446845616642, 3.6264545085226643]",[5.446612344807178],"[2.5, 21.67037652722216, 9.298601303904267]"
102,0,12,True,True,1.0,3.99,6,4,,1,7,36.261436669705496,"[5.619127339037329, 14.928337392987999, 9.276351109245402, 6.437620828434766]",18.141960301185144,"[3.1914596622245583, 6.82205158326532, 4.617776932605707, 3.510672123089559]",44.576104449199676,18.649950541358717,[18.649950541358717],21.38468073518787,8.2734807111299,17.38468073518787,7.2734807111299,"[4.002586433693487, 3.3172690728574614, 6.709002988053061, 7.355822240583864]",[8.2734807111299],"[3.0025864336934873, 2.3172690728574614, 5.709002988053061, 6.355822240583864]",[7.2734807111299],"[7.698939573573044, 5.941715571429388, 14.638469200136052, 16.296980104061188]"
102,0,13,True,False,,0.0,2,2,,0,2,16.19978711725509,"[2.5, 13.699787117255093]",8.317916975729487,"[1.975, 6.342916975729486]",21.1106184912898,0.0,[],10.233141211603023,0.0,0.0,0.0,"[5.470560491435056, 4.762580720167967]",[],"[0.0, 0.0]",[],"[11.462975619064245, 9.647642872225555]"
102,0,14,True,False,,0.0,2,2,,0,2,11.183663074350049,"[3.4468646742344036, 7.736798400115646]",6.36162859899652,"[2.3442772229514173, 4.017351376045102]",27.99706680432236,0.0,[],12.918856053685719,0.0,0.0,0.0,"[4.895000752258301, 8.023855301427417]",[],"[0.0, 0.0]",[],"[9.987181416046925, 18.009885388275432]"
102,0,15,True,True,1.0,3.99,3,3,True,1,4,26.400497498996593,"[12.583370805541758, 11.317126693454833, 2.5]",13.29619402460867,"[5.907514614161286, 5.413679410447385, 1.975]",24.272024734589365,11.636295564735274,[11.636295564735274],12.466089646489852,5.538155270246757,9.466089646489852,4.538155270246757,"[4.441386189955228, 3.0223389072267692, 5.002364549307855]",[5.538155270246757],"[3.441386189955228, 2.0223389072267692, 4.002364549307855]",[4.538155270246757],"[8.824067153731354, 5.185484377504537, 10.262473203353474]"
102,0,16,True,True,1.0,3.99,3,3,True,0,3,59.23024556285111,"[19.03888941325534, 25.684779206955994, 14.506576942639777]",26.099795769511935,"[8.425166871169584, 11.017063890712839, 6.657565007629513]",21.3425653535463,0.0,[],11.323600487883056,0.0,8.323600487883056,0.0,"[4.146331514874156, 1.975, 5.202268973008899]",[],"[3.146331514874156, 0.9750000000000001, 4.202268973008899]",[],"[8.067516704805529, 2.5, 10.775048648740768]"
102,0,17,True,False,,0.0,2,2,,0,2,17.536949370638318,"[9.804254769036863, 7.732694601601456]",8.839410254548945,"[4.823659359924377, 4.015750894624568]",20.695592275940992,0.0,[],10.071280987616987,0.0,0.0,0.0,"[7.205542616354467, 2.8657383712625197]",[],"[0.0, 0.0]",[],"[15.911647734242223, 4.7839445416987685]"
102,0,18,True,True,1.0,3.99,3,3,True,4,7,29.817292347242592,"[15.399176223933353, 4.643786154711831, 9.774329968597405]",14.62874401542461,"[7.005678727334008, 2.811076600337614, 4.811988687752988]",25.752768749755326,31.702551361655747,"[7.829414269713277, 13.169107199643486, 6.204468664362323, 4.49956122793666]",13.043579812404577,16.36399503104574,10.043579812404579,12.363995031045741,"[5.447892455538358, 5.04107121330603, 2.5546161435601897]","[4.053471565188178, 6.13595180786096, 3.419742779101306, 2.7548288788952973]","[4.447892455538358, 4.04107121330603, 1.55461614356019]","[3.053471565188178, 5.13595180786096, 2.419742779101306, 1.7548288788952973]","[11.404852450098351, 10.361721059759052, 3.986195239897923]"
102,0,19,True,True,1.0,3.99,6,6,True,6,12,52.19888053790808,"[4.176820160631464, 3.2590099169244597, 12.124362914093856, 15.678090575260454, 12.9787367834457, 3.9818601875521455]",26.357563409784152,"[2.628959862646271, 2.2710138676005394, 5.728501536496604, 7.114455324351577, 6.061707345543823, 2.552925473145337]",46.39954190533291,55.63976727105119,"[9.467610619416442, 11.234714969791375, 7.531199687142403, 8.030346693855076, 12.056169081765876, 7.319726219080018]",24.09582134307984,27.699509235709968,18.09582134307984,21.699509235709964,"[2.313426391906998, 4.848982524702538, 7.514006249080686, 4.580386281032297, 2.8640198963573185, 1.975]","[4.6923681415724126, 5.381538838218637, 3.9371678779855372, 4.13183521060348, 5.701905941888692, 3.854693225441207]","[1.3134263919069982, 3.8489825247025378, 6.514006249080686, 3.5803862810322964, 1.8640198963573185, 0.9750000000000001]","[3.6923681415724126, 4.381538838218637, 2.9371678779855372, 3.1318352106034797, 4.701905941888692, 2.854693225441207]","[3.367759979248713, 9.869185960775738, 16.702580125847913, 9.180477643672555, 4.779538195787996, 2.5]"
102,0,20,True,False,,0.0,2,2,,0,2,33.05658538148373,"[14.5340153999683, 18.52256998151543]",14.892068298778653,"[6.668266005987637, 8.223802292791017]",23.227954011499694,0.0,[],11.058902064484881,0.0,0.0,0.0,"[4.980855412325948, 6.078046652158934]",[],"[0.0, 0.0]",[],"[10.207321570066531, 13.020632441433163]"
102,0,21,True,False,,0.0,1,1,,0,1,3.699905104927401,[3.699905104927401],2.4429629909216866,[2.4429629909216866],26.71602437421552,0.0,[],11.419249505944054,0.0,0.0,0.0,[11.419249505944054],[],[0.0],[],[26.71602437421552]
102,0,22,True,True,1.0,3.99,3,3,True,1,4,26.463714127633335,"[8.063222020383865, 9.601454643742981, 8.79903746350649]",13.320848509777003,"[4.144656587949708, 4.744567311059763, 4.431624610767532]",16.627150403799988,8.964954449984308,[8.964954449984308],9.484588657481996,4.49633223549388,6.4845886574819955,3.49633223549388,"[3.307254402661495, 3.1966810941138366, 2.9806531607066633]",[4.49633223549388],"[2.307254402661495, 2.1966810941138366, 1.980653160706663]",[3.49633223549388],"[5.916036929901269, 5.632515625932914, 5.078597847965803]"
102,0,23,True,True,1.0,3.99,6,6,True,6,12,42.42958925178727,"[15.270341947163997, 2.5, 5.712867014125212, 10.835859432008903, 4.3053024109366005, 3.8052184475525594]",22.547539808197037,"[6.955433359393959, 1.975, 3.2280181355088327, 5.225985178483472, 2.6790679402652744, 2.4840351945454984]",62.12672088149618,34.578109038812975,"[3.2979225722471, 6.148241178651733, 2.9114429641447264, 4.2670521932483325, 5.1375983094170925, 12.815851821103989]",30.22942114378351,19.485462525137063,24.22942114378351,13.48546252513706,"[2.8129221589691755, 4.675572823647553, 2.5158393406029633, 7.473938871893673, 8.368634652360427, 4.38251329630972]","[2.286189803176369, 3.397814059674176, 2.1354627560164436, 2.66415035536685, 3.003663340672666, 5.9981822102305555]","[1.8129221589691755, 3.675572823647553, 1.5158393406029635, 6.473938871893673, 7.368634652360426, 3.38251329630972]","[1.2861898031763692, 2.397814059674176, 1.1354627560164434, 1.6641503553668497, 2.003663340672666, 4.9981822102305555]","[4.648518356331219, 9.424545701660392, 3.886767540007599, 16.59984326126583, 18.893935006052374, 8.673111016178769]"
102,0,24,True,True,1.0,3.99,5,5,True,1,6,53.847381370810545,"[3.8749020160603793, 14.125694984583204, 6.131130518981543, 26.355264803214325, 3.3603890479710916]",26.00047873461611,"[2.511211786263548, 6.50902104398745, 3.391140902402802, 11.278553273253587, 2.3105517287087256]",58.348602823293255,8.662843808031063,[8.662843808031063],27.75595510108437,4.378509085132115,22.75595510108437,3.378509085132115,"[2.3064651002197945, 5.066307571175691, 4.120886022072713, 11.505682705453186, 4.756613702162986]",[4.378509085132115],"[1.3064651002197947, 4.066307571175691, 3.120886022072713, 10.505682705453186, 3.756613702162986]",[3.378509085132115],"[3.3499105133840885, 10.426429669681259, 8.002271851468494, 26.937647962700478, 9.632342826058938]"
102,0,25,True,False,,0.0,2,2,,0,2,23.41561075273906,"[18.015661437162127, 5.399949315576934]",11.132088193568233,"[8.02610796049323, 3.1059802330750044]",16.090385104928117,0.0,[],8.275250190921966,0.0,0.0,0.0,"[3.706842058625241, 4.5684081322967245]",[],"[0.0, 0.0]",[],"[6.940620663141644, 9.149764441786473]"
102,0,26,True,True,1.0,3.99,3,3,True,1,4,28.00767015078916,"[7.734112382684993, 5.171588168388383, 15.101969599715781]",13.92299135880777,"[4.016303829247147, 3.0169193856714696, 6.889768143889155]",36.81704254044408,4.77080727288434,[4.77080727288434],17.35864659077319,2.8606148364248924,14.358646590773192,1.8606148364248924,"[7.278548140692437, 6.792700120029498, 3.287398330051257]",[2.8606148364248924],"[6.278548140692437, 5.792700120029498, 2.287398330051257]",[1.8606148364248924],"[16.098841386390863, 14.853077230844868, 5.865123923208351]"
102,0,27,True,True,1.0,3.99,4,4,True,1,5,34.06795120051538,"[3.70556148490454, 3.0486327254052314, 10.415514373851792, 16.898242616353823]",17.286500968201,"[2.4451689791127706, 2.1889667629080405, 5.062050605802199, 7.590314620377991]",30.41921837202404,10.812109320685348,[10.812109320685348],15.863495165089375,5.216722635067286,11.863495165089375,4.216722635067286,"[2.1518364837993857, 3.2114232494436323, 3.943896361673162, 6.556339070173196]",[5.216722635067286],"[1.1518364837993855, 2.2114232494436323, 2.943896361673162, 5.556339070173196]",[4.216722635067286],"[2.9534268815368856, 5.670316024214442, 7.548452209418365, 14.247023256854348]"
102,0,28,True,False,,0.0,1,1,,0,1,20.61237568907027,[20.61237568907027],9.038826518737405,[9.038826518737405],5.826523315790919,0.0,[],3.272344093158458,0.0,0.0,0.0,[3.272344093158458],[],[0.0],[],[5.826523315790919]
102,0,29,True,True,1.0,3.99,3,3,True,4,7,46.552439220015884,"[15.29715009467171, 23.9435892422429, 7.311699883101267]",21.155451295806195,"[6.965888536921967, 10.337999804474732, 3.851562954409494]",35.29992246447705,38.390930905578756,"[2.332929672855832, 13.011479801611365, 11.609139936197757, 11.437381494913804]",16.766969761146047,18.972463053175716,13.766969761146047,14.972463053175716,"[7.766852192435043, 3.333406299212434, 5.666711269498571]","[1.9098425724137744, 6.074477122628433, 5.527564575117125, 5.460578783016384]","[6.766852192435043, 2.333406299212434, 4.666711269498571]","[0.9098425724137745, 5.074477122628433, 4.527564575117125, 4.460578783016384]","[17.350903057525752, 5.983093074903677, 11.965926332047617]"
102,0,30,True,True,1.0,3.99,3,3,True,1,4,23.218947183243174,"[10.268078837009575, 7.332774215483977, 5.618094130749623]",12.055389401464838,"[5.004550746433734, 3.859781944038751, 3.191056710992353]",24.220234662638276,6.63730189118821,[6.63730189118821],12.445891518428928,3.588547737563402,9.445891518428928,2.588547737563402,"[5.136978575698667, 2.029854313823277, 5.279058628906984]",[3.588547737563402],"[4.136978575698667, 1.0298543138232767, 4.279058628906984]",[2.588547737563402],"[10.607637373586323, 2.6406520867263503, 10.971945202325601]"
102,0,31,True,True,1.0,3.99,3,3,True,2,5,20.072950786813777,"[7.810777171836759, 5.813513415432503, 6.4486601995445145]",10.828450806857374,"[4.0462030970163365, 3.267270232018676, 3.514977477822361]",31.906907162440717,19.922598603734695,"[7.581451449395092, 12.341147154339602]",15.44369379335188,9.76981345545653,12.44369379335188,7.76981345545653,"[6.027890902876387, 6.203626886755532, 3.212176003719961]","[3.956766065264086, 5.813047390192445]","[5.027890902876387, 5.203626886755532, 2.212176003719961]","[2.956766065264086, 4.813047390192445]","[12.8920279560933, 13.342633042962902, 5.672246163384515]"
102,0,32,True,True,1.0,3.99,7,5,,5,12,62.38081155101111,"[10.821195597339598, 16.512670632333872, 2.7533784412664235, 14.479039906132716, 17.8145269739385]",29.32851650489433,"[5.220266282962443, 7.439941546610211, 2.0738175920939055, 6.64682556339176, 7.947665519836015]",41.28166312325292,32.856814266851096,"[3.5861381980593725, 3.4797060955997847, 4.851714801760674, 18.359005453673717, 2.580249717757548]",21.099848618068638,17.814157564071927,16.099848618068638,12.814157564071927,"[1.975, 3.266823895288649, 2.8230760867357922, 9.550180919090703, 3.484767716953494]","[2.3985938972431553, 2.3570853772839158, 2.892168772686663, 8.160012126932749, 2.006297389925444]","[0.9750000000000001, 2.266823895288649, 1.823076086735792, 8.550180919090703, 2.484767716953494]","[1.3985938972431553, 1.357085377283916, 1.892168772686663, 7.16001212693275, 1.0062973899254437]","[2.5, 5.812368962278587, 4.674554068553313, 21.92354081818129, 6.3711992742397285]"
102,0,33,True,True,1.0,3.99,3,3,True,3,6,27.73524583830864,"[17.649456902702493, 4.625278433959381, 5.460510501646766]",13.81674587694037,"[7.883288192053972, 2.8038585892441588, 3.129599095642239]",22.067347689399732,24.901465041738128,"[7.286181475070981, 4.362912007228882, 13.252371559438265]",11.606265598865896,12.71157136627787,8.606265598865896,9.71157136627787,"[4.678150488920446, 1.975, 4.9531151099454505]","[3.8416107752776827, 2.701535682819264, 6.168424908180923]","[3.6781504889204455, 0.9750000000000001, 3.95311510994545]","[2.8416107752776827, 1.701535682819264, 5.168424908180923]","[9.431155099796014, 2.5, 10.136192589603718]"
102,0,34,True,False,,0.0,1,1,,0,1,22.71993725872383,[22.71993725872383],9.860775530902295,[9.860775530902295],3.5694449753756836,0.0,[],2.3920835403965164,0.0,0.0,0.0,[2.3920835403965164],[],[0.0],[],[3.5694449753756836]
102,0,35,True,True,1.0,3.99,3,3,True,0,3,13.992189746554033,"[4.157636425247602, 3.136510148987552, 6.698043172318879]",8.456954001156074,"[2.6214782058465644, 2.2232389581051453, 3.612236837204363]",45.33341509713022,0.0,[],20.680031887880787,0.0,17.680031887880787,0.0,"[5.80939337880651, 6.503714627399152, 8.366923881675124]",[],"[4.80939337880651, 5.503714627399152, 7.366923881675125]",[],"[12.331777894375666, 14.112088788202954, 18.8895484145516]"
102,0,36,True,True,1.0,3.99,4,4,True,4,8,54.182202030716674,"[12.207925893222894, 12.704327047082435, 16.25989337833944, 13.010055712071901]",25.131058791979505,"[5.761091098356929, 5.95468754836215, 7.3413584175523825, 6.073921727708042]",61.80152294320669,70.80324716164509,"[17.146243662871147, 23.91106017827741, 24.5496905295021, 5.196252790994438]",28.10259394785061,31.61326639304159,24.10259394785061,27.61326639304159,"[9.251784845645831, 7.020479758450361, 6.986867914756965, 4.843461428997454]","[7.687035028519747, 10.32531346952819, 10.57437930650582, 3.026538588487831]","[8.251784845645831, 6.020479758450361, 5.986867914756965, 3.8434614289974536]","[6.687035028519747, 9.32531346952819, 9.57437930650582, 2.026538588487831]","[21.158422681143158, 15.437127585770156, 15.350943371171704, 9.855029305121676]"
102,0,37,True,True,1.0,3.99,4,4,True,1,5,37.16266256010692,"[3.6147916731895364, 5.715317104790291, 15.435910960019442, 12.39664282210765]",18.493438398441697,"[2.4097687525439193, 3.2289736708682133, 7.020005274407582, 5.834690700621984]",43.12750929052507,17.002289042261527,[17.002289042261527],20.819728623304776,7.630892726481996,16.819728623304776,6.630892726481996,"[3.5129438166244835, 6.009739069294473, 3.8038862198872394, 7.493159517498581]",[7.630892726481996],"[2.5129438166244835, 5.009739069294473, 2.8038862198872394, 6.493159517498581]",[6.630892726481996],"[6.443445683652522, 12.84548479306275, 7.189451845864716, 16.64912696794508]"
102,0,38,True,False,,0.0,1,1,,0,1,18.77170827274993,[18.77170827274993],8.320966226372473,[8.320966226372473],4.3113751221573855,0.0,[],2.6814362976413806,0.0,0.0,0.0,[2.6814362976413806],[],[0.0],[],[4.3113751221573855]
102,0,39,True,False,,0.0,1,1,,0,1,6.828003455794513,[6.828003455794513],3.6629213477598603,[3.6629213477598603],7.729582367213279,0.0,[],4.014537123213179,0.0,0.0,0.0,[4.014537123213179],[],[0.0],[],[7.729582367213279]
102,0,40,True,False,,0.0,1,1,,0,1,7.09243904702411,[7.09243904702411],3.766051228339403,[3.766051228339403],12.70394984369676,0.0,[],5.954540439041737,0.0,0.0,0.0,[5.954540439041737],[],[0.0],[],[12.70394984369676]
102,0,41,True,True,1.0,3.99,5,5,True,2,7,44.86503409163846,"[7.149271663458077, 4.874584500591684, 17.71997591867487, 4.31935565259693, 10.801846356316892]",22.497363295739,"[3.78821594874865, 2.901087955230757, 7.910790608283199, 2.6845487045128027, 5.212720078963588]",49.42570577332697,20.610169823954912,"[10.227836918547215, 10.382332905407697]",24.27602525159752,10.037966231342416,19.27602525159752,8.037966231342416,"[9.094918034383912, 1.9803295293685852, 4.527809224239116, 1.975, 6.697968463605906]","[4.988856398233414, 5.049109833109002]","[8.094918034383912, 0.9803295293685851, 3.5278092242391152, 0.9750000000000001, 5.697968463605906]","[3.988856398233414, 4.049109833109002]","[20.756200088163876, 2.513665459919449, 9.045664677536193, 2.5, 14.61017554770745]"
102,0,42,True,True,1.0,3.99,4,4,True,1,5,29.17686222618203,"[2.5686796337843045, 7.154874434794741, 4.42910174016922, 15.024206417433767]",15.378976268210995,"[2.001785057175879, 3.7904010295699493, 2.727349678665996, 6.85944050279917]",61.786676601905704,5.531318799162651,[5.531318799162651],28.096803874743223,3.1572143316734342,24.096803874743223,2.1572143316734342,"[10.361523585827678, 7.174647337657457, 3.866431986033164, 6.694200965224927]",[3.1572143316734342],"[9.361523585827678, 6.174647337657457, 2.866431986033164, 5.694200965224927]",[2.1572143316734342],"[24.00390663032738, 15.832429070916556, 7.3498256052132405, 14.600515295448531]"
102,0,43,True,True,1.0,3.99,3,3,True,1,4,13.082571525829303,"[2.8479625731429787, 2.5, 7.734608952686324]",8.102202895073427,"[2.1107054035257615, 1.975, 4.016497491547666]",47.12349192443067,9.42949150374135,[9.42949150374135],21.37816185052796,4.677501686459126,18.37816185052796,3.6775016864591263,"[5.472601503311377, 7.254862737458412, 8.650697609758172]",[4.677501686459126],"[4.472601503311377, 6.254862737458412, 7.650697609758173]",[3.6775016864591263],"[11.468208982849683, 16.038109583226696, 19.61717335835429]"
102,0,44,True,False,,0.0,2,2,,0,2,24.098221133504502,"[9.428429489667337, 14.669791643837165]",11.398306242066756,"[4.677087500970261, 6.721218741096495]",16.038571430937118,0.0,[],8.255042858065476,0.0,0.0,0.0,"[4.314823648044905, 3.9402192100205706]",[],"[0.0, 0.0]",[],"[8.499547815499756, 7.53902361543736]"
102,0,45,True,True,1.0,3.99,4,4,True,2,6,18.272887374930605,"[5.525645170145704, 4.038795631818296, 6.208446572966605, 2.5]",11.126426076222936,"[3.1550016163568246, 2.575130296409135, 3.421294163456976, 1.975]",55.493688060722974,27.86880709558013,"[7.411093595534466, 20.457713500045664]",25.64253834368196,12.868834767276251,21.64253834368196,10.868834767276251,"[13.775163760387773, 4.785847462233075, 2.0089927351605184, 5.0725343859005925]","[3.890326502258442, 8.978508265017808]","[12.775163760387773, 3.785847462233075, 1.0089927351605181, 4.0725343859005925]","[2.890326502258442, 7.978508265017809]","[32.75683015484044, 9.707301185213012, 2.587160859385944, 10.44239586128357]"
102,0,46,True,False,,0.0,1,1,,0,1,12.3325105509486,[12.3325105509486],5.8096791148699545,[5.8096791148699545],2.5,0.0,[],1.975,0.0,0.0,0.0,[1.975],[],[0.0],[],[2.5]
102,0,47,True,False,,0.0,2,2,,0,2,11.392794799761978,"[2.5, 8.892794799761978]",6.443189971907172,"[1.975, 4.468189971907171]",14.23237086352644,0.0,[],7.5506246367753125,0.0,0.0,0.0,"[3.1305867777456586, 4.420037859029653]",[],"[0.0, 0.0]",[],"[5.463043019860663, 8.769327843665776]"
102,0,48,True,False,,0.0,2,2,,0,2,5.321536215921059,"[2.5, 2.821536215921059]",4.075399124209213,"[1.975, 2.100399124209213]",17.04805820310525,0.0,[],8.648742699211049,0.0,0.0,0.0,"[4.225022085844648, 4.423720613366401]",[],"[0.0, 0.0]",[],"[8.26928739960166, 8.77877080350359]"
102,0,49,True,False,,0.0,1,1,,0,1,28.931487186723132,[28.931487186723132],12.283280002822021,[12.283280002822021],17.167450469076623,0.0,[],7.695305682939884,0.0,0.0,0.0,[7.695305682939884],[],[0.0],[],[17.167450469076623]
102,0,50,True,False,,0.0,2,2,,0,2,29.645360622165224,"[15.552710394974433, 14.092650227190791]",13.56169064264444,"[7.065557054040029, 6.496133588604409]",29.296442789890314,0.0,[],13.425612688057223,0.0,0.0,0.0,"[7.119399490286714, 6.306213197770509]",[],"[0.0, 0.0]",[],"[15.690767923812087, 13.605674866078227]"
102,0,51,True,True,1.0,3.99,3,3,True,3,6,29.41642053364687,"[3.157003491242866, 19.052250278310407, 7.207166764093599]",14.47240400812228,"[2.231231361584718, 8.430377608541058, 3.810795037996504]",41.139548232642085,23.01265390133684,"[4.422012449143482, 14.16862900304988, 4.422012449143482]",19.044423810730414,11.974935021521368,16.044423810730414,8.97493502152137,"[9.858711327454188, 3.471145426771419, 5.714567056504807]","[2.7245848551659577, 6.525765311189454, 2.7245848551659577]","[8.858711327454188, 2.471145426771419, 4.714567056504807]","[1.724584855165958, 5.525765311189454, 1.724584855165958]","[22.714644429369713, 6.336270325054921, 12.088633478217453]"
102,0,52,True,True,1.0,3.99,3,3,True,2,5,29.23076420662034,"[14.643105882886369, 9.845070367998204, 4.742587955735769]",14.399998040581934,"[6.710811294325684, 4.8395774435193, 2.8496093027369502]",26.267364762069878,28.37653017176902,"[7.637697741967724, 20.738832429801295]",13.244272257207252,13.066846766989917,10.244272257207252,11.066846766989917,"[5.045178211357879, 6.224094045849374, 1.975]","[3.9787021193674126, 9.088144647622505]","[4.045178211357879, 5.224094045849374, 0.9750000000000001]","[2.9787021193674126, 8.088144647622505]","[10.37225182399456, 13.395112938075318, 2.5]"
102,0,53,True,False,,0.0,1,1,,0,1,5.9071385795806215,[5.9071385795806215],3.3037840460364425,[3.3037840460364425],3.9230259178464255,0.0,[],2.529980107960106,0.0,0.0,0.0,[2.529980107960106],[],[0.0],[],[3.9230259178464255]
102,0,54,True,True,1.0,3.99,5,5,True,1,6,57.16994822945364,"[5.744886281975174, 13.491850772720571, 8.478746967659394, 16.10139938129637, 13.353064825802125]",27.29627980948692,"[3.2405056499703178, 6.261821801361023, 4.306711317387164, 7.279545758705585, 6.207695282062829]",65.21780604198949,3.5751924204332695,[3.5751924204332695],30.4349443563759,2.3943250439689754,25.434944356375897,1.3943250439689752,"[9.375085514441938, 6.815364855256926, 7.7722496595984945, 2.045858797594345, 4.426385529484195]",[2.3943250439689754],"[8.375085514441938, 5.815364855256926, 6.7722496595984945, 1.0458587975943452, 3.4263855294841945]",[1.3943250439689752],"[21.474578242158813, 14.911191936556222, 17.364742716919217, 2.681689224600885, 8.785603921754344]"
102,0,55,True,True,1.0,3.99,4,4,True,2,6,30.832432162910052,"[9.26702249307869, 6.1040112785155145, 2.5, 12.961398391315846]",16.02464854353492,"[4.61413877230069, 3.380564398621051, 1.975, 6.05494537261318]",34.29811887083856,23.3752358861807,"[3.958659568502694, 19.416576317678008]",17.37626635962704,11.116341995610474,13.376266359627039,9.116341995610474,"[6.003253258867147, 2.8815985623534512, 2.9092713823171508, 5.582143156089289]","[2.543877231716051, 8.572464763894423]","[5.003253258867147, 1.8815985623534515, 1.9092713823171508, 4.582143156089289]","[1.5438772317160507, 7.572464763894423]","[12.828854509915761, 4.824611698342183, 4.895567646967053, 11.749085015613561]"
102,0,56,True,False,,0.0,1,1,,0,1,18.20268985745121,[18.20268985745121],8.099049044405973,[8.099049044405973],4.315580759154412,0.0,[],2.6830764960702207,0.0,0.0,0.0,[2.6830764960702207],[],[0.0],[],[4.315580759154412]
102,0,57,True,True,1.0,3.99,3,3,True,2,5,17.058821009817596,"[2.99309904470312, 7.955498523405405, 6.110223441709071]",9.652940193828863,"[2.167308627434217, 4.102644424128108, 3.3829871422665376]",22.033484656488824,21.75968376893276,"[8.950090642342948, 12.80959312658981]",11.59305901603064,10.486276669883775,8.59305901603064,8.486276669883775,"[3.008774298470747, 2.561298653669508, 6.022986063890386]","[4.49053535051375, 5.995741319370026]","[2.008774298470747, 1.5612986536695082, 5.022986063890386]","[3.49053535051375, 4.995741319370026]","[5.150703329412171, 4.003329881203867, 12.879451445872784]"
102,0,58,True,False,,0.0,2,2,,0,2,26.802758223672967,"[11.192855731872061, 15.609902491800904]",12.453075707232458,"[5.365213735430104, 7.087861971802353]",11.782435856953848,0.0,[],6.595149984212,0.0,0.0,0.0,"[4.620149984212, 1.975]",[],"[0.0, 0.0]",[],"[9.282435856953848, 2.5]"
102,0,59,True,True,1.0,3.99,4,4,True,3,7,38.34623783055364,"[11.82096166672542, 10.434036789519604, 6.475865244108447, 9.615374130200168]",18.95503275391592,"[5.610175050022914, 5.069274347912645, 3.5255874452022944, 4.749995910778066]",45.865974353246116,42.41018881074474,"[12.001625606868808, 13.226902050049901, 17.18166115382603]",21.887729997765987,19.539973636190453,17.887729997765987,16.539973636190453,"[4.539727669953059, 8.972192941379735, 6.36105806868552, 2.014751317747673]","[5.680633986678836, 6.158491799519462, 7.700847849992153]","[3.539727669953059, 7.972192941379734, 5.36105806868552, 1.014751317747673]","[4.680633986678836, 5.158491799519462, 6.700847849992153]","[9.076224794751433, 20.441520362512136, 13.746302740219281, 2.601926455763264]"
102,0,60,True,True,1.0,3.99,4,4,True,3,7,43.50213611342633,"[21.085368042495755, 6.2375346403448875, 3.7853303277810535, 12.393903102804636]",20.96583308423627,"[9.223293536573344, 3.432638509734506, 2.476278827834611, 5.833622210093808]",71.57941224171182,17.62544746944003,"[5.46132265559439, 7.6905783823232365, 4.473546431522402]",31.915970774267613,9.873924513081612,27.915970774267613,6.873924513081612,"[5.7337982023166685, 6.113119059730437, 10.889919901889474, 9.179133610331034]","[3.129915835681812, 3.9993255691060625, 2.744683108293737]","[4.7337982023166685, 5.113119059730437, 9.889919901889474, 8.179133610331034]","[2.129915835681812, 2.9993255691060625, 1.7446831082937366]","[12.137944108504277, 13.110561691616505, 25.35876897920378, 20.972137462387266]"
102,0,61,True,False,,0.0,2,2,,0,2,40.41458435374416,"[6.839236620159712, 33.57534773358445]",17.761687897960222,"[3.6673022818622876, 14.094385616097936]",6.859788395243452,0.0,[],4.675317474144947,0.0,0.0,0.0,"[2.1528251283641913, 2.5224923457807553]",[],"[0.0, 0.0]",[],"[2.9559618676004904, 3.9038265276429622]"
102,0,62,True,False,,0.0,2,2,,0,2,23.94932987278137,"[12.316755070627202, 11.632574802154167]",11.340238650384734,"[5.803534477544609, 5.536704172840126]",17.066759206188408,0.0,[],8.65603609041348,0.0,0.0,0.0,"[5.4097933894033154, 3.2462427010101633]",[],"[0.0, 0.0]",[],"[11.307162536931578, 5.759596669256829]"
102,0,63,True,True,1.0,3.99,6,6,True,0,6,58.37737749313995,"[8.29292050904299, 6.508613646978356, 6.7202935460524875, 8.282945236573877, 14.316778959707234, 14.255825594785007]",28.767177222324584,"[4.2342389985267666, 3.538359322321559, 3.6209144829604702, 4.230348642263812, 6.583543794285822, 6.559771981966152]",38.641418066050775,0.0,[],21.070153045759803,0.0,15.0701530457598,0.0,"[2.101726360690728, 2.518240245829138, 5.629027141104994, 3.1365443545927403, 2.7206476417795242, 4.963967301762677]",[],"[1.1017263606907282, 1.518240245829138, 4.629027141104994, 2.1365443545927403, 1.720647641779524, 3.963967301762677]",[],"[2.8249393863864825, 3.8929237072542, 11.869300361807678, 5.478318857930104, 4.411917030203908, 10.164018722468402]"
102,0,64,True,False,,0.0,1,1,,0,1,16.035486643509678,[16.035486643509678],7.253839790968775,[7.253839790968775],7.842015343128729,0.0,[],4.058385983820204,0.0,0.0,0.0,[4.058385983820204],[],[0.0],[],[7.842015343128729]
102,0,65,True,False,,0.0,1,1,,0,1,13.755497047885687,[13.755497047885687],6.364643848675418,[6.364643848675418],15.077898443183734,0.0,[],6.880380392841657,0.0,0.0,0.0,[6.880380392841657],[],[0.0],[],[15.077898443183734]
102,0,66,True,True,1.0,3.99,4,4,True,1,5,48.811760433895884,"[8.647965590722633, 7.630065392948996, 22.218350214816468, 10.315379235407786]",23.036586569219395,"[4.372706580381827, 3.9757255032501084, 9.665156583778423, 5.0229979018090365]",55.70806672366255,15.191267248428149,[15.191267248428149],25.726146022228395,6.9245942268869785,21.726146022228395,5.9245942268869785,"[10.373993304155986, 1.975, 6.905462953469483, 6.471689764602925]",[6.9245942268869785],"[9.373993304155986, 0.9750000000000001, 5.905462953469483, 5.471689764602925]",[5.9245942268869785],"[24.03588026706663, 2.5, 15.142212701203801, 14.029973755392115]"
102,0,67,True,False,,0.0,1,1,,0,1,12.779231614117151,[12.779231614117151],5.983900329505689,[5.983900329505689],4.9516351309489,0.0,[],2.931137701070071,0.0,0.0,0.0,[2.931137701070071],[],[0.0],[],[4.9516351309489]
102,0,68,True,True,1.0,3.99,3,3,True,1,4,17.02899376894538,"[11.651992977492718, 2.5, 2.877000791452662]",9.6413075698887,"[5.5442772612221605, 1.975, 2.122030308666538]",22.280933259222607,6.911044709283544,[6.911044709283544],11.689563971096817,3.6953074366205825,8.689563971096817,2.6953074366205825,"[3.3933427664867772, 3.370058123431976, 4.926163081178064]",[3.6953074366205825],"[2.3933427664867772, 2.370058123431976, 3.9261630811780646]",[2.6953074366205825],"[6.136776324325069, 6.077072111364041, 10.067084823533499]"
102,0,69,True,True,1.0,3.99,3,3,True,3,6,27.95124940248894,"[19.784704373535064, 4.789146027671539, 3.377399001282339]",13.900987266970688,"[8.716034705678675, 2.8677669507919004, 2.317185610500112]",42.72184933877593,30.936648098942673,"[11.414934673345362, 14.871467777377177, 4.650245648220131]",19.661521242122618,15.065292758587642,16.661521242122618,12.065292758587642,"[9.716403396289806, 5.353773621430384, 4.591344224402426]","[5.451824522604691, 6.799872433177099, 2.8135958028058514]","[8.716403396289806, 4.353773621430384, 3.591344224402426]","[4.451824522604691, 5.799872433177099, 1.8135958028058512]","[22.349752298178988, 11.163522106231753, 9.208574934365194]"
102,0,70,True,True,1.0,3.99,4,4,True,7,11,27.629725951414702,"[17.740184941388474, 3.8597604032710033, 2.5, 3.5297806067552253]",14.775593121051735,"[7.918672127141505, 2.5053065572756914, 1.975, 2.376614436634538]",55.216297303204115,54.386967043689594,"[6.157261032802548, 5.829238733190145, 4.178496249259751, 8.865033650617622, 4.250438982215621, 8.192566160706134, 16.913932234897775]",25.53435594824961,28.21091714703894,21.534355948249605,21.210917147038945,"[2.4977089991219046, 4.649492635688675, 9.558555906019588, 8.828598407419438]","[3.4013318027929937, 3.2734031059441566, 2.629613537211303, 4.457363123740873, 2.6576712030640923, 4.195100802675393, 7.596433571610133]","[1.4977089991219046, 3.6494926356886754, 8.558555906019588, 7.828598407419437]","[2.4013318027929937, 2.2734031059441566, 1.6296135372113028, 3.457363123740873, 1.657671203064092, 3.1951008026753924, 6.596433571610133]","[3.8402794849279602, 9.357673424842757, 21.94501514363997, 20.073329249793428]"
102,0,71,True,False,,0.0,2,2,,0,2,13.476099770605543,"[3.4058451200087774, 10.070254650596766]",7.255678910536162,"[2.328279596803423, 4.927399313732739]",10.280013044989012,0.0,[],6.009205087545715,0.0,0.0,0.0,"[2.277066285666688, 3.732138801879027]",[],"[0.0, 0.0]",[],"[3.2745289376068927, 7.00548410738212]"
102,0,72,True,True,1.0,3.99,5,5,True,0,5,55.824507807005375,"[5.712064740780729, 8.086214812341709, 9.051426683244799, 11.144624697674807, 21.83017687296333]",26.771558044732096,"[3.2277052489044844, 4.153623776813267, 4.530056406465471, 5.346403632093175, 9.5137689804557]",46.912874008017745,0.0,[],23.296020863126923,0.0,18.296020863126923,0.0,"[7.413304933205618, 6.933330327381544, 3.1277945647380503, 3.8465910378017094, 1.975]",[],"[6.413304933205618, 5.933330327381544, 2.1277945647380503, 2.8465910378017094, 0.9750000000000001]",[],"[16.444371623604148, 15.213667506106521, 5.455883499328333, 7.298951378978742, 2.5]"
102,0,73,True,False,,0.0,1,1,,0,1,5.612162340275567,[5.612162340275567],3.188743312707471,[3.188743312707471],6.110642873164267,0.0,[],3.383150720534064,0.0,0.0,0.0,[3.383150720534064],[],[0.0],[],[6.110642873164267]
102,0,74,True,False,,0.0,2,2,,0,2,12.844539830643601,"[2.9391713857982227, 9.90536844484538]",7.009370533951006,"[2.146276840461307, 4.863093693489699]",22.886933463798922,0.0,[],10.925904050881579,0.0,0.0,0.0,"[4.3317612388688875, 6.5941428120126915]",[],"[0.0, 0.0]",[],"[8.542977535561251, 14.343955928237671]"
102,0,75,True,True,1.0,3.99,3,3,True,4,7,22.756328678780605,"[3.631000181791783, 6.385033060458662, 12.740295436530161]",11.874968184724437,"[2.416090070898796, 3.490162893578878, 5.968715220246763]",17.89032273695878,35.35810049064777,"[10.398678725048105, 2.929207650076805, 9.6272048612149, 12.403009254307959]",9.977225867413924,17.78965919135263,6.9772258674139245,13.78965919135263,"[2.420008220476733, 5.333929148413845, 2.2232884985233463]","[5.055484702768761, 2.142390983529954, 4.754609895873811, 5.837173609180104]","[1.4200082204767333, 4.333929148413845, 1.2232884985233465]","[4.055484702768761, 1.1423909835299542, 3.754609895873811, 4.837173609180104]","[3.641046719171111, 11.112638842086781, 3.1366371757008884]"
102,0,76,True,True,1.0,3.99,4,4,True,2,6,52.11621652250226,"[16.285204243880084, 20.261904512108522, 8.131133429480906, 7.437974337032755]",24.325324443775884,"[7.351229655113233, 8.902142759722324, 4.171142037497553, 3.9008099914427747]",35.9940486728984,24.40793393633992,"[5.816722396557129, 18.59121153978279]",18.03767898243038,11.51909423517257,14.037678982430378,9.519094235172568,"[4.828039699289119, 4.445872410990869, 5.354235575309814, 3.409531296840577]","[3.26852173465728, 8.25057250051529]","[3.8280396992891186, 3.44587241099087, 4.354235575309814, 2.409531296840577]","[2.26852173465728, 7.250572500515289]","[9.815486408433637, 8.835570284591974, 11.164706603358498, 6.1782853765142995]"
102,0,77,True,False,,0.0,2,2,,0,2,11.770571907915286,"[3.127515840800731, 8.643056067114555]",6.590523044086962,"[2.2197311779122852, 4.3707918661746765]",25.835552414666488,0.0,[],12.075865441719928,0.0,0.0,0.0,"[3.185965673338482, 8.889899768381447]",[],"[0.0, 0.0]",[],"[5.605040188047389, 20.230512226619098]"
102,0,78,True,True,1.0,3.99,4,4,True,4,8,30.885679519829054,"[7.644667853156881, 2.5, 10.285260565658902, 10.45575110101327]",16.045415012733333,"[3.981420462731184, 1.975, 5.011251620606972, 5.077742929395176]",58.63353305348944,37.267354759297575,"[11.440074695761895, 5.558801483335204, 9.709442754181476, 10.559035826018997]",26.867077890860884,18.534268356126056,22.867077890860884,14.534268356126054,"[3.706145548499103, 10.351759219662464, 4.98148530906797, 7.827687813631346]","[5.46162913134714, 3.1679325785007295, 4.786682674130775, 5.118023972147409]","[2.706145548499103, 9.351759219662464, 3.9814853090679696, 6.827687813631346]","[4.46162913134714, 2.1679325785007295, 3.7866826741307755, 4.118023972147409]","[6.938834739741289, 23.978869794006314, 10.20893668991787, 17.506891829823964]"
102,0,79,True,False,,0.0,2,2,,0,2,13.140906767323813,"[7.409386072861205, 5.731520694462607]",7.124953639256287,"[3.88966056841587, 3.235293070840417]",20.719853227396662,0.0,[],10.0807427586847,0.0,0.0,0.0,"[6.896900467728466, 3.1838422909562327]",[],"[0.0, 0.0]",[],"[15.120257609560168, 5.599595617836494]"
102,0,80,True,True,1.0,3.99,3,3,True,3,6,45.30981564197501,"[20.014937269987783, 10.62718428455812, 14.667694087429101]",20.67082810037025,"[8.805825535295234, 5.1446018709776675, 6.72040069409735]",19.205197014334942,13.093005939156196,"[4.3808934755048625, 4.9380566238622166, 3.774055839789118]",10.490026835590628,8.106272316270918,7.490026835590628,5.106272316270917,"[4.066877613084262, 4.402625187928123, 2.0205240345782425]","[2.7085484554468966, 2.9258420833062644, 2.4718817775177557]","[3.0668776130842623, 3.4026251879281233, 1.0205240345782427]","[1.7085484554468964, 1.9258420833062646, 1.471881777517756]","[7.863788751498108, 8.72467996904647, 2.616728293790366]"
102,0,81,True,True,1.0,3.99,6,6,True,4,10,57.18168344256403,"[10.758724552317513, 4.4482521950436125, 3.848006085839748, 16.88457902593512, 15.452898222180588, 5.7892233612474495]",28.300856542599973,"[5.195902575403831, 2.734818356067009, 2.500722373477502, 7.584985820114698, 7.026630306650429, 3.2577971108865054]",51.628975818881244,48.06653752966662,"[17.28185357574227, 9.405731423662585, 2.122312916518416, 19.25663961374335]",26.135300569363686,22.745949636569982,20.135300569363686,18.745949636569982,"[5.33118831878155, 2.5782528054855107, 7.58509508014231, 4.629544949895163, 2.9089578685709854, 3.1022615464881658]","[7.739922894539486, 4.668235255228408, 1.8277020374421822, 8.510089449359906]","[4.33118831878155, 1.5782528054855107, 6.58509508014231, 3.629544949895163, 1.9089578685709854, 2.1022615464881658]","[6.739922894539486, 3.6682352552284083, 0.8277020374421822, 7.510089449359906]","[11.105611073798844, 4.046802065347463, 16.884859179852075, 9.3065255125517, 4.894763765566629, 5.3904142217645274]"
102,0,82,True,False,,0.0,2,2,,0,2,16.366630576641438,"[3.721657765695308, 12.644972810946129]",8.38298592489016,"[2.45144652862117, 5.931539396268991]",15.710016234932375,0.0,[],8.126906331623626,0.0,0.0,0.0,"[5.251107319078845, 2.875799012544781]",[],"[0.0, 0.0]",[],"[10.900275177125243, 4.809741057807131]"
102,0,83,True,False,,0.0,1,1,,0,1,6.127010531145841,[6.127010531145841],3.3895341071468783,[3.3895341071468783],12.431027419024336,0.0,[],5.848100693419491,0.0,0.0,0.0,[5.848100693419491],[],[0.0],[],[12.431027419024336]
102,0,84,True,True,1.0,3.99,3,3,True,2,5,18.575098690827772,"[13.57509869082777, 2.5, 2.5]",10.24428848942283,"[6.294288489422831, 1.975, 1.975]",35.053784420490025,19.630211263990667,"[14.435376029006273, 5.194835234984395]",16.67097592399111,9.655782392956361,13.670975923991112,7.655782392956361,"[7.326325036686569, 4.172123244087379, 5.172527643217163]","[6.629796651312446, 3.025985741643914]","[6.326325036686569, 3.172123244087379, 4.172527643217163]","[5.629796651312446, 2.025985741643914]","[16.22134624791428, 8.133649343813792, 10.698788828761955]"
102,0,85,True,True,1.0,3.99,3,3,True,1,4,31.79570953913414,"[5.945555439304901, 6.241719361080179, 19.60843473874906]",15.400326720262315,"[3.318766621328911, 3.4342705508212696, 8.647289548112134]",17.16408137758247,9.884979542481158,[9.884979542481158],9.693991737257164,4.8551420215676515,6.693991737257163,3.855142021567652,"[1.975, 3.33932639987686, 4.379665337380303]",[4.8551420215676515],"[0.9750000000000001, 2.33932639987686, 3.3796653373803034]",[3.855142021567652],"[2.5, 5.9982728201970765, 8.665808557385393]"
102,0,86,True,False,,0.0,2,2,,0,2,15.8460188967462,"[7.817562507051029, 8.02845638969517]",8.179947369731018,"[4.048849377749901, 4.131097991981116]",29.680417491924544,0.0,[],13.575362821850574,0.0,0.0,0.0,"[3.3051507595769336, 10.27021206227364]",[],"[0.0, 0.0]",[],"[5.9106429732741885, 23.769774518650355]"
102,0,87,True,True,1.0,3.99,9,6,,4,13,68.91505584320592,"[2.5, 20.959836764925672, 6.2381267078715865, 11.321927752990968, 22.695940452992275, 5.199224164425424]",32.876871778850315,"[1.975, 9.174336338321012, 3.4328694160699187, 5.415551823666478, 9.851416776666987, 3.027697424125915]",59.706544796175606,24.385045299980572,"[3.8977634474690723, 10.246962381773637, 5.205578361404555, 5.034741109333308]",29.285552470508485,13.510167666992423,23.285552470508485,9.510167666992423,"[2.522125480489171, 4.872129713525904, 3.0072435298577047, 6.131013038442419, 6.515830567482319, 6.2372101407109675]","[2.520127744512938, 4.996315328891718, 3.0301755609477765, 2.9635490326399903]","[1.522125480489171, 3.8721297135259043, 2.0072435298577047, 5.131013038442419, 5.515830567482319, 5.2372101407109675]","[1.5201277445129382, 3.9963153288917184, 2.0301755609477765, 1.9635490326399903]","[3.9028858474081307, 9.928537726989498, 5.146778281686422, 13.156443688313894, 14.143155301236716, 13.428743950540941]"
102,0,88,True,True,1.0,3.99,4,4,True,1,5,37.65734837780678,"[6.1511514390024145, 10.135247631421473, 8.67305964474365, 12.697889662639241]",18.686365867344648,"[3.3989490612109416, 4.952746576254375, 4.3824932614500245, 5.952176968429304]",44.5316684446311,5.998834308415557,[5.998834308415557],21.367350693406127,3.3395453802820674,17.367350693406127,2.3395453802820674,"[7.539957612812715, 7.939852476670988, 3.511711987577077, 2.375828616345349]",[3.3395453802820674],"[6.539957612812715, 6.939852476670988, 2.511711987577077, 1.3758286163453488]",[2.3395453802820674],"[16.769122084135166, 17.79449352992561, 6.440287147633531, 3.5277656829367916]"
102,0,89,True,False,,0.0,1,1,,0,1,9.913276184567218,[9.913276184567218],4.866177711981216,[4.866177711981216],3.5021236584627404,0.0,[],2.3658282268004687,0.0,0.0,0.0,[2.3658282268004687],[],[0.0],[],[3.5021236584627404]
102,0,90,True,True,1.0,3.99,3,3,True,2,5,20.602304332344275,"[9.312644950214521, 8.2604819399039, 3.0291774422258566]",11.03489868961427,"[4.631931530583664, 4.221587956562521, 2.181379202468084]",21.566218124364273,10.989903089268948,"[4.426331503949938, 6.56357158531901]",11.410825068502067,6.28606220481489,8.410825068502067,4.28606220481489,"[4.780210312721739, 2.311849635180222, 4.318765120600107]","[2.726269286540476, 3.5597929182744137]","[3.780210312721738, 1.311849635180222, 3.3187651206001068]","[1.7262692865404758, 2.5597929182744137]","[9.692846955696764, 3.36371701328262, 8.509654155384888]"
102,0,91,True,False,,0.0,2,2,,0,2,21.093222277327516,"[6.14618935274252, 14.947032924584997]",10.226356688157733,"[3.397013847569583, 6.829342840588149]",22.815976176104467,0.0,[],10.898230708680742,0.0,0.0,0.0,"[4.285754600150813, 6.612476108529928]",[],"[0.0, 0.0]",[],"[8.425011795258497, 14.39096438084597]"
102,0,92,True,True,1.0,3.99,3,3,True,0,3,15.196357905127401,"[3.7785792836707572, 8.301775776533564, 3.1160028449230808]",8.926579582999686,"[2.4736459206315953, 4.23769255284809, 2.2152411095200017]",30.863477567705957,0.0,[],15.036756251405324,0.0,12.036756251405322,0.0,"[8.522402504290934, 4.53935374711439, 1.975]",[],"[7.522402504290933, 3.5393537471143897, 0.9750000000000001]",[],"[19.28821154946393, 9.075266018242024, 2.5]"
102,0,93,True,True,1.0,3.99,3,3,True,4,7,23.711670974698606,"[4.709718835973539, 5.2925054850291335, 13.709446653695933]",12.247551680132457,"[2.83679034602968, 3.064077139161362, 6.346684194941414]",20.532655818405136,26.924400832801425,"[12.032226447178404, 9.760842573182163, 2.6058600640342178, 2.525471748406639]",11.007735769178003,14.500516324792557,8.007735769178003,10.500516324792557,"[3.954651699877252, 3.145498572621452, 3.9075854966792996]","[5.692568314399578, 4.806728603541044, 2.0162854249733453, 1.9849339818785892]","[2.954651699877252, 2.145498572621452, 2.9075854966792996]","[4.692568314399578, 3.806728603541044, 1.016285424973345, 0.9849339818785892]","[7.576029999685261, 5.501278391337056, 7.455347427382819]"
102,0,94,True,True,1.0,3.99,6,6,True,1,7,64.16687703884944,"[15.732280531883148, 2.7354832543546115, 2.842726309012156, 8.406013530144017, 17.67065302754657, 16.77972038590893]",31.02508204515128,"[7.135589407434428, 2.0668384691982986, 2.108663260514741, 4.278345276756166, 7.891554680743163, 7.544090950504483]",107.16703458200658,13.733916272681887,[13.733916272681887],47.79514348698257,6.356227346345936,41.79514348698257,5.356227346345936,"[8.232515276622053, 6.107096905539419, 6.153638570169495, 10.774776014610081, 8.122896337213213, 8.40422038282831]",[6.356227346345936],"[7.2325152766220535, 5.107096905539419, 5.153638570169495, 9.774776014610081, 7.122896337213212, 7.404220382828309]",[5.356227346345936],"[18.54491096569757, 13.095120270613894, 13.214457872229474, 25.063528242589953, 18.26383676208516, 18.985180468790535]"
102,0,95,True,False,,0.0,2,2,,0,2,19.948830779027844,"[5.479646628511877, 14.469184150515966]",9.780044003820858,"[3.1370621851196323, 6.642981818701227]",10.571868923536417,0.0,[],6.123028880179202,0.0,0.0,0.0,"[4.1480288801792025, 1.975]",[],"[0.0, 0.0]",[],"[8.071868923536417, 2.5]"
102,0,96,True,True,1.0,3.99,3,3,True,2,5,20.347568644968533,"[12.890860112613394, 4.956708532355137, 2.5]",10.935551771537726,"[6.027435443919224, 2.9331163276185035, 1.975]",27.058930817633815,32.60899248649776,"[21.627303080299235, 10.981689406198527]",13.552983018877189,14.717507069734125,10.552983018877189,12.717507069734125,"[4.565098181051033, 3.86795588570552, 5.119928952120637]","[9.434648201316701, 5.282858868417425]","[3.5650981810510323, 2.86795588570552, 4.119928952120637]","[8.434648201316701, 4.282858868417425]","[9.141277387310339, 7.353733040270564, 10.563920390052916]"
102,0,97,True,True,1.0,3.99,4,4,True,0,4,18.625396126030434,"[4.205591265998928, 8.643644843125335, 3.0733538734200567, 2.702806143486113]",11.26390448915187,"[2.640180593739582, 4.371021488818881, 2.198608010633822, 2.0540943959595843]",60.07913531179785,0.0,[],27.43086277160116,0.0,23.430862771601163,0.0,"[13.198622164459838, 2.889889559170582, 8.544515104032552, 2.79783594393819]",[],"[12.198622164459838, 1.8898895591705822, 7.544515104032552, 1.79783594393819]",[],"[31.278518370409838, 4.845870664539954, 19.34491052316039, 4.609835753687666]"
102,0,98,True,False,,0.0,1,1,,0,1,3.4729702885214673,[3.4729702885214673],2.354458412523372,[2.354458412523372],9.822493730424151,0.0,[],4.830772554865419,0.0,0.0,0.0,[4.830772554865419],[],[0.0],[],[9.822493730424151]
102,0,99,True,True,1.0,3.99,6,6,True,2,8,48.269305926036125,"[11.336586061602567, 8.177165269398552, 8.87740932626634, 12.285610656118777, 4.670661654935586, 2.921872957714304]",24.82502931115409,"[5.421268564025001, 4.189094455065435, 4.462189637243872, 5.791388155886323, 2.8215580454248785, 2.139530453508579]",55.51045103592998,7.535675679425303,"[2.6608886362069692, 4.874787043218334]",27.649075904012694,4.9389135149758685,21.649075904012694,2.9389135149758685,"[2.8821655386093736, 4.997434731878684, 5.385041279623646, 3.8275874803562413, 7.573112678762517, 2.9837341947822305]","[2.037746568120718, 2.9011669468551506]","[1.8821655386093736, 3.997434731878684, 4.385041279623646, 2.8275874803562413, 6.573112678762517, 1.9837341947822305]","[1.037746568120718, 1.9011669468551504]","[4.826065483613778, 10.24983264584278, 11.243695588778579, 7.2502243086057465, 16.854135073750044, 5.086497935339052]"
102,0,100,True,False,,0.0,1,1,,0,1,6.487528878602524,[6.487528878602524],3.5301362626549846,[3.5301362626549846],11.269048073792986,0.0,[],5.3949287487792645,0.0,0.0,0.0,[5.3949287487792645],[],[0.0],[],[11.269048073792986]
102,0,101,True,False,,0.0,2,2,,0,2,21.156800259924424,"[15.444701336925512, 5.712098922998912]",10.251152101370526,"[7.02343352140095, 3.227718579969576]",30.849643649931387,0.0,[],14.031361023473242,0.0,0.0,0.0,"[12.056361023473242, 1.975]",[],"[0.0, 0.0]",[],"[28.349643649931387, 2.5]"
102,0,102,True,True,1.0,3.99,3,3,True,1,4,19.940056707410577,"[7.799094310361207, 4.87730397592674, 7.263658421122628]",10.776622115890124,"[4.041646781040871, 2.902148550611429, 3.8328267842378247]",23.549068763026174,13.852190900831943,[13.852190900831943],12.184136817580207,6.402354451324458,9.184136817580209,5.402354451324458,"[5.84368218094899, 4.222762866870594, 2.117691769760623]",[6.402354451324458],"[4.84368218094899, 3.222762866870594, 1.1176917697606232]",[5.402354451324458],"[12.419697899869206, 8.26349453043742, 2.8658763327195467]"
102,0,103,True,False,,0.0,2,2,,0,2,17.514181536567754,"[7.792571693060542, 9.721609843507213]",8.830530799261425,"[4.0391029602936115, 4.791427838967813]",18.7335840446283,0.0,[],9.306097777405038,0.0,0.0,0.0,"[5.652636644612768, 3.6534611327922693]",[],"[0.0, 0.0]",[],"[11.929837550289148, 6.803746494339151]"
102,0,104,True,True,1.0,3.99,5,5,True,5,10,51.73540277606205,"[13.019426223818105, 7.104461112671541, 10.05067393110959, 12.22921688092265, 9.33162462754017]",25.1768070826642,"[6.077576227289061, 3.770739833941901, 4.91976283313274, 5.7693945835598335, 4.639333604740667]",38.9053551798585,36.307165076621224,"[7.921821873567006, 6.227426064837377, 5.99047660445706, 4.583627427695566, 11.58381310606421]",20.173088520144816,19.159794379882275,15.173088520144816,14.159794379882275,"[3.0773219516687207, 2.0200392936879523, 2.6534023653535765, 3.74694639334239, 8.675378516092177]","[4.089510530691133, 3.428696165286577, 3.336285875738253, 2.7876146968012705, 5.517687111365042]","[2.0773219516687207, 1.0200392936879523, 1.6534023653535768, 2.74694639334239, 7.675378516092176]","[3.0895105306911326, 2.428696165286577, 2.336285875738253, 1.7876146968012707, 4.517687111365042]","[5.3264665427403095, 2.615485368430647, 4.239493244496351, 7.043452290621513, 19.680457733569682]"
102,0,105,True,True,1.0,3.99,3,3,True,1,4,15.319107774614343,"[2.5, 6.712337961539955, 6.106769813074388]",8.974452032099595,"[1.975, 3.6178118050005827, 3.3816402270990116]",28.69959889471997,7.557124267350233,[7.557124267350233],14.192843568940788,3.947278464266591,11.192843568940788,2.947278464266591,"[3.039889228713584, 4.524574456843442, 6.6283798833837615]",[3.947278464266591],"[2.039889228713584, 3.5245744568434416, 5.6283798833837615]",[2.947278464266591],"[5.230485201829703, 9.03737040216267, 14.431743290727594]"
102,0,106,True,True,1.0,3.99,4,4,True,1,5,28.02397708534719,"[11.74612434695591, 4.289448352615103, 9.488404385776176, 2.5]",14.929351063285404,"[5.580988495312805, 2.67288485751989, 4.700477710452709, 1.975]",58.440192497059286,10.027479379749927,[10.027479379749927],26.791675073853124,4.910716958102472,22.791675073853124,3.910716958102472,"[3.049935430129427, 10.209540541002374, 10.949865758012924, 2.5823333447083976]",[4.910716958102472],"[2.049935430129427, 9.209540541002374, 9.949865758012924, 1.5823333447083976]",[3.910716958102472],"[5.256244692639555, 23.614206515390702, 25.51247630259724, 4.057264986431789]"
102,0,107,True,True,1.0,3.99,9,3,,1,10,15.417345377254755,"[2.5, 5.861897203736582, 7.055448173518172]",9.012764697129354,"[1.975, 3.286139909457267, 3.751624787672087]",44.35253515732673,5.1815587633470646,[5.1815587633470646],20.297488711357428,3.0208079177053553,17.297488711357428,2.0208079177053553,"[6.807860499464404, 7.114126115674426, 6.375502096218596]",[3.0208079177053553],"[5.807860499464404, 6.114126115674426, 5.375502096218596]",[2.0208079177053553],"[14.891949998626675, 15.677246450447246, 13.783338708252808]"
102,0,108,True,True,1.0,3.99,3,2,,1,4,14.854469103051041,"[4.804271151937662, 10.050197951113379]",7.7932429501899065,"[2.8736657492556885, 4.919577200934218]",28.16440172506033,7.3717875250591005,[7.3717875250591005],12.984116672773528,3.874997134773049,10.984116672773528,2.874997134773049,"[4.610812988597096, 8.373303684176431]",[3.874997134773049],"[3.610812988597096, 7.373303684176432]",[2.874997134773049],"[9.258494842556656, 18.905906882503672]"
102,0,109,True,False,,0.0,1,1,,0,1,4.174555096376605,[4.174555096376605],2.628076487586876,[2.628076487586876],18.808511842234577,0.0,[],8.335319618471484,0.0,0.0,0.0,[8.335319618471484],[],[0.0],[],[18.808511842234577]
102,0,110,True,False,,0.0,1,1,,0,1,8.084817425678972,[8.084817425678972],4.1530787960148,[4.1530787960148],3.967165081854914,0.0,[],2.5471943819234166,0.0,0.0,0.0,[2.5471943819234166],[],[0.0],[],[3.967165081854914]
102,0,111,True,True,1.0,3.99,3,3,True,0,3,29.32153132565898,"[3.001558512586291, 20.045860267186352, 6.274112545886338]",14.435397217007004,"[2.1706078199086534, 8.817885504202678, 3.446903892895672]",33.8933533036564,0.0,[],16.218407788425996,0.0,13.218407788425996,0.0,"[8.049308605712763, 4.984127804787569, 3.1849713779256628]",[],"[7.049308605712764, 3.984127804787569, 2.1849713779256628]",[],"[18.07515027105837, 10.215712319968125, 5.602490712629905]"
102,0,112,True,True,1.0,3.99,5,5,True,2,7,88.49844140182648,"[23.644114529685606, 12.315768764893415, 21.35216759414066, 20.07535535699782, 11.11103515610899]",39.51439214671233,"[10.221204666577387, 5.803149818308432, 9.327345361714858, 8.82938858922915, 5.3333037108825065]",45.70379746562402,11.748625258384635,"[4.4548877722667894, 7.293737486117847]",22.824481011593367,6.581963850770008,17.82448101159337,4.581963850770008,"[5.025044481296057, 4.03466058297153, 2.477148265204705, 2.4303491978443983, 8.857278484276678]","[2.737406231184048, 3.8445576195859603]","[4.025044481296057, 3.0346605829715303, 1.4771482652047052, 1.430349197844398, 7.857278484276678]","[1.737406231184048, 2.8445576195859603]","[10.320626875118094, 7.781180981978283, 3.787559654371039, 3.6675620457548668, 20.146867908401738]"
102,0,113,True,False,,0.0,2,2,,0,2,14.225149340336081,"[8.551908060537798, 5.673241279798282]",7.5478082427310715,"[4.335244143609741, 3.2125640991213302]",15.602845334075845,0.0,[],8.08510968028958,0.0,0.0,0.0,"[4.999139020706884, 3.085970659582696]",[],"[0.0, 0.0]",[],"[10.254202617197137, 5.348642716878707]"
102,0,114,True,True,1.0,3.99,8,8,True,1,9,85.38219694281634,"[8.248007160676257, 6.901758036020777, 6.80854678666682, 13.41968779928391, 10.847783763159384, 15.389311403065566, 13.74429386096386, 10.022808132979767]",41.29905680769838,"[4.216722792663741, 3.691685634048103, 3.65533324680006, 6.233678241720725, 5.23063566763216, 7.001831447195571, 6.360274605775905, 4.90889517186211]",93.95022357497243,5.223254803615002,[5.223254803615002],44.640587194239245,3.037069373409851,36.640587194239245,2.037069373409851,"[9.752011748848824, 4.515326989160284, 4.323701800255815, 5.12342615639528, 5.0012663520863425, 4.346295277513002, 7.732902907543108, 3.8456559624365916]",[3.037069373409851],"[8.752011748848824, 3.515326989160284, 3.323701800255815, 4.12342615639528, 4.0012663520863425, 3.346295277513002, 6.732902907543108, 2.8456559624365916]",[2.037069373409851],"[22.441055766279035, 9.01365894656483, 8.522312308348244, 10.572887580500717, 10.259657313041904, 8.580244301315389, 17.263853609084894, 7.296553749837414]"
102,0,115,True,True,1.0,3.99,4,4,True,2,6,75.59344969912355,"[21.020468975209823, 15.739193614292375, 31.239941676404573, 7.593845433216789]",33.48144538265819,"[9.197982900331832, 7.138285509574026, 13.183577253797784, 3.9615997189545475]",61.11067895092483,9.72444142980829,"[3.687287511915242, 6.037153917893049]",27.833164790860685,5.792532157625233,23.833164790860685,3.7925321576252338,"[8.252920666839245, 2.164170762530837, 6.93497913265563, 10.481094228834973]","[2.4380421296469446, 3.354490027978289]","[7.252920666839245, 1.164170762530837, 5.93497913265563, 9.481094228834973]","[1.4380421296469446, 2.354490027978289]","[18.597232479074986, 2.9850532372585565, 15.217895211937511, 24.310498022653775]"
102,0,116,True,False,,0.0,2,2,,0,2,10.618664156841326,"[7.6353286632224355, 2.98333549361889]",6.141279021168117,"[3.97777817865675, 2.1635008425113673]",24.326963740549395,0.0,[],11.487515858814266,0.0,0.0,0.0,"[3.270058166965721, 8.217457691848544]",[],"[0.0, 0.0]",[],"[5.820661966578772, 18.506301773970623]"
102,0,117,True,False,,0.0,2,2,,0,2,15.460285502794722,"[10.262869187358042, 5.197416315436681]",8.029511346089942,"[5.002518983069637, 3.0269923630203057]",22.282200028991824,0.0,[],10.69005801130681,0.0,0.0,0.0,"[7.526973496675107, 3.163084514631704]",[],"[0.0, 0.0]",[],"[16.73582947865412, 5.546370550337702]"
102,0,118,True,False,,0.0,2,2,,0,2,23.741544731195464,"[15.022988701406872, 8.718556029788592]",11.259202445166231,"[6.85896559354868, 4.400236851617551]",21.099987115364407,0.0,[],10.228994974992117,0.0,0.0,0.0,"[5.699889592478204, 4.529105382513913]",[],"[0.0, 0.0]",[],"[12.050998955072318, 9.048988160292087]"
102,0,119,True,False,,0.0,1,1,,0,1,11.96607812417711,[11.96607812417711],5.666770468429073,[5.666770468429073],12.966664195502432,0.0,[],6.056999036245949,0.0,0.0,0.0,[6.056999036245949],[],[0.0],[],[12.966664195502432]
102,0,120,True,False,,0.0,2,2,,0,2,24.913814293841373,"[5.192138569315905, 19.72167572452547]",11.716387574598134,"[3.0249340420332027, 8.691453532564932]",22.09092693651531,0.0,[],10.615461505240969,0.0,0.0,0.0,"[4.536915149944178, 6.078546355296791]",[],"[0.0, 0.0]",[],"[9.069013204985074, 13.021913731530233]"
102,0,121,True,True,1.0,3.99,4,5,,2,6,50.38123268934866,"[17.448142407975208, 8.722441227874327, 5.658369554650105, 6.4032079568507925, 12.149071541998223]",24.648680748845976,"[7.804775539110332, 4.401752078870988, 3.206764126313541, 3.497251103171809, 5.738137901379307]",51.35742144518377,35.63093464886337,"[30.363416678822244, 5.2675179700411245]",25.02939436362167,15.896064513056714,20.02939436362167,13.896064513056714,"[6.653776871281412, 3.689020276073134, 6.207986185526165, 6.502844962129574, 1.9757660686113867]","[12.841732504740676, 3.0543320083160386]","[5.653776871281412, 2.689020276073134, 5.207986185526165, 5.502844962129574, 0.9757660686113867]","[11.841732504740676, 2.0543320083160386]","[14.496863772516441, 6.8949237848029075, 13.35381073211837, 14.109858877255318, 2.501964278490735]"
102,0,122,True,False,,0.0,2,2,,0,2,18.877220613516656,"[15.74114092145016, 3.136079692066495]",9.362116039271497,"[7.139044959365563, 2.223071079905933]",23.746371472097607,0.0,[],11.261084874118065,0.0,0.0,0.0,"[4.912333343931708, 6.348751530186358]",[],"[0.0, 0.0]",[],"[10.031623958799253, 13.714747513298352]"
102,0,123,True,True,1.0,3.99,4,4,True,2,6,57.079336999215464,"[26.375248234511346, 19.516937633139108, 4.549476783738622, 6.6376743478263895]",26.260941429694032,"[11.286346811459426, 8.611605676924253, 2.7742959456580625, 3.588692995652292]",27.382729183325665,24.022357368276808,"[18.002148436026037, 6.020208932250769]",14.67926438149701,11.368719373627954,10.67926438149701,9.368719373627954,"[3.6501519244969622, 1.985627198913885, 5.06925818897635, 3.974227069109812]","[8.020837890050155, 3.3478814835778]","[2.6501519244969622, 0.9856271989138851, 4.06925818897635, 2.974227069109812]","[7.020837890050155, 2.3478814835778]","[6.795261344864006, 2.5272492279843206, 10.433995356349614, 7.626223254127723]"
102,0,124,True,True,1.0,3.99,3,3,True,1,4,42.25959511544579,"[20.64343715523586, 18.12844234644422, 3.487715613765714]",19.481242095023855,"[9.050940490541985, 8.070092515113245, 2.3602090893686283]",25.273663987707636,5.990814074438665,[5.990814074438665],12.856728955205979,3.3364174890310796,9.856728955205979,2.3364174890310796,"[3.471734080466127, 5.795193703240047, 3.5898011714998046]",[3.3364174890310796],"[2.471734080466127, 4.795193703240047, 2.5898011714998046]",[2.3364174890310796],"[6.33777969350289, 12.295368469846274, 6.640515824358474]"
102,0,125,True,True,1.0,3.99,5,5,True,0,5,39.54285660243806,"[4.292736298051408, 10.788302359420616, 6.840286450624811, 3.6681075932342537, 13.953423901106966]",20.42171407495084,"[2.674167156240049, 5.207437920174041, 3.6677117157436765, 2.430561961361359, 6.441835321431717]",69.12272427369354,0.0,[],31.95786246674048,0.0,26.95786246674048,0.0,"[6.636886911148589, 1.975, 5.892606317049685, 7.604351433970693, 9.849017804571512]",[],"[5.636886911148589, 0.9750000000000001, 4.892606317049685, 6.604351433970693, 8.849017804571512]",[],"[14.45355618243228, 2.5, 12.545144402691498, 16.934234446078698, 22.689789242491056]"
102,0,126,True,True,1.0,3.99,6,6,True,1,7,66.61254129400332,"[8.61720444889103, 21.559133128583216, 4.9396787912903015, 7.979768299009703, 12.130889585849891, 11.38586704037918]",31.978891104661297,"[4.360709735067502, 9.408061920147455, 2.9264747286032176, 4.112109636613784, 5.731046938481458, 5.440488145747881]",47.97412739408695,10.221614509568736,[10.221614509568736],24.709909683693912,4.986429658731807,18.709909683693915,3.986429658731807,"[7.151393828623898, 1.9890096976082563, 3.349277415090185, 5.012658006497403, 3.8386866992873085, 3.3688840365868615]",[4.986429658731807],"[6.151393828623898, 0.9890096976082564, 2.349277415090185, 4.012658006497403, 2.8386866992873085, 2.3688840365868615]",[3.986429658731807],"[15.772804688779225, 2.5359223015596317, 6.023788243820987, 10.288866683326674, 7.278683844326432, 6.074061632274004]"
102,0,127,True,True,1.0,3.99,3,3,True,2,5,36.62494724104359,"[12.504386654108846, 18.938009009173534, 5.182551577761213]",17.283729424007,"[5.87671079510245, 8.385823513577678, 3.021195115326873]",17.925223053593765,34.05576110080369,"[19.196693684999747, 14.859067415803947]",9.990836990901569,15.281746829313441,6.990836990901569,13.281746829313441,"[3.4053092906408104, 3.3574798947947726, 3.228047805465985]","[8.486710537149902, 6.795036292163539]","[2.4053092906408104, 2.3574798947947726, 2.228047805465985]","[7.486710537149902, 5.795036292163539]","[6.167459719591822, 6.044820243063519, 5.712943090938423]"
102,0,128,True,False,,0.0,2,2,,0,2,17.802978785072924,"[15.302978785072924, 2.5]",8.94316172617844,"[6.96816172617844, 1.975]",29.85142465294306,0.0,[],13.642055614647795,0.0,0.0,0.0,"[8.320510918562842, 5.321544696084953]",[],"[0.0, 0.0]",[],"[18.770540816827797, 11.080883836115262]"
102,0,129,True,False,,0.0,1,1,,0,1,11.63786367853528,[11.63786367853528],5.53876683462876,[5.53876683462876],8.85944962156806,0.0,[],4.455185352411544,0.0,0.0,0.0,[4.455185352411544],[],[0.0],[],[8.85944962156806]
102,0,130,True,False,,0.0,2,2,,0,2,8.664291968914656,"[5.266323888589677, 3.3979680803249788]",5.379073867876716,"[3.053866316549974, 2.325207551326742]",5.668035443878651,0.0,[],4.210533823112674,0.0,0.0,0.0,"[2.235533823112674, 1.975]",[],"[0.0, 0.0]",[],"[3.168035443878651, 2.5]"
102,0,131,True,True,1.0,3.99,3,3,True,4,7,15.71555452009087,"[2.5, 3.6666585933629996, 9.548895926727871]",9.129066262835439,"[1.975, 2.4299968514115697, 4.724069411423869]",43.28805418222484,45.26960756656058,"[18.995178000384218, 8.120220852908561, 5.134436461680053, 13.019772251587744]",19.88234113106769,21.655146950958624,16.88234113106769,17.655146950958624,"[3.7974899968389875, 7.975531895250811, 8.10931923897789]","[8.408119420149845, 4.166886132634339, 3.0024302200552206, 6.077711178119221]","[2.7974899968389875, 6.975531895250811, 7.109319238977889]","[7.408119420149846, 3.166886132634339, 2.0024302200552206, 5.077711178119221]","[7.173051273946121, 17.885979218591824, 18.229023689686894]"
102,0,132,True,True,1.0,3.99,7,7,True,2,9,36.888327704256454,"[6.841447084039164, 2.5, 2.5, 5.832164707628348, 5.496922155285018, 11.133916198766567, 2.583877558537349]",21.386447804660015,"[3.668164362775274, 1.975, 1.975, 3.2745442359750556, 3.143799640561157, 5.342227317518962, 2.0077122478295664]",60.791469618510135,10.873996766241648,"[3.169051661552754, 7.7049451046888935]",30.708673151218953,6.240858738834243,23.70867315121895,4.240858738834243,"[4.312617542824542, 7.254358092011609, 3.941229932312945, 1.975, 1.975, 4.8802829287075085, 6.370184655362347]","[2.2359301480055738, 4.004928590828669]","[3.3126175428245426, 6.254358092011609, 2.941229932312945, 0.9750000000000001, 0.9750000000000001, 3.8802829287075085, 5.370184655362347]","[1.235930148005574, 3.0049285908286687]","[8.493891135447544, 16.036815620542587, 7.541615211058833, 2.5, 2.5, 9.94944340694233, 13.769704244518838]"
102,0,133,True,True,1.0,3.99,3,3,True,1,4,30.063143450207825,"[7.35947263546564, 10.283503734368546, 12.420167080373638]",14.724625945581053,"[3.8701943278316, 5.010566456403733, 5.843865161345719]",34.3759788795856,9.139622648401414,[9.139622648401414],16.406631763038387,4.564452832876551,13.406631763038387,3.5644528328765515,"[2.9856520894895127, 8.26769481816531, 5.153284855383564]",[4.564452832876551],"[1.9856520894895127, 7.267694818165309, 4.153284855383564]",[3.5644528328765515],"[5.0914156140756734, 18.635114918372587, 10.649448347137344]"
102,0,134,True,True,1.0,3.99,3,3,True,5,8,42.72955427032521,"[7.005342615107438, 17.462298814591083, 18.26191284062669]",19.66452616542683,"[3.7320836198919007, 7.8102965376905225, 8.122146007844409]",13.261777667684237,74.8683072719599,"[7.329569226264757, 11.762422252263642, 10.111195497543106, 22.99722609320652, 22.66789420268187]",8.172093290396852,34.19863983606436,5.172093290396852,29.19863983606436,"[3.740439872536391, 2.4566534178604615, 1.975]","[3.8585319982432553, 5.587344678382821, 4.943366244041812, 9.968918176350543, 9.84047873904593]","[2.740439872536391, 1.4566534178604615, 0.9750000000000001]","[2.8585319982432553, 4.587344678382821, 3.9433662440418114, 8.968918176350543, 8.84047873904593]","[7.026768903939464, 3.735008763744773, 2.5]"
102,0,135,True,False,,0.0,2,2,,0,2,20.70808445829438,"[9.511030958141731, 11.197053500152647]",10.076152938734808,"[4.709302073675275, 5.366850865059533]",11.879163921091354,0.0,[],6.632873929225628,0.0,0.0,0.0,"[3.06379866554739, 3.569075263678238]",[],"[0.0, 0.0]",[],"[5.291791450121512, 6.587372470969841]"
102,0,136,True,True,1.0,3.99,5,5,True,1,6,38.78489954513246,"[2.5, 5.934590515604288, 16.57143354164549, 11.278875487882683, 2.5]",20.12611082260166,"[1.975, 3.3144903010856726, 7.462859081241741, 5.398761440274247, 1.975]",52.374451371090316,4.1866226291222475,[4.1866226291222475],25.426036034725225,2.6327828253576766,20.426036034725225,1.6327828253576766,"[4.6582034044210525, 6.964852920057317, 3.2925413081076083, 6.355531077374207, 4.15490732476504]",[2.6327828253576766],"[3.6582034044210525, 5.964852920057317, 2.2925413081076083, 5.355531077374207, 3.1549073247650403]",[1.6327828253576766],"[9.38000872928475, 15.294494666813632, 5.878311046429765, 13.732130967626171, 8.089505960936]"
102,0,137,True,True,1.0,3.99,4,4,True,4,8,53.46844241489275,"[12.337839812488921, 3.2858280378363873, 25.554966048598786, 12.289808515968659]",24.852692541808175,"[5.81175752687068, 2.281472934756191, 10.966436758953527, 5.793025321227777]",31.23619248164691,55.97998589056124,"[12.934939617743353, 14.81571842090103, 14.58116893010903, 13.648158921807829]",16.182115067842297,25.832194497318884,12.182115067842297,21.832194497318884,"[6.0907555545028105, 2.829706891276701, 3.020297763071605, 4.241354858991179]","[6.044626450919908, 6.778130184151402, 6.686655882742522, 6.322781979505053]","[5.0907555545028105, 1.8297068912767012, 2.020297763071605, 3.241354858991179]","[5.044626450919908, 5.778130184151402, 5.686655882742522, 5.322781979505053]","[13.053219370520026, 4.691556131478721, 5.1802506745425765, 8.311166305105587]"
102,0,138,True,True,1.0,3.99,3,3,True,1,4,17.928124385125066,"[10.847978955545358, 2.5, 4.580145429579708]",9.991968510198777,"[5.23071179266269, 1.975, 2.7862567175360864]",33.1025127207509,11.33798577428106,[11.33798577428106],15.909979961092851,5.421814451969614,12.909979961092851,4.421814451969614,"[3.595969086564208, 5.317329602359106, 6.996681272169537]",[5.421814451969614],"[2.595969086564208, 4.317329602359106, 5.996681272169537]",[4.421814451969614],"[6.656330991190277, 11.070075903484886, 15.376105826075737]"
102,0,139,True,False,,0.0,1,1,,0,1,4.905367607433696,[4.905367607433696],2.9130933668991417,[2.9130933668991417],9.674141402131951,0.0,[],4.772915146831461,0.0,0.0,0.0,[4.772915146831461],[],[0.0],[],[9.674141402131951]
102,0,140,True,True,1.0,3.99,3,3,True,2,5,12.423302291036286,"[4.265722474291586, 2.5, 5.657579816744701]",7.845087893504152,"[2.6636317649737187, 1.975, 3.2064561285304336]",23.085963996639457,7.777714521564597,"[1.942264744028575, 5.835449777536023]",12.003525958689389,5.033308663410193,9.003525958689389,3.0333086634101933,"[5.6217607203387, 3.4928265444901703, 2.888938693860519]","[1.7574832501711444, 3.275825413239049]","[4.6217607203387, 2.4928265444901703, 1.8889386938605188]","[0.7574832501711443, 2.275825413239049]","[11.850668513688973, 6.39186293459018, 4.843432548360305]"
102,0,141,True,True,1.0,3.99,3,3,True,4,7,36.35136977304624,"[13.104554024864933, 4.972999931226796, 18.273815816954507]",17.17703421148803,"[6.110776069697324, 2.9394699731784506, 8.126788168612258]",47.10036767007085,17.344799428955184,"[5.83913918564514, 4.75271669826526, 2.3224390177630894, 4.430504527281693]",21.369143391327633,10.764471777292522,18.369143391327633,6.764471777292521,"[7.2572585514670855, 11.271613843076715, 2.8402709967838327]","[3.2772642824016045, 2.853559512323452, 1.9057512169276047, 2.7278967656398603]","[6.2572585514670855, 10.271613843076715, 1.8402709967838324]","[2.2772642824016045, 1.8535595123234516, 0.9057512169276049, 1.7278967656398603]","[16.04425269606945, 26.337471392504394, 4.718643581497006]"
102,0,142,True,False,,0.0,2,2,,0,2,9.753021878136517,"[6.2413190756935455, 3.5117028024429717]",5.803678532473242,"[3.434114439520483, 2.369564092952759]",10.860566310736782,0.0,[],6.2356208611873445,0.0,0.0,0.0,"[1.975, 4.260620861187345]",[],"[0.0, 0.0]",[],"[2.5, 8.360566310736782]"
102,0,143,True,True,1.0,3.99,3,3,True,0,3,32.35782432132382,"[20.61680664008138, 5.360387221313783, 6.38063045992866]",15.61955148531629,"[9.040554589631737, 3.0905510163123755, 3.4884458793721773]",47.34359328550015,0.0,[],21.46400138134506,0.0,18.46400138134506,0.0,"[7.831183667095019, 8.298914380130633, 5.333903334119409]",[],"[6.831183667095019, 7.298914380130633, 4.333903334119409]",[],"[17.515855556653893, 18.715165077258032, 11.112572651588227]"
102,0,144,True,False,,0.0,1,1,,0,1,13.893272210319175,[13.893272210319175],6.418376162024479,[6.418376162024479],10.355822486451919,0.0,[],5.0387707697162485,0.0,0.0,0.0,[5.0387707697162485],[],[0.0],[],[10.355822486451919]
102,0,145,True,False,,0.0,1,1,,0,1,16.674771982321953,[16.674771982321953],7.503161073105562,[7.503161073105562],13.39518368782008,0.0,[],6.224121638249831,0.0,0.0,0.0,[6.224121638249831],[],[0.0],[],[13.39518368782008]
102,0,146,True,False,,0.0,1,1,,0,1,11.442723587049814,[11.442723587049814],5.4626621989494275,[5.4626621989494275],16.55676810487129,0.0,[],7.457139560899803,0.0,0.0,0.0,[7.457139560899803],[],[0.0],[],[16.55676810487129]
102,0,147,True,True,1.0,3.99,3,3,True,1,4,27.663590301468787,"[9.857819934906784, 5.788965780627594, 12.016804585934407]",13.788800217572827,"[4.844549774613646, 3.2576966544447616, 5.686553788514419]",31.99827654363169,6.593229212180515,[6.593229212180515],15.47932785201636,3.571359392750401,12.47932785201636,2.571359392750401,"[1.975, 8.952657382656891, 4.551670469359468]",[3.571359392750401],"[0.9750000000000001, 7.952657382656891, 3.5516704693594687]",[2.571359392750401],"[2.5, 20.39142918629972, 9.10684735733197]"
102,0,148,True,True,1.0,3.99,3,3,True,4,7,28.342916083373908,"[10.347575291423091, 4.5052368896326005, 13.490103902318214]",14.053737272515825,"[5.035554363655006, 2.757042386956714, 6.261140521904104]",24.115306419575134,37.472788228402294,"[10.53279387060222, 15.482699361130896, 5.038532583057025, 6.418762413612146]",12.404969503634302,18.614387409076894,9.404969503634302,14.614387409076892,"[6.255608049770114, 3.7925597763731007, 2.356801677491087]","[5.107789609534866, 7.03825275084105, 2.96502770739224, 3.5033173413087373]","[5.255608049770114, 2.7925597763731007, 1.3568016774910872]","[4.107789609534866, 6.03825275084105, 1.9650277073922398, 2.5033173413087373]","[13.475918076333626, 7.16040968300795, 3.478978660233557]"
102,0,149,True,True,1.0,3.99,6,6,True,2,8,33.25217536264583,"[3.6871742413337745, 5.234450249216444, 3.746202319192967, 9.520092789689077, 7.779897939168258, 3.2843578240453115]",18.968348391431874,"[2.4379979541201724, 3.041435597194413, 2.461018904485257, 4.7128361879787395, 4.034160196275621, 2.2808995513776713]",45.458975623633116,10.776633326998146,"[7.1705726800547716, 3.6060606469433747]",23.729000493216915,6.202886997529276,17.729000493216915,4.202886997529277,"[3.847348794310157, 3.6624383640759817, 4.658764021109965, 5.460538571656157, 3.590990130156833, 2.508920611907822]","[3.796523345221361, 2.406363652307916]","[2.847348794310157, 2.6624383640759817, 3.6587640211099646, 4.460538571656157, 2.590990130156833, 1.5089206119078222]","[2.796523345221361, 1.4063636523079162]","[7.300894344385018, 6.826765036092261, 9.381446207974268, 11.43727838886194, 6.643564436299572, 3.869027210020057]"
102,0,150,True,False,,0.0,1,1,,0,1,17.413759291783176,[17.413759291783176],7.791366123795439,[7.791366123795439],3.601337239743266,0.0,[],2.4045215234998736,0.0,0.0,0.0,[2.4045215234998736],[],[0.0],[],[3.601337239743266]
102,0,151,True,True,1.0,3.99,4,4,True,1,5,34.052648733720815,"[12.543002754378133, 5.162401618364078, 5.335773790010746, 11.011470570967857]",17.280533006151117,"[5.891771074207472, 3.0133366311619905, 3.080951778104191, 5.294473522677465]",56.96343091579849,7.07839720575338,[7.07839720575338],26.21573805716141,3.7605749102438186,22.21573805716141,2.7605749102438186,"[6.075911960299989, 9.100019990897614, 5.247908443048343, 5.791897662915463]",[3.7605749102438186],"[5.075911960299989, 8.100019990897614, 4.247908443048343, 4.791897662915463]",[2.7605749102438186],"[13.015158872564076, 20.7692820279426, 10.892072930893185, 12.286917084398622]"
102,0,152,True,False,,0.0,2,2,,0,2,29.747713488109014,"[14.094555222388827, 15.653158265720187]",13.601608260362514,"[6.496876536731643, 7.104731723630873]",16.630893553082394,0.0,[],8.486048485702135,0.0,0.0,0.0,"[5.124801831793089, 3.361246653909045]",[],"[0.0, 0.0]",[],"[10.576414953315613, 6.0544785997667825]"
102,0,153,True,False,,0.0,1,1,,0,1,2.5335309685191696,[2.5335309685191696],1.988077077722476,[1.988077077722476],8.139055697080241,0.0,[],4.174231721861294,0.0,0.0,0.0,[4.174231721861294],[],[0.0],[],[8.139055697080241]
102,0,154,True,True,1.0,3.99,4,4,True,3,7,42.86212535724764,"[12.327008527665448, 8.594534135370933, 3.0922455936916142, 18.848337100519643]",20.71622888932658,"[5.807533325789525, 4.3518683127946645, 2.2059757815397294, 8.350851469202661]",36.82218642594676,26.198583936667674,"[6.394486160314511, 14.860676532447075, 4.943421243906088]",18.360652706119236,13.217447735300393,14.360652706119238,10.217447735300393,"[3.08754908921069, 5.809829346693943, 6.041553946831445, 3.4217203233831603]","[3.4938496025226593, 6.795663847654359, 2.9279342851233743]","[2.08754908921069, 4.809829346693943, 5.041553946831445, 2.4217203233831603]","[2.4938496025226593, 5.795663847654359, 1.9279342851233745]","[5.352689972335103, 12.332895760753699, 12.92706140213191, 6.209539290726052]"
102,0,155,True,False,,0.0,2,2,,0,2,12.44084728642797,"[6.339778754659405, 6.101068531768565]",6.851930441706909,"[3.4725137143171683, 3.3794167273897404]",12.05118852804812,0.0,[],6.699963525938767,0.0,0.0,0.0,"[1.975, 4.724963525938767]",[],"[0.0, 0.0]",[],"[2.5, 9.55118852804812]"
102,0,156,True,False,,0.0,2,2,,0,2,14.215318175212493,"[5.269444324534897, 8.945873850677597]",7.543974088332872,"[3.05508328656861, 4.488890801764263]",8.620073604718858,0.0,[],5.361828705840354,0.0,0.0,0.0,"[3.3868287058403546, 1.975]",[],"[0.0, 0.0]",[],"[6.120073604718858, 2.5]"
102,0,157,True,True,1.0,3.99,3,3,True,2,5,51.339265686737136,"[2.5, 13.722807679270028, 35.11645800746711]",23.022313617827486,"[1.975, 6.351894994915312, 14.695418622912173]",20.91445261908909,23.566804281544137,"[9.974108979182201, 13.592695302361934]",11.156636521444746,11.191053669802212,8.156636521444744,9.191053669802212,"[2.9407359261784434, 6.054660923707876, 2.161239671558426]","[4.889902501881059, 6.301151167921154]","[1.9407359261784431, 5.054660923707876, 1.1612396715584257]","[3.8899025018810587, 5.301151167921154]","[4.9762459645601105, 12.960669035148399, 2.9775376193805787]"
102,0,158,True,True,1.0,3.99,6,6,True,1,7,71.8884123231573,"[18.97182920767649, 8.252372803334016, 9.354560183856586, 11.195906780324933, 7.39073362984786, 16.723009718117414]",34.03648080603135,"[8.399013390993831, 4.218425393300266, 4.648278471704069, 5.366403644326724, 3.8823861156406654, 7.5219737900657915]",51.319526131814094,6.297009114911102,[6.297009114911102],26.014615191407497,3.45583355481533,20.0146151914075,2.45583355481533,"[6.783959641068483, 4.86014704092671, 3.5859632308259566, 3.1645544447511837, 3.9890417723197915, 3.6309490615153726]",[3.45583355481533],"[5.783959641068483, 3.8601470409267096, 2.5859632308259566, 2.1645544447511837, 2.9890417723197915, 2.6309490615153726]",[2.45583355481533],"[14.830665746329442, 9.8978129254531, 6.630674950835786, 5.550139601926112, 7.66420967261485, 6.7460232346548015]"
102,0,159,True,True,1.0,3.99,4,4,True,1,5,38.78613239365009,"[9.083188393248799, 7.412875111527644, 12.881070996227809, 9.408997892645841]",19.126591633523535,"[4.542443473367031, 3.8910212934957813, 6.023617688528845, 4.669509178131879]",50.53580690549251,10.014529658986095,[10.014529658986095],23.708964693142082,4.905666567004578,19.708964693142082,3.9056665670045776,"[2.6052720444782507, 6.205432970512064, 10.726839966059082, 4.171419712092685]",[4.905666567004578],"[1.6052720444782504, 5.205432970512064, 9.726839966059082, 3.1714197120926846]",[3.9056665670045776],"[4.116082165328847, 13.347264026954008, 24.94061529758739, 8.131845415622267]"
102,0,160,True,True,1.0,3.99,4,4,True,3,7,45.03582854394111,"[3.251342123101738, 20.749107810517962, 11.808982112856999, 9.226396497464407]",21.563973132137033,"[2.268023428009678, 9.092152046102006, 5.605503024014229, 4.598294634011118]",43.52322466586662,27.765509615419752,"[8.778437633182934, 8.170848595171638, 10.816223387065177]",20.974057619687983,13.828548750013702,16.974057619687983,10.828548750013702,"[5.629158688972169, 5.518226763138151, 4.653096316893464, 5.173575850684197]","[4.423590676941345, 4.186630952116939, 5.218327120955419]","[4.629158688972169, 4.518226763138151, 3.6530963168934645, 4.173575850684197]","[3.4235906769413442, 3.1866309521169387, 4.218327120955419]","[11.869637664031202, 11.585196828559361, 9.366913633060165, 10.701476540215891]"
102,0,161,True,False,,0.0,1,1,,0,1,20.05394338696787,[20.05394338696787],8.821037920917469,[8.821037920917469],5.193934529567561,0.0,[],3.025634466531349,0.0,0.0,0.0,[3.025634466531349],[],[0.0],[],[5.193934529567561]
102,0,162,True,False,,0.0,1,1,,0,1,7.676470201987674,[7.676470201987674],3.993823378775193,[3.993823378775193],11.703351826013558,0.0,[],5.5643072121452875,0.0,0.0,0.0,[5.5643072121452875],[],[0.0],[],[11.703351826013558]
102,0,163,True,True,1.0,3.99,4,4,True,1,5,36.78094091300726,"[16.825458949800936, 11.310858579939595, 6.144623383266723, 2.5]",18.344566956072832,"[7.561928990422365, 5.411234846176442, 3.396403119474022, 1.975]",38.78997794636228,4.300998634527858,[4.300998634527858],19.12809139908129,2.6773894674658645,15.128091399081288,1.6773894674658645,"[3.6329306538715587, 5.6149274877580995, 3.9727225496955865, 5.907510707756043]",[2.6773894674658645],"[2.6329306538715587, 4.6149274877580995, 2.9727225496955865, 4.907510707756043]",[1.6773894674658645],"[6.7511042406963035, 11.833147404507947, 7.6223655120399645, 12.583360789118059]"
102,0,164,True,True,1.0,3.99,6,6,True,2,8,71.16479890412393,"[12.311349422322593, 8.08923440707478, 10.755122039866821, 15.835139766138632, 7.848397870092554, 16.325555398628545]",33.75427157260833,"[5.801426274705811, 4.154801418759165, 5.194497595548061, 7.175704508794066, 4.0608751693360965, 7.366966605465133]",51.329694529977175,14.777655511548726,"[4.176615743637291, 10.601039767911434]",26.018580866691096,7.763285649504003,20.018580866691096,5.763285649504003,"[2.668886379207513, 5.336789551820304, 2.0282658639007547, 6.7266480391084436, 7.282991032654081, 1.975]","[2.628880140018544, 5.134405509485459]","[1.6688863792075133, 4.336789551820304, 1.0282658639007545, 5.7266480391084436, 6.282991032654081, 0.9750000000000001]","[1.6288801400185438, 4.134405509485459]","[4.279195844121829, 11.119973209795651, 2.636579138207063, 14.68371292079088, 16.110233417061746, 2.5]"
102,0,165,True,True,1.0,3.99,5,5,True,1,6,64.6210652904047,"[14.918561308059466, 9.593342665807791, 17.787452224308733, 13.448211850253953, 8.873497241974766]",30.20221546325784,"[6.818238910143192, 4.741403639665039, 7.937106367480406, 6.2448026215990415, 4.460663924370159]",52.71442332435917,4.247740226369882,[4.247740226369882],25.558625096500073,2.6566186882842544,20.558625096500073,1.6566186882842542,"[8.424229652323138, 4.3335988278889745, 4.475425339937871, 3.3206407598977647, 5.004730516452327]",[2.6566186882842544],"[7.424229652323138, 3.3335988278889745, 3.475425339937871, 2.3206407598977647, 4.004730516452327]",[1.6566186882842542],"[19.036486288008046, 8.547689302279421, 8.91134702548172, 5.950360922814781, 10.268539785775197]"
102,0,166,True,True,1.0,3.99,3,3,True,0,3,18.774337390246984,"[8.315185138996672, 4.0091997353499575, 6.449952515900357]",10.321991582196324,"[4.242922204208702, 2.5635878967864834, 3.5154814812011392]",39.1396615120937,0.0,[],18.264467989716547,0.0,15.264467989716547,0.0,"[6.0267543003248, 3.4290154385853953, 8.808698250806351]",[],"[5.0267543003248, 2.4290154385853953, 7.8086982508063505]",[],"[12.88911359057641, 6.2282447143215265, 20.02230320719577]"
102,0,167,True,True,1.0,3.99,8,5,,5,13,41.43378845047896,"[3.4527770387996726, 11.0801322377428, 5.670946784218507, 13.22416953235438, 8.00576285736359]",21.15917749568679,"[2.3465830451318723, 5.321251572719692, 3.2116692458452176, 6.157426117618209, 4.1222475143718]",54.23784577533629,52.43143480159566,"[15.216579503432976, 12.319374961380138, 13.025661341384783, 4.816942715785911, 7.052876279611842]",26.152759852381156,25.448259572622305,21.152759852381156,20.448259572622305,"[3.478248381956917, 3.70680516071335, 2.3808595742223684, 9.362914375697454, 7.223932359791067]","[6.9344660063388615, 5.804556234938254, 6.080007923140066, 2.878607659156505, 3.7506217490486184]","[2.478248381956917, 2.70680516071335, 1.3808595742223682, 8.362914375697454, 6.223932359791067]","[5.9344660063388615, 4.804556234938254, 5.080007923140066, 1.8786076591565053, 2.7506217490486184]","[6.354483030658762, 6.940526053111153, 3.540665574929149, 21.443370194096033, 15.958800922541196]"
102,0,168,True,True,1.0,3.99,5,5,True,5,10,31.8561810484969,"[7.903634512885223, 5.976189340619142, 2.9424650662731935, 3.7222890975165104, 11.311603031202829]",17.42391060891379,"[4.082417460025237, 3.3307138428414658, 2.1475613758465455, 2.451692748031439, 5.411525182169103]",54.15463009263907,57.47056655843748,"[4.165564139389274, 13.083406334835916, 20.244499802941306, 15.544216331551867, 4.43287994971912]",26.120305736129232,27.41352095779062,21.120305736129236,22.41352095779062,"[5.6625307925637705, 3.7805870970827957, 3.854860554601698, 8.576687147323444, 4.245640144557525]","[2.624570014361817, 6.102528470586007, 8.89535492314711, 7.062244369305229, 2.7288231803904566]","[4.6625307925637705, 2.7805870970827957, 2.854860554601698, 7.576687147323445, 3.2456401445575254]","[1.624570014361817, 5.102528470586007, 7.895354923147109, 6.062244369305229, 1.7288231803904568]","[11.955207160419924, 7.129710505340501, 7.320155268209482, 19.427402941854986, 8.322154216814168]"
102,0,169,True,False,,0.0,1,1,,0,1,15.22998821507285,[15.22998821507285],6.939695403878412,[6.939695403878412],6.398577500685193,0.0,[],3.4954452252672255,0.0,0.0,0.0,[3.4954452252672255],[],[0.0],[],[6.398577500685193]
102,0,170,True,False,,0.0,2,2,,0,2,25.286702209144153,"[4.396557391796803, 20.890144817347352]",11.861813861566219,"[2.7146573828007527, 9.147156478765467]",17.531946840328775,0.0,[],8.837459267728223,0.0,0.0,0.0,"[4.980654959377703, 3.8568043083505192]",[],"[0.0, 0.0]",[],"[10.206807588147957, 7.3251392521808185]"
102,0,171,True,True,1.0,3.99,4,4,True,0,4,32.22804689701671,"[9.439731613819301, 2.5, 2.5, 17.78831528319741]",16.568938289836517,"[4.681495329389527, 1.975, 1.975, 7.93744296044699]",55.639206845062816,0.0,[],25.699290669574502,0.0,21.699290669574502,0.0,"[7.302827340455841, 6.214312244943405, 4.220268619939681, 7.961882464235575]",[],"[6.302827340455841, 5.214312244943405, 3.2202686199396804, 6.961882464235575]",[],"[16.161095744758565, 13.37003139729078, 8.25709902548636, 17.850980677527115]"
102,0,172,True,True,1.0,3.99,4,5,,1,5,66.32291703413733,"[7.20303191944274, 10.766899299411378, 16.141515617457614, 11.986185943604845, 20.225284254220757]",30.86593764331356,"[3.8091824485826686, 5.199090726770438, 7.29519109080847, 5.6746125180058895, 8.887860859146095]",71.21935361706116,3.844908860906838,[3.844908860906838],32.775547910653856,2.499514455753667,27.775547910653856,1.4995144557536668,"[3.08334116548377, 9.376496456386645, 2.8744411213273007, 10.9737742803733, 6.4674948870828395]",[2.499514455753667],"[2.08334116548377, 8.376496456386645, 1.8744411213273007, 9.9737742803733, 5.4674948870828395]",[1.4995144557536668],"[5.341900424317359, 21.47819604201704, 4.806259285454617, 25.573780206085384, 14.019217659186769]"
102,0,173,True,True,1.0,3.99,4,4,True,3,7,37.61830088484879,"[17.192582342548747, 9.129093313516174, 5.952554377617947, 5.344070851165924]",18.67113734509103,"[7.7051071135940115, 4.560346392271308, 3.3214962072709993, 3.0841876319547104]",40.70912748342963,16.951501514454492,"[5.283012423459765, 4.193075105318542, 7.475413985676184]",19.876559718537557,9.611085590637252,15.876559718537557,6.611085590637252,"[6.738292832788703, 1.9852935209883444, 5.11360868468875, 6.039364680071759]","[3.0603748451493087, 2.635299291074231, 3.9154114544137117]","[5.738292832788703, 0.9852935209883443, 4.11360868468875, 5.039364680071759]","[2.0603748451493087, 1.6352992910742314, 2.9154114544137117]","[14.71357136612488, 2.526393643559857, 10.547714576125001, 12.921447897619894]"
102,0,174,True,False,,0.0,2,2,,0,2,15.046368797354946,"[9.23612104449853, 5.810247752856416]",7.868083830968429,"[4.602087207354427, 3.265996623614002]",21.569522572731657,0.0,[],10.412113803365347,0.0,0.0,0.0,"[5.433236328890704, 4.978877474474643]",[],"[0.0, 0.0]",[],"[11.36727263818129, 10.202249934550366]"
102,0,175,True,False,,0.0,2,2,,0,2,9.738038893081084,"[5.7396912048776265, 3.998347688203458]",5.797835168301623,"[3.2384795699022746, 2.559355598399349]",20.994229094824412,0.0,[],10.187749346981521,0.0,0.0,0.0,"[4.59160899367763, 5.596140353303891]",[],"[0.0, 0.0]",[],"[9.209253829942641, 11.784975264881773]"
102,0,176,True,False,,0.0,1,1,,0,1,10.366603028465944,[10.366603028465944],5.042975181101718,[5.042975181101718],6.542950051593731,0.0,[],3.5517505201215553,0.0,0.0,0.0,[3.5517505201215553],[],[0.0],[],[6.542950051593731]
102,0,177,True,True,1.0,3.99,5,5,True,2,7,54.187935411309525,"[5.653900943830464, 16.887852728274435, 3.791955676795581, 10.739714755898747, 17.11451130651029]",26.133294810410714,"[3.205021368093881, 7.58626256402703, 2.4788627139502766, 5.188488754800511, 7.6746594095390135]",26.7163467283116,27.520801743105583,"[21.62339658663958, 5.897405156466005]",15.419375224041525,12.733112679811178,10.419375224041525,10.733112679811178,"[2.2019086439333746, 4.869390220073047, 1.975, 3.1457348904111866, 3.227341469623917]","[9.433124668789436, 3.2999880110217417]","[1.2019086439333746, 3.869390220073047, 0.9750000000000001, 2.1457348904111866, 2.227341469623917]","[8.433124668789436, 2.2999880110217417]","[3.0818170357266017, 9.921513384802685, 2.5, 5.501884334387658, 5.711131973394659]"
102,0,178,True,False,,0.0,2,2,,0,2,11.757792875429738,"[9.257792875429738, 2.5]",6.585539221417598,"[4.610539221417598, 1.975]",8.410901415785586,0.0,[],5.280251552156379,0.0,0.0,0.0,"[2.1499210896634704, 3.1303304624929083]",[],"[0.0, 0.0]",[],"[2.9485156145217193, 5.462385801263867]"
102,0,179,True,True,1.0,3.99,3,3,True,3,6,44.87362947611527,"[13.590283495669125, 23.07416728333707, 8.209178697109076]",20.500715495684958,"[6.300210563310959, 9.998925240501457, 4.20157969187254]",27.623342496438713,15.986578093006637,"[3.8633922533573988, 8.25979358629184, 3.8633922533573988]",13.773103573611097,9.234765456272589,10.773103573611097,6.234765456272589,"[6.026438306081822, 5.7716652675292766, 1.975]","[2.5067229788093854, 4.221319498653818, 2.5067229788093854]","[5.026438306081822, 4.7716652675292766, 0.9750000000000001]","[1.5067229788093857, 3.2213194986538176, 1.5067229788093857]","[12.888303348927748, 12.235039147510966, 2.5]"
102,0,180,True,True,1.0,3.99,3,3,True,2,5,25.63645977313829,"[2.5, 19.331539050156252, 3.804920722982039]",12.998219311523933,"[1.975, 8.539300229560938, 2.4839190819629953]",29.280750075420897,24.062679770066808,"[18.053653080942446, 6.0090266891243616]",14.41949252941415,11.384445110326055,11.41949252941415,9.384445110326055,"[1.975, 4.327301808809684, 8.117190720604466]","[8.040924701567555, 3.343520408758501]","[0.9750000000000001, 3.327301808809685, 7.117190720604466]","[7.040924701567555, 2.343520408758501]","[2.5, 8.531543099512012, 18.249206975908887]"
102,0,181,True,True,1.0,3.99,6,6,True,3,9,72.24266482222204,"[11.91477847329335, 9.963345697835077, 25.587318976826374, 11.2735561227215, 3.695970831510981, 9.807694720034755]",34.1746392806666,"[5.6467636045844065, 4.88570482215568, 10.979054400962287, 5.396686887861385, 2.4414286242892826, 4.825000940813554]",63.350555784020855,24.86610923038459,"[3.043303564920841, 16.017011264541264, 5.805794400922486]",30.706716755768134,12.697782599849992,24.706716755768134,9.69778259984999,"[10.175872181292563, 3.528843204719982, 7.0595682183085255, 3.639262364143029, 2.727780458368669, 3.5753903289353626]","[2.186888390319128, 7.246634393171093, 3.2642598163597696]","[9.175872181292563, 2.528843204719982, 6.0595682183085255, 2.639262364143029, 1.727780458368669, 2.5753903289353626]","[1.186888390319128, 6.246634393171093, 2.2642598163597696]","[23.52787738792965, 6.484213345435851, 15.537354405919295, 6.767339395238536, 4.430206303509407, 6.603564945988109]"
102,0,182,True,True,1.0,3.99,4,4,True,3,7,48.513267982875334,"[8.606117624693766, 11.185972112161519, 12.890788988814306, 15.830389257205741]",22.92017451332138,"[4.356385873630569, 5.362529123742992, 6.02740770563758, 7.173851810310239]",38.135572034852835,17.565450374301683,"[1.8213973478708032, 4.376167318401415, 11.367885708029464]",18.872873093592606,9.850525645977656,14.872873093592606,6.850525645977656,"[3.7296238739988548, 2.8527621901923212, 2.9606174769516103, 9.32986955244982]","[1.7103449656696132, 2.706705254176552, 5.433475426131491]","[2.7296238739988548, 1.8527621901923212, 1.9606174769516103, 8.32986955244982]","[0.7103449656696132, 1.706705254176552, 4.433475426131491]","[6.9990355743560375, 4.750672282544413, 5.027224299875924, 21.35863987807646]"
102,0,183,True,True,1.0,3.99,5,5,True,1,6,55.636577288504284,"[7.065803793682736, 6.784571422724652, 14.939833588074166, 8.561955594064523, 18.2844128899582]",26.698265142516668,"[3.7556634795362673, 3.6459828548626145, 6.826535099348924, 4.339162681685164, 8.130921027083698]",46.34760721690958,21.370758975324314,[21.370758975324314],23.075566814594737,9.334596000376482,18.075566814594737,8.334596000376482,"[1.975, 7.1276155775978856, 5.298469257726729, 3.7522515497229043, 4.922230429547218]",[9.334596000376482],"[0.9750000000000001, 6.1276155775978856, 4.298469257726729, 2.7522515497229043, 3.9222304295472177]",[8.334596000376482],"[2.5, 15.711834814353551, 11.02171604545315, 7.057055255699755, 10.057001101403122]"
102,0,184,True,True,1.0,3.99,4,4,True,4,8,43.3244071582788,"[14.379656476864202, 8.118610033285762, 7.951023405502017, 12.875117242626823]",20.896518791728734,"[6.608066025977039, 4.166257912981447, 4.100899128145787, 6.021295724624461]",57.88337349961927,37.243471894157125,"[3.7849276210577116, 2.824845730070162, 4.001014952234219, 26.632683590795036]",26.574515664851518,18.524954038721283,22.574515664851518,14.524954038721281,"[3.7049520860729213, 6.154270721234605, 12.317790082121281, 4.397502775422709]","[2.4761217722125073, 2.101689834727363, 2.5603958313713457, 11.386746600410065]","[2.7049520860729213, 5.154270721234605, 11.317790082121281, 3.3975027754227094]","[1.4761217722125075, 1.1016898347273631, 1.5603958313713455, 10.386746600410065]","[6.935774579674157, 13.216078772396422, 29.019974569541745, 8.711545578006946]"
102,0,185,True,True,1.0,3.99,4,4,True,1,5,41.44963237888935,"[8.986021226016339, 12.187101404913388, 12.894271903262023, 7.382237844697596]",20.165356627766847,"[4.504548278146372, 5.752969547916222, 6.028766042272189, 3.8790727594320624]",39.12079676053605,1.2874079425112939,[1.2874079425112939],19.25711073660906,1.5020890975794048,15.25711073660906,0.5020890975794047,"[5.186989573068748, 3.9462025690854494, 7.674522189885097, 2.4493964045697685]",[1.5020890975794048],"[4.186989573068748, 2.9462025690854494, 6.674522189885097, 1.4493964045697685]",[0.5020890975794047],"[10.735870700176276, 7.554365561757563, 17.114159461243837, 3.7164010373583807]"
102,0,186,True,False,,0.0,1,1,,0,1,4.656794461035378,[4.656794461035378],2.8161498398037974,[2.8161498398037974],28.426954876322938,0.0,[],12.086512401765946,0.0,0.0,0.0,[12.086512401765946],[],[0.0],[],[28.426954876322938]
102,0,187,True,False,,0.0,2,2,,0,2,34.586007566635416,"[21.941882157680837, 12.644125408954583]",15.488542950987814,"[9.557334041495526, 5.9312089094922875]",11.751687512729767,0.0,[],6.58315812996461,0.0,0.0,0.0,"[4.253777639112705, 2.3293804908519045]",[],"[0.0, 0.0]",[],"[8.343019587468474, 3.408667925261293]"
102,0,188,True,True,1.0,3.99,4,4,True,2,6,46.0243030158428,"[14.227428178633355, 4.571591938356691, 18.855658189151093, 8.36962470970166]",21.949478176178694,"[6.548696989667008, 2.7829208559591097, 8.353706693768927, 4.264153636783647]",16.23324807183111,16.915162595270935,"[9.429436383779118, 7.4857262114918175]",10.330966748014134,8.596913412155665,6.330966748014133,6.596913412155665,"[2.0892472673986853, 3.7154117724345865, 1.9807432215688305, 2.5455644866120313]","[4.677480189673856, 3.919433222481809]","[1.0892472673986853, 2.7154117724345865, 0.9807432215688305, 1.5455644866120313]","[3.6774801896738563, 2.919433222481809]","[2.79294171127868, 6.962594288293811, 2.5147262091508473, 3.9629858631077726]"
102,0,189,True,True,1.0,3.99,4,4,True,0,4,39.679971036530915,"[4.7045298966411595, 12.959374909256178, 17.204809777498127, 4.8112564531354485]",19.475188704247053,"[2.834766659690052, 6.054156214609909, 7.7098758132242695, 2.8763900167228247]",34.480076542525005,0.0,[],17.44722985158475,0.0,13.447229851584753,0.0,"[4.2204534909796525, 5.716531688902591, 5.235947265782929, 2.2742974059195813]",[],"[3.220453490979652, 4.716531688902591, 4.235947265782929, 1.2742974059195815]",[],"[8.25757305379398, 12.093670997186129, 10.861403245597254, 3.267429245947645]"
102,0,190,True,True,1.0,3.99,6,6,True,0,6,50.95936842835051,"[8.422500261361321, 14.629238346398958, 6.289992163429072, 12.146138961576762, 3.1109805637213515, 6.3605181318630475]",25.8741536870567,"[4.284775101930915, 6.705402955095594, 3.453096943737338, 5.736994195014938, 2.213282419851327, 3.4806020714265884]",52.631517022810655,0.0,[],26.526291638896158,0.0,20.526291638896158,0.0,"[2.74332088521849, 4.176487953758655, 5.485783010474948, 6.248811445992106, 4.122362365876223, 3.749525977575732]",[],"[1.7433208852184898, 3.176487953758655, 4.485783010474948, 5.248811445992106, 3.1223623658762234, 2.749525977575732]",[],"[4.470053551842281, 8.144840907073474, 11.502007719166532, 13.458490887159247, 8.006057348400573, 7.050066609168543]"
102,0,191,True,True,1.0,3.99,3,3,True,1,4,16.237164570262248,"[3.4278354549973167, 6.780459047760555, 6.028870067504378]",9.332494182402277,"[2.3368558274489537, 3.6443790286266164, 3.351259326326707]",13.0970069626275,15.223311525354708,[15.223311525354708],8.107832715424724,6.937091494888336,5.107832715424724,5.937091494888336,"[3.4815132701029863, 1.975, 2.6513194453217377]",[6.937091494888336],"[2.4815132701029863, 0.9750000000000001, 1.651319445321738]",[5.937091494888336],"[6.362854538725606, 2.5, 4.234152423901892]"
102,0,192,True,False,,0.0,1,1,,0,1,8.58843800316176,[8.58843800316176],4.349490821233086,[4.349490821233086],3.5599631081218974,0.0,[],2.38838561216754,0.0,0.0,0.0,[2.38838561216754],[],[0.0],[],[3.5599631081218974]
102,0,193,True,True,1.0,3.99,4,4,True,1,5,30.24494841320383,"[15.894859480626565, 2.8278957402157214, 3.6525453053917745, 7.869647886969766]",15.795529881149491,"[7.1989951974443604, 2.102879338684131, 2.424492669102792, 4.069162675918209]",48.43491877642147,9.844463326688174,[9.844463326688174],22.889618322804374,4.839340697408389,18.889618322804374,3.8393406974083883,"[9.638587184137899, 4.981987293857568, 6.294043844808905, 1.975]",[4.839340697408389],"[8.638587184137899, 3.9819872938575673, 5.294043844808905, 0.9750000000000001]",[3.8393406974083883],"[22.150223549071537, 10.210223830404018, 13.57447139694591, 2.5]"
102,0,194,True,False,,0.0,2,2,,0,2,20.14324560294611,"[8.969767463555021, 11.173478139391086]",9.855865785148982,"[4.498209310786459, 5.357656474362524]",20.45613945788206,0.0,[],9.977894388574004,0.0,0.0,0.0,"[3.5255636033817837, 6.4523307851922205]",[],"[0.0, 0.0]",[],"[6.475804111235343, 13.980335346646719]"
102,0,195,True,True,1.0,3.99,3,2,,5,8,10.287721748471487,"[4.859866426089133, 5.427855322382354]",6.01221148190388,"[2.895347906174762, 3.116863575729118]",18.042044568349205,31.16646389474553,"[5.729197284190811, 3.741536169365835, 7.947880668231385, 3.741536169365835, 10.00631360359166]",9.03639738165619,17.154920918950758,7.03639738165619,12.154920918950756,"[5.422228707343846, 3.6141686743123445]","[3.2343869408344164, 2.459199106052676, 4.099673460610241, 2.459199106052676, 4.902462305400748]","[4.422228707343846, 2.6141686743123445]","[2.2343869408344164, 1.4591991060526757, 3.0996734606102403, 1.4591991060526757, 3.9024623054007477]","[11.339047967548323, 6.702996600800883]"
102,0,196,True,True,1.0,3.99,7,7,True,3,10,78.78257199635893,"[5.626745416292353, 10.949527194323077, 14.194946667306366, 11.394409379887346, 11.498051823734478, 10.53424034856923, 14.584651166246074]",37.72520307857998,"[3.1944307123540177, 5.270315605786, 6.536029200249483, 5.443819658156065, 5.484240211256447, 5.108353735942, 6.688013954835969]",69.58021538141809,17.237994896585374,"[3.6667525908068357, 3.6667525908068357, 9.904489714971703]",34.13628399875306,9.722818009668297,27.136283998753058,6.722818009668297,"[7.357978333526184, 6.300321742317916, 6.348170142558289, 2.217727578837711, 7.098790783491847, 1.975, 2.8382954180211115]","[2.430033510414666, 2.430033510414666, 4.862750988838965]","[6.357978333526184, 5.300321742317916, 5.348170142558289, 1.217727578837711, 6.098790783491847, 0.9750000000000001, 1.8382954180211117]","[1.430033510414666, 1.430033510414666, 3.862750988838964]","[16.302508547503034, 13.590568570045939, 13.713256775790484, 3.122378407276182, 15.63792508587653, 2.5, 4.713577994925927]"
102,0,197,True,True,1.0,3.99,6,6,True,0,6,55.5639516570783,"[14.586758906323798, 15.456422190927714, 4.932626583365159, 2.9584859223741056, 13.35653547651113, 4.273122577576392]",27.669941146260534,"[6.688835973466281, 7.028004654461808, 2.923724367512412, 2.1538095097259013, 6.209048835839341, 2.666517805254793]",61.334000982085996,0.0,[],29.92026038301354,0.0,23.92026038301354,0.0,"[2.9457380640159903, 7.7974372673510155, 4.773851513137577, 4.429088061898448, 4.904666428072176, 5.069479048538332]",[],"[1.9457380640159903, 6.7974372673510155, 3.773851513137577, 3.4290880618984483, 3.9046664280721757, 4.069479048538332]",[],"[4.98907195901536, 17.429326326541066, 9.676542341378402, 8.792533492047303, 10.011965200185065, 10.4345616629188]"
102,0,198,True,True,1.0,3.99,3,3,True,3,6,33.59445787278894,"[7.619183082639077, 8.951479041208675, 17.023795748941183]",16.101838570387685,"[3.9714814022292404, 4.491076826071383, 7.639280342087061]",25.578214222821757,38.71618151034778,"[19.824673703164965, 8.333166770503636, 10.558341036679177]",12.975503546900484,18.099310789035634,9.975503546900486,15.099310789035634,"[2.4217380746438084, 2.979637165847147, 7.57412830640953]","[8.731622744234336, 4.2499350404964185, 5.11775300430488]","[1.4217380746438084, 1.9796371658471472, 6.57412830640953]","[7.731622744234337, 3.2499350404964185, 4.11775300430488]","[3.6454822426764317, 5.075992732941403, 16.856739247203922]"
102,0,199,True,True,1.0,3.99,7,7,True,1,8,64.12293850582826,"[6.375689045369001, 17.429102829961455, 10.008776505949399, 2.5, 13.644821383752305, 3.790267026445166, 10.374281714350937]",32.00794601727303,"[3.4865187276939107, 7.797350103684968, 4.9034228373202655, 1.975, 6.321480339663399, 2.478204140313615, 5.045969868596866]",97.16129623813599,3.2870842143501973,[3.2870842143501973],44.89290553287303,2.281962843596577,37.89290553287303,1.281962843596577,"[7.016236800014947, 5.705286711745183, 7.759014769943653, 3.9917642441630994, 4.471616363933853, 8.444314737747884, 7.504671905324414]",[2.281962843596577],"[6.016236800014947, 4.705286711745183, 6.759014769943653, 2.9917642441630994, 3.471616363933853, 7.444314737747885, 6.504671905324414]",[1.281962843596577],"[15.42624820516653, 12.064837722423546, 17.330807102419623, 7.671190369648973, 8.901580420343212, 19.08798650704586, 16.67864591108824]"
102,0,200,True,True,1.0,3.99,9,9,True,0,9,55.214959593950766,"[3.811919830803654, 9.825173837189823, 8.321999509259552, 4.713768752048331, 7.066026251139234, 4.664549224795569, 3.5170679413493797, 5.838822031860833, 7.455632215504394]",30.5338342416408,"[2.486648734013425, 4.831817796504032, 4.245579808611225, 2.8383698132988493, 3.755750237944301, 2.819174197670272, 2.371656497126258, 3.2771405924257246, 3.907696564046714]",71.55876614417933,0.0,[],36.907918796229936,0.0,27.907918796229936,0.0,"[3.1092648849467355, 2.9707883917045006, 3.2594288545069827, 4.332193299476601, 3.2284640558709397, 6.153462361420226, 6.010079178742751, 3.0969420445396456, 4.747295725021553]",[],"[2.1092648849467355, 1.9707883917045008, 2.2594288545069827, 3.332193299476601, 2.2284640558709397, 5.153462361420226, 5.010079178742751, 2.0969420445396456, 3.747295725021553]",[],"[5.408371499863424, 5.053303568473079, 5.793407319248673, 8.544085383273336, 5.714010399669076, 13.214006054923658, 12.846356868571158, 5.376774473178578, 9.60845057697834]"
102,0,201,True,True,1.0,3.99,3,3,True,2,5,27.88175340771038,"[2.5, 17.508749684725505, 7.873003722984876]",13.873883829007049,"[1.975, 7.828412377042947, 4.070471451964101]",34.15997960543393,21.7811731932373,"[12.806471529832024, 8.974701663405275]",16.322392046119234,10.494657545362546,13.322392046119235,8.494657545362546,"[1.9971697520715002, 6.267342089244852, 8.057880204802883]","[5.994523896634489, 4.500133648728058]","[0.9971697520715003, 5.267342089244852, 7.057880204802883]","[4.994523896634489, 3.5001336487280574]","[2.556845518132052, 13.506005357038081, 18.0971287302638]"
102,0,202,True,False,,0.0,3,3,,0,3,47.95351871534106,"[25.608829913628576, 8.153972619139351, 14.190716182573135]",21.701872298983012,"[10.987443666315144, 4.180049321464347, 6.534379311203523]",29.663014598061118,0.0,[],14.568575693243837,0.0,0.0,0.0,"[5.940141215453653, 4.279430175435219, 4.349004302354965]",[],"[0.0, 0.0, 0.0]",[],"[12.667028757573469, 8.408795321628766, 8.587190518858883]"
102,0,203,True,True,1.0,3.99,5,5,True,1,6,53.88827118807623,"[5.928573760137924, 18.63347596387056, 5.977173515813881, 9.479734627849195, 13.869313320404672]",26.01642576334973,"[3.3121437664537905, 8.267055625909517, 3.331097671167414, 4.697096504861186, 6.409032194957822]",59.65902144019985,16.94050020891983,[16.94050020891983],28.26701836167794,7.606795081478734,23.26701836167794,6.606795081478734,"[4.457796698561715, 8.302444389845311, 3.4373708725185814, 7.273290641093452, 4.796115759658881]",[7.606795081478734],"[3.4577966985617157, 7.302444389845311, 2.4373708725185814, 6.273290641093452, 3.796115759658881]",[6.606795081478734],"[8.866145380927476, 18.724216384218746, 6.249668903893798, 16.08536061818834, 9.73363015297149]"
102,0,204,True,True,1.0,3.99,4,4,True,3,7,61.66472444375922,"[20.157471407212114, 10.517607378340808, 12.075406558795613, 18.914239099410686]",28.049242533066096,"[8.861413848812724, 5.101866877552915, 5.709408557930289, 8.376553248770168]",28.102020605545547,27.685858375013403,"[9.356631027583969, 10.27659178802197, 8.052635559407461]",14.959788036162765,13.797484766255225,10.959788036162765,10.797484766255225,"[5.6802379229930695, 3.12304602012547, 2.119271147863049, 4.0372329451811755]","[4.6490861007577475, 5.007870797328568, 4.14052786816891]","[4.6802379229930695, 2.12304602012547, 1.1192711478630488, 3.0372329451811755]","[3.649086100757748, 4.007870797328568, 3.14052786816891]","[12.000610058956587, 5.443707743911462, 2.8699260201616634, 7.787776782515834]"
102,0,205,True,True,1.0,3.99,5,5,True,1,6,47.383570187005766,"[11.09788038711774, 15.934982967449304, 6.086036177802552, 4.695160771021388, 9.569509883614785]",23.47959237293225,"[5.328173350975919, 7.214643357305229, 3.3735541093429955, 2.831112700698341, 4.732108854609766]",44.451524777456854,7.625215934716848,[7.625215934716848],22.33609466320818,3.9738342145395706,17.33609466320818,2.9738342145395706,"[5.868043494390445, 3.6527059644795656, 7.7316833173955315, 3.108661886942634, 1.975]",[3.9738342145395706],"[4.868043494390445, 2.6527059644795656, 6.7316833173955315, 2.108661886942634, 0.9750000000000001]",[2.9738342145395706],"[12.482162806129345, 6.80181016533222, 17.260726454860336, 5.406825351134959, 2.5]"
102,0,206,True,False,,0.0,1,1,,0,1,6.761388155297308,[6.761388155297308],3.63694138056595,[3.63694138056595],8.865753394112456,0.0,[],4.457643823703858,0.0,0.0,0.0,[4.457643823703858],[],[0.0],[],[8.865753394112456]
102,0,207,True,False,,0.0,2,2,,0,2,23.38864701900364,"[15.299385618097597, 8.089261400906041]",11.121572337411418,"[6.966760391058063, 4.154811946353356]",11.372484011576422,0.0,[],6.435268764514804,0.0,0.0,0.0,"[2.9456306540739368, 3.489638110440868]",[],"[0.0, 0.0]",[],"[4.988796548907531, 6.383687462668892]"
102,0,208,True,True,1.0,3.99,5,5,True,2,7,40.34401321483228,"[14.079902971474121, 7.576262696670653, 7.864220242911384, 6.137986324753374, 4.685640979022749]",20.73416515378459,"[6.491162158874907, 3.954742451701555, 4.06704589473544, 3.393814666653816, 2.827399981818872]",48.4677883448915,10.198350795930462,"[5.126266229386087, 5.072084566544376]",23.902437454507684,5.97735681041288,18.902437454507687,3.977356810412881,"[2.969828446173967, 7.035869557122365, 3.0558160970073995, 7.133581635134494, 3.707341719069462]","[2.999243829460574, 2.978112980952307]","[1.969828446173967, 6.035869557122365, 2.0558160970073995, 6.133581635134494, 2.707341719069462]","[1.999243829460574, 1.9781129809523068]","[5.050842169676838, 15.476588608006063, 5.271323325659999, 15.727132397780753, 6.941901843767852]"
102,0,209,True,True,1.0,3.99,5,5,True,1,6,38.16722100114805,"[6.181240056331229, 11.652956091118348, 2.888877978737238, 9.04168097442738, 8.402465900533858]",19.885216190447743,"[3.4106836219691794, 5.544652875536156, 2.126662411707523, 4.526255580026678, 4.276961701208204]",61.71201448022258,7.569788458252725,[7.569788458252725],29.067685647286805,3.9522174987185625,24.067685647286805,2.9522174987185625,"[5.816871192618468, 5.56800171126916, 6.567638578658825, 5.259857798588244, 5.85531636615211]",[3.9522174987185625],"[4.816871192618468, 4.56800171126916, 5.567638578658825, 4.259857798588244, 4.85531636615211]",[2.9522174987185625],"[12.350951775944788, 11.712824900690153, 14.27599635553545, 10.92271230407242, 12.449529143979769]"
102,0,210,True,False,,0.0,2,2,,0,2,10.280607883437446,"[6.493863519867978, 3.786744363569468]",6.009437074540604,"[3.5326067727485118, 2.4768303017920923]",18.114048279546697,0.0,[],9.064478829023212,0.0,0.0,0.0,"[4.671967252610294, 4.392511576412918]",[],"[0.0, 0.0]",[],"[9.415300647718704, 8.698747631827993]"
102,0,211,True,True,1.0,3.99,3,4,,1,4,31.511402498119992,"[6.901567908390357, 13.545704428349403, 5.294294460476491, 5.769835700903741]",16.289446974266795,"[3.691611484272239, 6.282824727056267, 3.064774839585832, 3.250235923352459]",59.54612549714058,5.778271447148185,[5.778271447148185],27.22298894388483,3.2535258643877922,23.22298894388483,2.2535258643877922,"[6.62620535406425, 8.33131009811501, 4.908818404901451, 7.356655086804116]",[3.2535258643877922],"[5.62620535406425, 7.33131009811501, 3.908818404901451, 6.356655086804116]",[2.2535258643877922],"[14.426167574523717, 18.798231020807716, 10.022611294619105, 16.29911560719004]"
102,0,212,True,True,1.0,3.99,3,3,,1,4,37.981292988774854,"[19.735654655086982, 9.511936124497586, 8.733702209190286]",17.812704265622195,"[8.696905315483924, 4.709655088554058, 4.406143861584212]",31.250578638564498,8.28705659826279,[8.28705659826279],15.187725669040155,4.231952073322488,12.187725669040155,3.2319520733224882,"[3.13356688662349, 7.88513446548886, 4.169024316927805]",[4.231952073322488],"[2.13356688662349, 6.88513446548886, 3.169024316927805]",[3.2319520733224882],"[5.470684324675615, 17.654190937150922, 8.125703376737961]"
102,0,213,True,False,,0.0,1,1,,0,1,11.541789619347183,[11.541789619347183],5.501297951545402,[5.501297951545402],3.1467791949118316,0.0,[],2.2272438860156143,0.0,0.0,0.0,[2.2272438860156143],[],[0.0],[],[3.1467791949118316]
102,0,214,True,True,1.0,3.99,4,6,,2,6,43.134347622212466,"[5.175840419985315, 2.8896551302816227, 5.2637285476326685, 7.62169861178617, 18.495390047881557, 3.6880348646451355]",22.822395572662863,"[3.018577763794273, 2.126965500809833, 3.0528541335767407, 3.972462458596606, 8.213202118673808, 2.438333597211603]",44.4973609262814,26.23952736464985,"[11.262537805218935, 14.976989559430914]",23.353970761249748,12.233415672213441,17.353970761249748,10.233415672213441,"[4.267569059564094, 5.405995459338979, 1.975, 5.34712005906971, 4.088763961355934, 2.2695222219210276]","[5.392389744035385, 6.841025928178056]","[3.267569059564094, 4.405995459338979, 0.9750000000000001, 4.34712005906971, 3.0887639613559332, 1.2695222219210276]","[4.392389744035385, 5.841025928178056]","[8.378382204010498, 11.297424254715331, 2.5, 11.146461689922333, 7.9199075932203415, 3.255185184412891]"
102,0,215,True,False,,0.0,2,2,,0,2,14.920666627813048,"[9.25573720149167, 5.664929426321378]",7.819059984847089,"[4.609737508581752, 3.2093224762653376]",16.673321163322086,0.0,[],8.502595253695613,0.0,0.0,0.0,"[6.527595253695613, 1.975]",[],"[0.0, 0.0]",[],"[14.173321163322084, 2.5]"
102,0,216,True,True,1.0,3.99,4,4,True,1,5,46.89997203398375,"[8.299300764247986, 20.293311041960823, 9.331394319376324, 8.975965908398623]",22.290989093253664,"[4.236727298056715, 8.91439130636472, 4.639243784556767, 4.500626704275463]",34.47546117865009,5.059796373394607,[5.059796373394607],17.44542985967354,2.973320585623897,13.445429859673537,1.973320585623897,"[9.285401065870529, 3.2042853278897248, 1.975, 2.980743465913284]",[2.973320585623897],"[8.285401065870529, 2.2042853278897248, 0.9750000000000001, 1.9807434659132839]",[1.973320585623897],"[21.24461811761674, 5.652013661255705, 2.5, 5.078829399777651]"
102,0,217,True,False,,0.0,1,1,,0,1,4.13728702137843,[4.13728702137843],2.6135419383375877,[2.6135419383375877],10.659565954227077,0.0,[],5.15723072214856,0.0,0.0,0.0,[5.15723072214856],[],[0.0],[],[10.659565954227077]
102,0,218,True,True,1.0,3.99,6,6,True,2,8,55.84905791574327,"[13.110002824259414, 8.461044235371636, 2.5, 2.5, 14.357367634854143, 14.920643221258079]",27.78113258713988,"[6.112901101461172, 4.299807251794938, 1.975, 1.975, 6.599373377593116, 6.819050856290651]",57.29809349689591,31.130336570250368,"[20.98172172819232, 10.148614842058048]",28.346256463789405,14.140831262397644,22.346256463789405,12.140831262397644,"[3.9214809242506123, 2.166849290401519, 2.5301973790122116, 7.684880468658193, 7.562650188767097, 4.480198212699771]","[9.182871473995005, 4.957959788402639]","[2.9214809242506123, 1.1668492904015186, 1.5301973790122116, 6.684880468658193, 6.562650188767097, 3.4801982126997713]","[8.182871473995005, 3.957959788402639]","[7.490976728847724, 2.9919212574397913, 3.9235830231082347, 17.140719150405623, 16.82730817632589, 8.923585160768644]"
102,0,219,True,True,1.0,3.99,5,5,True,4,9,35.02218175329858,"[2.5, 6.112971196250048, 4.200145824174206, 9.199727245833072, 13.009337487041254]",18.658650883786446,"[1.975, 3.384058766537519, 2.63805687142794, 4.587893625874898, 6.073641619946089]",58.63398081940687,29.178478458369213,"[5.095344920318829, 8.61617881743954, 8.367277210214251, 7.0996775103965915]",27.867252519568684,15.379606598763992,22.867252519568684,11.379606598763992,"[5.257516819070609, 9.597472612923452, 4.537711250534611, 2.2348046129601147, 6.239747224079895]","[2.9871845189243436, 4.360309738801421, 4.263238111983558, 3.7688742290546706]","[4.257516819070609, 8.597472612923452, 3.5377112505346107, 1.2348046129601147, 5.239747224079895]","[1.9871845189243433, 3.3603097388014205, 3.263238111983558, 2.7688742290546706]","[10.916709792488742, 22.044801571598594, 9.071054488550283, 3.166165674256704, 13.43524929251255]"
102,0,220,True,False,,0.0,1,1,,0,1,4.4596019832983,[4.4596019832983],2.739244773486337,[2.739244773486337],3.0532837833951216,0.0,[],2.1907806755240973,0.0,0.0,0.0,[2.1907806755240973],[],[0.0],[],[3.0532837833951216]
102,0,221,True,False,,0.0,1,1,,0,1,19.59388236193127,[19.59388236193127],8.641614121153196,[8.641614121153196],14.32036793178101,0.0,[],6.5849434933945945,0.0,0.0,0.0,[6.5849434933945945],[],[0.0],[],[14.32036793178101]
102,0,222,True,False,,0.0,1,1,,0,1,8.343046275034549,[8.343046275034549],4.253788047263474,[4.253788047263474],7.452993672791377,0.0,[],3.906667532388637,0.0,0.0,0.0,[3.906667532388637],[],[0.0],[],[7.452993672791377]
102,0,223,True,False,,0.0,1,1,,0,1,20.403867023191392,[20.403867023191392],8.957508139044643,[8.957508139044643],21.889956333197127,0.0,[],9.53708296994688,0.0,0.0,0.0,[9.53708296994688],[],[0.0],[],[21.889956333197127]
102,0,224,True,False,,0.0,2,2,,0,2,13.659783769936237,"[8.399120971635012, 5.260662798301224]",7.327315670275132,"[4.275657178937655, 3.0516584913374776]",7.253944126593318,0.0,[],4.829038209371394,0.0,0.0,0.0,"[2.661138488433817, 2.1678997209375765]",[],"[0.0, 0.0]",[],"[4.259329457522608, 2.99461466907071]"
102,0,225,True,False,,0.0,2,2,,0,2,8.82003865651422,"[3.7838151272652087, 5.0362235292490105]",5.439815076040546,"[2.4756878996334315, 2.964127176407114]",14.669820568840004,0.0,[],7.721230021847601,0.0,0.0,0.0,"[4.570938241712554, 3.1502917801350474]",[],"[0.0, 0.0]",[],"[9.156251901827062, 5.513568667012942]"
102,0,226,True,True,1.0,3.99,7,7,True,4,11,75.6349021003692,"[12.71932478826777, 11.591315201107763, 21.05477841642012, 8.368923574480267, 14.57399151607094, 2.5, 4.826568604022356]",36.49761181914399,"[5.960536667424431, 5.520612928432028, 9.211363582403846, 4.263880194047304, 6.683856691267667, 1.975, 2.882361755568719]",84.5531061115194,43.66146368153496,"[10.32703634817323, 3.814551791947449, 5.599564781236513, 23.92031076017777]",39.975711383492566,21.027970835798637,32.975711383492566,17.027970835798637,"[5.548462934010007, 5.968309401686989, 6.97394942292552, 5.506591705447512, 4.051654132360403, 4.2691233084339455, 7.657620478628189]","[5.02754417578756, 2.487675198859505, 3.18383026468224, 10.32892119646933]","[4.548462934010007, 4.968309401686989, 5.97394942292552, 4.506591705447512, 3.0516541323604027, 3.2691233084339455, 6.657620478628189]","[4.02754417578756, 1.4876751988595052, 2.18383026468224, 9.32892119646933]","[11.66272547182053, 12.739254876120484, 15.317819033142356, 11.555363347301313, 7.824754185539494, 8.382367457522937, 17.07082174007228]"
102,0,227,True,False,,0.0,1,1,,0,1,9.842466744683813,[9.842466744683813],4.838562030426687,[4.838562030426687],2.5,0.0,[],1.975,0.0,0.0,0.0,[1.975],[],[0.0],[],[2.5]
102,0,228,True,True,1.0,3.99,3,3,True,2,5,23.99553722958359,"[5.336627426186, 6.499150052958204, 12.159759750439385]",12.3582595195376,"[3.08128469621254, 3.5346685206536996, 5.74230630267136]",10.987331190763713,32.7474336794062,"[10.697126929271173, 22.05030675013503]",7.285059164397849,14.771499134968419,4.285059164397849,12.771499134968419,"[1.975, 3.3350591643978484, 1.975]","[5.171879502415758, 9.599619632552661]","[0.9750000000000001, 2.3350591643978484, 0.9750000000000001]","[4.171879502415758, 8.599619632552661]","[2.5, 5.9873311907637135, 2.5]"
102,0,229,True,False,,0.0,1,1,,0,1,2.5,[2.5],1.975,[1.975],21.743865922917536,0.0,[],9.480107709937839,0.0,0.0,0.0,[9.480107709937839],[],[0.0],[],[21.743865922917536]
102,0,230,True,True,1.0,3.99,3,7,,2,5,45.682680308105105,"[4.501791911428829, 13.84232437330721, 3.264316323636091, 2.5, 8.355311992345252, 8.808616450337386, 4.4103192570503325]",24.816245320160988,"[2.7556988454572435, 6.398506505589812, 2.273083366218075, 1.975, 4.258571677014649, 4.43536041563158, 2.7200245102496297]",66.17888536048386,8.202302663981282,"[4.941418119386513, 3.26088454459477]",32.8097652905887,5.1988980389527,25.809765290588704,3.1988980389527004,"[2.997282943215457, 7.7443659949739905, 3.6008418358596344, 4.280838953365498, 3.758597980553459, 6.359629388992504, 4.068208193628163]","[2.92715306656074, 2.2717449723919603]","[1.997282943215457, 6.7443659949739905, 2.6008418358596344, 3.2808389533654982, 2.758597980553459, 5.359629388992504, 3.0682081936281627]","[1.9271530665607401, 1.2717449723919603]","[5.121238315937069, 17.29324614095895, 6.668825220152908, 8.412407572732047, 7.073328155265279, 13.742639458955137, 7.867200496482468]"
102,0,231,True,False,,0.0,1,1,,0,1,11.04931575412305,[11.04931575412305],5.309233144107989,[5.309233144107989],8.108884997432545,0.0,[],4.162465148998693,0.0,0.0,0.0,[4.162465148998693],[],[0.0],[],[8.108884997432545]
102,0,232,True,True,1.0,3.99,3,3,True,2,5,34.72284048249483,"[6.2044514100520844, 12.270780452536703, 16.24760861990604]",16.541907788172985,"[3.419736049920313, 5.785604376489315, 7.336567361763356]",17.840287440556143,14.338646434369672,"[5.533427191560231, 8.805219242809441]",9.957712101816895,7.592072109404173,6.957712101816895,5.592072109404173,"[4.491640693040901, 2.9177652260882194, 2.5483061826877744]","[3.1580366047084905, 4.434035504695682]","[3.491640693040902, 1.9177652260882194, 1.5483061826877742]","[2.1580366047084905, 3.4340355046956823]","[8.95292485395103, 4.917346733559537, 3.9700158530455747]"
102,0,233,True,True,1.0,3.99,4,2,,1,5,24.96739455287113,"[7.170606224200239, 17.796788328670893]",11.737283875619742,"[3.7965364274380935, 7.940747448181648]",23.359226911650474,5.253656911401059,[5.253656911401059],11.110098495543685,3.048926195446413,9.110098495543685,2.048926195446413,"[4.197664357770268, 6.912434137773417]",[3.048926195446413],"[3.1976643577702686, 5.912434137773417]",[2.048926195446413],"[8.199139378898124, 15.160087532752351]"
102,0,234,True,True,1.0,3.99,3,4,,0,3,38.149758799827374,"[2.5, 11.13951734393129, 21.186523784562464, 3.323717671333618]",18.878405931932676,"[1.975, 5.344411764133203, 9.262744275979362, 2.296249891820111]",40.75404933967087,0.0,[],19.89407924247164,0.0,15.89407924247164,0.0,"[4.9037208019650524, 4.575591697582629, 4.797868890000181, 5.616897852923777]",[],"[3.9037208019650524, 3.5755916975826296, 3.7978688900001814, 4.616897852923777]",[],"[10.009540517859108, 9.16818383995546, 9.738125358974823, 11.83819962288148]"
102,0,235,True,True,1.0,3.99,6,6,True,1,7,57.434990052514955,"[23.298479118979607, 6.206140290904404, 6.626278216091226, 12.04622390320322, 4.820936921792695, 4.436931601543807]",28.39964612048084,"[10.086406856402046, 3.4203947134527177, 3.5842485042755783, 5.698027322249256, 2.880165399499151, 2.7304033246020847]",58.29839754239795,7.1908030295335745,[7.1908030295335745],28.736375041535204,3.804413181518094,22.736375041535204,2.804413181518094,"[5.000522389249511, 3.933533086952184, 5.228912711141804, 5.184897345714226, 4.677136426326074, 4.711373082151402]",[3.804413181518094],"[4.000522389249511, 2.933533086952184, 4.228912711141804, 4.184897345714226, 3.6771364263260744, 3.711373082151402]",[2.804413181518094],"[10.257749716024387, 7.521879710133804, 10.843365926004626, 10.73050601465186, 9.428554939297626, 9.516341236285646]"
102,0,236,True,True,1.0,3.99,4,4,True,1,5,47.43303929319501,"[5.25572362615641, 20.403118140850054, 7.407719636816122, 14.366477889372423]",22.498885324346055,"[3.049732214201, 8.957216074931521, 3.8890106583582877, 6.602926376855245]",40.56850396519276,13.808297304393397,[13.808297304393397],19.82171654642518,6.385235948713425,15.821716546425177,5.385235948713425,"[2.926304989178007, 5.525691492521704, 3.751934779962798, 7.617785284762668]",[6.385235948713425],"[1.9263049891780069, 4.525691492521704, 2.751934779962798, 6.617785284762668]",[5.385235948713425],"[4.939243561994889, 11.604337160312062, 7.056243025545635, 16.968680217340175]"
102,0,237,True,True,1.0,3.99,3,3,True,1,4,17.98001589793919,"[3.0933090708151756, 4.178191215876942, 10.708515611247073]",10.012206200196285,"[2.2063905376179185, 2.6294945741920075, 5.176321088386358]",26.68771687375183,7.210597072067504,[7.210597072067504],13.408209580763213,3.8121328581063265,10.408209580763213,2.8121328581063265,"[5.474756834119241, 3.136981967369824, 4.7964707792741486]",[3.8121328581063265],"[4.474756834119241, 2.136981967369824, 3.7964707792741486]",[2.8121328581063265],"[11.473735472100618, 5.479440941973907, 9.734540459677303]"
102,0,238,True,False,,0.0,2,2,,0,2,13.053580444424853,"[4.239642159302458, 8.813938285122394]",7.090896373325692,"[2.653460442127959, 4.437435931197733]",25.365497564278165,0.0,[],11.892544050068484,0.0,0.0,0.0,"[6.165408718968365, 5.727135331100119]",[],"[0.0, 0.0]",[],"[13.244637740944526, 12.120859823333639]"
102,0,239,True,True,1.0,3.99,5,5,True,6,11,58.59864595026566,"[6.053393732971248, 7.74534343887425, 13.875934714782534, 15.375445862154377, 15.548528201483249]",27.85347192060361,"[3.360823555858787, 4.020683941160957, 6.411614538765189, 6.9964238862402075, 7.063925998578467]",38.446737891117785,44.42222390028306,"[4.596788505972563, 9.47175061038722, 9.920158875068164, 7.648756851463589, 3.833638512676212, 8.951130544715314]",19.99422777753594,23.324667321110393,14.994227777535936,17.324667321110397,"[3.1062928182124248, 4.904428482641686, 5.142165929705516, 3.3735722747383985, 3.4677682722379104]","[2.7927475173292997, 4.693982738051016, 4.868861961276584, 3.9830151720708, 2.495119019943723, 4.4909409124389725]","[2.1062928182124248, 3.9044284826416864, 4.142165929705516, 2.3735722747383985, 2.4677682722379104]","[1.7927475173292995, 3.693982738051016, 3.8688619612765844, 2.9830151720708, 1.4951190199437228, 3.4909409124389725]","[5.400750815929294, 10.011355083696632, 10.620938281296194, 6.086082755739483, 6.327610954456181]"
102,0,240,True,True,1.0,3.99,3,3,True,2,5,43.1302563340536,"[14.247013453067986, 9.452879868982427, 19.430363012003188]",19.820799970280905,"[6.556335246696515, 4.686623148903147, 8.577841574681244]",37.523520739788594,20.57393444435931,"[13.136319645595233, 7.437614798764079]",17.634173088517553,10.023834433300133,14.634173088517553,8.023834433300133,"[4.367778171684195, 4.744159303490594, 8.522235613342763]","[6.123164661782141, 3.900669771517991]","[3.367778171684195, 3.7441593034905947, 7.5222356133427635]","[5.123164661782141, 2.900669771517991]","[8.635328645344089, 9.600408470488704, 19.287783623955804]"
102,0,241,True,False,,0.0,2,2,,0,2,19.03939677859259,"[11.275079133951643, 7.764317644640947]",9.42536474365111,"[5.397280862241141, 4.0280838814099695]",19.87343783962655,0.0,[],9.750640757454356,0.0,0.0,0.0,"[1.975, 7.775640757454355]",[],"[0.0, 0.0]",[],"[2.5, 17.37343783962655]"
102,0,242,True,True,1.0,3.99,7,7,True,3,10,55.86150055634546,"[8.234054092942854, 3.067001765639227, 5.8815004343783635, 9.426526215917098, 6.734492525513733, 12.521701820125568, 9.996223701828612]",28.785985216974726,"[4.211281096247713, 2.1961306885992986, 3.293785169407562, 4.676345224207669, 3.626452084950356, 5.8834637098489715, 4.898527243713159]",74.35993516893845,50.53538704318268,"[23.239219049128, 23.94934003810029, 3.346827955954396]",36.000374715886,22.708800946841247,29.000374715885997,19.708800946841247,"[9.610048237946893, 1.9931204651644827, 4.263608196304407, 5.301566869951513, 3.0284877965845145, 1.975, 9.828543149934182]","[10.06329542915992, 10.340242614859113, 2.3052629028222142]","[8.610048237946893, 0.9931204651644828, 3.263608196304407, 4.301566869951513, 2.0284877965845145, 0.9750000000000001, 8.828543149934182]","[9.06329542915992, 9.340242614859113, 1.3052629028222145]","[22.077046763966393, 2.5464627311909815, 8.368226144370274, 11.029658640901316, 5.201250760473114, 2.5, 22.637290128036366]"
102,0,243,True,True,1.0,3.99,5,5,True,1,6,63.305756473554396,"[17.193951669163962, 18.30816029549506, 13.411126320152674, 4.36976276440149, 10.022755424341206]",29.68924502468621,"[7.705641150973945, 8.140182515243074, 6.230339264859543, 2.7042074781165812, 4.908874615493071]",43.34051297315062,7.365377635216336,[7.365377635216336],21.902800059528744,3.872497277734371,16.90280005952874,2.872497277734371,"[4.594297719292774, 5.373329603119665, 3.710613578588711, 4.664556399838901, 3.56000275868869]",[3.872497277734371],"[3.594297719292774, 4.373329603119665, 2.710613578588711, 3.664556399838901, 2.56000275868869]",[2.872497277734371],"[9.2161479981866, 11.213665649024783, 6.950291227150541, 9.396298461125387, 6.564109637663307]"
102,0,244,True,False,,0.0,1,1,,0,1,6.540864639218272,[6.540864639218272],3.5509372092951264,[3.5509372092951264],13.209284969205989,0.0,[],6.151621137990336,0.0,0.0,0.0,[6.151621137990336],[],[0.0],[],[13.209284969205989]
102,0,245,True,False,,0.0,2,2,,0,2,20.77240500380919,"[18.27240500380919, 2.5]",10.101237951485585,"[8.126237951485585, 1.975]",25.34093969635887,0.0,[],11.88296648157996,0.0,0.0,0.0,"[5.076730752621693, 6.806235728958265]",[],"[0.0, 0.0]",[],"[10.45315577595306, 14.88778392040581]"
102,0,246,True,False,,0.0,2,2,,0,2,12.774271276661018,"[5.647229041536019, 7.127042235124998]",6.9819657978977965,"[3.2024193261990477, 3.7795464716987492]",17.294825746666028,0.0,[],8.744982041199751,0.0,0.0,0.0,"[4.736570329262474, 4.008411711937277]",[],"[0.0, 0.0]",[],"[9.58094956221147, 7.713876184454556]"
102,0,247,True,False,,0.0,2,2,,0,2,10.175952961912115,"[7.208406084233786, 2.9675468776783283]",5.968621655145725,"[3.8112783728511768, 2.1573432822945477]",19.103112499468164,0.0,[],9.450213874792585,0.0,0.0,0.0,"[2.806141527668704, 6.64407234712388]",[],"[0.0, 0.0]",[],"[4.631132122227446, 14.471980377240719]"
102,0,248,True,False,,0.0,1,1,,0,1,4.712304242039821,[4.712304242039821],2.83779865439553,[2.83779865439553],5.95583638379759,0.0,[],3.32277618968106,0.0,0.0,0.0,[3.32277618968106],[],[0.0],[],[5.95583638379759]
102,0,249,True,False,,0.0,2,2,,0,2,28.063433550172963,"[10.467891225749018, 17.595542324423946]",12.944739084567455,"[5.082477578042117, 7.862261506525339]",11.158560382394475,0.0,[],6.351838549133845,0.0,0.0,0.0,"[2.2199583911821326, 4.131880157951713]",[],"[0.0, 0.0]",[],"[3.1280984389285447, 8.03046194346593]"
102,0,250,True,True,1.0,3.99,3,3,True,1,4,19.847856043842818,"[3.4224579379416014, 6.717924118469455, 9.707473987431761]",10.7406638570987,"[2.334758595797225, 3.619990406203087, 4.785914855098387]",31.77044514573548,3.7175763123126453,[3.7175763123126453],15.390473606836839,2.449854761801932,12.390473606836839,1.4498547618019317,"[4.360882373947325, 6.094166221180444, 4.93542501170907]",[2.449854761801932],"[3.3608823739473244, 5.094166221180444, 3.93542501170907]",[1.4498547618019317],"[8.617647112685447, 13.061964669693445, 10.09083336335659]"
102,0,251,True,False,,0.0,2,2,,0,2,33.50374232686881,"[17.91931299799975, 15.584429328869062]",15.066459507478836,"[7.988532069219903, 7.077927438258934]",9.099185794712586,0.0,[],5.5486824599379085,0.0,0.0,0.0,"[1.975, 3.5736824599379085]",[],"[0.0, 0.0]",[],"[2.5, 6.599185794712586]"
102,0,252,True,False,,0.0,2,2,,0,2,15.516471126755345,"[8.846776658513939, 6.669694468241407]",8.051423739434584,"[4.450242896820436, 3.601180842614149]",11.577809951864054,0.0,[],6.515345881226981,0.0,0.0,0.0,"[3.1845361767557576, 3.3308097044712235]",[],"[0.0, 0.0]",[],"[5.60137481219425, 5.976435139669804]"
102,0,253,True,True,1.0,3.99,3,3,True,1,4,16.008350422595726,"[2.5, 5.453700532099482, 8.054649890496245]",9.243256664812334,"[1.975, 3.126943207518798, 4.141313457293536]",31.110843289797096,16.990402771788094,[16.990402771788094],15.13322888302087,7.626257080997357,12.13322888302087,6.626257080997357,"[4.211469928552921, 6.2079500586367224, 4.713808895831225]",[7.626257080997357],"[3.2114699285529205, 5.2079500586367224, 3.7138088958312254]",[6.626257080997357],"[8.234538278340821, 13.35371809906852, 9.522586912387757]"
102,0,254,True,False,,0.0,1,1,,0,1,10.912994349612958,[10.912994349612958],5.256067796349054,[5.256067796349054],3.545895183656463,0.0,[],2.3828991216260205,0.0,0.0,0.0,[2.3828991216260205],[],[0.0],[],[3.545895183656463]
102,0,255,True,False,,0.0,1,1,,0,1,14.496204548805316,[14.496204548805316],6.6535197740340735,[6.6535197740340735],19.943765950320955,0.0,[],8.778068720625173,0.0,0.0,0.0,[8.778068720625173],[],[0.0],[],[19.943765950320955]
102,0,256,True,True,1.0,3.99,5,5,True,4,9,42.09643351635448,"[6.127409597930991, 4.377026133327489, 16.182446820421813, 7.06765986143715, 8.341891103237039]",21.417609071378248,"[3.389689743193087, 2.707040191997721, 7.311154259964507, 3.7563873459604884, 4.253337530262446]",51.75695178309273,48.766600902829715,"[9.977288382427032, 14.605693204180888, 10.896501728746157, 13.287117587475635]",25.18521119540617,23.018974352103584,20.18521119540617,19.018974352103587,"[5.476061937338087, 3.063663274157164, 7.056123096065857, 5.222983118711688, 4.366379769133372]","[4.891142469146542, 6.696220349630546, 5.249635674211001, 6.181975859115497]","[4.476061937338087, 2.063663274157164, 6.056123096065857, 4.222983118711688, 3.3663797691333723]","[3.8911424691465424, 5.696220349630546, 4.249635674211001, 5.181975859115497]","[11.477081890610478, 5.291444292710677, 15.528520759143223, 10.82816184285048, 8.631742997777877]"
102,0,257,True,False,,0.0,2,2,,0,2,35.94482949647623,"[21.214569539299493, 14.730259957176742]",16.01848350362573,"[9.273682120326802, 6.744801383298929]",33.50562386312034,0.0,[],15.067193306616932,0.0,0.0,0.0,"[9.986021837375231, 5.081171469241701]",[],"[0.0, 0.0]",[],"[23.041081634295466, 10.464542228824874]"
102,0,258,True,False,,0.0,2,2,,0,2,12.099144927943891,"[2.5, 9.599144927943891]",6.718666521898118,"[1.975, 4.743666521898118]",15.153400705449037,0.0,[],7.909826275125125,0.0,0.0,0.0,"[2.5395520190939234, 5.370274256031202]",[],"[0.0, 0.0]",[],"[3.9475692797280084, 11.20583142572103]"
102,0,259,True,False,,0.0,2,2,,0,2,28.96730199155637,"[8.000102788931844, 20.967199202624524]",13.297247776706984,"[4.120040087683419, 9.177207689023565]",24.504406234013956,0.0,[],11.556718431265443,0.0,0.0,0.0,"[5.091184357827561, 6.465534073437882]",[],"[0.0, 0.0]",[],"[10.49021630212195, 14.014189931892005]"
102,0,260,True,True,1.0,3.99,4,4,True,3,7,53.70937974378422,"[12.245876108655734, 16.904191063497503, 14.323818833178061, 10.235493738452922]",24.946658100075844,"[5.775891682375737, 7.592634514764026, 6.586289344939444, 4.991842557996639]",59.43517950064575,36.47760689161299,"[3.3466457158683016, 13.237216260813211, 19.893744914931485]",27.179720005251845,17.22626668772907,23.179720005251845,14.226266687729069,"[10.993150350890815, 6.609679622833358, 3.7896945031459337, 5.787195528381738]","[2.3051918291886375, 6.162514341717152, 8.75856051682328]","[9.993150350890815, 5.609679622833358, 2.7896945031459337, 4.787195528381738]","[1.3051918291886377, 5.162514341717152, 7.758560516823279]","[25.623462438181576, 14.383793904700918, 7.153062828579317, 12.274860329183943]"
102,0,261,True,False,,0.0,1,1,,0,1,7.051011337028934,[7.051011337028934],3.7498944214412844,[3.7498944214412844],3.3200778831739437,0.0,[],2.294830374437838,0.0,0.0,0.0,[2.294830374437838],[],[0.0],[],[3.3200778831739437]
102,0,262,True,False,,0.0,2,2,,0,2,35.50611135587549,"[27.688148243699175, 7.817963112176317]",15.847383428791442,"[11.798377815042679, 4.049005613748763]",21.177986846197356,0.0,[],10.25941487001697,0.0,0.0,0.0,"[7.336796224232367, 2.922618645784602]",[],"[0.0, 0.0]",[],"[16.24819544674966, 4.929791399447698]"
102,0,263,True,False,,0.0,1,1,,0,1,19.982764759881007,[19.982764759881007],8.793278256353593,[8.793278256353593],11.614325828498622,0.0,[],5.529587073114462,0.0,0.0,0.0,[5.529587073114462],[],[0.0],[],[11.614325828498622]
102,0,264,True,True,1.0,3.99,5,5,True,1,6,24.580896843789766,"[7.083331616371119, 3.061338653904432, 9.436226573514213, 2.5, 2.5]",14.586549769078008,"[3.7624993303847365, 2.1939220750227286, 4.680128363670543, 1.975, 1.975]",82.75768577578968,3.8019513858498195,[3.8019513858498195],37.27549745255798,2.4827610404814298,32.27549745255798,1.4827610404814298,"[9.544298693972516, 4.144980264182678, 10.841957308466958, 5.491596495001474, 7.252664690934351]",[2.4827610404814298],"[8.544298693972516, 3.1449802641826774, 9.841957308466958, 4.491596495001474, 6.252664690934351]",[1.4827610404814298],"[21.908458189673116, 8.064051959442763, 25.235787970428095, 11.516914089747369, 16.032473566498336]"
102,0,265,True,True,1.0,3.99,4,4,True,5,9,54.333669059979755,"[10.865769238429639, 11.822691893139526, 16.04328099743685, 15.601926930973745]",25.19013093339211,"[5.237650002987559, 5.610849838324415, 7.256879589000372, 7.084751503079761]",34.25730175864929,51.45257964491278,"[8.140090571225725, 17.840655029326, 11.070849995757811, 9.065268446316626, 5.33571560228662]",17.360347685873222,25.066506061515984,13.360347685873222,20.066506061515987,"[7.329276955632003, 2.2871659117417407, 3.255524413937912, 4.488380404561568]","[4.174635322778033, 7.95785546143714, 5.317631498345547, 4.535454694063484, 3.080929084891782]","[6.329276955632003, 1.2871659117417404, 2.255524413937912, 3.4883804045615676]","[3.174635322778033, 6.95785546143714, 4.317631498345547, 3.535454694063484, 2.080929084891782]","[16.22891527085129, 3.3004254147224112, 5.783395933174133, 8.944565139901455]"
102,0,266,True,True,1.0,3.99,3,3,True,2,5,15.150580330168232,"[6.038187363274717, 4.319751864477148, 4.792641102416369]",8.90872632876561,"[3.3548930716771395, 2.6847032271460876, 2.869130029942384]",32.327539873418445,16.308941981443883,"[13.511832151955229, 2.7971098294886554]",15.607740550633196,8.360487372763115,12.607740550633196,6.3604873727631155,"[3.657538226832924, 4.111075459532044, 7.839126864268226]","[6.269614539262539, 2.0908728335005757]","[2.657538226832924, 3.111075459532044, 6.839126864268226]","[5.269614539262539, 1.0908728335005757]","[6.814200581622882, 7.977116562902677, 17.536222728892888]"
102,0,267,True,True,1.0,3.99,3,3,True,0,3,38.612702502660674,"[18.179650891517024, 12.160272092742822, 8.272779518400826]",18.05895397603766,"[8.090063847691638, 5.742506116169701, 4.226384012176322]",25.63227526508942,0.0,[],12.996587353384873,0.0,9.996587353384873,0.0,"[4.361746977288009, 4.726514076328632, 3.9083262997682318]",[],"[3.361746977288009, 3.7265140763286326, 2.9083262997682318]",[],"[8.619864044328228, 9.555164298278545, 7.457246922482645]"
102,0,268,True,True,1.0,3.99,6,3,,2,8,20.908945637247196,"[12.281262475340663, 3.1437882910821515, 5.483894870824382]",11.154488798526408,"[5.789692365382859, 2.2260774335220392, 3.138718999621509]",56.39079539418219,15.181119180740593,"[4.949443013655912, 10.23167616708468]",24.992410203731055,7.920636480488831,21.992410203731055,5.920636480488831,"[4.053043572794386, 15.175525497396489, 5.76384113354018]","[2.930282775325806, 4.990353705163026]","[3.053043572794386, 14.175525497396489, 4.76384113354018]","[1.9302827753258058, 3.9903537051630256]","[7.828316853318938, 36.34750127537561, 12.21497726548764]"
102,0,269,True,False,,0.0,1,1,,0,1,2.5,[2.5],1.975,[1.975],8.615154790626532,0.0,[],4.359910368344348,0.0,0.0,0.0,[4.359910368344348],[],[0.0],[],[8.615154790626532]
102,0,270,True,True,1.0,3.99,3,3,True,3,6,33.797648945760386,"[5.691882689596056, 15.131260270363322, 12.974505985801006]",16.18108308884655,"[3.219834248942462, 6.9011915054416955, 6.0600573344623925]",21.313479361169332,37.665427984187474,"[10.09522280411695, 13.867178057833339, 13.703027122237183]",11.31225695085604,17.689516913833117,8.31225695085604,14.689516913833115,"[3.879738338242448, 3.053469539956535, 4.3790490726570575]","[4.9371368936056115, 6.408199442555002, 6.3441805776725015]","[2.879738338242448, 2.053469539956535, 3.379049072657057]","[3.937136893605611, 5.408199442555002, 5.3441805776725015]","[7.383944457031918, 5.2653065127090635, 8.66422839142835]"
102,0,271,True,False,,0.0,1,1,,0,1,11.00782414570133,[11.00782414570133],5.293051416823519,[5.293051416823519],6.90303510066569,0.0,[],3.692183689259619,0.0,0.0,0.0,[3.692183689259619],[],[0.0],[],[6.90303510066569]
102,0,272,True,False,,0.0,2,2,,0,2,17.78062360316888,"[4.521023132006833, 13.259600471162049]",8.934443205235864,"[2.7631990214826647, 6.171244183753199]",19.41140131065255,0.0,[],9.570446511154493,0.0,0.0,0.0,"[6.1123592935819255, 3.4580872175725688]",[],"[0.0, 0.0]",[],"[13.108613573286988, 6.302787737365561]"
102,0,273,True,True,1.0,3.99,4,4,True,1,5,55.6374176665413,"[7.4163163394454195, 5.8393961879461935, 18.5784061524751, 23.80329898667459]",25.698592889951108,"[3.8923633723837137, 3.2773645132990157, 8.24557839946529, 10.283286604803092]",25.206147962546282,9.946935799598332,[9.946935799598332],13.83039770539305,4.879304961843349,9.83039770539305,3.8793049618433497,"[2.2623705606614717, 5.629472185148315, 2.758360022037209, 3.180194937546055]",[4.879304961843349],"[1.2623705606614717, 4.629472185148315, 1.758360022037209, 2.180194937546055]",[3.8793049618433497],"[3.2368475914396706, 11.870441500380295, 4.508615441121049, 5.59024342960527]"
102,0,274,True,True,1.0,3.99,5,5,True,0,5,47.1202351315662,"[10.775045348675427, 14.990297311290073, 5.430056244318213, 4.491771007453665, 11.43306521982882]",23.376891701310818,"[5.202267685983417, 6.846215951403129, 3.117721935284103, 2.75179069290693, 5.45889543573324]",47.2117466719727,0.0,[],23.412581202069354,0.0,18.412581202069354,0.0,"[8.968272981467765, 4.9567784995108575, 2.5493661330585686, 4.110674658386105, 2.8274889296460572]",[],"[7.968272981467765, 3.956778499510857, 1.5493661330585686, 3.110674658386105, 1.8274889296460572]",[],"[20.431469183250677, 10.145585896181684, 3.97273367450915, 7.97608886765668, 4.685869050374506]"
102,0,275,True,True,1.0,3.99,3,2,,2,5,19.480981455412888,"[9.589681125701743, 9.891300329711143]",9.597582767611026,"[4.73997563902368, 4.857607128587346]",14.470697432665771,21.570429720371123,"[16.76657507819717, 4.803854642173952]",7.643571998739651,10.412467590944738,5.643571998739651,8.412467590944738,"[2.9803994020621527, 4.663172596677498]","[7.538964280496897, 2.873503310447841]","[1.9803994020621527, 3.6631725966774984]","[6.538964280496897, 1.8735033104478411]","[5.07794718477475, 9.392750247891021]"
102,0,276,True,True,1.0,3.99,4,4,True,3,7,54.834868317943894,"[10.53852421550084, 23.24015092143273, 17.724667477974506, 3.331525703035817]",25.38559864399812,"[5.110024444045328, 10.063658859358764, 7.912620316410058, 2.2992950241839685]",41.22180342616075,35.42038902137185,"[10.786043623593295, 17.36418862136405, 7.270156776414504]",20.07650333620269,16.81395171833502,16.07650333620269,13.813951718335021,"[3.766293613469244, 5.358681016515144, 3.9435426300047585, 7.0079860762135455]","[5.206557013201385, 7.77203356233198, 3.835361142801657]","[2.766293613469244, 4.358681016515144, 2.9435426300047585, 6.0079860762135455]","[4.206557013201385, 6.77203356233198, 2.835361142801657]","[7.093060547357036, 11.17610517055165, 7.5475452051404055, 15.405092503111655]"
102,0,277,True,False,,0.0,1,1,,0,1,7.572794717652684,[7.572794717652684],3.9533899398845467,[3.9533899398845467],2.7901060737821672,0.0,[],2.0881413687750454,0.0,0.0,0.0,[2.0881413687750454],[],[0.0],[],[2.7901060737821672]
102,0,278,True,True,1.0,3.99,3,3,True,1,4,23.2136281205297,"[2.5, 4.789338390044498, 15.924289730485203]",12.053314967006582,"[1.975, 2.867841972117354, 7.210472994889229]",20.816883160016463,22.26228484946327,[22.26228484946327],11.118584432406418,9.682291091290676,8.118584432406418,8.682291091290676,"[5.273671791608832, 3.209272057902347, 2.635640582895241]",[9.682291091290676],"[4.273671791608832, 2.209272057902347, 1.635640582895241]",[8.682291091290676],"[10.958132798997005, 5.664800148467556, 4.1939502125519]"
102,0,279,True,True,1.0,3.99,5,5,True,1,6,63.92450289138836,"[8.553007305064723, 12.477777115711556, 28.894536997998497, 4.58482324876245, 9.414358223851135]",29.930556127641463,"[4.335672848975242, 5.866333075127507, 12.268869429219414, 2.7880810670173553, 4.671599707301943]",38.333595074307986,3.318241923904362,[3.318241923904362],19.950102078980112,2.294114350322701,14.950102078980114,1.2941143503227013,"[1.975, 7.520060607630142, 2.173570699400379, 4.879588340527842, 3.401882431421751]",[2.294114350322701],"[0.9750000000000001, 6.520060607630142, 1.1735706994003794, 3.879588340527843, 2.401882431421751]",[1.2941143503227013],"[2.5, 16.71810412212857, 3.0091556394881525, 9.947662411609853, 6.158672901081412]"
102,0,280,True,False,,0.0,2,2,,0,2,31.499332958373913,"[23.811111514961155, 7.688221443412758]",14.284739853765826,"[10.286333490834851, 3.9984063629309756]",26.958167409346242,0.0,[],12.513685289645036,0.0,0.0,0.0,"[3.5424394471119696, 8.971245842533065]",[],"[0.0, 0.0]",[],"[6.519075505415306, 20.439091903930937]"
102,0,281,True,True,1.0,3.99,3,1,,1,4,10.617485195270639,[10.617485195270639],5.140819226155549,[5.140819226155549],14.36224641825329,1.9539982864642178,[1.9539982864642178],6.601276103118783,1.7620593317210451,5.601276103118783,0.762059331721045,[6.601276103118783],[1.7620593317210451],[5.601276103118783],[0.762059331721045],[14.36224641825329]
102,0,282,True,True,1.0,3.99,3,3,True,1,4,32.474088214339524,"[11.905943813305143, 4.363789333439239, 16.20435506759514]",15.664894403592413,"[5.643318087189006, 2.701877840041303, 7.319698476362105]",32.00799263044585,1.5988798568489502,[1.5988798568489502],15.483117125873882,1.6235631441710905,12.483117125873882,0.6235631441710906,"[6.2722228079293725, 5.651839265318686, 3.5590550526258227]",[1.6235631441710905],"[5.2722228079293725, 4.651839265318686, 2.5590550526258227]",[0.6235631441710906],"[13.518520020331724, 11.92779298799663, 6.561679622117494]"
102,0,283,True,True,1.0,3.99,6,6,True,1,7,49.33272086671249,"[8.86841421945744, 2.5, 7.694550034648469, 11.431064886954871, 14.741602074014617, 4.097089651637094]",25.239761138017872,"[4.4586815455884015, 1.975, 4.000874513512903, 5.4581153059124, 6.7492248088657005, 2.597864964138467]",53.6598535635946,5.289181015421922,[5.289181015421922],26.927342889801896,3.0627805960145493,20.9273428898019,2.0627805960145493,"[3.673296305624059, 3.1154772050559734, 5.763357388946467, 4.971814197086453, 4.687433251955765, 4.715964541133179]",[3.0627805960145493],"[2.673296305624059, 2.1154772050559734, 4.763357388946467, 3.971814197086453, 3.6874332519557655, 3.7159645411331783]",[2.0627805960145493],"[6.854605911856561, 5.424300525784547, 12.21373689473453, 10.18413896688834, 9.454957056296834, 9.52811420803379]"
102,0,284,True,False,,0.0,1,1,,0,1,16.64154462613468,[16.64154462613468],7.490202404192526,[7.490202404192526],7.828238526985416,0.0,[],4.053013025524312,0.0,0.0,0.0,[4.053013025524312],[],[0.0],[],[7.828238526985416]
102,0,285,True,False,,0.0,1,1,,0,1,6.646838929181022,[6.646838929181022],3.5922671823805987,[3.5922671823805987],2.688548769541742,0.0,[],2.0485340201212794,0.0,0.0,0.0,[2.0485340201212794],[],[0.0],[],[2.688548769541742]
102,0,286,True,True,1.0,3.99,3,3,True,2,5,30.573724905113785,"[17.069946934140876, 7.106741839624181, 6.397036131348727]",14.923752712994377,"[7.657279304314942, 3.771629317453431, 3.4948440912260037]",33.665954675872584,36.65144805831379,"[11.497124587009083, 25.154323471304707]",16.129722323590308,16.29406474274238,13.129722323590308,14.294064742742378,"[3.0081003020457033, 7.588975840817242, 5.532646180727362]","[5.483878588933543, 10.810186153808836]","[2.0081003020457033, 6.588975840817242, 4.532646180727362]","[4.483878588933543, 9.810186153808836]","[5.148975133450521, 16.894809848249338, 11.622169694172722]"
102,0,287,True,True,1.0,3.99,5,5,True,2,7,37.49221736653589,"[3.1964236985103884, 13.386509256200558, 5.201350365860304, 10.65323739840484, 5.0546966475598]",19.621964772948996,"[2.2466052424190517, 6.220738609918218, 3.028526642685519, 5.154762585377888, 2.971331692548322]",31.513648446756136,11.640148111841398,"[7.799520812775874, 3.8406272990655235]",17.290322894234894,6.539657763618145,12.290322894234892,4.539657763618145,"[3.685431708792897, 5.250557363055176, 2.7007256593530937, 2.721649852864294, 2.931958310169432]","[4.041813116982591, 2.497844646635554]","[2.685431708792897, 4.250557363055176, 1.7007256593530937, 1.7216498528642938, 1.931958310169432]","[3.041813116982591, 1.4978446466355542]","[6.885722330238197, 10.89886503347481, 4.3608350239822915, 4.414486802216138, 4.953739256844697]"
102,0,288,True,False,,0.0,2,2,,0,2,7.619708656394263,"[4.017473573938309, 3.602235082455954]",4.971686375993762,"[2.5668146938359406, 2.4048716821578218]",44.50978048452765,0.0,[],19.358814388965786,0.0,0.0,0.0,"[9.50968224433193, 9.849132144633856]",[],"[0.0, 0.0]",[],"[21.819698062389563, 22.69008242213809]"
102,0,289,True,False,,0.0,2,2,,0,2,12.676640576753885,"[3.385757001494941, 9.290883575258944]",6.943889824934015,"[2.3204452305830268, 4.623444594350988]",30.290488735209017,0.0,[],13.813290606731517,0.0,0.0,0.0,"[7.232886081836765, 6.580404524894752]",[],"[0.0, 0.0]",[],"[15.981759184196832, 14.308729551012185]"
102,0,290,True,True,1.0,3.99,5,5,True,3,8,49.731369216061715,"[7.4997949444246235, 6.613177701315073, 22.60360159361025, 10.51479497671177, 2.5]",24.395233994264068,"[3.9249200283256034, 3.5791393035128785, 9.815404621507998, 5.10077004091759, 1.975]",64.94632092866244,27.16828290708002,"[9.520880054110172, 14.211853191945133, 3.435549661024715]",30.329065162178352,13.595630333761207,25.329065162178356,10.595630333761207,"[5.06950623779443, 7.769169543374076, 6.22955509640016, 6.784357802613731, 4.476476481995958]","[4.713143221102968, 6.542622744858602, 2.339864367799639]","[4.06950623779443, 6.769169543374076, 5.22955509640016, 5.784357802613731, 3.476476481995958]","[3.713143221102967, 5.542622744858602, 1.339864367799639]","[10.434631378960077, 17.35684498301045, 13.409115631795283, 14.83168667336854, 8.914042261528097]"
102,0,291,True,True,1.0,3.99,6,6,True,2,8,62.23015121231116,"[12.725403672840805, 14.479216101423038, 4.659783428726328, 12.501693460683722, 3.086847234683515, 14.777207313953753]",30.26975897280135,"[5.962907432407914, 6.646894279554985, 2.8173155372032683, 5.875660449666651, 2.203870421526571, 6.763110852441963]",33.564506601548246,25.40176930579284,"[4.231807879008201, 21.16996142678464]",19.090157574603815,11.906690029259208,13.090157574603815,9.906690029259208,"[1.975, 1.975, 3.0115902569236632, 1.975, 3.721964002257024, 6.431603315423128]","[2.6504050728131983, 9.25628495644601]","[0.9750000000000001, 0.9750000000000001, 2.0115902569236632, 0.9750000000000001, 2.721964002257024, 5.431603315423128]","[1.6504050728131985, 8.25628495644601]","[2.5, 2.5, 5.157923735701701, 2.5, 6.979394877582113, 13.92718798826443]"
102,0,292,True,True,1.0,3.99,3,3,True,4,7,29.262009625138347,"[10.514411200753065, 10.930207562062591, 7.817390862322688]",14.412183753803955,"[5.100620368293695, 5.26278094920441, 4.048782436305848]",40.92083397020537,43.91833625937312,"[13.850183607972898, 9.682866778733379, 4.384149327206493, 16.001136545460348]",18.959125248380094,21.128151141155517,15.959125248380097,17.128151141155517,"[7.140764311227767, 4.901488012324581, 6.916872924827747]","[6.401571607109431, 4.776318043706018, 2.7098182376105324, 7.240443252729536]","[6.140764311227767, 3.9014880123245814, 5.916872924827747]","[5.401571607109431, 3.7763180437060178, 1.7098182376105322, 6.240443252729536]","[15.745549515968632, 10.003815416216876, 15.171469038019865]"
102,0,293,True,True,1.0,3.99,4,2,,1,5,17.91344158138361,"[5.692042247660227, 12.221399333723383]",8.986242216739608,"[3.219896476587489, 5.766345740152119]",14.037904944928632,2.7646749823277985,[2.7646749823277985],7.474782928522167,2.078223243107842,5.474782928522167,1.0782232431078416,"[3.6863758399074777, 3.788407088614689]",[2.078223243107842],"[2.6863758399074777, 2.788407088614689]",[1.0782232431078416],"[6.888143179249943, 7.149761765678689]"
102,0,294,True,True,1.0,3.99,5,5,True,2,7,42.109775907384275,"[12.909709446936867, 6.898153590235144, 11.246176979624122, 7.776946195934257, 3.2787896946538844]",21.42281260387987,"[6.034786684305378, 3.6902799001917064, 5.386009022053408, 4.03300901641436, 2.278727980915015]",49.08266111550978,15.816340989307553,"[7.1891978521743205, 8.627143137133233]",24.142237835048814,8.168372985829945,19.142237835048814,6.168372985829945,"[6.314530237601935, 2.264098509922782, 4.499620794065308, 4.657734512048165, 6.406253781410624]","[3.803787162347985, 4.364585823481961]","[5.314530237601935, 1.2640985099227817, 3.499620794065308, 3.6577345120481652, 5.406253781410624]","[2.803787162347985, 3.364585823481961]","[13.62700060923573, 3.241278230571235, 8.973386651449507, 9.378806441149141, 13.862189183104162]"
102,0,295,True,True,1.0,3.99,5,5,True,2,7,35.16846881732406,"[7.93901748464609, 2.5, 6.490789630388797, 15.641627160019784, 2.597034542269393]",18.715702838756386,"[4.096216819011975, 1.975, 3.531407955851631, 7.100234592407716, 2.012843471485063]",30.999718298321117,7.554198836841651,"[3.013954395040823, 4.540244441800827]",17.089890136345236,4.946137546368243,12.089890136345236,2.9461375463682438,"[4.275466102126835, 4.789738429417398, 1.975, 2.6745188628094354, 3.3751667419915674]","[2.175442214065921, 2.7706953323023225]","[3.2754661021268348, 3.7897384294173984, 0.9750000000000001, 1.6745188628094354, 2.3751667419915674]","[1.175442214065921, 1.7706953323023227]","[8.398631031094448, 9.717278024147175, 2.5, 4.293638109767783, 6.090171133311711]"
102,0,296,True,True,1.0,3.99,4,4,True,4,8,20.976214332930013,"[4.249172978897295, 7.424464325422945, 4.818770455039392, 4.48380657357038]",12.180723589842705,"[2.6571774617699453, 3.8955410869149487, 2.879320477465363, 2.748684563692448]",24.082122505496447,29.146316407638206,"[6.243620662270322, 8.67317398371202, 9.372307146571632, 4.8572146150842315]",13.392027777143614,15.367063398978903,9.392027777143614,11.367063398978901,"[3.5650553166573653, 3.376009224901525, 2.754810125654535, 3.6961531099301888]","[3.4350120582854258, 4.382537853647689, 4.655199787162937, 2.8943136998828503]","[2.5650553166573653, 2.376009224901525, 1.7548101256545352, 2.6961531099301888]","[2.4350120582854258, 3.382537853647688, 3.6551997871629367, 1.8943136998828503]","[6.577064914506065, 6.092331345901346, 4.499513142703936, 6.913213102385099]"
102,0,297,True,False,,0.0,1,1,,0,1,4.685304517191975,[4.685304517191975],2.82726876170487,[2.82726876170487],11.852251136557285,0.0,[],5.622377943257342,0.0,0.0,0.0,[5.622377943257342],[],[0.0],[],[11.852251136557285]
102,0,298,True,True,1.0,3.99,6,6,True,2,8,58.96573609926102,"[10.06758418304886, 7.255094266282909, 6.844835974892527, 10.043330614298817, 8.640522259288373, 16.11436880144954]",28.9966370787118,"[4.926357831389055, 3.8294867638503347, 3.669486030208086, 4.916898939576539, 4.369803681122466, 7.284603832565321]",68.77356467547521,21.375944923953206,"[5.590469269337523, 15.785475654615684]",32.82169022343533,10.336618520341752,26.821690223435333,8.336618520341752,"[2.6571579683926703, 7.664629518015123, 6.510670781598555, 8.728694786121338, 3.5075277495064507, 3.7530094198011956]","[3.180283015041634, 7.156335505300117]","[1.6571579683926703, 6.664629518015123, 5.510670781598555, 7.728694786121337, 2.5075277495064507, 2.7530094198011956]","[2.180283015041634, 6.156335505300117]","[4.249122995878642, 17.088793635936213, 14.129925081021936, 19.817166118259838, 6.429558332067822, 7.058998512310758]"
102,0,299,True,True,1.0,3.99,3,3,True,2,5,21.9287996154005,"[8.82890370818554, 9.33761503097081, 3.7622808762441466]",11.552231850006196,"[4.443272446192362, 4.641669862078616, 2.467289541735217]",46.76867151837346,25.595331234751306,"[9.379293762412301, 16.216037472339004]",21.23978189216565,11.98217918155301,18.23978189216565,9.98217918155301,"[3.49047408844916, 11.224456815642492, 6.524850988073997]","[4.657924567340798, 7.324254614212212]","[2.49047408844916, 10.224456815642492, 5.524850988073997]","[3.6579245673407974, 6.324254614212212]","[6.385830996023486, 26.21655593754485, 14.166284584805119]"
102,0,300,True,True,1.0,3.99,5,5,True,1,6,33.655701505444654,"[4.106480215281889, 6.672197789781636, 3.5859046670532653, 8.702886683996242, 10.588232149331624]",18.125723587123417,"[2.6015272839599364, 3.6021571380148383, 2.3985028201507737, 4.3941258067585345, 5.129410538239333]",49.628541164469254,12.47703942177103,[12.47703942177103],24.35513105414301,5.866045374490702,19.35513105414301,4.866045374490702,"[6.610768734496092, 5.990592585997084, 2.9055406874262464, 3.452522174052221, 5.395706872171365]",[5.866045374490702],"[5.610768734496092, 4.990592585997084, 1.9055406874262464, 2.452522174052221, 4.395706872171365]",[4.866045374490702],"[14.386586498707928, 12.796391246146369, 4.886001762631401, 6.288518395005695, 11.271043261977859]"
102,0,301,True,False,,0.0,2,2,,0,2,16.267099750138616,"[2.5, 13.767099750138616]",8.34416890255406,"[1.975, 6.36916890255406]",12.76597824103476,0.0,[],6.978731514003556,0.0,0.0,0.0,"[2.968482032924646, 4.01024948107891]",[],"[0.0, 0.0]",[],"[5.047389828011913, 7.7185884130228475]"
102,0,302,True,True,1.0,3.99,6,2,,1,7,7.7326631371203085,"[4.137978651864702, 3.5946844852556064]",5.015738623476921,"[2.613811674227234, 2.4019269492496864]",24.19578564717074,5.311123360268555,[5.311123360268555],11.43635640239659,3.0713381105047364,9.436356402396589,2.0713381105047364,"[4.7108931004440855, 6.725463301952504]",[3.0713381105047364],"[3.710893100444085, 5.725463301952504]",[2.0713381105047364],"[9.515110513959192, 14.68067513321155]"
102,0,303,True,True,1.0,3.99,5,5,True,1,6,42.04220807770615,"[7.980919002226973, 13.738919135551164, 4.389458196197169, 5.617804882929844, 10.315106860801002]",21.3964611503054,"[4.11255841086852, 6.358178462864954, 2.711888696516896, 3.1909439043426393, 5.022891675712391]",39.50177677777165,15.031920913635183,[15.031920913635183],20.405692943330948,6.862449156317721,15.405692943330946,5.862449156317721,"[1.9995519654727612, 3.0856241374991353, 7.476468623004475, 4.078657836079941, 3.7653903812746337]",[6.862449156317721],"[0.9995519654727613, 2.0856241374991353, 6.476468623004475, 3.0786578360799406, 2.7653903812746337]",[5.862449156317721],"[2.5629537576224646, 5.347754198715731, 16.606329802575576, 7.893994451487027, 7.090744567370855]"
102,0,304,True,False,,0.0,1,1,,0,1,9.004751623158741,[9.004751623158741],4.511853133031909,[4.511853133031909],9.71232117630003,0.0,[],4.787805258757012,0.0,0.0,0.0,[4.787805258757012],[],[0.0],[],[9.71232117630003]
102,0,305,True,False,,0.0,1,1,,0,1,9.478095639822925,[9.478095639822925],4.696457299530941,[4.696457299530941],7.73142139846151,0.0,[],4.015254345399989,0.0,0.0,0.0,[4.015254345399989],[],[0.0],[],[7.73142139846151]
102,0,306,True,False,,0.0,2,2,,0,2,21.646605342734482,"[11.347657969293255, 10.298947373441226]",10.442176083666448,"[5.4255866080243695, 5.016589475642078]",22.378927428652208,0.0,[],10.727781697174361,0.0,0.0,0.0,"[4.685274718198283, 6.042506978976078]",[],"[0.0, 0.0]",[],"[9.449422354354573, 12.929505074297635]"
102,0,307,True,True,1.0,3.99,6,6,True,0,6,48.59051020493017,"[19.652044615262827, 2.97186680196018, 11.364636517293826, 6.805272362256019, 2.5, 5.296689908157318]",24.95029897992277,"[8.664297399952503, 2.1590280527644703, 5.4322082417445925, 3.6540562212798475, 1.975, 3.065709064181354]",60.73639394187859,0.0,[],29.68719363733265,0.0,23.68719363733265,0.0,"[6.215998256304402, 4.036167599895974, 4.197496261725929, 4.488538850006879, 5.275901250340369, 5.473091419059098]",[],"[5.215998256304402, 3.036167599895973, 3.1974962617259286, 3.4885388500068797, 4.275901250340369, 4.473091419059098]",[],"[13.37435450334462, 7.7850451279383925, 8.198708363399817, 8.94497141027405, 10.9638493598471, 11.469465177074609]"
102,0,308,True,False,,0.0,1,1,,0,1,3.823883841212103,[3.823883841212103],2.4913146980727205,[2.4913146980727205],7.324132325513574,0.0,[],3.856411606950294,0.0,0.0,0.0,[3.856411606950294],[],[0.0],[],[7.324132325513574]
102,0,309,True,True,1.0,3.99,6,6,True,5,11,53.6076777254919,"[3.6538156152881145, 4.741649901224665, 14.132045598671679, 4.381459182535413, 16.097677834813826, 10.601029592958197]",26.90699431294184,"[2.4249880899623646, 2.8492434614776196, 6.511497783481955, 2.7087690811888114, 7.278094355577393, 5.1344015412536965]",42.396009989040984,52.2162566754486,"[13.281304015448631, 9.238114596832931, 8.875238809400148, 4.267221680540133, 16.554377573226752]",22.534443895725985,25.36434010342495,16.534443895725985,20.36434010342495,"[1.975, 3.3048332624329313, 3.1581773581820296, 4.431418641790449, 5.315296259267129, 4.349718374053447]","[6.179708566024966, 4.602864692764843, 4.461343135666057, 2.664216455410652, 7.456207253558434]","[0.9750000000000001, 2.3048332624329313, 2.1581773581820296, 3.4314186417904486, 4.315296259267129, 3.3497183740534466]","[5.179708566024966, 3.602864692764843, 3.461343135666058, 1.6642164554106518, 6.456207253558434]","[2.5, 5.9098288780331565, 5.533788097902639, 8.798509337924227, 11.064862203249048, 8.589021471931915]"
102,0,310,True,True,1.0,3.99,3,3,True,1,4,24.433226560486027,"[7.806485369934264, 7.491551144203392, 9.13519004634837]",12.52895835858955,"[4.044529294274363, 3.921704946239323, 4.562724118075865]",31.746752491614615,11.776815972078927,[11.776815972078927],15.381233471729697,5.592958229110781,12.381233471729697,4.592958229110781,"[4.074935585298071, 7.171434808465709, 4.134863077965918]",[5.592958229110781],"[3.0749355852980713, 6.171434808465709, 3.1348630779659183]",[4.592958229110781],"[7.884450218713003, 15.824191816578741, 8.038110456322867]"
102,0,311,True,True,1.0,3.99,4,4,True,4,8,22.790956986855836,"[5.758428283251631, 5.318553611658501, 5.6593412753126975, 6.054633816633005]",12.888473224873776,"[3.2457870304681364, 3.0742359085468154, 3.207143097371952, 3.361307188486872]",43.85335932027955,39.41213593095019,"[5.999696129071427, 8.13432675759361, 10.170147846802962, 15.107965197482192]",21.102810134909024,19.370733013070577,17.102810134909024,15.370733013070577,"[4.168012588625995, 5.547550760168247, 5.249323178118824, 6.137923607995958]","[3.3398814903378566, 4.172387435461508, 4.966357660253156, 6.892106427018056]","[3.1680125886259956, 4.547550760168247, 4.249323178118824, 5.137923607995958]","[2.3398814903378566, 3.1723874354615083, 3.966357660253155, 5.892106427018056]","[8.123109201605116, 11.660386564533965, 10.895700456714932, 13.174163097425534]"
102,0,312,True,False,,0.0,1,1,,0,1,4.076261680994783,[4.076261680994783],2.5897420555879656,[2.5897420555879656],8.741939793081611,0.0,[],4.409356519301829,0.0,0.0,0.0,[4.409356519301829],[],[0.0],[],[8.741939793081611]
102,0,313,True,True,1.0,3.99,5,5,True,2,7,56.17653664708593,"[13.904062417226363, 20.58617081893821, 2.5, 4.764468306887169, 14.421835104034194]",26.908849292363517,"[6.422584342718282, 9.028606619385902, 1.975, 2.8581426396859957, 6.624515690573336]",36.82282961525856,9.424367243677253,"[4.317238331797526, 5.107128911879728]",19.36090354995084,5.675503225034129,14.36090354995084,3.675503225034129,"[4.933586180083575, 5.751022909508873, 1.975, 1.975, 4.726294460358392]","[2.6837229494010355, 2.9917802756330936]","[3.9335861800835747, 4.751022909508873, 0.9750000000000001, 0.9750000000000001, 3.7262944603583916]","[1.6837229494010353, 1.9917802756330938]","[10.086118410470704, 12.182110024381727, 2.5, 2.5, 9.554601180406133]"
102,0,314,True,True,1.0,3.99,5,5,True,2,7,40.86491919888298,"[18.506722323769694, 2.9500381921129466, 4.952701959604685, 3.7169120336774086, 10.738544689718248]",20.93731848756436,"[8.21762170627018, 2.150514894924049, 2.931553764245827, 2.4495956931341896, 5.188032428990117]",47.074615262572046,23.287851992418553,"[4.382741054659315, 18.905110937759236]",23.3590999524031,11.082262277043235,18.3590999524031,9.082262277043235,"[4.973564201824495, 2.2038409023482775, 4.255406196703068, 4.8938124477021425, 7.032476203825115]","[2.709269011317133, 8.372993265726102]","[3.9735642018244954, 1.2038409023482777, 3.255406196703068, 3.8938124477021425, 6.032476203825115]","[1.7092690113171327, 7.372993265726103]","[10.188626158524347, 3.086771544482763, 8.347195376161713, 9.984134481287544, 15.467887702115679]"
102,0,315,True,True,1.0,3.99,3,3,True,1,4,21.70166088322712,"[7.231314759530955, 7.317311635594379, 7.153034488101787]",11.463647744458576,"[3.8202127562170727, 3.853751537881808, 3.7896834503596972]",30.68190921535423,12.15679003280562,[12.15679003280562],14.965944593988151,5.741148112794193,11.965944593988151,4.741148112794193,"[7.686909926543315, 3.7372396621928123, 3.541795005252023]",[5.741148112794193],"[6.686909926543315, 2.7372396621928123, 2.541795005252023]",[4.741148112794193],"[17.145922888572603, 7.018563236391826, 6.517423090389802]"
102,0,316,True,True,1.0,3.99,3,3,True,0,3,25.14846953338198,"[13.899526471348294, 6.401653852280146, 4.847289209753542]",12.807903118018974,"[6.420815323825835, 3.496645002389257, 2.8904427918038813]",28.74409603219609,0.0,[],14.210197452556477,0.0,11.210197452556477,0.0,"[3.665628184776446, 4.929796596316407, 5.614772671463623]",[],"[2.665628184776446, 3.9297965963164074, 4.614772671463623]",[],"[6.834944063529348, 10.07640152901643, 11.832750439650313]"
102,0,317,True,True,1.0,3.99,3,3,True,1,4,30.615048508224163,"[6.408988887679311, 7.211048425071863, 16.995011195472987]",14.939868918207424,"[3.4995056661949313, 3.8123088857780267, 7.6280543662344655]",40.86178251853837,9.465763859100948,[9.465763859100948],18.936095182229963,4.69164790504937,15.936095182229964,3.69164790504937,"[9.911669841089504, 5.159150204376098, 3.8652751367643616]",[4.69164790504937],"[8.911669841089504, 4.159150204376098, 2.8652751367643616]",[3.69164790504937],"[22.850435489973087, 10.664487703528456, 7.346859325036824]"
102,0,318,True,True,1.0,3.99,5,5,True,2,7,54.27217250675031,"[17.203829513440226, 13.362542456673873, 4.251545917436625, 4.171368611851489, 15.2828860073481]",26.166147277632625,"[7.709493510241688, 6.211391558102811, 2.6581029078002834, 2.6268337586220807, 6.9603255428657596]",38.41655832620037,28.172926917882492,"[15.397578918967374, 12.775347998915116]",19.982457747218145,12.98744149797417,14.982457747218142,10.98744149797417,"[3.4804957071240463, 6.131296097429379, 5.012681895131243, 3.382984047533475, 1.975]","[7.005055778397276, 5.982385719576896]","[2.4804957071240463, 5.131296097429379, 4.012681895131243, 2.382984047533475, 0.9750000000000001]","[6.005055778397276, 4.982385719576896]","[6.360245402882169, 13.157169480588152, 10.288927936233955, 6.11021550649609, 2.5]"
102,0,319,True,True,1.0,3.99,3,3,True,1,4,46.20893286642013,"[19.300689627421914, 15.783739930246956, 11.124503308751262]",21.021483817903853,"[8.527268954694547, 7.155658572796313, 5.338556290412992]",24.33399148418286,8.017436274759467,[8.017436274759467],12.490256678831317,4.126800147156192,9.490256678831317,3.126800147156192,"[5.681149401990039, 2.902345617894392, 3.9067616589468854]",[4.126800147156192],"[4.681149401990039, 1.9023456178943923, 2.9067616589468854]",[3.126800147156192],"[12.002947184589843, 4.877809276652288, 7.453235022940731]"
102,0,320,True,False,,0.0,1,1,,0,1,20.856738884627102,[20.856738884627102],9.13412816500457,[9.13412816500457],6.418500714032328,0.0,[],3.503215278472608,0.0,0.0,0.0,[3.503215278472608],[],[0.0],[],[6.418500714032328]
102,0,321,True,True,1.0,3.99,3,3,,0,3,27.19250435315226,"[16.032641153373664, 8.659863199778597, 2.5]",13.605076697729382,"[7.252730049815729, 4.377346647913653, 1.975]",29.168812474908393,0.0,[],14.375836865214275,0.0,11.375836865214275,0.0,"[4.31512308788141, 4.788060168907528, 5.272653608425336]",[],"[3.31512308788141, 3.788060168907528, 4.272653608425336]",[],"[8.500315609952333, 9.712974792070584, 10.955522072885477]"
102,0,322,True,False,,0.0,2,2,,0,2,26.025577651833686,"[18.951882354263358, 7.073695297570328]",12.149975284215138,"[8.39123411816271, 3.758741166052428]",12.086415220084891,0.0,[],6.713701935833108,0.0,0.0,0.0,"[4.133624992421963, 2.5800769434111457]",[],"[0.0, 0.0]",[],"[8.034935878005031, 4.051479342079861]"
102,0,323,True,False,,0.0,1,1,,0,1,8.064472519196972,[8.064472519196972],4.145144282486819,[4.145144282486819],13.394005768506766,0.0,[],6.223662249717639,0.0,0.0,0.0,[6.223662249717639],[],[0.0],[],[13.394005768506766]
102,0,324,True,True,1.0,3.99,4,4,True,2,6,33.75172086568422,"[10.86020802966429, 8.903277156532848, 8.534935263015326, 5.4533004164717545]",17.163171137616846,"[5.235481131569074, 4.47227809104781, 4.328624752575977, 3.1267871624239842]",43.06343533989314,13.355163315700375,"[6.90814732470815, 6.4470159909922256]",20.794739782558327,7.208513693123146,16.794739782558327,5.208513693123146,"[3.878300195999035, 3.741547513811237, 10.83155112521547, 2.343340947532584]","[3.6941774566361785, 3.514336236486968]","[2.878300195999035, 2.741547513811237, 9.83155112521547, 1.343340947532584]","[2.6941774566361785, 2.514336236486968]","[7.380256912818038, 7.029609009772402, 25.20910544927043, 3.4444639680322666]"
102,0,325,True,False,,0.0,2,2,,0,2,37.70753958949784,"[9.880946654746072, 27.82659293475177]",16.705940439904158,"[4.853569195350968, 11.85237124455319]",16.873307390382465,0.0,[],8.58058988224916,0.0,0.0,0.0,"[3.109737088534915, 5.470852793714246]",[],"[0.0, 0.0]",[],"[5.409582278294653, 11.46372511208781]"
102,0,326,True,False,,0.0,2,2,,0,2,40.05024979697926,"[5.19425877705752, 34.85599101992174]",17.61959742082191,"[3.0257609230524327, 14.593836497769479]",16.772799224249297,0.0,[],8.541391697457225,0.0,0.0,0.0,"[3.5088325378758434, 5.032559159581383]",[],"[0.0, 0.0]",[],"[6.432903943271393, 10.339895280977904]"
102,0,327,True,True,1.0,3.99,3,3,True,4,7,24.6376318834522,"[5.212426788687264, 9.952329614526771, 9.472875480238164]",12.608676434546359,"[3.032846447588033, 4.881408549665441, 4.694421437292885]",8.868244276056508,37.89041015204368,"[6.8084924474667305, 6.3000183648415415, 15.298437623320739, 9.483461716414668]",6.458615267662038,18.777259959297034,3.4586152676620383,14.777259959297036,"[1.975, 1.975, 2.508615267662038]","[3.655312054512025, 3.4570071622882015, 6.966390673095089, 4.698550069401721]","[0.9750000000000001, 0.9750000000000001, 1.5086152676620381]","[2.655312054512025, 2.4570071622882015, 5.966390673095089, 3.698550069401721]","[2.5, 2.5, 3.8682442760565077]"
102,0,328,True,False,,0.0,2,2,,0,2,9.659416247874859,"[4.4945510664324315, 5.164865181442426]",5.767172336671194,"[2.7528749159086483, 3.014297420762546]",11.238241905677947,0.0,[],6.3829143432144,0.0,0.0,0.0,"[2.7310648130385653, 3.6518495301758347]",[],"[0.0, 0.0]",[],"[4.43862772573991, 6.799614179938037]"
102,0,329,True,True,1.0,3.99,4,4,True,5,9,28.189739351360412,"[2.5, 7.503451605978305, 8.044652400099242, 10.141635345282864]",14.99399834703056,"[1.975, 3.926346126331539, 4.137414436038704, 4.9552377846603175]",32.83232457813543,58.66902271929199,"[16.477577746280225, 10.57984825127294, 12.130384522964608, 11.194436803800663, 8.286775394973555]",16.80460658547282,27.880918860523877,12.804606585472818,22.880918860523877,"[1.975, 2.6004932565317986, 3.994532700251858, 8.234580628689162]","[7.426255321049288, 5.126140817996447, 5.730849963956198, 5.3658303534822585, 4.2318424040396865]","[0.9750000000000001, 1.6004932565317986, 2.994532700251858, 7.234580628689161]","[6.426255321049288, 4.126140817996447, 4.730849963956198, 4.3658303534822585, 3.2318424040396865]","[2.5, 4.103828862902048, 7.678288975004763, 18.550206740228617]"
102,0,330,True,True,1.0,3.99,3,3,True,3,6,41.25337312221912,"[22.756069677057123, 6.310402990430278, 12.186900454731711]",19.088815517665456,"[9.874867174052278, 3.4610571662678087, 5.752891177345368]",27.66115080099913,23.410757056575633,"[10.430080031805119, 9.699512854027718, 3.2811641707427963]",13.787848812389662,12.130195252064496,10.787848812389662,9.130195252064498,"[2.9719557386901005, 4.459453148570748, 6.3564399251288135]","[5.067731212403997, 4.78281001307081, 2.2796540265896903]","[1.9719557386901003, 3.4594531485707476, 5.3564399251288135]","[4.067731212403997, 3.78281001307081, 1.2796540265896905]","[5.056296765872052, 8.870392688642943, 13.734461346484137]"
102,0,331,True,False,,0.0,2,2,,0,2,24.9753746625231,"[7.811874302403689, 17.16350036011941]",11.740396118384009,"[4.046630977937439, 7.693765140446571]",5.014650432394712,0.0,[],3.955713668633938,0.0,0.0,0.0,"[1.9807136686339377, 1.975]",[],"[0.0, 0.0]",[],"[2.514650432394712, 2.5]"
102,0,332,True,True,1.0,3.99,3,3,True,2,5,25.743491773943354,"[11.846713094807622, 10.335091105744764, 3.561687573390969]",13.03996179183791,"[5.620218106974973, 5.030685531240458, 2.3890581536224778]",34.52080258237479,9.663739183552805,"[4.831869591776402, 4.831869591776402]",16.463113007126168,5.768858281585594,13.463113007126168,3.7688582815855938,"[4.726538015946649, 4.7842491465917885, 6.952325844587731]","[2.884429140792797, 2.884429140792797]","[3.726538015946649, 3.784249146591788, 5.952325844587731]","[1.8844291407927969, 1.8844291407927969]","[9.555225681914484, 9.703202939978944, 15.262373960481362]"
102,0,333,True,True,1.0,3.99,3,3,True,0,3,18.536812441685612,"[4.878468274901182, 11.158344166784431, 2.5]",10.22935685225739,"[2.902602627211461, 5.351754225045928, 1.975]",46.339209334769585,0.0,[],21.072291640560138,0.0,18.072291640560138,0.0,"[3.271599460126053, 12.770956918731018, 5.029735261703067]",[],"[2.271599460126053, 11.770956918731018, 4.029735261703067]",[],"[5.824614000323212, 30.181940817259022, 10.33265451718735]"
102,0,334,True,False,,0.0,1,1,,0,1,11.720200510193468,[11.720200510193468],5.5708781989754526,[5.5708781989754526],26.850846277874282,0.0,[],11.47183004837097,0.0,0.0,0.0,[11.47183004837097],[],[0.0],[],[26.850846277874282]
102,0,335,True,False,,0.0,2,2,,0,2,23.87044770390147,"[16.662052009477236, 7.208395694424232]",11.309474604521572,"[7.498200283696122, 3.8112743208254507]",34.148323291675624,0.0,[],15.317846083753494,0.0,0.0,0.0,"[7.761592174201537, 7.556253909551957]",[],"[0.0, 0.0]",[],"[17.33741583128599, 16.810907460389632]"
102,0,336,True,False,,0.0,2,2,,0,2,20.97755428158071,"[10.831102761636396, 10.146451519944312]",10.181246169816477,"[5.224130077038195, 4.957116092778282]",14.876148702371347,0.0,[],7.801697993924826,0.0,0.0,0.0,"[4.3536502687747305, 3.448047725150095]",[],"[0.0, 0.0]",[],"[8.59910325326854, 6.277045449102808]"
102,0,337,True,True,1.0,3.99,5,5,True,4,9,32.48151750797807,"[3.440215534530478, 2.5, 13.986821946129107, 8.632404782935613, 3.9220752443828673]",17.667791828111444,"[2.3416840584668863, 1.975, 6.454860558990352, 4.366637865344889, 2.5296093453093182]",54.64153175692183,46.990142812771104,"[9.62797660582054, 15.33479437568443, 6.925163816703053, 15.102208014563084]",26.31019738519951,22.326155696980734,21.310197385199512,18.326155696980734,"[2.8393821881369146, 4.79409287899113, 4.791684308975799, 8.854514745312876, 5.030523263782791]","[4.754910876270011, 6.980569806516928, 3.700813888514191, 6.889861125679603]","[1.8393821881369148, 3.79409287899113, 3.791684308975799, 7.854514745312877, 4.030523263782791]","[3.754910876270011, 5.980569806516928, 2.700813888514191, 5.889861125679603]","[4.716364584966448, 9.728443279464436, 9.722267458912304, 20.139781398238146, 10.334675035340489]"
102,0,338,True,False,,0.0,2,2,,0,2,15.530580616890202,"[7.201186788977615, 8.329393827912588]",8.05692644058718,"[3.8084628477012696, 4.248463592885909]",18.591503420655084,0.0,[],9.250686334055484,0.0,0.0,0.0,"[2.029747286081729, 7.220939047973754]",[],"[0.0, 0.0]",[],"[2.6403776566198176, 15.951125764035266]"
102,0,339,True,True,1.0,3.99,3,3,True,0,3,35.93942289355859,"[5.276612931155829, 16.78304495839824, 13.879765004004524]",17.016374928487853,"[3.0578790431507734, 7.545387533775314, 6.413108351561765]",31.52611679702484,0.0,[],15.295185550839687,0.0,12.295185550839687,0.0,"[3.9685064414913955, 2.6744342647959654, 8.652244844552326]",[],"[2.9685064414913955, 1.6744342647959654, 7.652244844552326]",[],"[7.611554978183065, 4.293421191784526, 19.621140627057247]"
102,0,340,True,True,1.0,3.99,9,9,True,2,11,117.91534360298105,"[7.035323465733161, 5.870782413204568, 2.548006954533381, 10.772777307717645, 5.255161373716735, 52.13593108387215, 10.263651529467769, 13.895913187424595, 10.137796287311053]",54.98698400516261,"[3.743776151635933, 3.2896051411497815, 1.9937227122680188, 5.201383150009882, 3.0495129357495268, 21.33301312271014, 5.0028240964924295, 6.419406143095593, 4.953740552051311]",78.1764759034522,32.95633116773737,"[15.540795563830908, 17.41553560390646]",39.48882560234635,14.852969155417574,30.488825602346363,12.852969155417574,"[7.333912572592902, 2.9795246743749195, 4.207055967423497, 4.561352829914041, 5.278666043589271, 2.538900332983517, 3.4731357535916976, 3.64089507508257, 5.475382352793946]","[7.0609102698940545, 7.792058885523519]","[6.333912572592902, 1.9795246743749195, 3.2070559674234973, 3.5613528299140413, 4.278666043589271, 1.5389003329835171, 2.4731357535916976, 2.64089507508257, 4.475382352793946]","[6.0609102698940545, 6.792058885523519]","[16.240801468186927, 5.075704293269024, 8.223220429291018, 9.131673922856516, 10.970938573305823, 3.9458982897013257, 6.3413737271581985, 6.77152583354505, 11.475339366138321]"
102,0,341,True,True,1.0,3.99,6,6,True,4,10,36.389930096563575,"[5.8794162987707175, 4.723604171293239, 6.188401666512815, 11.50680431916994, 3.5644412603124382, 4.527262380504431]",20.192072737659796,"[3.29297235652058, 2.8422056268043634, 3.413476649939998, 5.487653684476276, 2.390132091521851, 2.765632328396728]",53.894469453461326,45.57524943138875,"[23.874961147910735, 3.6716087965480466, 13.887497853881607, 4.141181633048362]",27.018843086849916,21.774347278241613,21.018843086849916,17.774347278241613,"[5.620005859830438, 3.373389508555474, 3.937406795289968, 6.375355216584248, 2.889442125612536, 4.823243580977253]","[10.311234847685187, 2.4319274306537384, 6.416124163013827, 2.615060836888861]","[4.620005859830438, 2.373389508555474, 2.937406795289968, 5.375355216584248, 1.8894421256125364, 3.8232435809772527]","[9.311234847685187, 1.4319274306537382, 5.416124163013827, 1.615060836888861]","[11.846168871360097, 6.085614124501216, 7.531812295615302, 13.782962093805764, 4.8447233990065035, 9.803188669172442]"
102,0,342,True,True,1.0,3.99,4,4,True,3,7,38.328733713287704,"[7.204348130024562, 3.528651782328586, 16.250238702078544, 11.34549509885601]",18.948206148182205,"[3.8096957707095793, 2.3761741951081485, 7.337593093810632, 5.424743088553844]",38.126228019519246,35.165639212687665,"[1.9480909954568482, 3.2200372697368, 29.997510947494014]",18.869228927612504,16.71459929294819,14.869228927612506,13.71459929294819,"[6.577154948764024, 6.200320703063042, 3.1296908177093052, 2.9620624580761343]","[1.759755488228171, 2.255814535197352, 12.699029269522667]","[5.577154948764024, 5.200320703063042, 2.1296908177093052, 1.9620624580761343]","[0.7597554882281708, 1.255814535197352, 11.699029269522667]","[14.300397304523138, 13.334155648879594, 5.460745686434116, 5.030929379682395]"
102,0,343,True,False,,0.0,1,1,,0,1,7.903407197083189,[7.903407197083189],4.082328806862444,[4.082328806862444],5.735688173020715,0.0,[],3.2369183874780787,0.0,0.0,0.0,[3.2369183874780787],[],[0.0],[],[5.735688173020715]
102,0,344,True,False,,0.0,2,2,,0,2,13.672578495892164,"[4.894196457743158, 8.778382038149006]",7.332305613397945,"[2.908736618519832, 4.423568994878113]",16.218114130855348,0.0,[],8.325064511033586,0.0,0.0,0.0,"[3.815429718623186, 4.5096347924104006]",[],"[0.0, 0.0]",[],"[7.219050560572271, 8.999063570283079]"
102,0,345,True,False,,0.0,1,1,,0,1,13.285726954658593,[13.285726954658593],6.181433512316851,[6.181433512316851],9.600500634236672,0.0,[],4.744195247352302,0.0,0.0,0.0,[4.744195247352302],[],[0.0],[],[9.600500634236672]
102,0,346,True,False,,0.0,2,2,,0,2,27.83586120251773,"[4.493637528296595, 23.342223674221135]",12.855985868981914,"[2.752518636035672, 10.103467232946242]",24.197970529994425,0.0,[],11.437208506697825,0.0,0.0,0.0,"[2.5110632942814037, 8.926145212416422]",[],"[0.0, 0.0]",[],"[3.8745212673882152, 20.32344926260621]"
102,0,347,True,True,1.0,3.99,5,5,True,1,6,46.96151231542155,"[12.460102616116373, 12.170908620879183, 7.640909756869445, 2.5, 12.18959132155655]",23.314989803014406,"[5.859440020285386, 5.746654362142881, 3.9799548051790836, 1.975, 5.753940615407055]",42.689705690491124,6.593614861503005,[6.593614861503005],21.64898521929154,3.571509795986172,16.64898521929154,2.571509795986172,"[4.023129051878685, 1.975, 6.244213041900767, 2.671983639703644, 6.734659485808445]",[3.571509795986172],"[3.0231290518786853, 0.9750000000000001, 5.244213041900767, 1.6719836397036438, 5.734659485808445]",[2.571509795986172],"[7.751612953535091, 2.5, 13.446700107437863, 4.287137537701651, 14.704255091816524]"
102,0,348,True,False,,0.0,1,1,,0,1,9.710667267296543,[9.710667267296543],4.787160234245652,[4.787160234245652],12.357532737586409,0.0,[],5.8194377676587,0.0,0.0,0.0,[5.8194377676587],[],[0.0],[],[12.357532737586409]
102,0,349,True,True,1.0,3.99,4,4,True,3,7,32.23786477371039,"[11.823241743410023, 2.9087523848674244, 2.5, 15.005870645432942]",16.572767261747053,"[5.611064279929909, 2.1344134300982955, 1.975, 6.852289551718847]",30.035252383449805,30.534764007484682,"[12.183260832771065, 12.162097502997351, 6.189405671716266]",15.713748429545422,14.908557962919026,11.713748429545422,11.908557962919026,"[3.5889492202407753, 2.4830278366128393, 6.280361038078992, 3.3614103346128164]","[5.751471724780716, 5.743218026168967, 3.413868211969344]","[2.5889492202407753, 1.4830278366128395, 5.280361038078992, 2.3614103346128164]","[4.751471724780716, 4.743218026168967, 2.413868211969344]","[6.638331333950706, 3.8026354784944605, 13.53938727712562, 6.054898293879016]"
102,0,350,True,True,1.0,3.99,4,4,True,2,6,29.953427165748074,"[2.5, 6.246518655828831, 7.59374748593306, 13.613161023986184]",15.681836594641748,"[1.975, 3.4361422757732445, 3.9615615195138933, 6.309132799354612]",50.217796451735936,23.5169258089729,"[10.34236739964111, 13.174558409331787]",23.584940616177015,11.17160106549943,19.584940616177015,9.17160106549943,"[3.2988941871080124, 3.1852517538599194, 6.934069952677008, 10.166724722532074]","[5.033523285860033, 6.1380777796393975]","[2.2988941871080124, 2.1852517538599194, 5.934069952677008, 9.166724722532074]","[4.033523285860033, 5.1380777796393975]","[5.894600479764134, 5.603209625281845, 15.215563981223099, 23.504422365466855]"
102,0,351,True,True,1.0,3.99,4,4,True,3,7,21.537731553532183,"[3.9884283081520624, 8.449160080708593, 3.6615791888230174, 5.438563975848509]",12.39971530587755,"[2.5554870401793046, 4.295172431476351, 2.4280158836409766, 3.1210399505809185]",38.67895359239513,32.528226230323206,"[19.66676988356991, 4.112499114079224, 8.748957232674075]",19.084791901034098,15.686008229826053,15.084791901034102,12.68600822982605,"[4.14177332419373, 5.852201548125467, 4.029114262221741, 5.061702766493162]","[8.670040254592266, 2.6038746544908973, 4.412093320742889]","[3.1417733241937307, 4.852201548125467, 3.0291142622217415, 4.061702766493162]","[7.670040254592265, 1.6038746544908975, 3.412093320742889]","[8.055829036394181, 12.44154243109094, 7.766959646722414, 10.414622478187594]"
102,0,352,True,True,1.0,3.99,3,2,,2,5,15.301352390460732,"[4.228456848818197, 11.072895541642536]",7.967527432279686,"[2.649098171039097, 5.318429261240589]",27.223573904762258,11.585513071405511,"[7.472621963407034, 4.112891107998477]",12.617193822857281,6.51835009784815,10.617193822857281,4.51835009784815,"[3.170943129785513, 9.446250693071768]","[3.9143225657287437, 2.604027532119406]","[2.170943129785513, 8.446250693071768]","[2.9143225657287437, 1.6040275321194062]","[5.566520845603879, 21.65705305915838]"
102,0,353,True,True,1.0,3.99,5,5,True,2,7,70.14727481448209,"[13.644093362870302, 16.385713793375572, 10.775033167724368, 24.000549538340074, 5.341884952171776]",32.357437177648016,"[6.321196411519418, 7.390428379416473, 5.202262935412504, 10.360214319952629, 3.0833351313469928]",27.691613089447625,15.043892682028993,"[8.708325480334679, 6.335567201694313]",15.799729104884573,7.8671181459913075,10.799729104884573,5.8671181459913075,"[5.534197535113279, 1.975, 2.7332501339265542, 2.6001266766880082, 2.957154759156732]","[4.396246937330525, 3.4708712086607822]","[4.534197535113279, 0.9750000000000001, 1.7332501339265545, 1.6001266766880082, 1.9571547591567324]","[3.396246937330525, 2.4708712086607822]","[11.626147525931483, 2.5, 4.444231112632191, 4.102888914584637, 5.0183455362993135]"
102,0,354,True,True,1.0,3.99,4,4,True,3,7,44.51718277171544,"[16.641479597190113, 12.049764774122764, 9.453089698462845, 6.3728487019397155]",21.361701280969022,"[7.490177042904144, 5.699408261907878, 4.68670498240051, 3.485410993756489]",36.174516734213455,38.43754654813122,"[12.150247667685042, 16.567659146376982, 9.719639734069197]",18.10806152634325,17.990643153771178,14.108061526343247,14.990643153771178,"[4.7134659602122815, 5.004454352064957, 4.380482402070365, 4.009658811995644]","[5.738596590397166, 7.461387067087023, 4.790659496286987]","[3.7134659602122815, 4.004454352064957, 3.380482402070365, 3.0096588119956444]","[4.738596590397166, 6.461387067087023, 3.7906594962869873]","[9.521707590287901, 10.267831671961426, 8.667903595052218, 7.7170738769119085]"
102,0,355,True,True,1.0,3.99,3,3,True,1,4,24.891459824732102,"[2.7168038257733973, 13.66594041384808, 8.508715585110627]",12.707669331645523,"[2.059553492051625, 6.329716761400752, 4.318399078193145]",32.07617169274464,6.204358200488808,[6.204358200488808],15.50970696017041,3.419699698190635,12.50970696017041,2.419699698190635,"[4.354718450077038, 5.0131252835113616, 6.141863226582011]",[3.419699698190635],"[3.354718450077038, 4.0131252835113616, 5.141863226582011]",[2.419699698190635],"[8.601842179684713, 10.29006482951631, 13.184264683543617]"
102,0,356,True,False,,0.0,2,2,,0,2,7.274551662599256,"[4.008587258793426, 3.2659644038058304]",4.83707514841371,"[2.5633490309294364, 2.273726117484274]",21.337203956230706,0.0,[],10.321509542929975,0.0,0.0,0.0,"[3.9381234605436997, 6.383386082386275]",[],"[0.0, 0.0]",[],"[7.533649898829999, 13.803554057400707]"
102,0,357,True,False,,0.0,2,2,,0,2,13.141297447499667,"[5.655823062182521, 7.485474385317147]",7.125106004524871,"[3.2057709942511834, 3.9193350102736875]",9.988032983913218,0.0,[],5.895332863726155,0.0,0.0,0.0,"[1.975, 3.920332863726155]",[],"[0.0, 0.0]",[],"[2.5, 7.488032983913218]"
102,0,358,True,True,1.0,3.99,4,4,True,3,7,33.087769667862744,"[4.020005827110619, 4.668024168597351, 12.861589898355419, 11.538149773799354]",16.90423017046647,"[2.5678022725731413, 2.8205294257529667, 6.016020060358613, 5.499878411781748]",42.052025476225815,26.540656941415467,"[12.022396784189937, 5.84483984629745, 8.67342031092808]",20.40028993572807,13.350856207152034,16.40028993572807,10.350856207152033,"[2.8409279819881696, 5.67262321092609, 7.501783353602014, 4.384955389211795]","[5.688734745834076, 3.2794875400560057, 4.382633921261951]","[1.8409279819881699, 4.67262321092609, 6.501783353602014, 3.3849553892117945]","[4.688734745834076, 2.2794875400560057, 3.3826339212619514]","[4.720328158944025, 11.981085156220741, 16.67123936821029, 8.679372792850755]"
102,0,359,True,True,1.0,3.99,4,4,True,3,7,60.60043615197658,"[10.962035777587348, 18.294033361331973, 11.53045537384734, 19.813911639209916]",27.634170099270868,"[5.275193953259066, 8.134673010919471, 5.496877595800463, 8.727425539291868]",37.85848524886729,20.440201240968335,"[5.325128890674115, 7.699122786109314, 7.415949564184907]",18.764809247058242,10.971678483977652,14.764809247058244,7.9716784839776516,"[2.036607143615436, 3.448445495017737, 5.726904446118694, 7.552852162306376]","[3.076800267362905, 4.002657886582632, 3.892220330032114]","[1.036607143615436, 2.448445495017737, 4.726904446118694, 6.552852162306376]","[2.076800267362905, 3.0026578865826323, 2.892220330032114]","[2.6579670349113744, 6.278065371840351, 12.120267810560755, 16.80218503155481]"
102,0,360,True,True,1.0,3.99,5,5,True,2,7,40.378959044698696,"[6.351798415710875, 5.786468668817053, 4.774641376229452, 16.35274099106787, 7.113309592873446]",20.74779402743249,"[3.4772013821272414, 3.2567227808386505, 2.8621101367294863, 7.377568986516469, 3.7741907412206444]",57.57994349573683,14.001743904921094,"[9.638424339673687, 4.363319565247407]",27.456177963337364,7.460680122919227,22.456177963337364,5.460680122919227,"[5.300555959406268, 2.6612022189055624, 8.719906582245526, 5.460709765749074, 5.313803437030931]","[4.758985492472738, 2.7016946304464886]","[4.300555959406268, 1.6612022189055626, 7.719906582245526, 4.460709765749074, 4.313803437030931]","[3.758985492472738, 1.7016946304464888]","[11.027066562580174, 4.259492868988622, 19.794632262168015, 11.43771734807455, 11.061034453925462]"
102,0,361,True,True,1.0,3.99,5,5,True,2,7,44.94174770995546,"[13.84666628854459, 6.995226933150102, 12.41551907220132, 7.380517206224818, 4.303818209834633]",22.527281606882628,"[6.40019985253239, 3.7281385039285397, 5.8420524381585155, 3.878401710427679, 2.678489101835507]",54.698660050098596,22.181981834187972,"[4.308193864105572, 17.8737879700824]",26.332477419538456,10.650972915333309,21.332477419538456,8.650972915333309,"[4.203408821885118, 8.427824896390153, 9.119340240520279, 2.606903460742905, 1.975]","[2.680195607001173, 7.970777308332137]","[3.203408821885118, 7.4278248963901525, 8.119340240520279, 1.6069034607429051, 0.9750000000000001]","[1.6801956070011732, 6.970777308332137]","[8.213868774064405, 19.04570486253885, 20.818821129539174, 4.120265283956167, 2.5]"
102,0,362,True,True,1.0,3.99,5,5,True,2,7,43.645726289085545,"[3.978446106372639, 15.127196594163848, 6.930777582657237, 10.086666546163585, 7.522639459728231]",22.021833252743363,"[2.551593981485329, 6.899606671723901, 3.7030032572363227, 4.933799953003798, 3.93382938929401]",69.37680782907495,8.613852372947456,"[2.820323131320126, 5.79352924162733]",32.05695505333924,5.359402425449508,27.056955053339237,3.359402425449508,"[9.0824696725472, 3.191615522753317, 9.628066629788936, 8.17980322824978, 1.975]","[2.0999260212148494, 3.259476404234659]","[8.0824696725472, 2.191615522753317, 8.628066629788936, 7.17980322824978, 0.9750000000000001]","[1.0999260212148492, 2.259476404234659]","[20.724281211659488, 5.619526981418762, 22.12324776868958, 18.409751867307126, 2.5]"
102,0,363,True,True,1.0,3.99,3,3,True,3,6,42.9409725128138,"[3.7161117431683426, 21.397123258779818, 17.82773751086564]",19.746979279997383,"[2.4492835798356536, 9.344878070924128, 7.952817629237599]",33.608372618186685,32.7159555006471,"[4.195431369766514, 22.905911425269245, 5.614612705611338]",16.107265321092807,15.759222645252368,13.107265321092807,12.759222645252368,"[2.8538053746944696, 2.5499179295188164, 10.703542016879522]","[2.6362182342089406, 9.933305455855006, 3.189698955188422]","[1.8538053746944696, 1.5499179295188166, 9.703542016879522]","[1.6362182342089406, 8.933305455855006, 2.189698955188422]","[4.753347114601204, 3.9741485372277348, 24.880876966357746]"
102,0,364,True,True,1.0,3.99,4,4,True,3,7,33.77663011559585,"[6.684143645807132, 9.422334561513138, 8.612211128207859, 9.057940780067728]",17.172885745082382,"[3.6068160218647813, 4.674710478990123, 4.358762340001065, 4.5325969042264145]",26.729608377080417,34.23834350918696,"[9.265525261638405, 4.014864329234324, 20.957953918314235]",14.42454726706136,16.352953968582916,10.424547267061362,13.352953968582916,"[4.958219649870128, 3.2737744377668108, 2.1349180753242103, 4.057635104100212]","[4.613554852038979, 2.5657970884013865, 9.173602028142552]","[3.958219649870128, 2.2737744377668108, 1.1349180753242103, 3.0576351041002128]","[3.613554852038978, 1.5657970884013863, 8.173602028142552]","[10.149281153513149, 5.830190866068746, 2.9100463469851543, 7.840090010513366]"
102,0,365,True,True,1.0,3.99,3,5,,1,4,41.99490532362076,"[13.877640478214296, 11.501309199502124, 8.311860943545375, 4.883489820757558, 3.420604881601409]",21.3780130762121,"[6.412279786503576, 5.485510587805829, 4.241625767982696, 2.9045610300954476, 2.3340359038245495]",55.37237955912462,4.519694775437203,[4.519694775437203],26.595228028058596,2.762680962420509,21.595228028058596,1.762680962420509,"[7.5211977699753945, 3.7551047827693766, 3.6866936403643757, 5.420085110345558, 6.212146724603895]",[2.762680962420509],"[6.5211977699753945, 2.7551047827693766, 2.6866936403643757, 4.420085110345558, 5.212146724603895]",[1.762680962420509],"[16.72101992301383, 7.064371237870197, 6.888958052216347, 11.33355156498861, 13.364478781035627]"
102,0,366,True,True,1.0,3.99,5,5,True,2,7,30.700687233623995,"[5.3652728990317415, 8.352501909657983, 4.719484598235859, 9.219996325984734, 3.0434315007136763]",16.97326802111336,"[3.0924564306223794, 4.257475744766614, 2.8405989933119846, 4.595798567134047, 2.186938285278334]",48.032375973070714,12.396316123381833,"[8.598734228165672, 3.7975818952161617]",23.732626629497577,6.834563288118916,18.73262662949758,4.834563288118916,"[7.514652767332058, 5.091233950227265, 4.482450207593523, 2.5235517750933285, 4.120737929251405]","[4.353506348984612, 2.4810569391343034]","[6.514652767332058, 4.091233950227265, 3.482450207593523, 1.5235517750933287, 3.1207379292514053]","[3.353506348984612, 1.4810569391343031]","[16.704237864953996, 10.490343462121192, 8.929359506650059, 3.906543013059817, 8.001892126285654]"
102,0,367,True,False,,0.0,2,2,,0,2,13.053243169575342,"[10.553243169575342, 2.5]",7.090764836134383,"[5.1157648361343835, 1.975]",40.38251085836464,0.0,[],17.74917923476221,0.0,0.0,0.0,"[6.005443157915708, 11.743736076846501]",[],"[0.0, 0.0]",[],"[12.834469635681302, 27.548041222683334]"
102,0,368,True,False,,0.0,1,1,,0,1,5.568699641019419,[5.568699641019419],3.1717928599975735,[3.1717928599975735],15.676090539625884,0.0,[],7.113675310454095,0.0,0.0,0.0,[7.113675310454095],[],[0.0],[],[15.676090539625884]
102,0,369,True,True,1.0,3.99,3,3,True,3,6,28.945167618129297,"[13.221262689238799, 8.545937085394106, 7.177967843496392]",14.288615371070426,"[6.156292448803132, 4.332915463303701, 3.799407458963593]",22.34817404859969,15.739563416989313,"[2.772737014962047, 9.451273133486128, 3.5155532685411375]",11.71578787895388,9.13842973262583,8.71578787895388,6.138429732625832,"[3.358536941389346, 4.5818460508727235, 3.7754048866918106]","[2.0813674358351983, 4.68599652205959, 2.3710657747310435]","[2.358536941389346, 3.5818460508727235, 2.7754048866918106]","[1.0813674358351983, 3.68599652205959, 1.3710657747310437]","[6.04753061894704, 9.184220643263393, 7.116422786389258]"
102,0,370,True,True,1.0,3.99,5,5,True,3,8,49.558047891183705,"[8.709554459282044, 15.605773903256413, 3.822519755367101, 13.687789778450872, 7.7324099948272735]",24.327638677561648,"[4.396726239119998, 7.086251822270001, 2.4907827045931694, 6.3382380135958405, 4.015639897982637]",66.87300118442485,21.236436856295146,"[2.5304526200116135, 12.488617469087798, 6.217366767195734]",31.08047046192569,11.282210373955106,26.08047046192569,8.282210373955106,"[13.862118559516254, 2.5843637639274517, 6.5230882510639425, 3.0863268879543058, 5.024572999463733]","[1.9868765218045294, 5.870560812944241, 3.4247730392063365]","[12.862118559516254, 1.584363763927452, 5.5230882510639425, 2.0863268879543058, 4.024572999463733]","[0.9868765218045293, 4.870560812944241, 2.4247730392063365]","[32.979791178246806, 4.062471189557569, 14.1617647463178, 5.349556122959758, 10.319417947342906]"
102,0,371,True,False,,0.0,2,2,,0,2,18.535648036705403,"[9.870987551421251, 8.66466048528415]",9.228902734315106,"[4.849685145054288, 4.3792175892608185]",32.034694964622915,0.0,[],14.493531036202935,0.0,0.0,0.0,"[7.3560743915485265, 7.137456644654409]",[],"[0.0, 0.0]",[],"[16.29762664499622, 15.73706831962669]"
102,0,372,True,True,1.0,3.99,3,3,True,1,4,25.493780676272088,"[8.546937381997834, 7.964849480507269, 8.981993813766985]",12.942574463746116,"[4.3333055789791555, 4.106291297397835, 4.5029775873691245]",20.040012805795307,14.124373657059353,[14.124373657059353],10.81560499426017,6.508505726253148,7.81560499426017,5.508505726253148,"[2.5572428072140148, 3.4552870573305783, 4.803075129715577]",[6.508505726253148],"[1.5572428072140148, 2.4552870573305783, 3.8030751297155763]",[5.508505726253148],"[3.99293027490773, 6.295607839309175, 9.7514746915784]"
102,0,373,True,True,1.0,3.99,3,3,True,6,9,33.26068327153691,"[17.505806867062564, 3.177791108035164, 12.577085296439188]",15.971666475899397,"[7.8272646781544, 2.239338532133714, 5.905063265611283]",29.502585502007197,54.623679835118836,"[18.65706254035599, 16.08345520464704, 7.714730748664428, 5.185535930912057, 3.491447705269655, 3.491447705269655]",14.506008345782808,27.30323513569634,11.506008345782806,21.30323513569634,"[4.054013757349319, 7.210075655970873, 3.2419189324626156]","[8.276254390738837, 7.272547529812346, 4.0087449919791265, 3.022359013055702, 2.3616646050551653, 2.3616646050551653]","[3.0540137573493182, 6.210075655970873, 2.2419189324626156]","[7.276254390738837, 6.272547529812346, 3.008744991979127, 2.022359013055702, 1.3616646050551655, 1.3616646050551655]","[7.830804506023893, 15.923270912745828, 5.748510083237476]"
102,0,374,True,True,1.0,3.99,3,3,True,0,3,30.29560791807911,"[6.263426108333972, 11.414134392200188, 12.61804741754495]",14.815287088050853,"[3.442736182250249, 5.451512412958073, 5.921038492842531]",33.51311347697831,0.0,[],16.07011425602154,0.0,13.07011425602154,0.0,"[2.897404396647069, 6.779017588947127, 6.393692270427345]",[],"[1.897404396647069, 5.779017588947127, 5.393692270427345]",[],"[4.865139478582228, 14.817993817813147, 13.829980180582936]"
102,0,375,True,False,,0.0,2,2,,0,2,17.654740852721066,"[12.41579058313404, 5.238950269587026]",8.885348932561214,"[5.8421583274222755, 3.04319060513894]",28.589681956275108,0.0,[],13.149975962947293,0.0,0.0,0.0,"[6.789416661197242, 6.360559301750051]",[],"[0.0, 0.0]",[],"[14.844658105633954, 13.745023850641156]"
102,0,376,True,True,1.0,3.99,4,4,True,2,6,40.41334534910081,"[7.592791345885465, 2.5, 18.536337382630943, 11.7842166205844]",19.761204686149316,"[3.9611886248953314, 1.975, 8.229171579226069, 5.595844482027917]",81.0047281272998,27.766161849802202,"[17.59010931323517, 10.176052536567031]",35.59184396964692,12.828803121422858,31.591843969646924,10.82880312142286,"[7.507287006763235, 15.206236031200723, 4.255897036580318, 8.622423895102646]","[7.860142632161717, 4.968660489261142]","[6.507287006763235, 14.206236031200723, 3.2558970365803184, 7.622423895102647]","[6.860142632161717, 3.968660489261142]","[16.68535129939291, 36.426246233848005, 8.348453939949534, 19.54467665410935]"
102,0,377,True,True,1.0,3.99,4,4,True,3,7,29.584474637858726,"[17.656685228806435, 3.868473560826793, 5.089398637787051, 2.969917210438447]",15.537945108764902,"[7.8861072392345095, 2.5087046887224496, 2.98486546873695, 2.1582677120709945]",42.975752098168826,25.62876156635972,"[5.908702996440726, 11.94014168851457, 7.779916881404423]",20.76054331828584,12.995217010880292,16.760543318285844,9.995217010880292,"[4.426550259715102, 3.6818874211802273, 2.9225802907688645, 9.72952534662165]","[3.3043941686118834, 5.656655258520683, 4.034167583747726]","[3.426550259715102, 2.6818874211802273, 1.9225802907688645, 8.72952534662165]","[2.3043941686118834, 4.656655258520683, 3.0341675837477253]","[8.7860263069618, 6.876634413282634, 4.929693053253499, 22.383398324670896]"
102,0,378,True,True,1.0,3.99,4,4,True,2,6,41.51556550440975,"[5.023304553007906, 11.071242920097118, 13.675191276635676, 11.745826754669054]",20.191070546719804,"[2.9590887756730835, 5.317784738837877, 6.333324597887914, 5.580872434320931]",46.881760893649,10.94046020579453,"[3.6908373568967683, 7.2496228488977605]",22.283886748523113,6.266779480259867,18.283886748523113,4.266779480259866,"[3.787240441436781, 8.80715791689809, 3.75151998080419, 5.937968409384052]","[2.43942656918974, 3.8273529110701268]","[2.787240441436781, 7.80715791689809, 2.75151998080419, 4.937968409384052]","[1.4394265691897397, 2.8273529110701268]","[7.146770362658413, 20.018353633072024, 7.0551794379594615, 12.661457459959106]"
102,0,379,True,False,,0.0,1,1,,0,1,10.694682419444362,[10.694682419444362],5.170926143583301,[5.170926143583301],12.440070255081304,0.0,[],5.851627399481709,0.0,0.0,0.0,[5.851627399481709],[],[0.0],[],[12.440070255081304]
102,0,380,True,True,1.0,3.99,4,4,True,1,5,50.50366840794072,"[14.25648937381144, 11.682345296373349, 9.832512469018267, 14.732321268737662]",23.69643067909688,"[6.560030855786462, 5.556114665585606, 4.834679862917124, 6.745605294807689]",37.41979605905216,14.25294028480798,[14.25294028480798],18.593720463030344,6.558646711075113,14.593720463030344,5.558646711075113,"[2.4100798477988095, 4.409222210892384, 3.81804055840886, 7.95637784593029]",[6.558646711075113],"[1.4100798477988097, 3.409222210892384, 2.81804055840886, 6.95637784593029]",[5.558646711075113],"[3.615589353330281, 8.741595412544575, 7.2257450215611785, 17.836866271616127]"
102,0,381,True,False,,0.0,1,1,,0,1,16.21568110412003,[16.21568110412003],7.324115630606812,[7.324115630606812],9.635083649228424,0.0,[],4.757682623199085,0.0,0.0,0.0,[4.757682623199085],[],[0.0],[],[9.635083649228424]
102,0,382,True,False,,0.0,2,2,,0,2,14.027956806933865,"[8.757078053642653, 5.270878753291211]",7.4709031547042075,"[4.415260440920635, 3.0556427137835724]",21.82027847078134,0.0,[],10.509908603604721,0.0,0.0,0.0,"[6.0160853754151224, 4.4938232281896]",[],"[0.0, 0.0]",[],"[12.861757372859287, 8.95852109792205]"
102,0,383,True,True,1.0,3.99,4,4,True,0,4,50.510100678330446,"[6.851492098445512, 8.856312447861866, 13.276185831481095, 21.52611030054197]",23.69893926454887,"[3.6720819183937494, 4.453961854666128, 6.1777124742776275, 9.395183017211368]",30.17785246059051,0.0,[],15.7693624596303,0.0,11.7693624596303,0.0,"[4.368737749360125, 5.504273720801984, 1.9913782213517366, 3.9049727681164543]",[],"[3.368737749360125, 4.504273720801984, 0.9913782213517367, 2.9049727681164543]",[],"[8.637789100923397, 11.549419796928163, 2.5419954393634274, 7.4486481233755235]"
102,0,384,True,True,1.0,3.99,4,4,True,1,5,33.20509574842666,"[7.80719680200279, 10.595953076076057, 3.273472779192563, 11.528473091155249]",16.9499873418864,"[4.0448067527810885, 5.1324216996696626, 2.2766543838850994, 5.496104505550547]",54.51444041169545,11.498872507057714,[11.498872507057714],25.260631760561225,5.484560277752508,21.26063176056123,4.484560277752508,"[10.553426085156277, 6.399349142575571, 4.802902077896535, 3.5049544549328435]",[5.484560277752508],"[9.553426085156277, 5.399349142575571, 3.8029020778965354, 2.5049544549328435]",[4.484560277752508],"[24.49596432091353, 13.844484980963003, 9.751030968965475, 6.422960140853445]"
102,0,385,True,True,1.0,3.99,4,4,True,2,6,46.96344347191066,"[28.836671547500956, 4.761504443412535, 7.167963662098109, 6.197303818899056]",22.315742954045156,"[12.246301903525373, 2.8569867329308885, 3.7955058282182628, 3.4169484893706317]",40.79914768676073,16.68171027416083,"[5.821179603500921, 10.86053067065991]",19.911667597836683,8.505867006922724,15.911667597836686,6.505867006922724,"[4.616750578501979, 3.4711283296724567, 4.8417964560713465, 6.981992233590903]","[3.2702600453653594, 5.235606961557365]","[3.6167505785019793, 2.4711283296724567, 3.841796456071347, 5.981992233590903]","[2.2702600453653594, 4.235606961557365]","[9.273719432056357, 6.3362264863396325, 9.850760143772684, 15.33844162459206]"
102,0,386,True,False,,0.0,2,2,,0,2,28.695635192254166,"[5.905700557749478, 22.78993463450469]",13.191297724979126,"[3.3032232175222966, 9.88807450745683]",31.190478853539226,0.0,[],14.164286752880297,0.0,0.0,0.0,"[8.2096265691273, 5.954660183752997]",[],"[0.0, 0.0]",[],"[18.48622197212128, 12.704256881417942]"
102,0,387,True,True,1.0,3.99,3,3,True,2,5,17.89460270964389,"[3.976469829584373, 7.504414166581956, 6.4137187134775635]",9.978895056761118,"[2.5508232335379057, 3.926721524966963, 3.50135029825625]",50.936054370484015,24.323265791643458,"[16.90259431336411, 7.420671478279347]",22.865061204488764,11.486073658740947,19.865061204488768,9.486073658740947,"[3.0954222974805528, 14.800229847654043, 4.969409059354171]","[7.592011782212002, 3.8940618765289456]","[2.0954222974805528, 13.800229847654043, 3.969409059354171]","[6.592011782212002, 2.8940618765289456]","[5.372877685847571, 35.38520473757447, 10.177971947061977]"
102,0,388,True,True,1.0,3.99,4,4,True,0,4,25.197894764884424,"[4.2253777584368315, 7.198179878622884, 3.0993485913656196, 10.674988536459088]",13.827178958304927,"[2.6478973257903644, 3.807290152662925, 2.2087459506325917, 5.1632455292190444]",35.51930652699322,0.0,[],17.852529545527357,0.0,13.852529545527357,0.0,"[8.118356557784956, 3.139160745529639, 3.524268742346529, 3.070743499866234]",[],"[7.1183565577849555, 2.139160745529639, 2.524268742346529, 2.070743499866234]",[],"[18.252196302012706, 5.4850275526401, 6.472483954734689, 5.309598717605728]"
102,0,389,True,True,1.0,3.99,6,6,True,6,12,50.44483265058358,"[4.747156210517463, 5.200564603758109, 9.588619047122206, 10.181651057805283, 11.827322769602, 8.899518961778515]",25.673484733727594,"[2.8513909221018108, 3.0282201954656625, 4.739561428377661, 4.97084391254406, 5.61265588014478, 4.4708123950936205]",67.14932005911633,53.764612304212896,"[12.491645211027684, 2.9323966667942782, 15.03090781495544, 6.0414637245753795, 2.372073903440019, 14.896124983420096]",32.188234823055375,26.96819879864303,26.188234823055375,20.96819879864303,"[4.987684631974643, 6.131500732336584, 3.5301142105175263, 3.662385899325497, 6.861790136342319, 7.014759212558803]","[5.871741632300797, 2.143634700049769, 6.862054047832621, 3.3561708525843983, 1.9251088223416075, 6.809488743533838]","[3.987684631974643, 5.131500732336584, 2.5301142105175263, 2.662385899325497, 5.861790136342319, 6.014759212558803]","[4.871741632300797, 1.1436347000497686, 5.862054047832621, 2.3561708525843983, 0.9251088223416075, 5.809488743533838]","[10.224832389678571, 13.15769418547842, 6.487472334660324, 6.826630511091018, 15.030231118826459, 15.422459519381546]"
102,0,390,True,False,,0.0,1,1,,0,1,9.855570130899128,[9.855570130899128],4.84367235105066,[4.84367235105066],7.249373420533278,0.0,[],3.8272556340079786,0.0,0.0,0.0,[3.8272556340079786],[],[0.0],[],[7.249373420533278]
102,0,391,True,True,1.0,3.99,7,7,True,4,11,56.33203979328705,"[7.747656593870454, 9.293404225809379, 8.007306743911625, 12.59158682540778, 7.0264296186271995, 3.951125761037148, 7.714530024623461]",28.96949551938195,"[4.021586071609477, 4.624427648065658, 4.122849630125534, 5.910718861909035, 3.740307551264608, 2.540939046804488, 4.008666709603149]",54.19448950950816,26.875579789243446,"[13.359936442897286, 8.103379267363003, 2.4376784729089658, 2.9745856060741893]",28.135850908708182,14.481476117804942,21.135850908708182,10.481476117804943,"[2.0833990406363245, 3.04727687593318, 5.076746399881541, 5.848524675265529, 2.9311605992965855, 5.617206734604635, 3.531536583090386]","[6.210375212729942, 4.160317914271571, 1.9506946044344966, 2.160088386368934]","[1.0833990406363243, 2.04727687593318, 4.076746399881541, 4.848524675265529, 1.9311605992965855, 4.617206734604635, 2.531536583090386]","[5.210375212729942, 3.1603179142715714, 0.9506946044344967, 1.160088386368934]","[2.7779462580418572, 5.249427887008153, 10.453195897132156, 12.432114551962895, 4.951693844350219, 11.838991627191373, 6.491119443821503]"
102,0,392,True,True,1.0,3.99,3,3,True,0,3,25.227503577576243,"[4.6997944696802545, 8.639610687002692, 11.888098420893296]",12.838726395254735,"[2.8329198431752993, 4.369448167931051, 5.6363583841483855]",23.72000225433797,0.0,[],12.25080087919181,0.0,9.25080087919181,0.0,"[6.728981712006771, 2.9924716003850538, 2.529347566799985]",[],"[5.728981712006771, 1.9924716003850536, 1.5293475667999854]",[],"[14.689696697453257, 5.108901539448855, 3.9214040174358598]"
102,0,393,True,True,1.0,3.99,3,3,True,1,4,31.633750773044447,"[9.65507573858846, 5.95249239773823, 16.026182636717756]",15.337162801487334,"[4.765479538049499, 3.32147203511791, 7.250211228319925]",49.51055488956048,8.5855294302385,[8.5855294302385],22.309116406928588,4.348356477793015,19.309116406928588,3.3483564777930153,"[7.679905530450354, 8.29482211188581, 6.334388764592423]",[4.348356477793015],"[6.679905530450354, 7.294822111885811, 5.334388764592423]",[3.3483564777930153],"[17.12796289859065, 18.70467208175849, 13.67791990921134]"
102,0,394,True,True,1.0,3.99,5,5,True,3,8,47.11221019152816,"[2.5, 17.892937208908794, 12.29908225699021, 3.199453103769472, 11.22073762185968]",23.373761974695984,"[1.975, 7.97824551147443, 5.796642080226182, 2.247786710470094, 5.3760876725252755]",49.52298530482318,24.798519018272167,"[15.834113129651488, 6.906625817098814, 2.057780071521865]",24.31396426888104,12.671422417126145,19.31396426888104,9.671422417126145,"[6.040383270222887, 5.209534072571923, 5.311936145414215, 4.1074607523823525, 3.644650028289665]","[7.17530412056408, 3.6935840686685375, 1.8025342278935272]","[5.040383270222887, 4.209534072571923, 4.311936145414215, 3.1074607523823525, 2.644650028289665]","[6.17530412056408, 2.6935840686685375, 0.8025342278935274]","[12.924059667238172, 10.793677109158777, 11.056246526703115, 7.967848083031673, 6.781153918691448]"
102,0,395,True,False,,0.0,1,1,,0,1,10.337718929419687,[10.337718929419687],5.031710382473678,[5.031710382473678],14.045176878187707,0.0,[],6.477618982493206,0.0,0.0,0.0,[6.477618982493206],[],[0.0],[],[14.045176878187707]
102,0,396,True,False,,0.0,2,2,,0,2,7.910282821871224,"[2.5, 5.410282821871224]",5.0850103005297775,"[1.975, 3.1100103005297774]",11.472824918989367,0.0,[],6.474401718405852,0.0,0.0,0.0,"[2.704708538022876, 3.7696931803829767]",[],"[0.0, 0.0]",[],"[4.37104753339199, 7.1017773855973765]"
102,0,397,True,False,,0.0,2,2,,0,2,19.47214802846385,"[10.732062645655903, 8.740085382807946]",9.5941377311009,"[5.185504431805803, 4.408633299295099]",12.660738345179455,0.0,[],6.937687954619989,0.0,0.0,0.0,"[4.7314364302656795, 2.206251524354309]",[],"[0.0, 0.0]",[],"[9.567785718629946, 3.0929526265495095]"
102,0,398,True,False,,0.0,2,2,,0,2,12.20510901000213,"[8.1772350570153, 4.02787395298683]",6.759992513900832,"[4.189121672235967, 2.570870841664864]",21.096722809614008,0.0,[],10.227721895749461,0.0,0.0,0.0,"[4.924066898550829, 5.303654997198633]",[],"[0.0, 0.0]",[],"[10.061709996284177, 11.035012813329828]"
102,0,399,True,False,,0.0,1,1,,0,1,5.090236429737033,[5.090236429737033],2.985192207597443,[2.985192207597443],9.167531275554088,0.0,[],4.575337197466094,0.0,0.0,0.0,[4.575337197466094],[],[0.0],[],[9.167531275554088]
102,0,400,True,True,1.0,3.99,3,3,True,1,4,48.97515509420279,"[19.229094526392828, 10.699349311287742, 19.046711256522226]",22.10031048673909,"[8.499346865293203, 5.172746231402219, 8.428217390043669]",17.43473758997274,7.307637534086422,[7.307637534086422],9.799547660089369,3.8499786382937047,6.7995476600893685,2.8499786382937047,"[4.318781205059577, 3.3206363479522185, 2.160130107077573]",[3.8499786382937047],"[3.318781205059577, 2.3206363479522185, 1.160130107077573]",[2.8499786382937047],"[8.509695397588658, 5.950349610133894, 2.974692582250187]"
102,0,401,True,False,,0.0,1,1,,0,1,19.321639053398236,[19.321639053398236],8.535439230825311,[8.535439230825311],5.974105378524893,0.0,[],3.3299010976247083,0.0,0.0,0.0,[3.3299010976247083],[],[0.0],[],[5.974105378524893]
102,0,402,True,True,1.0,3.99,3,3,True,3,6,30.331309978193094,"[16.366928377622326, 2.5, 11.464381600570768]",14.829210891495308,"[7.3831020672727075, 1.975, 5.4711088242226]",17.59307171242295,60.240679549240966,"[30.167830320154565, 18.38649015824893, 11.686359070837472]",9.861297967844951,26.493865024203977,6.861297967844951,23.493865024203977,"[4.808078346119617, 3.016041244929845, 2.0371783767954903]","[12.76545382486028, 8.170731161717082, 5.557680037626614]","[3.808078346119616, 2.016041244929845, 1.0371783767954903]","[11.76545382486028, 7.170731161717082, 4.557680037626614]","[9.76430345158876, 5.169336525461141, 2.659431735373052]"
102,0,403,True,True,1.0,3.99,7,7,True,2,9,68.27793572894865,"[12.876263167359845, 3.8727125986647013, 5.486997186069754, 4.797530168770412, 5.201962955715462, 14.90534866227496, 21.13712099009352]",33.62839493428997,"[6.02174263527034, 2.5103579134792335, 3.139928902567204, 2.8710367658204605, 3.0287655527290305, 6.813085978287234, 9.243477186136474]",81.36409147905151,28.416385574359552,"[12.070819294716339, 16.34556627964321]",38.73199567683009,13.082390374000225,31.73199567683009,11.082390374000225,"[1.975, 1.975, 7.326199127048532, 9.097572174108608, 6.042317431786765, 4.099134575831268, 8.216772368054915]","[5.707619524939372, 7.374770849060853]","[0.9750000000000001, 0.9750000000000001, 6.326199127048532, 8.097572174108608, 5.042317431786765, 3.0991345758312683, 7.216772368054916]","[4.707619524939372, 6.374770849060853]","[2.5, 2.5, 16.22102340268854, 20.763005574637457, 12.929019055863499, 7.946498912387867, 18.504544533474142]"
102,0,404,True,True,1.0,3.99,7,7,True,4,11,75.73571667428205,"[8.732682675367439, 16.373387519035795, 8.16362190106465, 16.8601221800607, 8.62488729660371, 2.5, 14.481015102149753]",36.53692950297,"[4.405746243393301, 7.38562113242396, 4.183812541415214, 7.575447650223673, 4.363706045675447, 1.975, 6.647595889838404]",71.68965712606955,35.75267357800306,"[3.7648208424434535, 9.005502884782942, 13.048802505845286, 9.93354734493138]",34.95896627916712,17.943542695421193,27.95896627916712,13.943542695421193,"[5.649234535481582, 5.074976577336787, 6.254777714185101, 2.590407640805847, 6.840367522730785, 3.5021033222946527, 5.047098966332369]","[2.468280128552947, 4.512146125065348, 6.089032977279662, 4.874083464523238]","[4.649234535481582, 4.074976577336787, 5.254777714185101, 1.590407640805847, 5.840367522730785, 2.5021033222946527, 4.047098966332369]","[1.468280128552947, 3.5121461250653474, 5.089032977279662, 3.8740834645232383]","[11.921114193542516, 10.448657890607144, 13.473789010731029, 4.077968309758582, 14.975301340335347, 6.415649544345263, 10.377176836749664]"
102,0,405,True,False,,0.0,1,1,,0,1,15.099858951687038,[15.099858951687038],6.888944991157945,[6.888944991157945],17.729617605645696,0.0,[],7.914550866201822,0.0,0.0,0.0,[7.914550866201822],[],[0.0],[],[17.729617605645696]
102,0,406,True,True,1.0,3.99,5,5,True,1,6,51.790149938527826,"[18.362766477760278, 6.221895504661129, 3.297309676753077, 10.114961758776957, 13.793216520576387]",25.198158476025856,"[8.16147892632651, 3.4265392468178404, 2.2859507739337, 4.944835085923014, 6.379354443024791]",38.322205472964285,13.337916347394657,[13.337916347394657],19.94566013445607,6.201787375483916,14.94566013445607,5.201787375483916,"[3.6351189174509635, 2.98132689592612, 6.163082181970052, 2.512678380005564, 4.653453759103372]",[6.201787375483916],"[2.6351189174509635, 1.9813268959261203, 5.163082181970052, 1.512678380005564, 3.653453759103372]",[5.201787375483916],"[6.756715172951188, 5.080325374169539, 13.238672261461671, 3.8786625128347794, 9.367830151547107]"
102,0,407,True,True,1.0,3.99,3,3,True,1,4,19.597569073540598,"[14.358350400758443, 2.588772800719415, 2.6504458720627384]",10.64305193868083,"[6.599756656295793, 2.0096213922805717, 2.0336738901044678]",37.16861067988616,10.07901434181266,[10.07901434181266],17.4957581651556,4.930815593306938,14.495758165155602,3.9308155933069377,"[6.479735645238396, 7.086121649961545, 3.9299008699556612]",[4.930815593306938],"[5.479735645238396, 6.086121649961545, 2.9299008699556612]",[3.9308155933069377],"[14.05060421855999, 15.605440128106526, 7.512566333219644]"
102,0,408,True,True,1.0,3.99,4,4,True,3,7,38.83033210573818,"[7.95755417646482, 5.263012030582992, 13.062658357531678, 12.54710754115869]",19.14382952123789,"[4.10344612882128, 3.052574691927367, 6.094436759437355, 5.893371941051889]",29.968556265436817,19.63011965325855,"[8.429573708994688, 7.443871545920554, 3.756674398343307]",15.68773694352036,10.655746664770835,11.68773694352036,7.6557466647708345,"[5.037537671039763, 5.610049615746478, 2.5759159396130435, 2.464233717121076]","[4.287533746507929, 3.903109902909016, 2.4651030153538898]","[4.037537671039763, 4.610049615746478, 1.5759159396130433, 1.464233717121076]","[3.2875337465079286, 2.903109902909016, 1.4651030153538898]","[10.35266069497375, 11.820640040375583, 4.040810101571906, 3.754445428515579]"
102,0,409,True,True,1.0,3.99,7,7,True,1,8,57.974463760645605,"[11.072323004090348, 9.56529789580927, 6.694373507694367, 8.319635249237464, 13.173787626973942, 2.839258658265884, 6.309787818574339]",29.610040866651786,"[5.318205971595236, 4.7304661793656155, 3.610805668000803, 4.244657747202611, 6.1377771745198375, 2.1073108767236945, 3.460817249243992]",54.642253367588495,12.797574150510899,[12.797574150510899],28.31047881335951,5.991053918699251,21.31047881335951,4.991053918699251,"[4.2553283182035955, 1.975, 3.444698991476647, 5.437864427625507, 2.628844412655117, 6.455107029612173, 4.113635633786474]",[5.991053918699251],"[3.255328318203595, 0.9750000000000001, 2.444698991476647, 4.437864427625507, 1.628844412655117, 5.455107029612173, 3.113635633786474]",[4.991053918699251],"[8.346995687701526, 2.5, 6.268458952504223, 11.37913955801412, 4.17652413501312, 13.987453922082494, 7.98368111227301]"
102,0,410,True,True,1.0,3.99,6,6,True,0,6,67.64473750541222,"[7.9108591223545766, 14.06548019965028, 6.444165475661539, 11.869193562959865, 17.119090815519247, 10.235948329266726]",32.38144762711077,"[4.085235057718284, 6.485537277863609, 3.5132245355080003, 5.628985489554347, 7.676445418052507, 4.9920198484140235]",52.59436682602865,0.0,[],26.51180306215117,0.0,20.51180306215117,0.0,"[3.132014261079016, 5.256909912601792, 7.323928039174933, 4.1630216228327, 3.1376551101136725, 3.49827411634906]",[],"[2.132014261079016, 4.256909912601792, 6.323928039174933, 3.1630216228327, 2.1376551101136725, 2.49827411634906]",[],"[5.466703233535938, 10.915153622055875, 16.215200100448545, 8.11031185341718, 5.481166949009417, 6.405831067561692]"
102,0,411,True,False,,0.0,1,1,,0,1,3.3761937311779913,[3.3761937311779913],2.3167155551594165,[2.3167155551594165],11.577457333771157,0.0,[],5.515208360170751,0.0,0.0,0.0,[5.515208360170751],[],[0.0],[],[11.577457333771157]
102,0,412,True,True,1.0,3.99,6,6,True,1,7,59.00709295604174,"[13.838814650040348, 5.805350292955951, 12.583569375820554, 8.790634517804518, 5.621575464091993, 12.36714865532837]",29.01276625285628,"[6.397137713515736, 3.264086614252821, 5.907592056570016, 4.428347461943762, 3.1924144309958775, 5.8231879755780644]",47.998642568488336,6.1628879912674766,[6.1628879912674766],24.719470601710455,3.403526316594316,18.719470601710455,2.403526316594316,"[7.069708182667953, 4.858638734863415, 2.801535087031789, 3.7184014521877184, 2.3600187079677326, 3.9111684369918462]",[3.403526316594316],"[6.069708182667953, 3.8586387348634146, 1.8015350870317894, 2.7184014521877184, 1.3600187079677328, 2.9111684369918462]",[2.403526316594316],"[15.563354314533212, 9.893945474008754, 4.619320735978947, 6.970260133814662, 3.48722745632752, 7.464534453825246]"
102,0,413,True,True,1.0,3.99,4,4,True,2,6,48.56764606094838,"[29.38220416885581, 8.778615560497771, 6.855942612523264, 3.5508837190715306]",22.94138196376987,"[12.459059625853767, 4.423660068594131, 3.673817618884073, 2.384844650437897]",39.39697287342291,8.483977232896375,"[3.6834816535879487, 4.800495579308426]",19.364819420634937,5.3087511208295854,15.364819420634937,3.3087511208295863,"[5.5736214109806514, 3.7558144652621874, 3.5458303742280424, 6.489553170164055]","[2.4365578448993, 2.872193275930286]","[4.5736214109806514, 2.7558144652621874, 2.5458303742280424, 5.489553170164055]","[1.4365578448993, 1.8721932759302862]","[11.727234387129876, 7.066190936569711, 6.527770190328313, 14.075777359395012]"
102,0,414,True,True,1.0,3.99,3,1,,1,4,10.520316098477108,[10.520316098477108],5.102923278406072,[5.102923278406072],18.674145170112936,7.071094950270195,[7.071094950270195],8.282916616344046,3.7577270306053765,7.282916616344045,2.7577270306053765,[8.282916616344046],[3.7577270306053765],[7.282916616344045],[2.7577270306053765],[18.674145170112936]
102,0,415,True,False,,0.0,2,2,,0,2,26.38482968374214,"[23.38687575432964, 2.9979539294124997]",12.290083576659434,"[10.12088154418856, 2.169202032470875]",18.110954208631,0.0,[],9.063272141366092,0.0,0.0,0.0,"[5.150143027612846, 3.9131291137532447]",[],"[0.0, 0.0]",[],"[10.641392378494476, 7.4695618301365245]"
102,0,416,True,False,,0.0,1,1,,0,1,7.040565351958107,[7.040565351958107],3.745820487263662,[3.745820487263662],15.627349712560978,0.0,[],7.094666387898782,0.0,0.0,0.0,[7.094666387898782],[],[0.0],[],[15.627349712560978]
102,0,417,True,False,,0.0,2,2,,0,2,13.589976755737796,"[9.047418016467914, 4.542558739269882]",7.3000909347377405,"[4.5284930264224865, 2.771597908315254]",24.591635329794656,0.0,[],11.590737778619916,0.0,0.0,0.0,"[8.375394199465449, 3.2153435791544673]",[],"[0.0, 0.0]",[],"[18.911267178116535, 5.680368151678121]"
102,0,418,True,True,1.0,3.99,4,4,True,3,7,28.019776763853358,"[8.492060682960748, 6.44590585231999, 4.135792338759912, 8.946017889812708]",14.927712937902811,"[4.3119036663546915, 3.5139032824047964, 2.6129590121163657, 4.4889469770269566]",24.91987529055475,23.2718115892521,"[6.461277393418069, 9.427421626349469, 7.383112569484561]",13.71875136331635,12.076006519808317,9.71875136331635,9.07600651980832,"[4.84594548880237, 3.879169851562393, 2.422190184142286, 2.5714458388093027]","[3.519898183433047, 4.676694434276293, 3.879413902098979]","[3.8459454888023696, 2.879169851562393, 1.4221901841422862, 1.5714458388093024]","[2.519898183433047, 3.676694434276293, 2.879413902098979]","[9.861398689236845, 7.382486798877931, 3.6466414978007338, 4.029348304639237]"
102,0,419,True,False,,0.0,2,2,,0,2,21.90695831352857,"[8.890849664464152, 13.016108649064416]",10.543713742276141,"[4.4674313691410195, 6.076282373135122]",12.91943787956356,0.0,[],7.038580773029789,0.0,0.0,0.0,"[3.1175822699794744, 3.9209985030503143]",[],"[0.0, 0.0]",[],"[5.4296981281524985, 7.4897397514110615]"
102,0,420,True,False,,0.0,2,2,,0,2,35.28246677839611,"[15.71947824768576, 19.562988530710356]",15.760162043574486,"[7.130596516597447, 8.62956552697704]",18.096577010862227,0.0,[],9.057665034236269,0.0,0.0,0.0,"[5.3295444744877, 3.7281205597485685]",[],"[0.0, 0.0]",[],"[11.10139608843, 6.995180922432226]"
102,0,421,True,True,1.0,3.99,4,4,True,3,7,28.99686820430866,"[6.170412373138414, 4.116745624280712, 7.935560177212833, 10.774150029676703]",15.308778599680377,"[3.4064608255239817, 2.6055307934694776, 4.094868469113004, 5.201918511573914]",42.44222044673996,37.949205617769096,"[21.799846361163436, 3.957547006611375, 12.191812249994282]",20.552465974228586,17.800190190929946,16.552465974228586,14.800190190929946,"[3.2294814163829653, 3.907807272598487, 4.927183073943667, 8.487994211303466]","[9.50194008085374, 2.5434433325784362, 5.7548067774977705]","[2.2294814163829653, 2.907807272598487, 3.927183073943667, 7.487994211303466]","[8.50194008085374, 1.5434433325784362, 4.7548067774977705]","[5.716619016366577, 7.455916083585864, 10.069700189599146, 19.199985157188372]"
102,0,422,True,False,,0.0,2,2,,0,2,28.98385782872264,"[19.575866286951047, 9.407991541771596]",13.30370455320183,"[8.634587851910908, 4.669116701290923]",24.785336546388514,0.0,[],11.66628125309152,0.0,0.0,0.0,"[8.934586834434066, 2.7316944186574545]",[],"[0.0, 0.0]",[],"[20.345094447266835, 4.4402420991216776]"
102,0,423,True,False,,0.0,1,1,,0,1,3.4612678888697532,[3.4612678888697532],2.3498944766592036,[2.3498944766592036],11.449304942145282,0.0,[],5.4652289274366606,0.0,0.0,0.0,[5.4652289274366606],[],[0.0],[],[11.449304942145282]
102,0,424,True,True,1.0,3.99,5,5,True,4,9,53.35844874904613,"[16.426834958048648, 11.569855221718875, 12.25805741257664, 4.3889858698530295, 8.714715286848941]",25.809795012127992,"[7.406465633638973, 5.512243536470361, 5.78064239090489, 2.7117044892426816, 4.3987389618710875]",81.29690687284867,45.495287689549144,"[6.943139808142447, 18.571765325558356, 15.11492516848333, 4.865457387365012]",36.705793680410984,21.743162198924168,31.705793680410984,17.743162198924168,"[9.268670363503437, 6.565867744153781, 6.957428677128202, 1.975, 11.938826895625562]","[3.707824525175554, 8.24298847696776, 6.894820815708499, 2.897528381072355]","[8.268670363503437, 5.565867744153781, 5.957428677128202, 0.9750000000000001, 10.938826895625562]","[2.707824525175554, 7.242988476967759, 5.894820815708499, 1.8975283810723549]","[21.201718880778046, 14.271455754240463, 15.275458146482567, 2.5, 28.048274091347594]"
102,0,425,True,True,1.0,3.99,3,3,True,2,5,9.584725118062714,"[2.5, 2.5, 4.584725118062714]",6.738042796044459,"[1.975, 1.975, 2.7880427960444587]",32.008332843613665,17.645097444473926,"[12.465660387117612, 5.179437057356313]",15.48324980900933,8.881588003344831,12.48324980900933,6.881588003344831,"[4.6138439064373316, 5.032822427792303, 5.836583474779694]","[5.861607550975869, 3.019980452368962]","[3.613843906437332, 4.032822427792303, 4.836583474779694]","[4.861607550975869, 2.019980452368962]","[9.266266426762389, 10.340570327672573, 12.401496089178702]"
102,0,426,True,True,1.0,3.99,4,4,True,0,4,54.41153421132906,"[23.527284519203587, 6.741656160422529, 11.067271806016983, 13.075321725685962]",25.220498342418335,"[10.1756409624894, 3.6292459025647865, 5.3162360043466235, 6.099375473017525]",37.27818307393567,0.0,[],18.53849139883491,0.0,14.538491398834912,0.0,"[1.975, 4.425799446105689, 8.416717783795512, 3.720974168933711]",[],"[0.9750000000000001, 3.4257994461056893, 7.416717783795511, 2.720974168933711]",[],"[2.5, 8.784101143860742, 19.017225086655156, 6.976856843419772]"
102,0,427,True,False,,0.0,2,2,,0,2,31.975648086644416,"[23.86869020307022, 8.106957883574196]",14.470502753791322,"[10.308789179197387, 4.161713574593937]",22.788030825536058,0.0,[],10.887332021959063,0.0,0.0,0.0,"[7.443566349012928, 3.4437656729461352]",[],"[0.0, 0.0]",[],"[16.521964997469045, 6.266065828067013]"
102,0,428,True,True,1.0,3.99,3,3,True,0,3,25.35313107378904,"[7.532441713042985, 8.057346139643379, 9.763343221102676]",12.887721118777725,"[3.9376522680867643, 4.142364994460918, 4.807703856230043]",28.57650233860648,0.0,[],14.144835912056527,0.0,11.144835912056527,0.0,"[3.599206938072764, 5.30314447597699, 5.242484498006773]",[],"[2.599206938072764, 4.30314447597699, 4.242484498006773]",[],"[6.664633174545549, 11.033703784556383, 10.878165379504546]"
102,0,429,True,False,,0.0,2,2,,0,2,29.84440066497708,"[15.729697115510138, 14.114703549466942]",13.639316259341062,"[7.134581875048954, 6.5047343842921075]",16.182424847839563,0.0,[],8.31114569065743,0.0,0.0,0.0,"[4.511347201800264, 3.799798488857166]",[],"[0.0, 0.0]",[],"[9.00345436359042, 7.1789704842491435]"
102,0,430,True,True,1.0,3.99,4,2,,2,6,20.142071152688445,"[17.40411883481519, 2.7379523178732557]",9.855407749548494,"[7.787606345577924, 2.0678014039705697]",48.04890929105347,17.334884434444724,"[11.669234706399415, 5.665649728045309]",20.739074623510852,8.760604929433441,18.739074623510852,6.760604929433442,"[5.485791577788293, 15.253283045722561]","[5.551001535495772, 3.2096033939376705]","[4.485791577788293, 14.253283045722561]","[4.551001535495772, 2.2096033939376705]","[11.502029686636646, 36.54687960441682]"
102,0,431,True,True,1.0,3.99,5,5,True,0,5,55.52929497740563,"[16.023087612110988, 14.055169153913821, 7.139927647626401, 15.81111056375442, 2.5]",26.656425041188196,"[7.249004168723285, 6.481515970026391, 3.784571782574296, 7.166333119864224, 1.975]",35.591286960492354,0.0,[],18.88060191459202,0.0,13.88060191459202,0.0,"[3.23174276978638, 4.555666967144369, 2.7073709333732063, 6.311666583632652, 2.0741546606554127]",[],"[2.23174276978638, 3.555666967144369, 1.7073709333732066, 5.311666583632652, 1.0741546606554127]",[],"[5.722417358426616, 9.117094787549664, 4.377874188136427, 13.619657906750389, 2.754242719629263]"
102,0,432,True,False,,0.0,2,2,,0,2,24.532677514557346,"[12.42966974912807, 12.103007765429275]",11.567744230677366,"[5.847571202159948, 5.720173028517418]",27.014105705434027,0.0,[],12.53550122511927,0.0,0.0,0.0,"[4.424111163127007, 8.111390061992264]",[],"[0.0, 0.0]",[],"[8.779772213146172, 18.234333492287853]"
102,0,433,True,False,,0.0,1,1,,0,1,13.69586502931947,[13.69586502931947],6.3413873614345935,[6.3413873614345935],10.099794537165534,0.0,[],4.938919869494558,0.0,0.0,0.0,[4.938919869494558],[],[0.0],[],[10.099794537165534]
102,0,434,True,False,,0.0,1,1,,0,1,9.585046390058807,[9.585046390058807],4.738168092122935,[4.738168092122935],7.3931754963530185,0.0,[],3.8833384435776774,0.0,0.0,0.0,[3.8833384435776774],[],[0.0],[],[7.3931754963530185]
102,0,435,True,True,1.0,3.99,3,3,True,1,4,19.96793083317347,"[8.135418995110552, 2.5, 9.332511838062917]",10.787493024937653,"[4.172813408093115, 1.975, 4.639679616844537]",14.558715199928935,4.474076163920406,[4.474076163920406],8.677898927972285,2.7448897039289584,5.677898927972285,1.7448897039289586,"[2.880281023367483, 2.7982990105811516, 2.9993188940236504]",[2.7448897039289584],"[1.8802810233674832, 1.7982990105811516, 1.9993188940236502]",[1.7448897039289586],"[4.8212333932499565, 4.611023104054235, 5.126458702624744]"
102,0,436,True,True,1.0,3.99,3,3,True,1,4,29.178911910900784,"[21.228913801938024, 2.5, 5.44999810896276]",14.379775645251307,"[9.27927638275583, 1.975, 3.1254992624954765]",31.263154369705585,5.184517184376328,[5.184517184376328],15.192630204185178,3.021961701906768,12.192630204185178,2.021961701906768,"[3.6352455379396815, 9.571986521607268, 1.9853981446382294]",[3.021961701906768],"[2.6352455379396815, 8.571986521607268, 0.9853981446382293]",[2.021961701906768],"[6.757039840870978, 21.979452619505814, 2.526661909328793]"
102,0,437,True,True,1.0,3.99,5,5,True,0,5,33.13863500533677,"[3.5136121351644456, 6.224805513964834, 6.64760184041727, 11.961176302146564, 4.7914392136436605]",17.92406765208134,"[2.370308732714134, 3.4276741504462853, 3.5925647177627353, 5.66485875783716, 2.8686612933210274]",40.81345129307512,0.0,[],20.917246004299297,0.0,15.917246004299297,0.0,"[4.7579900775479, 4.157169839938502, 5.601945180821187, 3.1472347874598365, 3.252906118531872]",[],"[3.7579900775478996, 3.157169839938503, 4.601945180821187, 2.1472347874598365, 2.252906118531872]",[],"[9.635871993712563, 8.095307281893596, 11.799859438003043, 5.5057302242559905, 5.776682355209928]"
102,0,438,True,True,1.0,3.99,5,5,True,2,7,45.72796433767525,"[7.350526811074281, 6.271372301684824, 11.453520553871273, 10.426256981737227, 10.226287689307647]",22.83390609169335,"[3.86670545631897, 3.4458351976570816, 5.466873016009797, 5.066240222877519, 4.988252198829983]",45.52029242930277,14.581896447728315,"[11.648598634559967, 2.9332978131683487]",22.752914047428085,7.686939614614044,17.752914047428085,5.686939614614044,"[5.948357767144862, 1.975, 6.797596236063407, 3.7461028510670253, 4.285857193152788]","[5.542953467478387, 2.143986147135656]","[4.948357767144862, 0.9750000000000001, 5.797596236063407, 2.7461028510670253, 3.285857193152788]","[4.542953467478387, 1.143986147135656]","[12.68809683883298, 2.5, 14.865631374521554, 7.041289361710321, 8.425274854237918]"
102,0,439,True,True,1.0,3.99,5,5,True,0,5,63.47692004704949,"[12.03272576591274, 5.106535600513927, 23.63103644584918, 7.066133446931008, 15.640488787842646]",29.755998818349305,"[5.692763048705969, 2.9915488842004314, 10.21610421388118, 3.755792044303093, 7.099790627258632]",30.801481494859857,0.0,[],17.012577782995344,0.0,12.012577782995344,0.0,"[1.975, 6.661829659171587, 1.975, 2.0894305257292425, 4.311317598094514]",[],"[0.9750000000000001, 5.661829659171587, 0.9750000000000001, 1.0894305257292423, 3.311317598094514]",[],"[2.5, 14.517511946593812, 2.5, 2.7934116044339543, 8.490557943832087]"
102,0,440,True,False,,0.0,1,1,,0,1,6.24452484360748,[6.24452484360748],3.435364689006917,[3.435364689006917],5.771176734340836,0.0,[],3.250758926392926,0.0,0.0,0.0,[3.250758926392926],[],[0.0],[],[5.771176734340836]
102,0,441,True,True,1.0,3.99,3,3,True,2,5,24.35313782687721,"[9.213777705956325, 3.7704323419327688, 11.368927778988116]",12.497723752482113,"[4.593373305322967, 2.4704686133537797, 5.433881833805366]",26.84709123656171,6.847407281931955,"[2.5993778482731615, 4.248029433658793]",13.470365582259067,4.670488839953462,10.470365582259067,2.6704888399534625,"[2.1837063100749283, 7.2294633232046275, 4.057195948979512]","[2.013757360826533, 2.6567314791269294]","[1.1837063100749285, 6.2294633232046275, 3.0571959489795115]","[1.0137573608265331, 1.6567314791269294]","[3.035144384807509, 15.972982880011864, 7.838963971742337]"
102,0,442,True,False,,0.0,1,1,,0,1,3.8641307466295083,[3.8641307466295083],2.507010991185508,[2.507010991185508],6.834808628639504,0.0,[],3.6655753651694067,0.0,0.0,0.0,[3.6655753651694067],[],[0.0],[],[6.834808628639504]
102,0,443,True,True,1.0,3.99,3,3,True,2,5,22.302220340071198,"[7.895166658209131, 4.292296897854249, 10.114756784007817]",11.697865932627767,"[4.079114996701561, 2.6739957901631572, 4.9447551457630485]",29.99470811066243,21.78517708352507,"[10.848415919248092, 10.936761164276978]",14.697936163158348,10.496219062574777,11.697936163158348,8.496219062574777,"[6.255742039070866, 5.398404994866488, 3.043789129220993]","[5.230882208506756, 5.265336854068022]","[5.255742039070866, 4.398404994866488, 2.043789129220993]","[4.230882208506756, 4.265336854068022]","[13.476261638643246, 11.277961525298688, 5.240484946720494]"
102,0,444,True,True,1.0,3.99,6,6,True,4,10,46.46836063579946,"[2.5, 19.308712260026205, 2.857477186053126, 7.533225552385682, 6.227625613228046, 8.041320024106406]",24.12266064796179,"[1.975, 8.530397781410219, 2.1144161025607193, 3.937957965430416, 3.428773989158938, 4.136114809401499]",89.4387626120359,54.47577155517273,"[23.91979306685039, 21.3893768854533, 4.365104497149968, 4.801497105719065]",40.881117418694004,25.245550906517362,34.881117418694004,21.245550906517362,"[4.539784600750534, 3.2741922499597704, 6.060663498151479, 2.7569535723619465, 15.145488816008141, 9.10403468146213]","[10.328719296071652, 9.341856985326787, 2.7023907538884875, 2.8725838712304355]","[3.539784600750534, 2.2741922499597704, 5.060663498151479, 1.7569535723619465, 14.145488816008141, 8.10403468146213]","[9.328719296071652, 8.341856985326787, 1.7023907538884875, 1.8725838712304355]","[9.076370771155215, 5.8312621793840265, 12.976060251670459, 4.505009159902427, 36.27048414361062, 20.779576106313154]"
102,0,445,True,True,1.0,3.99,5,5,True,0,5,39.55830927014196,"[3.0084127775700296, 3.946459260707282, 9.029624985874856, 3.2970065762186977, 20.276805669771097]",20.42774061535537,"[2.1732809832523117, 2.53911911167584, 4.521553744491194, 2.2858325647252924, 8.907954211210729]",36.1435754900623,0.0,[],19.095994441124297,0.0,14.095994441124295,0.0,"[6.011872516986076, 4.823608977423204, 3.0975245003380207, 3.1879884463769956, 1.975]",[],"[5.011872516986076, 3.823608977423204, 2.0975245003380207, 2.1879884463769956, 0.9750000000000001]",[],"[12.850955171759168, 9.80412558313642, 5.378267949584668, 5.61022678558204, 2.5]"
102,0,446,True,False,,0.0,2,2,,0,2,24.13722302976184,"[10.34977256395277, 13.787450465809073]",11.413516981607119,"[5.03641129994158, 6.3771056816655385]",11.495532481532358,0.0,[],6.48325766779762,0.0,0.0,0.0,"[2.3194802015308325, 4.1637774662667875]",[],"[0.0, 0.0]",[],"[3.3832825680277754, 8.112249913504582]"
102,0,447,True,True,1.0,3.99,3,3,True,1,4,42.09240500283505,"[7.512877067432581, 5.213625324547782, 29.36590261085469]",19.41603795110567,"[3.9300220562987067, 3.033313876573635, 12.45270201823333]",31.48915614003929,7.870596180991145,[7.870596180991145],15.280770894615324,4.069532510586546,12.280770894615324,3.0695325105865465,"[5.858418972650412, 6.141226222274557, 3.281125699690355]",[4.069532510586546],"[4.858418972650412, 5.141226222274557, 2.281125699690355]",[3.0695325105865465],"[12.457484545257467, 13.182631339165528, 5.849040255616295]"
102,0,448,True,False,,0.0,1,1,,0,1,11.371033344828438,[11.371033344828438],5.434703004483091,[5.434703004483091],10.158233738129448,0.0,[],4.961711157870485,0.0,0.0,0.0,[4.961711157870485],[],[0.0],[],[10.158233738129448]
102,0,449,True,False,,0.0,2,2,,0,2,36.690217120536744,"[23.454754490225483, 13.23546263031126]",16.30918467700933,"[10.147354251187938, 6.161830425821392]",15.893382448346474,0.0,[],8.198419154855126,0.0,0.0,0.0,"[3.50482359034995, 4.693595564505175]",[],"[0.0, 0.0]",[],"[6.422624590640897, 9.470757857705577]"
102,0,450,True,False,,0.0,2,2,,0,2,16.169166726634625,"[4.741896711685014, 11.427270014949611]",8.305975023387504,"[2.8493397175571555, 5.456635305830349]",35.247260029003,0.0,[],15.746431411311171,0.0,0.0,0.0,"[7.874891119343216, 7.871540291967955]",[],"[0.0, 0.0]",[],"[17.627925947033887, 17.619334081969114]"
102,0,451,True,True,1.0,3.99,6,6,True,1,7,47.79075269020364,"[7.450719993142086, 23.681721001118845, 6.975873260126271, 2.5, 3.3241271877243195, 3.8583112480921162]",24.638393549179423,"[3.9057807973254137, 10.23587119043635, 3.7205905714492458, 1.975, 2.2964096032124846, 2.504741386755925]",48.890612262627755,10.188428611178377,[10.188428611178377],25.06733878242482,4.973487158359568,19.067338782424823,3.9734871583595672,"[3.9555155974839775, 2.0343274807511, 5.08612588423573, 4.399846823086961, 5.323636328874957, 4.267886667992096]",[4.973487158359568],"[2.9555155974839775, 1.0343274807511, 4.08612588423573, 3.3998468230869614, 4.323636328874957, 3.2678866679920966]",[3.9734871583595672],"[7.578245121753788, 2.652121745515641, 10.477245857014692, 8.717555956633234, 11.086246997115275, 8.37919658459512]"
102,0,452,True,True,1.0,3.99,3,3,True,2,5,49.37146371772335,"[13.220748089546383, 10.08565463550536, 26.065060992671608]",22.25487084991211,"[6.156091754923089, 4.9334053078470905, 11.165373787141927]",33.331848353848436,10.257919068306071,"[6.6977610726313195, 3.5601579956747513]",15.99942085800089,6.000588436639368,12.999420858000889,4.000588436639368,"[3.887751251035694, 4.497078551847171, 7.614591055118025]","[3.6121268183262147, 2.388461618313153]","[2.887751251035694, 3.4970785518471708, 6.614591055118025]","[2.6121268183262147, 1.388461618313153]","[7.404490387271011, 8.966868081659412, 16.96048988491801]"
102,0,453,True,False,,0.0,1,1,,0,1,13.199978991057424,[13.199978991057424],6.147991806512396,[6.147991806512396],11.645499992472988,0.0,[],5.541744997064465,0.0,0.0,0.0,[5.541744997064465],[],[0.0],[],[11.645499992472988]
102,0,454,True,True,1.0,3.99,4,4,True,1,5,34.96446478516591,"[6.420455400571786, 4.680566311979191, 9.398129294079402, 14.46531377853553]",17.636141266214704,"[3.5039776062229966, 2.8254208616718843, 4.665270424690966, 6.641472373628857]",37.15999355482989,20.93710872306766,[20.93710872306766],18.49239748638366,9.165472401996388,14.492397486383657,8.165472401996388,"[4.165511310885279, 6.067676819784742, 6.284209355713638, 1.975]",[9.165472401996388],"[3.1655113108852784, 5.067676819784742, 5.284209355713638, 0.9750000000000001]",[8.165472401996388],"[8.116695668936611, 12.994043127653184, 13.549254758240096, 2.5]"
102,0,455,True,False,,0.0,1,1,,0,1,7.872593396505933,[7.872593396505933],4.070311424637314,[4.070311424637314],22.001566860296307,0.0,[],9.58061107551556,0.0,0.0,0.0,[9.58061107551556],[],[0.0],[],[22.001566860296307]
102,0,456,True,True,1.0,3.99,4,4,True,2,6,27.042401524014668,"[2.5, 10.811762699379793, 9.056219330853233, 4.674419493781642]",14.54653659436572,"[1.975, 5.2165874527581195, 4.531925539032761, 2.8230236025748403]",43.298365497108236,23.935529515395793,"[9.947768659265101, 13.98776085613069]",20.886362543872213,11.334856511004359,16.886362543872213,9.334856511004359,"[3.0264756159086907, 5.67942420552456, 3.8395889249926847, 8.340873797446278]","[4.87962977711339, 6.455226733890969]","[2.0264756159086907, 4.67942420552456, 2.8395889249926847, 7.340873797446277]","[3.8796297771133896, 5.455226733890969]","[5.196091322842797, 11.998523603909128, 7.280997243570986, 18.822753326785325]"
102,0,457,True,True,1.0,3.99,7,7,True,2,9,42.118904561675464,"[3.3382097974259253, 5.338531208519212, 7.530769971805106, 7.652767838373439, 5.399977893747323, 5.107042433663413, 7.7516054181410485]",23.42637277905343,"[2.301901820996111, 3.0820271713224927, 3.9370002890039912, 3.9845794569656414, 3.105991378561456, 2.991746549128731, 4.0231261130750084]",71.39424558664216,14.847722879411995,"[3.4455479534376074, 11.402174925974387]",34.843755778790445,7.790611922970678,27.843755778790445,5.790611922970678,"[2.632057682307007, 2.957838059621599, 7.148833814733741, 4.255321654166838, 7.680868314994331, 3.831646144970985, 6.3371901079959425]","[2.343763701840667, 5.446848221130011]","[1.6320576823070068, 1.9578380596215992, 6.148833814733741, 3.255321654166839, 6.680868314994331, 2.831646144970985, 5.3371901079959425]","[1.343763701840667, 4.446848221130011]","[4.184763287966684, 5.020097588773331, 15.766240550599335, 8.346978600427791, 17.130431576908542, 7.260631140951244, 13.685102841015237]"
102,0,458,True,False,,0.0,1,1,,0,1,5.322922757236606,[5.322922757236606],3.0759398753222764,[3.0759398753222764],9.298917008357632,0.0,[],4.626577633259476,0.0,0.0,0.0,[4.626577633259476],[],[0.0],[],[9.298917008357632]
102,0,459,True,True,1.0,3.99,3,3,True,2,5,25.406663107735525,"[10.959933445208998, 2.5, 11.94672966252653]",12.908598612016856,"[5.274374043631509, 1.975, 5.659224568385347]",17.636431060916575,12.114594504829064,"[5.1037395169735635, 7.010854987855501]",9.878208113757465,6.724691856883335,6.878208113757465,4.724691856883335,"[2.6197373484476465, 4.908425519117554, 2.3500452461922645]","[2.9904584116196897, 3.734233445263645]","[1.6197373484476465, 3.9084255191175536, 1.3500452461922645]","[1.99045841161969, 2.734233445263645]","[4.153172688327299, 10.021603895173214, 3.4616544774160625]"
102,0,460,True,True,1.0,3.99,4,4,True,1,5,36.45561655975336,"[7.8281405660291945, 9.116810538973693, 9.260442070951086, 10.250223383799389]",18.21769045830381,"[4.052974820751386, 4.55555611019974, 4.6115724076709235, 4.997587119681762]",25.934455273033965,2.5281963325766594,[2.5281963325766594],14.114437556483246,1.9859965697048971,10.114437556483246,0.9859965697048972,"[2.4955777771901193, 5.0700009174462055, 3.4446329488359035, 3.104225913011018]",[1.9859965697048971],"[1.495577777190119, 4.0700009174462055, 2.4446329488359035, 2.104225913011018]",[0.9859965697048972],"[3.8348148133079976, 10.435899788323605, 6.2682896123997525, 5.39545105900261]"
102,0,461,True,True,1.0,3.99,3,3,True,1,4,12.712519559098475,"[5.842349486171859, 2.5, 4.370170072926616]",7.957882628048405,"[3.278516299607025, 1.975, 2.70436632844138]",20.700548202900627,12.582041887840854,[12.582041887840854],11.073213799131246,5.906996336257933,8.073213799131246,4.906996336257933,"[2.7931051325704397, 4.3283149921080275, 3.951793674452778]",[5.906996336257933],"[1.79310513257044, 3.3283149921080275, 2.951793674452778]",[4.906996336257933],"[4.597705468129333, 8.534141005405198, 7.568701729366097]"
102,0,462,True,False,,0.0,1,1,,0,1,2.5,[2.5],1.975,[1.975],8.749205149129923,0.0,[],4.412190008160669,0.0,0.0,0.0,[4.412190008160669],[],[0.0],[],[8.749205149129923]
102,0,463,True,True,1.0,3.99,7,5,,1,8,34.06520442252914,"[13.852311285196036, 8.596588084791122, 3.121485267843417, 5.9737217271753735, 2.5210980575231896]",18.285429724786365,"[6.402401401226454, 4.352669353068538, 2.217379254458933, 3.329751473598396, 1.983228242434044]",44.79402528371132,2.4718188453949383,[2.4718188453949383],22.469669860647418,1.964009349704026,17.469669860647418,0.964009349704026,"[5.447593159401591, 7.670069085733696, 4.194871175912476, 3.1533670905889792, 2.003769349010674]",[1.964009349704026],"[4.447593159401591, 6.670069085733696, 3.1948711759124757, 2.1533670905889792, 1.003769349010674]",[0.964009349704026],"[11.404085024106642, 17.102741245471016, 8.191977374134552, 5.52145407843328, 2.573767561565831]"
102,0,464,True,True,1.0,3.99,5,5,True,1,6,44.76497570112991,"[16.91596461639882, 11.842951671789919, 4.671401467429539, 4.50705372730863, 6.827604218203003]",22.458340523440665,"[7.59722620039554, 5.618751151998069, 2.8218465722975203, 2.757750953650366, 3.6627656450991712]",45.60220038944837,5.972895480257155,[5.972895480257155],22.784858151884865,3.3294292373002907,17.784858151884865,2.3294292373002907,"[6.690933429615488, 1.975, 2.5451821635591365, 4.436667024201741, 7.137075534508499]",[3.3294292373002907],"[5.690933429615488, 0.9750000000000001, 1.5451821635591363, 3.4366670242017414, 6.137075534508499]",[2.3294292373002907],"[14.592136999014071, 2.5, 3.9620055475875287, 8.811966728722414, 15.736091114124356]"
102,0,465,True,True,1.0,3.99,3,3,True,1,4,37.64725470657653,"[11.504523422256344, 3.9003878400979897, 22.2423434442222]",17.682429335564848,"[5.486764134679975, 2.5211512576382162, 9.674513943246659]",27.62702350916301,2.828706374761642,[2.828706374761642],13.774539168573575,2.1031954861570403,10.774539168573575,1.1031954861570406,"[2.3896568396679614, 6.769358302556599, 4.615524026349014]",[2.1031954861570403],"[1.3896568396679616, 5.769358302556599, 3.6155240263490147]",[1.1031954861570406],"[3.563222665815286, 14.793226416811791, 9.270574426535935]"
102,0,466,True,False,,0.0,1,1,,0,1,11.828357144231797,[11.828357144231797],5.613059286250401,[5.613059286250401],7.601901519560373,0.0,[],3.964741592628546,0.0,0.0,0.0,[3.964741592628546],[],[0.0],[],[7.601901519560373]
102,0,467,True,False,,0.0,2,2,,0,2,20.703900427441084,"[12.92184879484182, 7.782051632599265]",10.074521166702024,"[6.03952102998831, 4.035000136713713]",69.45615554731812,0.0,[],29.087900663454064,0.0,0.0,0.0,"[16.395210962771863, 12.692689700682202]",[],"[0.0, 0.0]",[],"[39.47489990454324, 29.981255642774876]"
102,0,468,True,True,1.0,3.99,3,3,True,3,6,32.99807335678942,"[19.340980606817837, 5.100326649519799, 8.55676610045178]",15.86924860914787,"[8.542982436658956, 2.989127393312722, 4.337138779176194]",25.24887243093065,29.413993232286828,"[4.6946289111124875, 11.685634398216955, 13.033729922957384]",12.847060248062954,14.471457360591863,9.847060248062954,11.471457360591863,"[5.057017309019207, 4.2547994611328015, 3.5352434779109454]","[2.83090527533387, 5.557397415304613, 6.08315466995338]","[4.057017309019207, 3.254799461132801, 2.5352434779109454]","[1.8309052753338702, 4.557397415304613, 5.08315466995338]","[10.402608484664633, 8.345639643930259, 6.5006243023357575]"
102,0,469,True,True,1.0,3.99,3,3,True,1,4,29.88117687238715,"[11.698259277941524, 4.9107607930818356, 13.27215680136379]",14.653658980230988,"[5.562321118397195, 2.9151967093019158, 6.176141152531878]",24.16223339234835,9.207103585030788,[9.207103585030788],12.423271023015857,4.590770398162007,9.423271023015857,3.5907703981620074,"[3.357588357559621, 4.191223961824269, 4.8744587036319675]",[4.590770398162007],"[2.357588357559621, 3.191223961824269, 3.874458703631968]",[3.5907703981620074],"[6.045098352716976, 8.182625543139151, 9.934509496492225]"
102,0,470,True,False,,0.0,1,1,,0,1,9.760473149150592,[9.760473149150592],4.806584528168731,[4.806584528168731],17.76552960697858,0.0,[],7.928556546721646,0.0,0.0,0.0,[7.928556546721646],[],[0.0],[],[17.76552960697858]
102,0,471,True,True,1.0,3.99,4,4,True,4,8,27.01195306304775,"[4.801854862828303, 5.637678997464142, 9.113416493139546, 7.459002709615762]",14.534661694588623,"[2.872723396503038, 3.198694809011015, 4.554232432324423, 3.9090110567501473]",29.475824258303973,33.22108920912544,"[12.085838216231412, 5.411377886454011, 5.5060738625258, 10.217799243914211]",15.49557146073855,16.95622479155892,11.49557146073855,12.95622479155892,"[3.5835996297656645, 4.37014155945972, 5.295014674388614, 2.2468155971245505]","[5.713476904330251, 3.1104373757170647, 3.147368806385062, 4.984941705126543]","[2.5835996297656645, 3.3701415594597197, 4.295014674388614, 1.2468155971245503]","[4.713476904330251, 2.1104373757170647, 2.147368806385062, 3.9849417051265426]","[6.624614435296576, 8.64138861399928, 11.012858139457986, 3.196963069550129]"
102,0,472,True,False,,0.0,2,2,,0,2,22.376515619553857,"[9.52096711422386, 12.855548505329999]",10.726841091626005,"[4.7131771745473054, 6.013663917078699]",20.781941074001878,0.0,[],10.104957018860732,0.0,0.0,0.0,"[6.690116572732695, 3.4148404461280375]",[],"[0.0, 0.0]",[],"[14.590042494186395, 6.191898579815481]"
102,0,473,True,False,,0.0,1,1,,0,1,14.816235144021846,[14.816235144021846],6.77833170616852,[6.77833170616852],5.601999036045008,0.0,[],3.184779624057553,0.0,0.0,0.0,[3.184779624057553],[],[0.0],[],[5.601999036045008]
102,0,474,True,True,1.0,3.99,3,3,True,1,4,20.40247249222223,"[5.954913389373335, 7.5074923811997225, 6.940066721649173]",10.95696427196667,"[3.3224162218556006, 3.9279220286678918, 3.7066260214431774]",31.673051978195765,12.222711460777314,[12.222711460777314],15.35249027149635,5.766857469703153,12.35249027149635,4.766857469703153,"[10.80527560417478, 2.522324036099485, 2.0248906312220853]",[5.766857469703153],"[9.80527560417478, 1.522324036099485, 1.0248906312220853]",[4.766857469703153],"[25.14173231839687, 3.9033949643576538, 2.6279246954412443]"
102,0,475,True,True,1.0,3.99,6,6,True,2,8,42.25628050535265,"[3.0880627612629077, 9.603748459352257, 6.14134220057101, 4.893688943401913, 10.793860901912485, 7.735577238852075]",22.479949397087534,"[2.204344476892534, 4.74546189914738, 3.395123458222694, 2.908538687926746, 5.209605751745869, 4.016875123152309]",62.15230947854237,28.87338804452389,"[22.939577597916, 5.93381044660789]",30.239400696631524,13.260621337364316,24.239400696631524,11.260621337364316,"[3.7618743794136194, 9.122555216603743, 5.135969047862719, 3.126682471759151, 6.752876767326793, 2.339442813665498]","[9.94643526318724, 3.3141860741770772]","[2.7618743794136194, 8.122555216603743, 4.135969047862719, 2.126682471759151, 5.752876767326793, 1.339442813665498]","[8.94643526318724, 2.3141860741770772]","[7.0817291779836395, 20.827064657958317, 10.60504884067364, 5.4530319788696175, 14.7509660700687, 3.4344687529884563]"
102,0,476,True,True,1.0,3.99,3,3,True,5,8,26.000008810289685,"[10.78681865149269, 6.538510158672068, 8.674680000124928]",13.140003436012977,"[5.206859274082149, 3.5500189618821065, 4.383125200048722]",23.316738415536577,50.62767248801286,"[3.671875746430434, 4.526698203665474, 21.046026253689334, 10.323256599310188, 11.059815684917428]",12.093527982059264,24.744792270325018,9.093527982059264,19.744792270325018,"[2.8823220253383584, 5.194791458657569, 4.0164144980633365]","[2.432031541107869, 2.765412299429535, 9.20795023893884, 5.026070073730973, 5.3133281171177975]","[1.8823220253383586, 4.194791458657569, 3.0164144980633365]","[1.4320315411078692, 1.7654122994295351, 8.20795023893884, 4.026070073730973, 4.3133281171177975]","[4.826466731636817, 10.755875535019408, 7.73439614888035]"
102,0,477,True,True,1.0,3.99,6,6,True,1,7,52.25195380932869,"[6.6088934352882065, 14.808304323078724, 9.41247335226439, 7.84588595309333, 10.62984729364863, 2.9465494519554074]",26.37826198563819,"[3.577468439762401, 6.775238686000702, 4.670864607383113, 4.059895521706398, 5.145640444522966, 2.149154286262609]",69.17484910528594,11.23011995313001,[11.23011995313001],32.97819115106152,5.379746781720704,26.978191151061523,4.379746781720704,"[8.492961511159525, 4.259138230352319, 6.586348228690661, 5.22065031487592, 2.507527830073646, 5.911565035909449]",[5.379746781720704],"[7.492961511159525, 3.259138230352319, 5.586348228690661, 4.22065031487592, 1.5075278300736459, 4.911565035909449]",[4.379746781720704],"[19.21272182348596, 8.356764693211074, 14.323969817155541, 10.82218029455364, 3.86545597454781, 12.593756502331921]"
102,0,478,True,True,1.0,3.99,4,4,True,3,7,38.96236557310764,"[6.5014981792418345, 10.936107519743924, 12.715942879363476, 8.8088169947584]",19.19532257351198,"[3.5355842899043157, 5.265081932700131, 5.959217722951756, 4.435438627955776]",47.498108830177486,21.67750196380527,"[7.491791771744461, 4.8273103550485, 9.35839983701231]",22.52426244376922,11.454225765884058,18.52426244376922,8.454225765884056,"[7.913061024265323, 4.847108116956212, 5.469455524580609, 4.294637777967076]","[3.9217987909803402, 2.8826510384689152, 4.649775936434802]","[6.913061024265323, 3.8471081169562122, 4.469455524580609, 3.2946377779670764]","[2.9217987909803402, 1.882651038468915, 3.6497759364348012]","[17.72579749811621, 9.864379787067211, 11.46014237071951, 8.447789174274554]"
102,0,479,True,False,,0.0,1,1,,0,1,9.353165882084255,[9.353165882084255],4.647734694012859,[4.647734694012859],12.449876949805372,0.0,[],5.855452010424095,0.0,0.0,0.0,[5.855452010424095],[],[0.0],[],[12.449876949805372]
102,0,480,True,False,,0.0,2,2,,0,2,5.756155975487762,"[2.896248039023231, 2.8599079364645315]",4.244900830440227,"[2.1295367352190597, 2.1153640952211674]",17.502465602199095,0.0,[],8.825961584857646,0.0,0.0,0.0,"[4.9514285197290775, 3.874533065128569]",[],"[0.0, 0.0]",[],"[10.131867999305328, 7.370597602893767]"
102,0,481,True,True,1.0,3.99,3,3,True,3,6,54.43311731316997,"[14.721444512906144, 19.981682882906792, 19.72998991735704]",24.22891575213629,"[6.741363360033397, 8.792856324333648, 8.694696067769247]",26.179436387968117,24.80250939674761,"[6.657163239709854, 2.307833242499937, 15.837512914537818]",13.209980191307565,12.672978664731568,10.209980191307565,9.672978664731568,"[3.9443459178891755, 1.975, 7.29063427341839]","[3.5962936634868434, 1.9000549645749754, 7.176630036669749]","[2.9443459178891755, 0.9750000000000001, 6.29063427341839]","[2.5962936634868434, 0.9000549645749755, 6.176630036669749]","[7.549604917664553, 2.5, 16.129831470303564]"
102,0,482,True,True,1.0,3.99,5,5,True,3,8,33.990955010537334,"[11.384606660178548, 3.7092210086676918, 3.83127721345321, 6.654601999688606, 8.411248128549275]",18.25647245410956,"[5.439996597469634, 2.4465961933804, 2.494198113246752, 3.5952947798785564, 4.280386770134218]",60.353189356096124,52.9043430470516,"[27.140529146919565, 13.767019473719541, 11.99679442641249]",28.53774384887749,23.632693788350124,23.53774384887749,20.632693788350124,"[6.812702549397401, 8.500772635134167, 5.635785381509897, 2.647950617240315, 4.940532665595709]","[11.584806367298631, 6.3691375947506215, 5.678749826300871]","[5.812702549397401, 7.500772635134167, 4.635785381509897, 1.647950617240315, 3.940532665595709]","[10.584806367298631, 5.3691375947506215, 4.678749826300871]","[14.904365511275387, 19.232750346497863, 11.88662918335871, 4.225514403180295, 10.103929911783869]"
102,0,483,True,True,1.0,3.99,4,4,True,1,5,63.500047796652154,"[13.059961207901019, 16.157546498662168, 20.80361359969725, 13.478926490391718]",28.76501864069434,"[6.093384871081398, 7.301443134478245, 9.113409303881928, 6.25678133125277]",29.31502850489589,7.20517422198558,[7.20517422198558],15.432861116909397,3.810017946574376,11.432861116909397,2.810017946574376,"[6.326657518950979, 1.975, 3.0596843881902003, 4.071519209768217]",[3.810017946574376],"[5.326657518950979, 0.9750000000000001, 2.0596843881902003, 3.071519209768218]",[2.810017946574376],"[13.658096202438408, 2.5, 5.281242021000513, 7.8756902814569685]"
102,0,484,True,True,1.0,3.99,3,3,True,2,5,29.21114958199859,"[11.00433652648556, 8.781277462302837, 9.425535593210192]",14.392348336979449,"[5.2916912453293685, 4.424698210298107, 4.675958881351975]",32.36051666104322,23.584830397938184,"[13.10119300114241, 10.483637396795775]",15.620601497806858,11.198083855195893,12.620601497806858,9.198083855195893,"[3.54201725240913, 8.235999671405377, 3.8425845739923505]","[6.10946527044554, 5.0886185847503524]","[2.54201725240913, 7.235999671405377, 2.8425845739923505]","[5.10946527044554, 4.0886185847503524]","[6.517992954895205, 18.553845311295838, 7.28867839485218]"
102,0,485,True,False,,0.0,2,2,,0,2,14.384688727674197,"[2.8109169289882368, 11.57377179868596]",7.610028603792937,"[2.0962576023054122, 5.513771001487525]",9.948968552212396,0.0,[],5.880097735362835,0.0,0.0,0.0,"[1.975, 3.9050977353628347]",[],"[0.0, 0.0]",[],"[2.5, 7.4489685522123965]"
102,0,486,True,True,1.0,3.99,5,5,True,3,8,77.87474745816326,"[16.666934934839414, 14.031242156301175, 19.935459122046996, 14.760374713842339, 12.480736531133324]",35.37115150868367,"[7.5001046245873715, 6.4721844409574585, 8.774829057598328, 6.756546138398512, 5.867487247141996]",55.533791482014585,18.366766976865872,"[3.751272544081585, 7.075062180479152, 7.540432252305135]",26.65817867798569,10.16303912097769,21.658178677985692,7.16303912097769,"[6.1970619204491255, 9.842471155371083, 5.161905045756112, 3.2260831746434104, 2.23065738176596]","[2.462996292191818, 3.759274250386869, 3.9407685783990027]","[5.1970619204491255, 8.842471155371083, 4.161905045756112, 2.2260831746434104, 1.2306573817659603]","[1.462996292191818, 2.759274250386869, 2.9407685783990027]","[13.325799796023398, 22.673002962489957, 10.671551399374644, 5.707905576008745, 3.1555317481178466]"
102,0,487,True,False,,0.0,2,2,,0,2,8.073731674981609,"[2.5, 5.573731674981609]",5.148755353242827,"[1.975, 3.1737553532428273]",12.144080661954426,0.0,[],6.736191458162226,0.0,0.0,0.0,"[3.697776291936369, 3.038415166225857]",[],"[0.0, 0.0]",[],"[6.917375107529151, 5.2267055544252745]"
102,0,488,True,True,1.0,3.99,3,3,True,1,4,21.896077949555337,"[5.851261598471371, 3.6427961651571517, 12.402020185926816]",11.539470400326582,"[3.2819920234038347, 2.420690504411289, 5.836787872511458]",12.438608261385134,8.663364090916946,[8.663364090916946],7.851057221940203,4.378711995457609,4.851057221940203,3.3787119954576093,"[2.275626279364463, 2.7836632956181617, 2.7917676469575783]",[4.378711995457609],"[1.275626279364463, 1.7836632956181617, 1.791767646957578]",[3.3787119954576093],"[3.2708366137550335, 4.573495629790158, 4.5942760178399435]"
102,0,489,True,True,1.0,3.99,6,6,True,1,7,49.98020271980541,"[12.026611090333674, 11.805055830025788, 9.222255082051348, 3.4704333560333014, 5.77912310115838, 7.676724260202926]",25.492279060724112,"[5.6903783252301325, 5.603971773710057, 4.596679482000026, 2.3534690088529873, 3.253858009451768, 3.993922461479141]",41.97874395102283,17.758786352756065,[17.758786352756065],22.3717101408989,7.925926677574866,16.371710140898905,6.925926677574866,"[2.1401742158386288, 3.407709750302653, 5.273076694131015, 4.14121137689313, 4.11262927671916, 3.2969088270143168]",[7.925926677574866],"[1.140174215838629, 2.407709750302653, 4.273076694131015, 3.14121137689313, 3.1126292767191592, 2.2969088270143168]",[6.925926677574866],"[2.923523630355459, 6.173614744365777, 10.956606908028244, 8.05438814587982, 7.981100709536306, 5.889509812857222]"
102,0,490,True,True,1.0,3.99,6,6,True,2,8,75.80486624328509,"[28.286140271058777, 8.863581862340485, 16.304473084046688, 11.182500541419293, 6.43012940816099, 4.738041076258853]",35.56389783488118,"[12.031594705712923, 4.456796926312789, 7.358744502778208, 5.361175211153524, 3.507750469182786, 2.847836019740953]",59.78832739687037,11.96204655173632,"[9.75667416361341, 2.2053723881229104]",29.317447684779445,6.665198155177165,23.317447684779445,4.665198155177165,"[2.2210461588491603, 2.9502254544520583, 4.98287010527278, 6.074464114496393, 6.920989487424013, 6.167852364285041]","[4.80510292380923, 1.860095231367935]","[1.2210461588491603, 1.9502254544520583, 3.98287010527278, 5.074464114496393, 5.920989487424013, 5.167852364285041]","[3.8051029238092298, 0.8600952313679351]","[3.130887586792719, 5.000578088338611, 10.212487449417385, 13.011446447426648, 15.182024326728238, 13.250903498166773]"
102,0,491,True,True,1.0,3.99,3,3,True,3,6,14.897931052497881,"[7.989333442716066, 4.408597609781815, 2.5]",8.810193110474174,"[4.115840042659266, 2.719353067814908, 1.975]",19.068051282052224,17.66588005264656,"[5.393955458114051, 8.587059672103257, 3.6848649224292536]",10.436540000000367,9.889693220532159,7.436540000000368,6.889693220532159,"[3.9794765374027903, 3.4130481756902413, 3.044015286907336]","[3.10364262866448, 4.34895327212027, 2.4370973197474086]","[2.9794765374027903, 2.4130481756902413, 2.044015286907336]","[2.10364262866448, 3.34895327212027, 1.4370973197474088]","[7.639683429237924, 6.187303014590363, 5.241064838223938]"
102,0,492,True,False,,0.0,2,2,,0,2,8.877644835516392,"[2.5, 6.377644835516391]",5.462281485851393,"[1.975, 3.4872814858513927]",22.98942635013104,0.0,[],10.965876276551107,0.0,0.0,0.0,"[6.47373606015744, 4.4921402163936675]",[],"[0.0, 0.0]",[],"[14.035220667070357, 8.954205683060685]"
102,0,493,True,True,1.0,3.99,9,9,True,2,11,100.7765334317285,"[8.390467546975664, 4.460933512577999, 11.278795072570304, 7.722017327698374, 26.1426586651629, 7.9556248204439814, 9.687148953193471, 10.049321647775425, 15.089565885330366]",48.30284803837411,"[4.272282343320509, 2.7397640699054198, 5.398730078302418, 4.011586757802366, 11.195636879413533, 4.102693679973153, 4.7779880917454545, 4.9192354426324165, 6.884930695278843]",108.58953360502284,13.9450380064034,"[5.553677090897494, 8.391360915505906]",51.349918105958906,7.438564822497327,42.349918105958906,5.438564822497327,"[5.5625757187107805, 8.97618610618875, 3.734364087657844, 6.775703294929554, 5.53787346968267, 3.5500415811042783, 5.1753221526762445, 4.21881620088204, 7.819035494126746]","[3.1659340654500228, 4.272630757047303]","[4.5625757187107805, 7.9761861061887505, 2.734364087657844, 5.775703294929554, 4.53787346968267, 2.5500415811042783, 4.1753221526762445, 3.2188162008820402, 6.819035494126746]","[2.1659340654500228, 3.2726307570473034]","[11.698912099258411, 20.45175924663782, 7.011189968353445, 14.809495628024496, 11.635572999186333, 6.538568156677636, 10.705954237631396, 8.253374874056513, 17.484706395196785]"
102,0,494,True,True,1.0,3.99,3,3,True,2,5,34.09698609935333,"[14.961026623832788, 9.42933862815571, 9.706620847364828]",16.2978245787478,"[6.8348003832947875, 4.677442064980728, 4.785582130472283]",63.10048687997884,13.230148667462078,"[5.386312749017582, 7.843835918444497]",27.609189883191746,7.159757980310211,24.609189883191746,5.159757980310211,"[5.128561565466534, 16.626207200808565, 5.854421116916647]","[3.1006619721168573, 4.059096008193354]","[4.128561565466534, 15.626207200808565, 4.854421116916647]","[2.1006619721168573, 3.059096008193354]","[10.586055296068038, 40.06719795079119, 12.447233633119609]"
102,0,495,True,True,1.0,3.99,4,4,True,2,6,50.521532083639045,"[25.87350651744065, 6.168810617680808, 4.024361485947983, 14.454853462569606]",23.70339751261923,"[11.090667541801853, 3.4058361408955156, 2.5695009795197135, 6.637392850402146]",34.541861211160096,19.195326096653453,"[5.649581120584633, 13.54574497606882]",17.471325872352438,9.486177177694847,13.471325872352436,7.486177177694847,"[7.0796877700545675, 2.5190768789824234, 3.4567524122791227, 4.415808811036323]","[3.203336637028007, 6.2828405406668395]","[6.0796877700545675, 1.5190768789824234, 2.4567524122791227, 3.415808811036323]","[2.203336637028007, 5.2828405406668395]","[15.588943000139915, 3.895068920467752, 6.299365159690058, 8.758484130862367]"
102,0,496,True,True,1.0,3.99,6,6,True,2,8,57.31596655016162,"[4.372611902766733, 2.5, 20.111723466585946, 14.857039389119628, 3.8798104763357757, 11.594781315353538]",28.353226954563034,"[2.705318642079026, 1.975, 8.84357215196852, 6.794245361756655, 2.5131260857709528, 5.52196471298788]",42.032250405326515,10.733554050999771,"[5.651838037785541, 5.081716013214232]",22.39257765807734,6.186086079889911,16.392577658077343,4.186086079889911,"[1.975, 5.115653398431105, 3.370499399916881, 3.4184979190917555, 2.9494526676696164, 5.5634742729679845]","[3.204216834736361, 2.9818692451535505]","[0.9750000000000001, 4.115653398431105, 2.370499399916881, 2.4184979190917555, 1.9494526676696164, 4.5634742729679845]","[2.204216834736361, 1.9818692451535505]","[2.5, 10.552957431874628, 6.078203589530464, 6.201276715619885, 4.998596583768247, 11.701216084533293]"
102,0,497,True,False,,0.0,2,2,,0,2,21.504960453138132,"[9.057067255487512, 12.447893197650622]",10.386934576723872,"[4.532256229640129, 5.854678347083743]",9.33247625140689,0.0,[],5.639665738048687,0.0,0.0,0.0,"[3.664665738048687, 1.975]",[],"[0.0, 0.0]",[],"[6.83247625140689, 2.5]"
102,0,498,True,True,1.0,3.99,4,4,True,1,5,20.57091060892977,"[2.5, 5.921238229642496, 8.35576105632566, 3.7939113229616126]",12.02265513748261,"[1.975, 3.3092829095605736, 4.258746811967008, 2.479625415955029]",30.19490579945915,22.405525812502287,[22.405525812502287],15.776013261789071,9.738155066875892,11.776013261789071,8.738155066875892,"[4.574307277484584, 4.173133452744669, 3.9943792910661604, 3.0341932404936562]",[9.738155066875892],"[3.574307277484584, 3.1731334527446693, 2.9943792910661604, 2.0341932404936562]",[8.738155066875892],"[9.164890455088676, 8.136239622422229, 7.6778956181183595, 5.215880103829887]"
102,0,499,True,True,1.0,3.99,3,3,True,5,8,24.958394895886816,"[6.249232615475299, 12.674551542203668, 6.034610738207849]",12.733774009395859,"[3.4372007200353667, 5.9430751014594305, 3.3534981879010615]",26.020197331000972,50.03268937178869,"[17.389098335153815, 8.068238475665126, 4.817143935312473, 14.941064690344806, 4.817143935312473]",13.14787695909038,24.512748854997593,10.147876959090379,19.512748854997593,"[5.796018487342763, 4.2112837543101485, 3.1405747174374685]","[7.781748350709988, 4.1466130055093995, 2.878686134771865, 6.827015229234474, 2.878686134771865]","[4.796018487342763, 3.211283754310148, 2.1405747174374685]","[6.781748350709988, 3.146613005509399, 1.8786861347718646, 5.827015229234474, 1.8786861347718646]","[12.297483300878879, 8.234060908487558, 5.488653121634535]"
102,0,500,True,True,1.0,3.99,3,3,True,1,4,38.66974145739659,"[10.92320193749255, 12.626538815940007, 15.120000703964031]",18.08119916838467,"[5.260048755622095, 5.924350138216603, 6.896800274545972]",31.80666632491959,8.278744417328344,[8.278744417328344],15.40459986671864,4.2287103227580545,12.40459986671864,3.2287103227580545,"[5.691341030121722, 3.0287485703546397, 6.6845102662422775]",[4.2287103227580545],"[4.691341030121722, 2.0287485703546397, 5.6845102662422775]",[3.2287103227580545],"[12.029079564414673, 5.2019194111657425, 14.575667349339174]"
102,0,501,True,True,1.0,3.99,5,5,True,1,6,63.53582493361792,"[16.68793317412516, 7.572946728467148, 20.200672462217284, 2.5, 16.574272568808322]",29.77897172411099,"[7.508293937908813, 3.953449224102188, 8.87826226026474, 1.975, 7.463966301835246]",38.83766728277013,8.170051383301997,[8.170051383301997],20.14669024028035,4.186320039487779,15.14669024028035,3.186320039487779,"[1.975, 5.177638626661982, 5.767215244286197, 3.5591185423522704, 3.667717826979899]",[4.186320039487779],"[0.9750000000000001, 4.177638626661982, 4.767215244286197, 2.5591185423522704, 2.667717826979899]",[3.186320039487779],"[2.5, 10.711893914517901, 12.223628831503069, 6.561842416287873, 6.840302120461279]"
102,0,502,True,True,1.0,3.99,4,4,True,3,7,35.37633465336051,"[2.5, 7.994203042828561, 9.078006086833648, 15.804125523698302]",17.7967705148106,"[1.975, 4.1177391867031385, 4.540422373865123, 7.163608954242338]",51.648993256292734,28.89659281979935,"[9.63493470891384, 12.67925570518153, 6.582402405703976]",24.143107369954166,14.269671199721746,20.143107369954166,11.269671199721746,"[2.4450521327969055, 8.360462040162018, 10.378423166394619, 2.959170030600623]","[4.757624536476398, 5.944909725020797, 3.567136938224551]","[1.4450521327969053, 7.360462040162018, 9.378423166394619, 1.959170030600623]","[3.7576245364763983, 4.944909725020797, 2.567136938224551]","[3.7052618789664233, 18.87297959015902, 24.04723888819133, 5.023512898975956]"
102,0,503,True,False,,0.0,2,2,,0,2,38.94551455521096,"[15.016079103258912, 23.92943545195205]",17.188750676532273,"[6.856270850270976, 10.332479826261299]",16.02179655419556,0.0,[],8.248500656136269,0.0,0.0,0.0,"[4.1026857000007055, 4.145814956135562]",[],"[0.0, 0.0]",[],"[7.955604358976169, 8.06619219521939]"
102,0,504,True,True,1.0,3.99,3,3,True,2,5,21.831932752993538,"[5.855823814792371, 10.881021945332348, 5.0950869928688185]",11.51445377366748,"[3.283771287769025, 5.243598558679616, 2.987083927218839]",31.434358093455316,39.34062793695731,"[20.082170600855186, 19.258457336102126]",15.259399656447574,17.34284489541335,12.259399656447574,15.342844895413352,"[2.3363309107159047, 5.735328019717825, 7.187740726013845]","[8.832046534333521, 8.510798361079829]","[1.3363309107159047, 4.735328019717825, 6.187740726013845]","[7.832046534333522, 7.5107983610798295]","[3.426489514656166, 12.141866717225192, 15.866001861573961]"
102,0,505,True,False,,0.0,1,1,,0,1,7.806807472424802,[7.806807472424802],4.0446549142456725,[4.0446549142456725],17.958496199114336,0.0,[],8.003813517654592,0.0,0.0,0.0,[8.003813517654592],[],[0.0],[],[17.958496199114336]
102,0,506,True,True,1.0,3.99,6,6,True,2,8,51.31457216603698,"[9.097600989799352, 4.67011915323621, 12.018827602109923, 6.9095946718171, 10.032725253049252, 8.585704496025144]",26.012683144754423,"[4.548064386021747, 2.821346469762122, 5.68734276482287, 3.694741922008669, 4.9127628486892085, 4.348424753449806]",50.78907693313431,24.232557983434532,"[7.081422173123964, 17.151135810310567]",25.807740003922387,11.450697613539468,19.80774000392238,9.450697613539468,"[2.715297610918109, 4.644527298149514, 2.5464341072422405, 7.8566729468527345, 1.975, 6.069808040759784]","[3.761754647518346, 7.688942966021122]","[1.715297610918109, 3.6445272981495136, 1.5464341072422405, 6.8566729468527345, 0.9750000000000001, 5.069808040759784]","[2.761754647518346, 6.688942966021122]","[4.398199002354126, 9.344941790126958, 3.9652156595954886, 17.58121268423778, 2.5, 12.999507796819959]"
102,0,507,True,False,,0.0,2,2,,0,2,8.685222468325197,"[2.512196713101803, 6.173025755223393]",5.387236762646826,"[1.979756718109703, 3.4074800445371234]",11.05191938511846,0.0,[],6.310248560196198,0.0,0.0,0.0,"[1.975, 4.335248560196199]",[],"[0.0, 0.0]",[],"[2.5, 8.55191938511846]"
102,0,508,True,True,1.0,3.99,8,8,True,1,9,62.027286665025315,"[7.371484379177321, 12.440277787228567, 12.514600585398826, 3.0339975994397435, 7.28587360676888, 8.930962412316138, 4.033142581345739, 6.416947713350098]",32.190641799359874,"[3.8748789078791552, 5.851708337019141, 5.880694228305543, 2.1832590637814997, 3.8414907066398634, 4.483075340803294, 2.5729256067248385, 3.502609608206538]",51.09170793893175,11.354584036972126,[11.354584036972126],27.92576609618338,5.428287774419129,19.92576609618338,4.428287774419129,"[4.871516938790132, 3.2107986125699552, 3.465471410292402, 1.975, 4.06772632368295, 3.7806773935967524, 2.53769435113143, 4.016881066119761]",[5.428287774419129],"[3.871516938790132, 2.2107986125699552, 2.465471410292402, 0.9750000000000001, 3.06772632368295, 2.7806773935967524, 1.53769435113143, 3.016881066119761]",[4.428287774419129],"[9.926966509718287, 5.668714391205013, 6.321721564852312, 2.5, 7.865964932520384, 7.1299420348634674, 3.9428060285421282, 7.735592477230156]"
102,0,509,True,False,,0.0,2,2,,0,2,20.846870117546487,"[15.63104757222858, 5.215822545317906]",10.13027934584313,"[7.096108553169146, 3.0341707926739834]",11.662279377194313,0.0,[],6.5482889571057825,0.0,0.0,0.0,"[2.8992478558512524, 3.64904110125453]",[],"[0.0, 0.0]",[],"[4.869866297054493, 6.79241308013982]"
102,0,510,True,True,1.0,3.99,5,5,True,1,6,49.34385520818226,"[7.3352060272153246, 2.5, 19.309173787220693, 5.614213649363624, 14.58526174438262]",24.244103531191083,"[3.8607303506139767, 1.975, 8.53057777701607, 3.1895433232518133, 6.688252080309222]",24.941067981532786,3.0115246879631905,[3.0115246879631905],14.727016512797785,2.174494628305644,9.727016512797785,1.1744946283056443,"[2.8174602199997816, 3.8051175120728753, 3.1426146571175653, 2.986824123607564, 1.975]",[2.174494628305644],"[1.8174602199997814, 2.8051175120728753, 2.1426146571175653, 1.986824123607564, 0.9750000000000001]",[1.1744946283056443],"[4.660154410255849, 7.192609005315065, 5.493883736198885, 5.094420829762985, 2.5]"
102,0,511,True,False,,0.0,2,2,,0,2,21.4720713722879,"[4.850926906259507, 16.621144466028394]",10.37410783519228,"[2.8918614934412075, 7.482246341751074]",37.41330221086534,0.0,[],16.591187862237483,0.0,0.0,0.0,"[7.956847412599036, 8.634340449638447]",[],"[0.0, 0.0]",[],"[17.838070288715475, 19.575231922149865]"
102,0,512,True,True,1.0,3.99,4,4,True,1,5,30.387769224486718,"[5.696960448874774, 13.446765907089532, 8.485862416864075, 2.758180451658342]",15.851229997549822,"[3.221814575061162, 6.244238703764918, 4.309486342576989, 2.0756903761467536]",34.092276267410035,19.193091033190598,[19.193091033190598],17.295987744289913,8.485305502944334,13.295987744289913,7.485305502944334,"[2.3204446157197616, 1.975, 8.36499662306289, 4.635546505507262]",[8.485305502944334],"[1.3204446157197613, 0.9750000000000001, 7.36499662306289, 3.635546505507262]",[7.485305502944334],"[3.385755424922465, 2.5, 18.884606725802282, 9.321914116685287]"
102,0,513,True,True,1.0,3.99,5,5,True,2,7,61.04954859281012,"[4.822603511346185, 17.021391684740802, 10.961913295894991, 21.03562864394378, 7.208011456884354]",28.80932395119595,"[2.8808153694250125, 7.638342757048913, 5.275146185399047, 9.203895171138075, 3.8111244681848984]",64.37350927747744,9.985753051700357,"[3.071487713325924, 6.914265338374432]",30.105668618216203,5.89444369016314,25.105668618216203,3.894443690163139,"[3.927296332310722, 5.834135879850812, 8.025181052776848, 4.864953043019781, 7.454102310258041]","[2.1978802081971107, 3.6965634819660287]","[2.927296332310722, 4.834135879850812, 7.025181052776848, 3.8649530430197814, 6.454102310258041]","[1.1978802081971105, 2.6965634819660287]","[7.505888031565954, 12.395220204745671, 18.013284750709865, 9.910136007743029, 16.548980282712925]"
102,0,514,True,True,1.0,3.99,3,3,True,6,9,37.07221827906768,"[7.80486199140878, 17.661377507795095, 11.605978779863804]",17.458165128836395,"[4.043896176649424, 7.887937228040087, 5.526331724146884]",28.716357994290398,48.8084903651426,"[10.925778887237739, 8.872204376216036, 3.5731692454867514, 4.666390272279119, 12.89854761161674, 7.8723999723062175]",14.199379617773255,25.035311242405616,11.199379617773255,19.035311242405616,"[4.4652935214893255, 6.885368098216081, 2.84871799806785]","[5.261053766022719, 4.460159706724254, 2.393536005739833, 2.8198922061888565, 6.030433568530529, 4.070235989199425]","[3.4652935214893255, 5.885368098216081, 1.8487179980678499]","[4.261053766022719, 3.460159706724254, 1.3935360057398332, 1.8198922061888565, 5.030433568530529, 3.070235989199425]","[8.885368003818783, 15.090687431323284, 4.740302559148333]"
102,0,515,True,False,,0.0,2,2,,0,2,25.506125523619104,"[8.73893138909381, 16.767194134525294]",11.947388954211451,"[4.4081832417465865, 7.539205712464865]",28.862303335778073,0.0,[],13.256298300953448,0.0,0.0,0.0,"[10.163248991684284, 3.0930493092691638]",[],"[0.0, 0.0]",[],"[23.49551023508791, 5.366793100690163]"
102,0,516,True,True,1.0,3.99,3,3,,1,4,32.169750830546576,"[21.324547499279543, 5.054251600113684, 5.7909517311533465]",15.546202823913163,"[9.316573524719022, 2.9711581240443365, 3.258471175149805]",24.066063356774563,9.498661539504782,[9.498661539504782],12.38576470914208,4.704478000406866,9.38576470914208,3.704478000406865,"[3.8336465611276216, 5.902804056418738, 2.64931409159572]",[4.704478000406866],"[2.8336465611276216, 4.902804056418738, 1.64931409159572]",[3.704478000406865],"[7.265760413147747, 12.571292452355738, 4.229010491271077]"
102,0,517,True,False,,0.0,1,1,,0,1,6.5110455033580585,[6.5110455033580585],3.539307746309643,[3.539307746309643],2.817653173407132,0.0,[],2.0988847376287816,0.0,0.0,0.0,[2.0988847376287816],[],[0.0],[],[2.817653173407132]
102,0,518,True,False,,0.0,1,1,,0,1,7.565603799355923,[7.565603799355923],3.95058548174881,[3.95058548174881],12.493144890253227,0.0,[],5.872326507198759,0.0,0.0,0.0,[5.872326507198759],[],[0.0],[],[12.493144890253227]
102,0,519,True,True,1.0,3.99,4,4,True,3,7,35.02018710337769,"[13.849152913607947, 10.86783836160389, 6.738894147641961, 3.5643016805238865]",17.6578729703173,"[6.4011696363071, 5.238456961025517, 3.628168717580365, 2.3900776554043155]",27.610343919025674,35.024000818891196,"[5.676848922566477, 10.678286374662585, 18.668865521662138]",14.768034128420013,16.65936031936757,10.768034128420013,13.659360319367568,"[2.634432896945912, 3.885828348135509, 1.975, 6.2727728833385905]","[3.2139710798009262, 5.1645316861184085, 8.280857553448234]","[1.634432896945912, 2.885828348135509, 0.9750000000000001, 5.2727728833385905]","[2.2139710798009262, 4.1645316861184085, 7.280857553448234]","[4.190853581912595, 7.399559867014125, 2.5, 13.51993047009895]"
102,0,520,True,True,1.0,3.99,6,5,,0,6,61.563316707128024,"[15.27140601961841, 9.035873944006296, 12.23043418874885, 11.265074549016951, 13.760528005737513]",29.00969351577993,"[6.95584834765118, 4.523990838162455, 5.769869333612052, 5.393379074116611, 6.36660592223763]",53.879246966833755,0.0,[],26.012906317065166,0.0,21.012906317065166,0.0,"[2.651650548337664, 5.06895620772833, 1.975, 6.308592311165077, 10.008707249834094]",[],"[1.6516505483376638, 4.06895620772833, 0.9750000000000001, 5.308592311165077, 9.008707249834094]",[],"[4.2350014059940095, 10.433221045457255, 2.5, 13.61177515683353, 23.09924935854896]"
102,0,521,True,True,1.0,3.99,4,4,True,2,6,34.20720329978717,"[9.381362890199663, 2.5, 4.560249749871336, 17.765590659716164]",17.340809286916993,"[4.658731527177869, 1.975, 2.7784974024498212, 7.928580357289304]",47.65225034270623,25.55244410075951,"[11.336491445910054, 14.215952654849454]",22.584377633655432,11.965453199296208,18.584377633655432,9.965453199296208,"[4.778603914471782, 4.292417084153737, 6.602684573019772, 6.91067206201014]","[5.421231663904921, 6.544221535391287]","[3.7786039144717822, 3.2924170841537372, 5.602684573019772, 5.91067206201014]","[4.421231663904921, 5.544221535391287]","[9.688727985825082, 8.442095087573685, 14.365857879537877, 15.155569389769589]"
102,0,522,True,True,1.0,3.99,4,4,True,1,5,29.280095586263702,"[5.753097486993564, 6.868191622205294, 6.81395015374641, 9.844856323318432]",15.419237278642843,"[3.24370801992749, 3.6785947326600645, 3.6574405599611, 4.839493966094189]",22.277793341513,13.454390826390997,[13.454390826390997],12.68833940319007,6.247212422292489,8.68833940319007,5.247212422292489,"[5.477807923789995, 2.4628726489113717, 2.1884643435484343, 2.5591944869402683]",[6.247212422292489],"[4.477807923789995, 1.4628726489113717, 1.1884643435484343, 1.5591944869402683]",[5.247212422292489],"[11.481558778948704, 3.750955510029158, 3.047344470637011, 3.997934581898124]"
102,0,523,True,False,,0.0,1,1,,0,1,11.275513002449566,[11.275513002449566],5.397450070955331,[5.397450070955331],14.28307733949705,0.0,[],6.57040016240385,0.0,0.0,0.0,[6.57040016240385],[],[0.0],[],[14.28307733949705]
102,0,524,True,True,1.0,3.99,4,4,True,1,5,37.87949991304296,"[6.275455075947129, 10.722343977531075, 11.661015085909682, 9.220685773655074]",18.773004966086756,"[3.4474274796193805, 5.181714151237119, 5.547795883504776, 4.596067451725479]",37.56008037596076,8.98826523720428,[8.98826523720428],18.648431346624694,4.505423442509669,14.648431346624696,3.5054234425096693,"[6.6381483457482044, 3.613353783713859, 6.018966774960971, 2.377962442201661]",[4.505423442509669],"[5.6381483457482044, 2.613353783713859, 5.018966774960971, 1.377962442201661]",[3.5054234425096693],"[14.456790630123601, 6.700907137727843, 12.869145576823001, 3.53323703128631]"
102,0,525,True,False,,0.0,1,1,,0,1,7.861980637149071,[7.861980637149071],4.066172448488138,[4.066172448488138],5.924188519298412,0.0,[],3.310433522526381,0.0,0.0,0.0,[3.310433522526381],[],[0.0],[],[5.924188519298412]
102,0,526,True,True,1.0,3.99,3,3,True,3,6,21.13615872793217,"[4.348182931609855, 10.632199056510474, 6.155776739811841]",11.243101903893546,"[2.6957913433278433, 5.146557632039086, 3.400752928526618]",56.735296036665005,16.81289917343195,"[7.577070301023558, 6.276623584829765, 2.9592052875786283]",25.126765454299353,9.557030677638462,22.126765454299353,6.557030677638462,"[6.816107485452815, 6.957688828357411, 11.352969140489124]","[3.9550574173991877, 3.447883198083608, 2.154090062155665]","[5.816107485452815, 5.957688828357411, 10.352969140489124]","[2.9550574173991877, 2.447883198083608, 1.1540900621556651]","[14.913096116545681, 15.276125200916438, 26.54607471920288]"
102,0,527,True,True,1.0,3.99,3,5,,0,3,37.70245071526508,"[2.951283580883719, 4.208627091243615, 9.076770922497563, 12.14372113584184, 9.322047984798344]",19.703955778953386,"[2.1510005965446504, 2.64136456558501, 4.53994065977405, 5.736051242978318, 4.635598714071355]",29.557696189971224,0.0,[],16.52750151408878,0.0,11.527501514088778,0.0,"[4.416355677446476, 3.5880156472239833, 3.8046394956193748, 2.743490693798944, 1.975]",[],"[3.416355677446476, 2.5880156472239833, 2.8046394956193748, 1.7434906937989438, 0.9750000000000001]",[],"[8.75988635242686, 6.635937556984572, 7.191383322100961, 4.47048895845883, 2.5]"
102,0,528,True,True,1.0,3.99,3,3,True,1,4,41.920444074437185,"[14.002001679497468, 8.329533297343449, 19.58890909759627]",19.348973189030502,"[6.4607806550040126, 4.248517985963945, 8.639674548062546]",34.846348278604594,4.4289356899892445,[4.4289356899892445],16.590075828655795,2.7272849190958057,13.590075828655793,1.7272849190958055,"[2.4459228749591726, 8.747765293065981, 5.396387660630641]",[2.7272849190958057],"[1.4459228749591726, 7.747765293065981, 4.396387660630641]",[1.7272849190958055],"[3.7074945511773656, 19.866064854015335, 11.272788873411898]"
102,0,529,True,True,1.0,3.99,3,3,True,2,5,25.75333010975357,"[2.5, 4.893793086276794, 18.359537023476776]",13.043798742803892,"[1.975, 2.90857930364795, 8.160219439155942]",38.205597349961025,26.360226588609383,"[19.73290621803644, 6.627320370572943]",17.9001829664848,12.280488369557661,14.900182966484799,10.28048836955766,"[4.027856604644135, 6.186142171916133, 7.686184189924531]","[8.695833425034213, 3.584654944523448]","[3.0278566046441346, 5.186142171916133, 6.686184189924531]","[7.695833425034212, 2.584654944523448]","[7.763734883702909, 13.297800440810597, 17.144062025447514]"
102,0,530,True,True,1.0,3.99,5,5,True,2,7,44.67685241392124,"[8.750685076844864, 6.7516803903179055, 11.808070748561734, 7.130198856172441, 10.236217342024297]",22.423972441429285,"[4.412767179969497, 3.6331553522239832, 5.605147591939076, 3.780777553907252, 4.9921247633894765]",27.669571143949774,17.25446128305866,"[9.40143803750837, 7.853023245550289]",15.791132746140413,8.729239900392876,10.791132746140411,6.729239900392877,"[4.2927980052862384, 2.4779466785122137, 2.378164996580578, 3.197503141995902, 3.444719923765479]","[4.666560834628265, 4.062679065764613]","[3.2927980052862384, 1.4779466785122135, 1.378164996580578, 2.197503141995902, 2.444719923765479]","[3.6665608346282648, 3.0626790657646126]","[8.443071808426252, 3.7896068679800345, 3.5337564014886613, 5.634623441015133, 6.26851262503969]"
102,0,531,True,False,,0.0,1,1,,0,1,12.201332310458657,[12.201332310458657],5.758519601078876,[5.758519601078876],3.295581616200675,0.0,[],2.285276830318263,0.0,0.0,0.0,[2.285276830318263],[],[0.0],[],[3.295581616200675]
102,0,532,True,True,1.0,3.99,4,2,,7,11,36.41157634655038,"[25.82334004080354, 10.588236305746843]",16.20051477515465,"[11.07110261591338, 5.129412159241269]",17.231498808413242,60.72487528524228,"[4.295227585115834, 14.313363123572966, 9.882535512369651, 7.4510927330773145, 6.217545510350431, 11.90220065325003, 6.662910167506044]",8.720284535281165,30.682701361244483,6.720284535281165,23.682701361244487,"[3.8649704957453523, 4.855314039535813]","[2.675138758195175, 6.5822116181934565, 4.854188849824164, 3.9059261659001527, 3.424842749036668, 5.641858254767512, 3.598534965327357]","[2.8649704957453523, 3.8553140395358128]","[1.675138758195175, 5.5822116181934565, 3.854188849824164, 2.9059261659001527, 2.424842749036668, 4.641858254767512, 2.598534965327357]","[7.346078194218852, 9.885420614194391]"
102,0,533,True,False,,0.0,2,2,,0,2,15.255915293559738,"[7.46847979955902, 7.787435494000717]",7.949806964488298,"[3.912707121828018, 4.03709984266028]",29.26123195229244,0.0,[],13.411880461394052,0.0,0.0,0.0,"[4.667305065617544, 8.744575395776508]",[],"[0.0, 0.0]",[],"[9.403346322096267, 19.857885630196172]"
102,0,534,True,True,1.0,3.99,7,7,True,1,8,84.13963200949016,"[19.902391075509925, 6.556568262134483, 7.034065551936492, 19.723641800747846, 9.909478166563773, 11.173836783907815, 9.839650368689812]",39.81445648370116,"[8.761932519448871, 3.5570616222324487, 3.743285565255232, 8.692220302291659, 4.864696484959872, 5.357796345724048, 4.837463643789027]",63.19782154730377,13.000566139256964,[13.000566139256964],31.64715040344847,6.070220794310217,24.64715040344847,5.070220794310217,"[6.569962118574624, 4.4647200157019515, 4.001947870403045, 7.715810363884444, 3.6845613753196473, 2.159827996714718, 3.050320662850042]",[6.070220794310217],"[5.569962118574624, 3.464720015701951, 3.0019478704030456, 6.715810363884444, 2.6845613753196473, 1.159827996714718, 2.050320662850042]",[5.070220794310217],"[14.281954150191343, 8.883897476158849, 7.697302231802681, 17.220026574062675, 6.883490705947813, 2.973917940294149, 5.2572324688462615]"
102,0,535,True,False,,0.0,1,1,,0,1,5.578761879763739,[5.578761879763739],3.175717133107858,[3.175717133107858],14.601229277216413,0.0,[],6.694479418114401,0.0,0.0,0.0,[6.694479418114401],[],[0.0],[],[14.601229277216413]
102,0,536,True,True,1.0,3.99,3,3,True,2,5,24.421364264238747,"[4.520846952790108, 10.016385073315107, 9.88413223813353]",12.52433206305311,"[2.7631303115881423, 4.906390178592892, 4.854811572872077]",56.17935201731725,21.255017813692152,"[15.155209860128348, 6.099807953563805]",24.909947286753727,10.28945694733994,21.909947286753727,8.28945694733994,"[3.134499341492975, 15.581654471987797, 6.1937934732729545]","[6.910531845450056, 3.378925101889884]","[2.134499341492975, 14.581654471987797, 5.1937934732729545]","[5.910531845450056, 2.378925101889884]","[5.473075234597372, 37.38885762048153, 13.317419162238345]"
102,0,537,True,False,,0.0,1,1,,0,1,4.762987945421571,[4.762987945421571],2.857565298714413,[2.857565298714413],2.9208010847598347,0.0,[],2.1391124230563356,0.0,0.0,0.0,[2.1391124230563356],[],[0.0],[],[2.9208010847598347]
102,0,538,True,False,,0.0,1,1,,0,1,5.093530859785365,[5.093530859785365],2.9864770353162924,[2.9864770353162924],5.370074075873843,0.0,[],3.0943288895907988,0.0,0.0,0.0,[3.0943288895907988],[],[0.0],[],[5.370074075873843]
102,0,539,True,True,1.0,3.99,5,5,True,1,6,30.611681168581008,"[2.5, 10.260317577804111, 4.91258484587304, 3.6792743261961065, 9.259504418707749]",16.938555655746594,"[1.975, 5.001523855343604, 2.9159080898904857, 2.4349169872164813, 4.611206723296022]",55.72844343476012,9.565267042987601,[9.565267042987601],26.734092939556447,4.730454146765165,21.734092939556447,3.730454146765165,"[2.375023838611662, 2.8939619859229193, 9.808915163428845, 4.257469194254074, 7.398722757338948]",[4.730454146765165],"[1.375023838611662, 1.8939619859229195, 8.808915163428845, 3.2574691942540737, 6.398722757338948]",[3.730454146765165],"[3.5257021502863126, 4.856312784417742, 22.586961957509857, 8.352485113471984, 16.406981429074225]"
102,0,540,True,True,1.0,3.99,6,6,True,1,7,50.85451845153396,"[13.174021775691314, 16.13280856989058, 5.140485508705327, 4.505093971779756, 8.18823566512956, 3.7138729603374223]",25.833262196098243,"[6.137868492519613, 7.291795342257327, 3.0047893483950774, 2.756986648994105, 4.1934119094005275, 2.4484104545315946]",44.23101501789528,18.956187853237758,[18.956187853237758],23.25009585697916,8.392913262762725,17.25009585697916,7.392913262762725,"[3.84092918677973, 2.6637766571047408, 2.4725245324425513, 5.902056730815213, 4.519077922106995, 3.85173082772993]",[8.392913262762725],"[2.84092918677973, 1.6637766571047408, 1.4725245324425515, 4.902056730815213, 3.5190779221069954, 2.85173082772993]",[7.392913262762725],"[7.284433812255718, 4.266093992576258, 3.7757039293398758, 12.56937623285952, 9.02327672335127, 7.31213032751264]"
102,0,541,True,True,1.0,3.99,4,4,True,2,6,43.77663417722801,"[14.937534295006447, 20.680947886733037, 3.803608471035383, 4.35454352445315]",21.072887329118927,"[6.825638375052515, 9.065569675825884, 2.4834073037037996, 2.6982719745367287]",38.30029296483181,20.99040248227241,"[13.947758074418005, 7.0426444078544055]",18.937114256284403,10.18625696808624,14.937114256284405,8.18625696808624,"[5.738266893340252, 3.4194072592395406, 3.819247948248093, 5.96019215545652]","[6.439625649023022, 3.7466313190632183]","[4.738266893340252, 2.4194072592395406, 2.819247948248093, 4.96019215545652]","[5.439625649023022, 2.7466313190632183]","[12.149402290616031, 6.2036083570244624, 7.228840892943828, 12.718441424247485]"
102,0,542,True,False,,0.0,1,1,,0,1,5.108271133659764,[5.108271133659764],2.9922257421273084,[2.9922257421273084],13.567667011987902,0.0,[],6.291390134675282,0.0,0.0,0.0,[6.291390134675282],[],[0.0],[],[13.567667011987902]
102,0,543,True,False,,0.0,1,1,,0,1,9.04275681210236,[9.04275681210236],4.52667515671992,[4.52667515671992],8.27961312512608,0.0,[],4.229049118799171,0.0,0.0,0.0,[4.229049118799171],[],[0.0],[],[8.27961312512608]
102,0,544,True,True,1.0,3.99,5,5,True,1,6,38.65549579736996,"[4.373605891147337, 7.721338793719231, 14.323322051841854, 4.339440151543335, 7.8977889091182]",20.075643360974283,"[2.7057062975474615, 4.0113221295505, 6.586095600218323, 2.6923816591019007, 4.080137674556098]",37.81188367482083,5.067394696931779,[5.067394696931779],19.746634633180122,2.976283931803394,14.746634633180124,1.976283931803394,"[5.068647799634039, 3.5256861311160717, 3.1671173372729853, 4.107137795042268, 3.878045570114759]",[2.976283931803394],"[4.068647799634039, 2.5256861311160717, 2.1671173372729853, 3.107137795042268, 2.878045570114759]",[1.976283931803394],"[10.432430255471896, 6.476118284913004, 5.556711121212783, 7.967019987287866, 7.379604025935279]"
102,0,545,True,True,1.0,3.99,7,7,True,0,7,48.31615281522245,"[2.5, 8.733764660322153, 5.963089255628488, 15.988327045842679, 7.292286623496295, 3.6816804969019175, 4.157004733030918]",25.843299597936756,"[1.975, 4.406168217525639, 3.3256048096951103, 7.235447547878645, 3.8439917831635553, 2.4358553937917478, 2.6212318458820585]",47.35728936683365,0.0,[],25.469342853065125,0.0,18.469342853065125,0.0,"[2.3103140755802603, 4.9981813432924875, 2.5279424311758616, 4.300583375609499, 4.148515516182151, 2.695717488684255, 4.48808862254061]",[],"[1.31031407558026, 3.9981813432924875, 1.5279424311758616, 3.300583375609499, 3.148515516182151, 1.6957174886842552, 3.4880886225406096]",[],"[3.3597796809750253, 10.251747034083301, 3.917801105579132, 8.463034296434612, 8.073116708159361, 4.34799356072886, 8.943816980873358]"
102,0,546,True,False,,0.0,1,1,,0,1,25.67260336387281,[25.67260336387281],11.012315311910395,[11.012315311910395],5.627876755481029,0.0,[],3.1948719346376016,0.0,0.0,0.0,[3.1948719346376016],[],[0.0],[],[5.627876755481029]
102,0,547,True,True,1.0,3.99,5,5,True,1,6,61.66629351259011,"[3.8825324983845038, 11.623138849107264, 22.743031078342554, 4.50297700787129, 18.914614078884497]",29.049854469910144,"[2.5141876743699565, 5.5330241511518325, 9.869782120553596, 2.7561610330698034, 8.376699490764954]",67.02334044679378,6.768000011797912,[6.768000011797912],31.139102774249576,3.6395200046011857,26.139102774249576,2.6395200046011857,"[4.874037865783594, 7.139157741099417, 2.0287663749896843, 8.028523815784125, 9.068616976592754]",[3.6395200046011857],"[3.874037865783594, 6.139157741099417, 1.0287663749896843, 7.0285238157841246, 8.068616976592754]",[2.6395200046011857],"[9.933430425086138, 15.74143010538312, 2.6378624999735494, 18.02185593790801, 20.688761478442956]"
102,0,548,True,True,1.0,3.99,3,3,True,2,5,14.968527743707442,"[7.920813176484256, 3.48142190283901, 3.5662926643841772]",8.837725820045904,"[4.08911713882886, 2.357754542107214, 2.3908541391098295]",22.014259734410018,20.91386268388461,"[3.337683967288708, 17.5761787165959]",11.585561296419906,10.156406446714998,8.585561296419906,8.156406446714998,"[3.5594626002579504, 6.051098696161956, 1.975]","[2.3016967472425964, 7.8547096994724015]","[2.5594626002579504, 5.051098696161956, 0.9750000000000001]","[1.3016967472425962, 6.8547096994724015]","[6.562724616046026, 12.95153511836399, 2.5]"
102,0,549,True,True,1.0,3.99,6,6,True,2,8,44.88794762466694,"[8.40039115316567, 9.239020160089439, 15.021660116203103, 4.114164782301525, 5.318858500637079, 2.7938529122701348]",23.50629957362011,"[4.276152549734611, 4.603217862434882, 6.85844744531921, 2.6045242650975946, 3.0743548152484608, 2.0896026357853525]",53.48529968040003,5.550885104820866,"[3.25116863489013, 2.2997164699307353]",26.859266875356013,4.164845190880138,20.859266875356013,2.1648451908801376,"[7.3532094545413, 2.999000296130694, 3.357862862165533, 5.078653321608599, 3.0879357586004526, 4.982605182309435]","[2.267955767607151, 1.8968894232729867]","[6.3532094545413, 1.999000296130694, 2.357862862165533, 4.078653321608599, 2.0879357586004526, 3.982605182309434]","[1.2679557676071507, 0.8968894232729868]","[16.29028065267, 5.125641784950497, 6.045802210680853, 10.45808544002205, 5.353681432308853, 10.211808159767779]"
102,0,550,True,True,1.0,3.99,4,4,True,0,4,34.94115429252483,"[7.59513515716105, 9.2525021460348, 4.491986249036029, 13.60153074029295]",17.627050174084683,"[3.9621027112928098, 4.608475836953572, 2.7518746371240512, 6.304596988714251]",49.037089876359296,0.0,[],23.124465051780128,0.0,19.124465051780128,0.0,"[5.175295137871038, 6.608994055219953, 4.867313819397644, 6.472862039291492]",[],"[4.175295137871038, 5.608994055219953, 3.867313819397644, 5.472862039291492]",[],"[10.705884968900097, 14.38203603902552, 9.91618928050678, 14.032979587926901]"
102,0,551,True,False,,0.0,2,2,,0,2,23.43878465848261,"[18.778648048393578, 4.660136610089033]",11.141126016808219,"[8.323672738873496, 2.8174532779347228]",30.908785896933942,0.0,[],14.054426499804237,0.0,0.0,0.0,"[6.7460343902292434, 7.308392109574994]",[],"[0.0, 0.0]",[],"[14.733421513408317, 16.175364383525626]"
102,0,552,True,True,1.0,3.99,6,6,True,2,8,60.4710114489567,"[15.615774345400077, 8.108711079804355, 5.794169795772846, 13.677137225420708, 5.226422606050952, 12.048796396507761]",29.583694465093117,"[7.09015199470603, 4.162397321123699, 3.25972622035141, 6.334083517914077, 3.0383048163598714, 5.699030594638027]",88.98247844920522,27.93858342946942,"[9.813682927463582, 18.12490050200584]",40.703166595190034,12.896047537493075,34.70316659519003,10.896047537493075,"[8.545080870117406, 6.319917819728578, 3.7788221897332273, 4.753642629593763, 4.992466145955211, 12.313236940061847]","[4.827336341710797, 8.068711195782278]","[7.545080870117406, 5.319917819728578, 2.7788221897332273, 3.753642629593763, 3.9924661459552104, 11.313236940061847]","[3.827336341710797, 7.068711195782278]","[19.346361205429247, 13.640814922380967, 7.12518510188007, 9.624724691266058, 10.237092681936437, 29.00829984631243]"
102,0,553,True,True,1.0,3.99,5,5,True,2,7,54.43525558841969,"[15.589832990024684, 20.858667230601036, 4.853372850487566, 2.5, 10.633382517306408]",26.22974967948368,"[7.080034866109627, 9.134880219934404, 2.892815411690151, 1.975, 5.147019181749499]",41.15139626081451,23.662670913021874,"[7.558845976247088, 16.103824936774785]",21.049044541717656,11.22844165607853,16.049044541717656,9.22844165607853,"[2.6799431567752356, 2.6446320894002096, 4.808716530191171, 3.982135583241581, 6.93361718210946]","[3.9479499307363644, 7.280491725342166]","[1.6799431567752356, 1.6446320894002098, 3.8087165301911714, 2.982135583241581, 5.93361718210946]","[2.9479499307363644, 6.280491725342166]","[4.307546555833937, 4.2170053574364355, 9.765939821003004, 7.646501495491233, 15.214403031049898]"
102,0,554,True,True,1.0,3.99,4,4,True,0,4,37.62593526004373,"[5.103609268880724, 15.066377095484597, 8.985295207721176, 8.470653687957238]",18.674114751417058,"[2.9904076148634826, 6.875887067238994, 4.504265131011259, 4.303554938303323]",54.138850562954886,0.0,[],25.11415171955241,0.0,21.11415171955241,0.0,"[4.293872928260394, 7.867301315538388, 5.623498775034505, 7.329478700719121]",[],"[3.2938729282603942, 6.867301315538388, 4.623498775034505, 6.329478700719121]",[],"[8.445828021180498, 17.60846491163689, 11.855125064191038, 16.229432565946464]"
102,0,555,True,False,,0.0,1,1,,0,1,15.834561176486785,[15.834561176486785],7.175478858829846,[7.175478858829846],12.639131853896608,0.0,[],5.929261423019677,0.0,0.0,0.0,[5.929261423019677],[],[0.0],[],[12.639131853896608]
102,0,556,True,False,,0.0,2,2,,0,2,16.646757961433067,"[9.335235767598517, 7.31152219383455]",8.492235604958896,"[4.640741949363422, 3.851493655595475]",17.28563217346695,0.0,[],8.741396547652112,0.0,0.0,0.0,"[5.215666377112953, 3.5257301705391586]",[],"[0.0, 0.0]",[],"[10.80940096695629, 6.476231206510663]"
102,0,557,True,True,1.0,3.99,3,3,True,2,5,15.219364171718805,"[2.5, 4.4134927404040445, 8.305871431314761]",8.935552026970335,"[1.975, 2.721262168757577, 4.239289858212757]",38.89293915799523,8.944571384921062,"[3.476752288893542, 5.467819096027521]",18.16824627161814,5.488382840119215,15.168246271618141,3.4883828401192147,"[9.124522648653256, 3.97726406166191, 5.066459561302973]","[2.355933392668481, 3.132449447450733]","[8.124522648653256, 2.97726406166191, 4.066459561302973]","[1.3559333926684813, 2.132449447450733]","[20.83210935552117, 7.634010414517718, 10.426819387956341]"
102,0,558,True,True,1.0,3.99,4,4,True,1,5,44.09089253685117,"[13.449202708496808, 9.20809853191956, 10.023106398759689, 11.410484897675119]",21.195448089371958,"[6.245189056313755, 4.591158427448629, 4.909011495516278, 5.450089110093296]",30.54412348036134,11.83067230380135,[11.83067230380135],15.912208157340924,5.613962198482526,11.912208157340924,4.613962198482526,"[4.65817717635567, 1.975, 4.280249515132015, 4.99878146585324]",[5.613962198482526],"[3.65817717635567, 0.9750000000000001, 3.2802495151320143, 3.9987814658532392]",[4.613962198482526],"[9.37994147783505, 2.5, 8.41089619264619, 10.2532858098801]"
102,0,559,True,False,,0.0,2,2,,0,2,18.225812168798676,"[11.27024862675182, 6.955563542046855]",9.108066745831485,"[5.3953969644332105, 3.7126697813982736]",23.856365131089937,0.0,[],11.303982401125076,0.0,0.0,0.0,"[6.609073371778109, 4.694909029346966]",[],"[0.0, 0.0]",[],"[14.382239414815665, 9.474125716274271]"
102,0,560,True,True,1.0,3.99,9,9,True,3,12,81.45901424510164,"[2.800045742032836, 13.21191807215363, 3.661079708567785, 4.438911498989951, 10.498007762167017, 2.5, 4.913763888524627, 23.6510795337871, 15.7842080388787]",40.76901555558965,"[2.092017839392806, 6.152648048139915, 2.427821086341436, 2.731175484606081, 5.094223027245136, 1.975, 2.9163679165246044, 10.22392101817697, 7.155841135162693]",84.93215311282016,22.237181591962212,"[5.655450279168761, 8.456863916454907, 8.124867396338546]",42.12353971399987,11.672500820865263,33.12353971399987,8.672500820865263,"[3.9490739294632475, 4.498117823701699, 5.075640289400714, 5.3849679800520525, 3.2584712682224892, 5.116734469883711, 5.612911821304968, 7.252622131970981, 1.975]","[3.205625608875817, 4.298176927417414, 4.168698284572033]","[2.9490739294632475, 3.4981178237017, 4.075640289400714, 4.3849679800520525, 2.2584712682224892, 4.116734469883711, 4.612911821304968, 6.252622131970981, 0.9750000000000001]","[2.205625608875817, 3.2981769274174138, 3.168698284572033]","[7.561728024264737, 8.96953288128641, 10.450359716412088, 11.243507641159109, 5.790951969801254, 10.555729409958232, 11.827979028987096, 16.032364440951234, 2.5]"
102,0,561,True,False,,0.0,1,1,,0,1,10.297483795134362,[10.297483795134362],5.016018680102401,[5.016018680102401],17.32933931965609,0.0,[],7.758442334665875,0.0,0.0,0.0,[7.758442334665875],[],[0.0],[],[17.32933931965609]
102,0,562,True,True,1.0,3.99,4,4,True,2,6,31.4690350712832,"[5.595222628949024, 7.853148825040943, 6.346466844650256, 11.674196772642981]",16.27292367780045,"[3.1821368252901197, 4.062728041765968, 3.4751220694136, 5.552936741330763]",37.81044943847503,15.792043484782795,"[4.821056053211344, 10.97098743157145]",18.746075281005265,8.15889695906529,14.746075281005265,6.15889695906529,"[3.609471641436573, 3.8934075565796555, 8.684344262242533, 2.5588518207465047]","[2.880211860752424, 5.278685098312866]","[2.609471641436573, 2.8934075565796555, 7.684344262242532, 1.5588518207465047]","[1.8802118607524243, 4.278685098312866]","[6.690952926760443, 7.4189937348196295, 19.7034468262629, 3.9970559506320633]"
102,0,563,True,True,1.0,3.99,3,3,True,2,5,39.06984285893939,"[11.47316502576647, 14.262022668748635, 13.334655164424284]",18.23723871498636,"[5.474534360048923, 6.5621888408119675, 6.20051551412547]",30.3405247651528,25.72189650939643,"[6.714321068495937, 19.007575440900492]",14.832804658409593,12.031539638664608,11.832804658409593,10.031539638664608,"[4.7574403894628094, 4.031894698831575, 6.0434695701152075]","[3.6185852167134156, 8.412954421951191]","[3.757440389462809, 3.031894698831575, 5.0434695701152075]","[2.6185852167134156, 7.412954421951192]","[9.634462537084126, 7.774088971363013, 12.931973256705659]"
102,0,564,True,True,1.0,3.99,6,3,,1,7,25.52366138004236,"[4.910867210188745, 3.3455029370119065, 17.267291232841707]",12.954227938216519,"[2.9152382119736107, 2.3047461454346436, 7.734243580808266]",35.25206831521314,3.9220529467740404,[3.9220529467740404],16.748306642933123,2.5296006492418757,13.748306642933123,1.5296006492418759,"[4.574966604995311, 1.975, 10.198340037937813]",[2.5296006492418757],"[3.57496660499531, 0.9750000000000001, 9.198340037937813]",[1.5296006492418759],"[9.166581038449513, 2.5, 23.585487276763622]"
102,0,565,True,False,,0.0,1,1,,0,1,20.72489412476814,[20.72489412476814],9.082708708659576,[9.082708708659576],12.179882098786173,0.0,[],5.750154018526608,0.0,0.0,0.0,[5.750154018526608],[],[0.0],[],[12.179882098786173]
102,0,566,True,False,,0.0,2,2,,0,2,9.359989418881657,"[2.5, 6.859989418881657]",5.650395873363847,"[1.975, 3.6753958733638465]",18.87368096410788,0.0,[],9.360735576002075,0.0,0.0,0.0,"[5.247317501066757, 4.113418074935318]",[],"[0.0, 0.0]",[],"[10.890557695042965, 7.983123269064916]"
102,0,567,True,True,1.0,3.99,4,3,,3,7,21.75159380864285,"[4.95160581234971, 4.825282110197473, 11.974705886095666]",11.48312158537071,"[2.9311262668163867, 2.8818600229770146, 5.67013529557731]",32.820966997389505,38.977286535395024,"[15.780852048252736, 10.97767745950581, 12.218757027636478]",15.80017712898191,18.201141748804062,12.80017712898191,15.20114174880406,"[2.776026380441079, 9.985688394425644, 3.0384623541151856]","[7.154532298818568, 5.281294209207266, 5.765315240778227]","[1.776026380441079, 8.985688394425644, 2.0384623541151856]","[6.154532298818568, 4.281294209207266, 4.765315240778227]","[4.5539137960027665, 23.040226652373445, 5.226826549013296]"
102,0,568,True,False,,0.0,2,2,,0,2,21.437291146072084,"[6.9868733710293345, 14.450417775042752]",10.360543546968113,"[3.7248806147014406, 6.635662932266674]",13.00227311188696,0.0,[],7.070886513635915,0.0,0.0,0.0,"[4.095938724111903, 2.9749477895240117]",[],"[0.0, 0.0]",[],"[7.938304420799753, 5.063968691087209]"
102,0,569,True,True,1.0,3.99,5,5,True,1,6,66.4146057012106,"[16.81980041124764, 14.842065707528372, 15.73128305684589, 6.470389133589596, 12.55106739199911]",30.901696223472136,"[7.55972216038658, 6.788405625936065, 7.135200392169897, 3.523451762099943, 5.894916282879653]",45.04538176232643,4.955475630992576,[4.955475630992576],22.56769888730731,2.932635496087105,17.56769888730731,1.9326354960871048,"[3.4493288264627977, 2.606293589998619, 7.325812746554266, 5.0191730973020805, 4.167090626989543]",[2.932635496087105],"[2.4493288264627977, 1.6062935899986186, 6.325812746554266, 4.0191730973020805, 3.167090626989543]",[1.9326354960871048],"[6.280330324263584, 4.118701512816971, 16.22003268347248, 10.30557204436431, 8.120745197409084]"
102,0,570,True,True,1.0,3.99,8,8,True,1,9,72.93985351705518,"[12.135316907885386, 15.07438954041413, 2.5, 6.059096703070646, 11.403049085849666, 5.612473085376234, 14.394181708785561, 5.761346485673555]",36.446542871651516,"[5.732773594075301, 6.879011920761511, 1.975, 3.363047714197552, 5.44718914348137, 3.188864503296731, 6.613730866426369, 3.2469251294126864]",68.83795601058685,7.7859857165361,[7.7859857165361],34.846802844128874,4.036534429449079,26.846802844128874,3.036534429449079,"[5.705641864095681, 4.608349854791131, 3.9914881874045065, 2.9606866824111986, 2.5855405195579677, 5.778272981455021, 3.769150025773425, 5.447672728639941]",[4.036534429449079],"[4.705641864095681, 3.6083498547911312, 2.9914881874045065, 1.9606866824111986, 1.5855405195579677, 4.778272981455021, 2.769150025773425, 4.447672728639941]",[3.036534429449079],"[12.065748369476104, 9.252179114849055, 7.670482531806427, 5.027401749772304, 4.0654885116870965, 12.251982003730822, 7.10038468147032, 11.40428904779472]"
102,0,571,True,False,,0.0,1,1,,0,1,20.840058310545373,[20.840058310545373],9.127622741112695,[9.127622741112695],11.026815625805504,0.0,[],5.300458094064147,0.0,0.0,0.0,[5.300458094064147],[],[0.0],[],[11.026815625805504]
102,0,572,True,False,,0.0,1,1,,0,1,20.070197965617723,[20.070197965617723],8.827377206590914,[8.827377206590914],6.688727623922995,0.0,[],3.608603773329968,0.0,0.0,0.0,[3.608603773329968],[],[0.0],[],[6.688727623922995]
102,0,573,True,True,1.0,3.99,7,7,True,1,8,68.30001704443266,"[6.516743672870937, 8.953226668110586, 19.053828516938758, 5.005136178053404, 10.100215391565646, 10.910818461121284, 7.760048155772046]",33.63700664732874,"[3.5415300324196655, 4.491758400563128, 8.430993121606114, 2.9520031094408274, 4.939084002710603, 5.255219199837301, 4.026418780751098]",117.98255287802644,17.50742636633514,[17.50742636633514],53.01319562243032,7.827896282870705,46.01319562243032,6.827896282870705,"[6.657988655429689, 7.593739299680368, 8.642475299405014, 5.39805956407893, 6.015389801205496, 13.38483291945206, 5.320710083178762]",[7.827896282870705],"[5.657988655429689, 6.593739299680368, 7.642475299405013, 4.39805956407893, 5.015389801205496, 12.38483291945206, 4.320710083178762]",[6.827896282870705],"[14.507663219050484, 16.907023845334276, 19.596090511294904, 11.27707580533059, 12.85997384924486, 31.755981844748874, 11.078743803022466]"
102,0,574,True,True,1.0,3.99,4,4,True,4,8,70.79461464672588,"[15.77549557205765, 8.48303777395654, 20.855410344727968, 25.680670955983715]",31.60989971222309,"[7.152443273102484, 4.30838473184305, 9.133610034443908, 11.015461672833649]",35.11518401792455,36.06859136973673,"[17.110708541300493, 4.46155745219518, 4.262221491696723, 10.234103884544334]",17.694921766990575,18.066750634197323,13.694921766990575,14.066750634197323,"[4.9051719512243, 4.127982595136432, 5.785956816528339, 2.8758104041015047]","[7.673176331107192, 2.74000740635612, 2.6622663817617216, 4.99130051497229]","[3.905171951224301, 3.1279825951364315, 4.785956816528339, 1.8758104041015045]","[6.673176331107192, 1.7400074063561202, 1.6622663817617218, 3.9913005149722904]","[10.013261413395643, 8.020468192657516, 12.271684144944459, 4.809770266926934]"
102,0,575,True,True,1.0,3.99,3,3,True,0,3,22.261098414279605,"[10.736966278293682, 5.3519077299270075, 6.172224406058916]",11.681828381569046,"[5.187416848534536, 3.087244014671533, 3.4071675183629773]",25.633152046213098,0.0,[],12.996929298023108,0.0,9.996929298023108,0.0,"[4.133129670593705, 5.735672991220109, 3.128126636209295]",[],"[3.1331296705937053, 4.735672991220109, 2.128126636209295]",[],"[8.033665822035141, 12.14275125953874, 5.456734964639217]"
102,0,576,True,False,,0.0,1,1,,0,1,14.73878048027239,[14.73878048027239],6.748124387306232,[6.748124387306232],13.797745730851858,0.0,[],6.381120835032225,0.0,0.0,0.0,[6.381120835032225],[],[0.0],[],[13.797745730851858]
102,0,577,True,True,1.0,3.99,4,4,True,2,6,35.890754456651166,"[4.766928739146794, 14.90431024450935, 4.549622924813415, 11.669892548181608]",17.997394238093957,"[2.8591022082672497, 6.8126809953586465, 2.7743529406772316, 5.551258093790827]",48.76656302674354,18.558440769645173,"[5.754332464533, 12.804108305112173]",23.018959580429982,9.237791900161618,19.018959580429982,7.237791900161618,"[7.130063576148717, 3.3041450622021733, 2.8255112909042888, 9.759239651174802]","[3.24418966116787, 5.9936022389937476]","[6.130063576148717, 2.3041450622021733, 1.8255112909042888, 8.759239651174802]","[2.24418966116787, 4.9936022389937476]","[15.71811173371466, 5.908064262056854, 4.680798181805868, 22.45958884916616]"
102,0,578,True,True,1.0,3.99,3,3,True,0,3,33.60146613351844,"[14.600561881616125, 3.231000616100328, 15.769903635801985]",16.104571792072193,"[6.6942191338302885, 2.260090240279128, 7.150262417962774]",31.19673503962965,0.0,[],15.166726665455563,0.0,12.166726665455563,0.0,"[6.88225584159269, 3.085931911602885, 5.198538912259988]",[],"[5.88225584159269, 2.085931911602885, 4.198538912259988]",[],"[15.082707286135104, 5.348543363084321, 10.765484390410224]"
102,0,579,True,True,1.0,3.99,3,4,,1,4,52.229132480514885,"[17.108596933100166, 12.77355957445465, 7.701458360145205, 14.645517612814865]",24.369361667400806,"[7.672352803909065, 5.981688234037313, 4.003568760456631, 6.711751868997798]",23.324617824591815,11.089231311595261,[11.089231311595261],13.096600951590808,5.324800211522152,9.096600951590808,4.324800211522152,"[4.177180556928884, 2.4218312007888456, 3.724986855172096, 2.7726023387009833]",[5.324800211522152],"[3.1771805569288842, 1.4218312007888456, 2.724986855172096, 1.7726023387009833]",[4.324800211522152],"[8.146616812638165, 3.6457210276637064, 6.987145782492554, 4.545134201797393]"
102,0,580,True,True,1.0,3.99,3,3,True,2,5,52.455261830809434,"[20.73439410642759, 2.5, 29.220867724381847]",23.45755211401568,"[9.08641370150676, 1.975, 12.39613841250892]",21.763805117667978,23.873388656852505,"[13.845386558932306, 10.028002097920197]",11.487883995890513,11.310621576172476,8.487883995890513,9.310621576172476,"[3.75560586310011, 2.9274873200895923, 4.80479081270081]","[6.3997007579836, 4.9109208181888775]","[2.75560586310011, 1.9274873200895923, 3.8047908127008103]","[5.3997007579836, 3.910920818188877]","[7.065656059231052, 4.942275179716903, 9.755873878720026]"
102,0,581,True,True,1.0,3.99,4,4,True,2,6,38.536682203426594,"[16.727571002813075, 8.129022600476317, 6.760780187039933, 6.919308413097269]",19.02930605933637,"[7.5237526910970995, 4.170318814185764, 3.636704272945574, 3.698530281107935]",25.327175262393954,16.237122372896252,"[12.11798142925908, 4.119140943637171]",13.877598352333642,8.332477725429538,9.877598352333642,6.332477725429538,"[4.032787141069768, 4.897788545426094, 2.226180570577018, 2.720842095260762]","[5.726012757411041, 2.6064649680184964]","[3.0327871410697678, 3.8977885454260943, 1.2261805705770181, 1.7208420952607622]","[4.726012757411041, 1.6064649680184966]","[7.776377284794276, 9.994329603656652, 3.1440527450692772, 4.412415628873749]"
102,0,582,True,False,,0.0,2,2,,0,2,30.7156669337872,"[16.667354210997694, 14.048312722789507]",13.979110104177009,"[7.500268142289101, 6.478841961887908]",13.289261056124658,0.0,[],7.182811811888617,0.0,0.0,0.0,"[4.549398968190964, 2.633412843697653]",[],"[0.0, 0.0]",[],"[9.101022995361445, 4.188238060763213]"
102,0,583,True,True,1.0,3.99,5,5,True,1,6,42.96964833625209,"[4.889411712823483, 12.337538285236974, 8.431030047676925, 9.160208916508141, 8.151459374006572]",21.75816285113832,"[2.9068705680011586, 5.81163993124242, 4.288101718594001, 4.572481477438175, 4.179069155862564]",42.96951218234003,10.653563717069336,[10.653563717069336],21.758109751112613,5.1548898496570414,16.758109751112613,4.1548898496570414,"[6.373023592048989, 4.271199166256441, 4.7143610231939626, 4.186155626383827, 2.213370343229394]",[5.1548898496570414],"[5.373023592048989, 3.2711991662564412, 3.714361023193963, 3.186155626383827, 1.213370343229394]",[4.1548898496570414],"[13.776983569356382, 8.38769016988831, 9.524002623574264, 8.169629811240581, 3.1112060082804978]"
102,0,584,True,True,1.0,3.99,3,3,True,2,5,18.916520863613922,"[9.205670125176448, 6.259521028138128, 3.4513297102993463]",10.37744313680943,"[4.590211348818815, 3.44121320097387, 2.3460185870167454]",23.281994432586774,35.89102941967627,"[14.196197850564259, 21.694831569112015]",12.079977828708842,15.997501473673747,9.079977828708842,13.997501473673747,"[3.831479691109784, 2.537557058554957, 5.710941079044101]","[6.536517161720061, 9.460984311953686]","[2.831479691109784, 1.537557058554957, 4.710941079044101]","[5.536517161720061, 8.460984311953686]","[7.2602043361789335, 3.9424539962947613, 12.07933610011308]"
102,0,585,True,True,1.0,3.99,5,1,,0,5,4.227449368289387,[4.227449368289387],2.648705253632861,[2.648705253632861],6.749275186804926,0.0,[],3.632217322853921,0.0,2.632217322853921,0.0,[3.632217322853921],[],[2.632217322853921],[],[6.749275186804926]
102,0,586,True,False,,0.0,2,2,,0,2,24.369167802378012,"[3.4205467057568812, 20.94862109662113]",11.503975442927425,"[2.334013215245184, 9.169962227682241]",11.745936392385435,0.0,[],6.58091519303032,0.0,0.0,0.0,"[2.085939758847295, 4.494975434183025]",[],"[0.0, 0.0]",[],"[2.7844609201212687, 8.961475472264166]"
102,0,587,True,True,1.0,3.99,6,6,True,2,8,65.47205632131218,"[5.151995959162296, 8.540886611916587, 7.969746733255697, 17.6243887327981, 4.147127086694574, 22.037911197484917]",31.534101965311745,"[3.0092784240732953, 4.330945778647469, 4.108201225969722, 7.873511605791259, 2.617379563810884, 9.594785367019117]",62.56309131384675,27.727397682336996,"[13.069324776126699, 14.658072906210297]",30.399605612400237,12.813685096111428,24.399605612400237,10.813685096111428,"[6.754337898116746, 3.2715568893121163, 6.608289921549869, 4.399886025279, 4.5856044653022145, 4.779930412840288]","[6.097036662689413, 6.716648433422016]","[5.754337898116746, 2.2715568893121163, 5.608289921549869, 3.3998860252789997, 3.585604465302215, 3.7799304128402884]","[5.097036662689413, 5.716648433422016]","[14.754712559273708, 5.824504844390042, 14.380230568076588, 8.717656475074358, 9.193857603339012, 9.692129263693047]"
102,0,588,True,False,,0.0,2,2,,0,2,17.277039991020146,"[11.592048050858773, 5.684991940161375]",8.738045596497859,"[5.520898739834922, 3.217146856662936]",19.43703122799249,0.0,[],9.580442178917071,0.0,0.0,0.0,"[2.8102664601277043, 6.770175718789368]",[],"[0.0, 0.0]",[],"[4.641708872122318, 14.795322355870173]"
102,0,589,True,True,1.0,3.99,3,3,True,2,5,28.669341824752927,"[11.850332966745412, 5.146211189658885, 11.672797668348629]",14.181043311653642,"[5.621629857030711, 3.007022363966965, 5.5523910906559655]",44.3350988539433,20.848813985582282,"[11.91777999381457, 8.931033991767714]",20.290688553037885,10.131037454377092,17.290688553037885,8.131037454377092,"[9.641988305130138, 4.910899571611624, 5.737800676296124]","[5.6479341975876824, 4.483103256789409]","[8.641988305130138, 3.910899571611625, 4.737800676296124]","[4.6479341975876824, 3.4831032567894087]","[22.15894437212856, 10.027947619516986, 12.148206862297753]"
102,0,590,True,True,1.0,3.99,3,3,True,2,5,44.64752737449214,"[16.83995621324304, 6.126054113103037, 21.68151704814607]",20.412535676051938,"[7.567582923164785, 3.3891611041101846, 9.455791648776968]",30.21560059767814,20.507885287512178,"[11.583809035788136, 8.924076251724042]",14.784084233094475,9.998075262129749,11.784084233094475,7.998075262129749,"[6.125671579898132, 5.236890851409948, 3.4215218017863958]","[5.517685523957373, 4.480389738172376]","[5.125671579898132, 4.236890851409948, 2.4215218017863958]","[4.517685523957373, 3.4803897381723763]","[13.14274764076444, 10.863822695922941, 6.209030260990758]"
102,0,591,True,True,1.0,3.99,6,6,True,1,7,36.0551546757482,"[7.348184498011612, 9.228492263659465, 2.7200829661822254, 10.954392232012921, 3.3040027158819756, 2.5]",20.0615103235418,"[3.865791954224529, 4.599111982827191, 2.0608323568110682, 5.27221297048504, 2.2885610591939702, 1.975]",50.79869405305926,5.04240086234563,[5.04240086234563],25.811490680693108,2.966536336314796,19.81149068069311,1.9665363363147959,"[3.5391988628866655, 2.732851316152222, 6.764580482286424, 3.069631578642, 4.678953285660226, 5.026275155065574]",[2.966536336314796],"[2.5391988628866655, 1.732851316152222, 5.764580482286424, 2.069631578642, 3.6789532856602265, 4.026275155065574]",[1.9665363363147959],"[6.510766315094014, 4.443208502954415, 14.780975595606215, 5.306747637543589, 9.433213552974939, 10.323782448886085]"
102,0,592,True,False,,0.0,1,1,,0,1,3.5896723401399893,[3.5896723401399893],2.399972212654596,[2.399972212654596],2.717422028023898,0.0,[],2.0597945909293203,0.0,0.0,0.0,[2.0597945909293203],[],[0.0],[],[2.717422028023898]
102,0,593,True,False,,0.0,2,2,,0,2,25.672576592138373,"[12.25568649262394, 13.416890099514433]",12.012304870933967,"[5.779717732123337, 6.232587138810629]",21.643379496049747,0.0,[],10.440918003459402,0.0,0.0,0.0,"[6.930343690379589, 3.5105743130798133]",[],"[0.0, 0.0]",[],"[15.206009462511766, 6.437370033537983]"
102,0,594,True,True,1.0,3.99,5,5,True,1,6,48.93833923584751,"[9.94889272424912, 9.996353127007502, 9.803540016591212, 5.467075084090196, 13.722478283909476]",24.085952301980527,"[4.880068162457157, 4.898577719532926, 4.823380606470573, 3.1321592827951763, 6.351766530724696]",59.649472647473424,4.711511585292586,[4.711511585292586],28.263294332514633,2.8374895182641087,23.263294332514636,1.8374895182641084,"[5.716532301299697, 8.944617056954922, 3.353053857868831, 4.185409404409976, 6.063681711981211]",[2.8374895182641087],"[4.716532301299697, 7.944617056954923, 2.353053857868831, 3.185409404409976, 5.063681711981211]",[1.8374895182641084],"[12.09367256743512, 20.37081296655108, 6.0334714304329005, 8.167716421564041, 12.983799261490283]"
102,0,595,True,True,1.0,3.99,5,5,True,1,6,23.947060584982417,"[5.449922688097626, 5.2817911539519615, 5.44712950880804, 3.6254015135246456, 4.142815720600144]",14.339353628143144,"[3.1254698483580743, 3.059898550041265, 3.1243805084351357, 2.4139065902746117, 2.615698131034056]",65.50420796255158,19.74999961121577,[19.74999961121577],30.54664110539511,8.702499848374151,25.54664110539511,7.702499848374151,"[4.554735037308609, 4.979214954512275, 8.460507706507617, 7.049069689245546, 5.5031137178210665]",[8.702499848374151],"[3.554735037308608, 3.9792149545122752, 7.4605077065076175, 6.049069689245546, 4.5031137178210665]",[7.702499848374151],"[9.114705223868226, 10.203115267980193, 19.12950693976312, 15.510435100629605, 11.546445430310426]"
102,0,596,True,False,,0.0,1,1,,0,1,11.505746671085163,[11.505746671085163],5.487241201723213,[5.487241201723213],2.5,0.0,[],1.975,0.0,0.0,0.0,[1.975],[],[0.0],[],[2.5]
102,0,597,True,True,1.0,3.99,3,3,True,1,4,24.317770744420983,"[16.269613337141966, 5.043440657784117, 3.0047167494948988]",12.483930590324185,"[7.345149201485367, 2.966941856535806, 2.171839532303011]",17.37502742738739,5.4810312915513935,[5.4810312915513935],9.776260696681081,3.1376022037050437,6.776260696681082,2.1376022037050437,"[3.1408356393822974, 4.4596243915855, 2.175800665713285]",[3.1376022037050437],"[2.1408356393822974, 3.4596243915854994, 1.1758006657132853]",[2.1376022037050437],"[5.489322152262301, 8.870831773296151, 3.0148735018289368]"
102,0,598,True,False,,0.0,1,1,,0,1,3.9877911964421147,[3.9877911964421147],2.5552385666124247,[2.5552385666124247],11.015546002569899,0.0,[],5.29606294100226,0.0,0.0,0.0,[5.29606294100226],[],[0.0],[],[11.015546002569899]
102,0,599,True,False,,0.0,2,2,,0,2,11.198934132146428,"[2.9232917369468474, 8.275642395199581]",6.367584311537106,"[2.1400837774092705, 4.227500534127836]",16.342170072215445,0.0,[],8.373446328164025,0.0,0.0,0.0,"[2.7704077302189987, 5.603038597945026]",[],"[0.0, 0.0]",[],"[4.539507000561534, 11.802663071653912]"
102,0,600,True,False,,0.0,1,1,,0,1,2.5,[2.5],1.975,[1.975],6.915807252588121,0.0,[],3.6971648285093672,0.0,0.0,0.0,[3.6971648285093672],[],[0.0],[],[6.915807252588121]
102,0,601,True,True,1.0,3.99,6,6,True,2,8,52.17358425276311,"[9.068972517756189, 5.687510861137536, 4.219351261292548, 15.184492337649345, 14.746178378473804, 3.2670788964536883]",26.34769785857761,"[4.536899281924914, 3.218129235843639, 2.645546991904094, 6.921952011683245, 6.751009567604783, 2.2741607696169384]",60.94068965303012,10.056758524307988,"[7.7369343103323, 2.319824213975687]",29.76686896468175,5.922135824480115,23.76686896468175,3.922135824480115,"[3.747704148254019, 8.054771866801063, 4.8393803743725705, 3.704411824804372, 5.907587834148048, 3.513012916301675]","[4.017404381029597, 1.904731443450518]","[2.747704148254019, 7.0547718668010635, 3.83938037437257, 2.704411824804372, 4.907587834148048, 2.513012916301675]","[3.017404381029597, 0.904731443450518]","[7.045395251933382, 18.08915863282324, 9.84456506249377, 6.934389294370184, 12.583558549097559, 6.443622862311987]"
102,0,602,True,True,1.0,3.99,3,3,True,2,5,16.660173788204723,"[7.220813004556617, 2.556671233866739, 6.882689549781367]",9.497467777399843,"[3.816117071777081, 1.9971017812080283, 3.6842489244147334]",26.525733436031352,9.868010846223681,"[5.3989460494199255, 4.469064796803756]",13.345036040052229,5.848524230027236,10.345036040052229,3.8485242300272358,"[3.384946811055772, 2.7935994163411317, 7.166489812655324]","[3.105588959273771, 2.742935270753465]","[2.384946811055772, 1.793599416341132, 6.166489812655324]","[2.105588959273771, 1.7429352707534649]","[6.115248233476338, 4.5989728624131585, 15.811512340141855]"
102,0,603,True,True,1.0,3.99,3,3,True,0,3,13.780195480553605,"[2.8143090460231406, 5.946902726513827, 5.018983708016639]",8.374276237415906,"[2.0975805279490247, 3.3192920633403924, 2.9574036461264894]",27.69884250979437,0.0,[],13.802548578819804,0.0,10.802548578819806,0.0,"[4.0909706091385125, 3.849569684318967, 5.862008285362325]",[],"[3.090970609138513, 2.849569684318967, 4.862008285362325]",[],"[7.925565664457725, 7.306588934151197, 12.46668791118545]"
102,0,604,True,True,1.0,3.99,4,4,True,0,4,31.704560754049993,"[5.796363753236603, 6.769016482699209, 9.882811966505532, 9.256368551608649]",16.364778694079497,"[3.260581863762275, 3.6399164282526915, 4.854296666937158, 4.609983735127373]",29.03226719728512,0.0,[],15.322584206941197,0.0,11.322584206941197,0.0,"[4.167599710349614, 3.296935336596987, 3.624120853185619, 4.233928306808977]",[],"[3.167599710349614, 2.296935336596987, 2.624120853185619, 3.233928306808977]",[],"[8.122050539357984, 5.889577786146121, 6.728515008168253, 8.292123863612762]"
102,0,605,True,True,1.0,3.99,4,4,True,2,6,30.93152924272807,"[12.159513469542674, 4.7042827926557385, 8.534779045109431, 5.5329539354202275]",16.063296404663948,"[5.742210253121643, 2.834670289135738, 4.328563827592678, 3.1578520348138888]",52.42246366389508,11.392135690039868,"[6.8286898083647785, 4.563445881675089]",24.444760828919087,6.442932919115549,20.444760828919083,4.442932919115549,"[8.815916688473619, 6.86662966744508, 2.6384856857249535, 6.123728787275431]","[3.663189025262264, 2.7797438938532846]","[7.815916688473619, 5.86662966744508, 1.6384856857249532, 5.123728787275431]","[2.663189025262264, 1.7797438938532848]","[20.040812021727227, 15.042640172936103, 4.2012453480127006, 13.137766121219054]"
102,0,606,True,True,1.0,3.99,5,5,True,4,9,59.59511181145507,"[11.578626598391905, 9.349081696078267, 14.690940860491157, 16.10272907556596, 7.873733580927773]",28.242093606467478,"[5.515664373372843, 4.646141861470524, 6.729466935591551, 7.280064339470725, 4.070756096561832]",55.29125017981186,35.43927775784289,"[16.766753276122817, 3.5323344525868827, 7.550527047858062, 7.5896629812751275]",26.56358757012663,17.821318325558725,21.56358757012663,13.821318325558726,"[4.5246594083951965, 2.6950888591089384, 2.847628188393914, 10.696573572669955, 5.799637541558623]","[7.539033777687899, 2.3776104365088844, 3.9447055486646443, 3.9599685626973]","[3.524659408395196, 1.6950888591089384, 1.8476281883939143, 9.696573572669955, 4.799637541558623]","[6.539033777687899, 1.3776104365088844, 2.9447055486646443, 2.9599685626973]","[9.037588226654348, 4.346381690022919, 4.737508175369011, 24.86300916069219, 12.306762927073393]"
102,0,607,True,True,1.0,3.99,3,3,True,2,5,19.052395089246254,"[3.144417087380196, 7.720405947757351, 8.187572054108704]",10.430434084806038,"[2.2263226640782765, 4.010958319625367, 4.193153101102395]",34.03892881307653,13.52448095217156,"[4.745933828295753, 8.778547123875807]",16.27518223709985,7.2745475713469085,13.275182237099846,5.2745475713469085,"[11.715843246344571, 2.0958186422921665, 2.46352034846311]","[2.8509141930353437, 4.423633378311565]","[10.715843246344571, 1.0958186422921663, 1.4635203484631099]","[1.8509141930353437, 3.423633378311565]","[27.47652114447326, 2.809791390492734, 3.752616278110538]"
102,0,608,True,True,1.0,3.99,5,5,True,3,8,64.07031319021672,"[20.378926715825454, 11.85537758569589, 16.17999719802171, 7.0862790034222884, 8.569732687251372]",29.987422144184524,"[8.947781419171928, 5.623597258421397, 7.310198907228467, 3.7636488113346926, 4.342195748028035]",40.936595273631625,26.231167297299912,"[12.91515641057088, 6.230561172520459, 7.085449714208572]",20.96527215671634,13.230155245946966,15.96527215671634,10.230155245946966,"[1.975, 6.336131943524461, 3.157711594644648, 6.319908320037887, 3.176520298509343]","[6.036911000122643, 3.429918857282979, 3.763325388541343]","[0.9750000000000001, 5.336131943524461, 2.157711594644648, 5.319908320037887, 2.176520298509343]","[5.036911000122643, 2.429918857282979, 2.763325388541343]","[2.5, 13.682389598780668, 5.532593832422174, 13.640790564199708, 5.5808212782290845]"
102,0,609,True,True,1.0,3.99,4,4,True,3,7,58.06896145421226,"[22.78025154328763, 10.315328715192699, 10.114361719407716, 14.859019476324216]",26.646894967142785,"[9.884298101882177, 5.022978198925153, 4.944601070569009, 6.795017595766445]",35.29693728971024,26.5480220830633,"[8.213320358324127, 11.081843298712407, 7.252858426026768]",17.765805542986996,13.35372861239469,13.765805542986996,10.35372861239469,"[2.1865583057379956, 4.508245636365382, 3.8688851716111485, 7.20211642927247]","[4.20319493974641, 5.321918886497839, 3.82861478615044]","[1.1865583057379954, 3.5082456363653827, 2.8688851716111485, 6.20211642927247]","[3.20319493974641, 4.321918886497839, 2.82861478615044]","[3.042457194199988, 8.995501631706109, 7.356115824643971, 15.90286263916018]"
102,0,610,True,True,1.0,3.99,5,2,,3,8,37.511835459903594,"[23.602369298003094, 13.909466161900497]",16.6296158293624,"[10.204924026221207, 6.424691803141194]",21.25659643977916,9.369538247934361,"[2.586117965631179, 2.586117965631179, 4.197302316672004]",10.290072611513871,6.654119916694401,8.290072611513871,3.654119916694401,"[4.75685829062922, 5.533214320884651]","[2.00858600659616, 2.00858600659616, 2.6369479035020813]","[3.7568582906292196, 4.533214320884651]","[1.0085860065961598, 1.0085860065961598, 1.6369479035020815]","[9.632969975972358, 11.623626463806799]"
102,0,611,True,True,1.0,3.99,5,5,True,1,6,34.974513173525516,"[7.778132432466146, 6.596099357414926, 6.735137973844664, 7.73030084937092, 6.134842560428858]",18.64006013767495,"[4.033471648661797, 3.5724787493918213, 3.626703809799419, 4.014817331254659, 3.392588598567255]",34.034692182981395,10.140227361068714,[10.140227361068714],18.273529951362747,4.9546886708167985,13.273529951362743,3.9546886708167985,"[3.29782471063603, 2.3735863377516004, 2.383988582892962, 4.630396260503527, 5.587734059578625]",[4.9546886708167985],"[2.29782471063603, 1.3735863377516002, 1.3839885828929621, 3.630396260503528, 4.587734059578625]",[3.9546886708167985],"[5.891858232400077, 3.522016250645129, 3.5486886740845183, 9.308708360265456, 11.763420665586217]"
102,0,612,True,True,1.0,3.99,6,6,True,1,7,59.551657427339066,"[12.691406284573876, 6.6667595652501435, 23.972539826902803, 2.5, 4.3203057422785385, 9.400646008333712]",29.22514639666224,"[5.949648450983812, 3.600036230447556, 10.349290532492093, 1.975, 2.68491923948863, 4.666251943250148]",43.36333847334968,15.928610608548695,[15.928610608548695],22.911702004606376,7.212158137333991,16.911702004606376,6.212158137333991,"[2.3096038210064593, 4.62115725186535, 1.975, 2.752995866612724, 2.8259375009528034, 8.427007564169038]",[7.212158137333991],"[1.3096038210064593, 3.6211572518653496, 0.9750000000000001, 1.7529958666127239, 1.8259375009528034, 7.427007564169039]",[6.212158137333991],"[3.3579585154011777, 9.285018594526537, 2.5, 4.494861196442882, 4.681891028084111, 19.043609138894972]"
102,0,613,True,True,1.0,3.99,4,4,True,3,7,43.50358544260722,"[8.141699509290277, 9.62027107322805, 14.997373213724774, 10.744241646364113]",20.966398322616815,"[4.1752628086232075, 4.751905718558939, 6.848975553352663, 5.190254242082005]",54.674564526628274,43.298228795695536,"[11.023522251263099, 23.752579410930064, 8.522127133502376]",25.32308016538503,19.88630923032126,21.32308016538503,16.88630923032126,"[5.116153315183146, 4.4432463965524125, 8.09972431641976, 7.663956137229711]","[5.299173677992608, 10.263505970262726, 4.3236295820659265]","[4.116153315183146, 3.443246396552412, 7.099724316419759, 6.663956137229711]","[4.299173677992608, 9.263505970262726, 3.323629582065927]","[10.554239269700373, 8.828836914236954, 18.204421324153227, 17.08706701853772]"
102,0,614,True,False,,0.0,1,1,,0,1,6.94684629090271,[6.94684629090271],3.709270053452057,[3.709270053452057],5.429950233915439,0.0,[],3.117680591227021,0.0,0.0,0.0,[3.117680591227021],[],[0.0],[],[5.429950233915439]
102,0,615,True,True,1.0,3.99,3,3,True,1,4,25.8799133977568,"[16.304998468248638, 3.571353568651847, 6.003561360856314]",13.093166225125152,"[7.358949402616969, 2.3928278917742203, 3.3413889307339626]",38.445218628128316,22.463061045985356,[22.463061045985356],17.993635264970045,9.760593807934288,14.993635264970045,8.760593807934288,"[3.881473013873545, 6.524114769158113, 7.588047481938387]",[9.760593807934288],"[2.881473013873545, 5.524114769158113, 6.588047481938387]",[8.760593807934288],"[7.3883923432655, 14.164396843995162, 16.89242944086766]"
102,0,616,True,True,1.0,3.99,4,4,True,1,5,48.407442435063714,"[33.73588701764539, 2.5, 6.666608994344465, 5.504946423073859]",22.878902549674848,"[14.156995936881701, 1.975, 3.5999775077943412, 3.146929104998805]",26.74540970910697,7.435917119547846,[7.435917119547846],14.43070978655172,3.90000767662366,10.430709786551718,2.90000767662366,"[4.617653488060622, 4.317338540935808, 2.8510952202213087, 2.644622537333981]",[3.90000767662366],"[3.6176534880606224, 3.3173385409358076, 1.8510952202213085, 1.6446225373339807]",[2.90000767662366],"[9.276034584770827, 8.505996258809763, 4.746398000567457, 4.216980864958924]"
102,0,617,True,True,1.0,3.99,3,3,True,1,4,33.817078616101355,"[5.704867945539165, 7.351115857599201, 20.761094812962988]",16.188660660279528,"[3.2248984987602745, 3.8669351844636886, 9.096826977055565]",39.45777196286069,3.0037487814096835,[3.0037487814096835],18.38853106551567,2.1714620247497765,15.38853106551567,1.1714620247497767,"[6.016616971719452, 8.30374158217074, 4.068172511625477]",[2.1714620247497765],"[5.016616971719452, 7.3037415821707405, 3.068172511625477]",[1.1714620247497767],"[12.863120440306288, 18.727542518386514, 7.86710900416789]"
102,0,618,True,True,1.0,3.99,4,4,True,1,5,42.84261987486686,"[14.310395934399958, 8.026835540863717, 15.378866355354058, 5.12652204424913]",20.708621751198073,"[6.581054414415984, 4.13046586093685, 6.997757878588082, 2.9993435972571607]",28.058812162234833,6.294650185049222,[6.294650185049222],14.942936743271584,3.454913572169197,10.942936743271584,2.454913572169197,"[3.3803655922378284, 4.282188547805287, 3.142043918025807, 4.138338685202662]",[3.454913572169197],"[2.3803655922378284, 3.2821885478052875, 2.142043918025807, 3.138338685202662]",[2.454913572169197],"[6.103501518558534, 8.415868071295609, 5.492420302630275, 8.047022269750414]"
102,0,619,True,True,1.0,3.99,4,4,True,4,8,50.5008180966827,"[15.197888980746393, 6.787591156239003, 19.894935792412767, 8.62040216728454]",23.695319057706254,"[6.927176702491094, 3.6471605509332115, 8.759024959040978, 4.361956845240971]",61.5907946853028,26.06958607094255,"[7.3600193471899615, 7.341919925518129, 4.6974297532616305, 6.670217044972828]",28.02040992726809,14.167138567667594,24.02040992726809,10.167138567667594,"[6.726921421378012, 8.715904034877063, 6.797173859442993, 5.780410611570022]","[3.870407545404085, 3.8633487709520704, 2.8319976037720362, 3.601384647539403]","[5.726921421378012, 7.715904034877063, 5.797173859442993, 4.780410611570022]","[2.870407545404085, 2.8633487709520704, 1.831997603772036, 2.601384647539403]","[14.684413900969261, 19.784369320197598, 14.864548357546136, 12.2574631065898]"
102,0,620,True,False,,0.0,2,2,,0,2,28.22987912514742,"[11.538107104005567, 16.69177202114185]",13.009652858807494,"[5.4998617705621715, 7.509791088245322]",12.064280658032084,0.0,[],6.705069456632513,0.0,0.0,0.0,"[1.975, 4.730069456632513]",[],"[0.0, 0.0]",[],"[2.5, 9.564280658032084]"
102,0,621,True,True,1.0,3.99,3,3,True,4,7,19.613538538530214,"[4.833012433652645, 4.6557770428367045, 10.124749062040866]",10.649280030026784,"[2.8848748491245315, 2.8157530467063148, 4.948652134195938]",36.32636965920354,67.78164896373734,"[11.31958545258516, 32.935626363353656, 14.061575794871423, 9.464861352927096]",17.16728416708938,30.434843095857566,14.16728416708938,26.434843095857566,"[6.0945590324233505, 9.09772513466603, 1.975]","[5.4146383265082125, 13.844894281707926, 6.4840145599998555, 4.691295927641567]","[5.0945590324233505, 8.09772513466603, 0.9750000000000001]","[4.4146383265082125, 12.844894281707926, 5.4840145599998555, 3.6912959276415678]","[13.062971878008591, 20.76339778119495, 2.5]"
102,0,622,True,True,1.0,3.99,7,7,True,0,7,44.49001266832578,"[3.3424389219466235, 2.809145058828533, 5.0305213336847, 9.106668091319934, 6.91861427103745, 10.816081879915188, 6.466543111593355]",24.351104940647055,"[2.303551179559183, 2.095566572943128, 2.961903320137033, 4.551600555614774, 3.6982595657046056, 5.218271933166924, 3.5219518135214085]",65.21532368606043,0.0,[],32.43397623756356,0.0,25.433976237563563,0.0,"[5.387151667071397, 5.801363981271791, 4.711209495329813, 4.776204670289703, 4.5761856652971336, 4.251995249982803, 2.929865508320924]",[],"[4.387151667071397, 4.801363981271791, 3.7112094953298125, 3.7762046702897023, 3.5761856652971336, 3.2519952499828038, 1.929865508320924]",[],"[11.249106838644606, 12.311189695568695, 9.515921782896955, 9.682576077665903, 9.169706834095214, 8.338449358930266, 4.948373098258779]"
102,0,623,True,True,1.0,3.99,4,4,True,3,7,27.35595934664112,"[13.014793606458738, 4.97929471918291, 4.579523070442461, 4.782347950557012]",14.668824145190037,"[6.075769506518908, 2.941924940481335, 2.7860139974725597, 2.8651157007172348]",50.33384308292357,36.96241572394272,"[16.672645993907306, 7.254033345008996, 13.035736385026416]",23.630198802340196,17.41534213233766,19.630198802340196,14.41534213233766,"[4.295717259519704, 6.782494046181177, 4.633252761094708, 7.918734735544605]","[7.5023319376238495, 3.8290730045535084, 6.083937190160302]","[3.295717259519704, 5.782494046181177, 3.633252761094708, 6.918734735544605]","[6.5023319376238495, 2.8290730045535084, 5.083937190160302]","[8.450557075691549, 14.826907810720966, 9.316032720755661, 17.740345475755397]"
102,0,624,True,True,1.0,3.99,6,6,True,3,9,82.39518381930907,"[14.301182270299634, 11.42589792028754, 21.12469277386678, 4.2539647374194685, 11.15583351780502, 20.13361259963063]",38.134121689530545,"[6.577461085416857, 5.45610018891214, 9.238630181808045, 2.6590462475935928, 5.350775071943958, 8.852108913855947]",58.21816407680315,39.58575636582782,"[5.382941861007375, 14.23974429715142, 19.963070207669023]",28.70508398995323,18.43844498267285,22.70508398995323,15.43844498267285,"[3.3592806426496384, 3.4937693634574245, 3.816964899151215, 2.417288386466936, 6.289803930808617, 9.327976767419399]","[3.0993473257928765, 6.553500275889054, 8.78559738099092]","[2.3592806426496384, 2.4937693634574245, 2.816964899151215, 1.4172883864669357, 5.289803930808617, 8.327976767419399]","[2.0993473257928765, 5.553500275889054, 7.78559738099092]","[6.049437545255483, 6.394280419121602, 7.22298692090055, 3.6340727858126556, 13.563599822586196, 21.353786583126663]"
102,0,625,True,False,,0.0,2,2,,0,2,17.411215589221605,"[10.90180675036606, 6.509408838855546]",8.790374079796425,"[5.251704632642763, 3.538669447153663]",24.668274010053103,0.0,[],11.620626863920712,0.0,0.0,0.0,"[6.77288658308621, 4.847740280834501]",[],"[0.0, 0.0]",[],"[14.80227328996464, 9.866000720088465]"
102,0,626,True,True,1.0,3.99,4,4,True,1,5,45.199297785059805,"[17.011504594991827, 4.845265480311273, 14.117441182503015, 9.225086527253685]",21.627726136173322,"[7.634486792046813, 2.8896535373213963, 6.505802061176176, 4.597783745628938]",30.520449920890822,10.11143412619839,[10.11143412619839],15.902975469147421,4.943459309217372,11.902975469147421,3.943459309217372,"[6.379705344237296, 3.714903848300395, 3.4817596661745336, 2.3266066104351966]",[4.943459309217372],"[5.379705344237296, 2.714903848300395, 2.4817596661745336, 1.3266066104351966]",[3.943459309217372],"[13.794116267275118, 6.961291918718961, 6.3634863235244445, 3.4015554113722986]"
102,0,627,True,True,1.0,3.99,3,3,True,3,6,23.22465485856136,"[6.122790932561469, 11.593749220045085, 5.508114705954806]",12.057615394838932,"[3.3878884636989732, 5.521562195817584, 3.1481647353223745]",29.393081851184647,14.68220771446693,"[7.4222949125694315, 5.200702353420383, 2.0592104484771157]",14.463301921962012,8.726061008642104,11.463301921962014,5.7260610086421035,"[3.237218963189547, 6.627214722711463, 4.598868236061003]","[3.8946950159020783, 3.0282739178339497, 1.803092074906075]","[2.237218963189547, 5.627214722711463, 3.598868236061003]","[2.8946950159020783, 2.0282739178339497, 0.8030920749060751]","[5.736458879973197, 14.42875569926016, 9.22786727195129]"
102,0,628,True,False,,0.0,2,2,,0,2,39.73868437310345,"[34.66597391823584, 5.07271045486761]",17.49808690551035,"[14.519729828111979, 2.978357077398368]",18.274600586087153,0.0,[],9.127094228573991,0.0,0.0,0.0,"[3.8933784581858495, 5.233715770388141]",[],"[0.0, 0.0]",[],"[7.41891912355346, 10.855681462533694]"
102,0,629,True,False,,0.0,2,2,,0,2,9.230067187026876,"[4.143216658818799, 5.0868505282080765]",5.599726202940482,"[2.615854496939332, 2.9838717060011497]",26.502890814625896,0.0,[],12.3361274177041,0.0,0.0,0.0,"[4.996897856454892, 7.3392295612492084]",[],"[0.0, 0.0]",[],"[10.248456042192029, 16.254434772433868]"
102,0,630,True,True,1.0,3.99,3,3,True,2,5,26.699324204704716,"[4.723090913834708, 12.260591277049489, 9.71564201382052]",13.412736439834841,"[2.8420054563955364, 5.781630598049301, 4.789100385390004]",18.62508712829522,9.389221639137196,"[7.80510424578486, 1.584117393352335]",10.263783980035136,5.661796439263506,7.263783980035138,3.6617964392635063,"[1.975, 3.3392749268193302, 4.949509053215807]","[4.043990655856096, 1.6178057834074107]","[0.9750000000000001, 2.3392749268193302, 3.949509053215807]","[3.0439906558560956, 0.6178057834074107]","[2.5, 5.998140837998283, 10.12694629029694]"
102,0,631,True,False,,0.0,2,2,,0,2,13.27542039563673,"[8.144368457370947, 5.131051938265783]",7.177413954298324,"[4.176303698374669, 3.0011102559236553]",23.86215442776418,0.0,[],11.30624022682803,0.0,0.0,0.0,"[7.053454909624923, 4.252785317203108]",[],"[0.0, 0.0]",[],"[15.521679255448522, 8.340475172315662]"
102,0,632,True,True,1.0,3.99,8,8,True,0,8,89.28823425570673,"[13.580406009184456, 14.297426016055013, 8.227116917687537, 12.57015853930584, 11.071270727626082, 4.120234007315629, 9.372725043507485, 16.048896995024684]",42.82241135972562,"[6.296358343581938, 6.575996146261455, 4.20857559789814, 5.902361830329278, 5.317795583774172, 2.6068912628530954, 4.655362766967919, 7.259069828059627]",58.17497731599979,0.0,[],30.68824115323992,0.0,22.68824115323992,0.0,"[3.6459093955965685, 4.4702255154819985, 3.173394677352166, 3.540917163161152, 3.4641406208104115, 5.91682681227014, 3.438409966592445, 3.0384170019750387]",[],"[2.6459093955965685, 3.4702255154819985, 2.173394677352166, 2.540917163161152, 2.4641406208104115, 4.91682681227014, 2.438409966592445, 2.0384170019750387]",[],"[6.784383065632227, 8.898014142261534, 5.572806865005553, 6.515172213233723, 6.31830928412926, 12.607248236590102, 6.252333247672935, 5.226710261474458]"
102,0,633,True,True,1.0,3.99,3,3,True,2,5,33.08510154020307,"[5.167275928614043, 5.741450430769238, 22.176375180819793]",15.9031896006792,"[3.015237612159477, 3.2391656680000027, 9.64878632051972]",17.405164176190652,14.115192219064854,"[9.054505012350353, 5.060687206714501]",9.788014028714356,7.5049249654352925,6.788014028714356,5.504924965435293,"[5.623558125287876, 2.189455903426479, 1.975]","[4.531256954816637, 2.9736680106186553]","[4.623558125287876, 1.1894559034264793, 0.9750000000000001]","[3.5312569548166377, 1.9736680106186555]","[11.855277244327887, 3.0498869318627673, 2.5]"
102,0,634,True,True,1.0,3.99,4,4,True,4,8,51.67924816510015,"[17.020134853840524, 6.462789832064752, 21.954880060189534, 6.241443419005335]",24.154906784389055,"[7.637852592997804, 3.5204880345052536, 9.562403223473918, 3.4341629334120807]",31.491565957364603,32.462963435368174,"[10.17480531839087, 7.22216204100975, 3.892983205141604, 11.17301287082595]",16.281710723372196,16.66055573979359,12.281710723372196,12.660555739793587,"[7.718955084936898, 3.2079527589336387, 2.9130526804249866, 2.4417501990766737]","[4.96817407417244, 3.8166431959938025, 2.5182634500052252, 5.357475019622121]","[6.718955084936898, 2.2079527589336387, 1.9130526804249866, 1.4417501990766737]","[3.9681740741724396, 2.8166431959938025, 1.5182634500052254, 4.357475019622121]","[17.22808996137666, 5.661417330599074, 4.905263283140991, 3.696795382247881]"
102,0,635,True,True,1.0,3.99,6,6,True,0,6,70.2030254165557,"[8.888065800785183, 8.58379517959174, 14.22439628441025, 17.756349200661738, 11.545425269572464, 9.204993681534333]",33.37917991245673,"[4.466345662306221, 4.3476801200407795, 6.547514550919998, 7.9249761882580785, 5.502715855133261, 4.58994753579839]",76.53339070439783,0.0,[],35.84802237471516,0.0,29.848022374715153,0.0,"[8.754354842838339, 2.525143725398658, 3.3053618366344772, 7.8516269216697765, 5.391068662158061, 8.020466386015844]",[],"[7.754354842838339, 1.525143725398658, 2.3053618366344772, 6.8516269216697765, 4.391068662158061, 7.020466386015845]",[],"[19.88296113548292, 3.9106249369196355, 5.91118419649866, 17.568274158127632, 11.259150415789899, 18.001195861579088]"
102,0,636,True,False,,0.0,1,1,,0,1,9.56361825830033,[9.56361825830033],4.7298111207371285,[4.7298111207371285],14.099056660954927,0.0,[],6.498632097772422,0.0,0.0,0.0,[6.498632097772422],[],[0.0],[],[14.099056660954927]
102,0,637,True,True,1.0,3.99,5,5,True,1,6,35.791019908050465,"[10.56399488094335, 5.858277100803623, 12.707045926730444, 4.161701999573049, 2.5]",18.958497764139683,"[5.119958003567906, 3.284728069313413, 5.955747911424873, 2.6230637798334895, 1.975]",39.0325262312665,4.095758633869666,[4.095758633869666],20.222685230193935,2.59734586720917,15.222685230193935,1.5973458672091698,"[1.9924634199035898, 6.920829513136705, 5.111160501415953, 1.975, 4.223231795737688]",[2.59734586720917],"[0.9924634199035898, 5.920829513136705, 4.111160501415953, 0.9750000000000001, 3.2232317957376884]",[1.5973458672091698],"[2.544777999752794, 15.181614136247962, 10.541437183117829, 2.5, 8.264696912147919]"
102,0,638,True,True,1.0,3.99,5,1,,3,8,11.567500543946968,[11.567500543946968],5.511325212139318,[5.511325212139318],11.247744351386366,43.815022321724015,"[6.19649115621096, 5.25931169874776, 32.359219466765296]",5.386620297040683,20.087858705472364,4.386620297040683,17.087858705472364,[5.386620297040683],"[3.416631550922274, 3.0511315625116264, 13.620095592038465]",[4.386620297040683],"[2.416631550922274, 2.0511315625116264, 12.620095592038465]",[11.247744351386366]
102,0,639,True,False,,0.0,1,1,,0,1,3.166591410899182,[3.166591410899182],2.234970650250681,[2.234970650250681],3.5107486056742787,0.0,[],2.369191956212969,0.0,0.0,0.0,[2.369191956212969],[],[0.0],[],[3.5107486056742787]
102,0,640,True,False,,0.0,2,2,,0,2,16.550190476598807,"[9.993732292724758, 6.556458183874051]",8.454574285873536,"[4.897555594162656, 3.55701869171088]",23.097469648835904,0.0,[],11.008013163046003,0.0,0.0,0.0,"[6.285503829325524, 4.722509333720479]",[],"[0.0, 0.0]",[],"[13.552573921347497, 9.54489572748841]"
102,0,641,True,False,,0.0,1,1,,0,1,9.461091698088815,[9.461091698088815],4.689825762254638,[4.689825762254638],3.7226833567329374,0.0,[],2.4518465091258457,0.0,0.0,0.0,[2.4518465091258457],[],[0.0],[],[3.7226833567329374]
102,0,642,True,False,,0.0,2,2,,0,2,30.91814027028211,"[11.41880095683406, 19.49933931344805]",14.058074705410023,"[5.453332373165283, 8.60474233224474]",7.3796749398234525,0.0,[],4.878073226531146,0.0,0.0,0.0,"[2.611594027629993, 2.2664791989011537]",[],"[0.0, 0.0]",[],"[4.132292378538444, 3.2473825612850087]"
102,0,643,True,True,1.0,3.99,3,3,True,1,4,24.488738772605636,"[6.8490590468560075, 10.33687312143323, 7.302806604316399]",12.550608121316198,"[3.671133028273843, 5.03138051735896, 3.8480945756833957]",19.306782561764578,10.677451099678871,[10.677451099678871],10.529645199088186,5.16420592887476,7.5296451990881845,4.16420592887476,"[3.1505391666855638, 2.6011111261883006, 4.777994906214321]",[5.16420592887476],"[2.1505391666855638, 1.6011111261883006, 3.7779949062143205]",[4.16420592887476],"[5.514202991501445, 4.105413144072566, 9.687166426190565]"
102,0,644,True,False,,0.0,1,1,,0,1,6.017178462985985,[6.017178462985985],3.346699600564534,[3.346699600564534],6.356789510599013,0.0,[],3.4791479091336153,0.0,0.0,0.0,[3.4791479091336153],[],[0.0],[],[6.356789510599013]
102,0,645,True,False,,0.0,1,1,,0,1,4.368059056770711,[4.368059056770711],2.7035430321405776,[2.7035430321405776],7.006671446434993,0.0,[],3.7326018641096472,0.0,0.0,0.0,[3.7326018641096472],[],[0.0],[],[7.006671446434993]
102,0,646,True,True,1.0,3.99,3,3,True,3,6,25.169072411626694,"[14.807232753101676, 2.5, 7.861839658525017]",12.815938240534411,"[6.774820773709654, 1.975, 4.066117466824757]",39.27427795243054,26.36524824787034,"[11.06647070151453, 10.427229529842347, 4.871548016513463]",18.31696840144791,13.282446816669433,15.316968401447909,10.282446816669433,"[9.914348221027693, 4.5780310457421445, 3.8245891346780714]","[5.315923573590667, 5.066619516638515, 2.8999037264402507]","[8.914348221027693, 3.5780310457421445, 2.8245891346780714]","[4.315923573590667, 4.066619516638515, 1.8999037264402507]","[22.857303130840236, 9.174438578826011, 7.242536242764285]"
102,0,647,True,True,1.0,3.99,4,4,True,2,6,38.038592562937566,"[2.5, 15.785744811363589, 16.490643165785805, 3.2622045857881705]",18.83505109954565,"[1.975, 7.1564404764318, 7.431350834656464, 2.2722597884573865]",47.308337741662996,30.150785224134207,"[13.731944533358924, 16.418840690775284]",22.45025171924857,13.75880623741234,18.45025171924857,11.75880623741234,"[3.843020186129423, 7.011576231979089, 6.2483840972162294, 5.347271203923828]","[6.35545836800998, 7.403347869402361]","[2.843020186129423, 6.011576231979089, 5.2483840972162294, 4.347271203923828]","[5.35545836800998, 6.403347869402361]","[7.289795349049803, 15.414298030715612, 13.457395121067254, 11.146849240830328]"
102,0,648,True,True,1.0,3.99,5,5,True,1,6,56.69961966785486,"[7.555029198017826, 2.5, 25.235124549659908, 2.5, 18.90946592017713]",27.1128516704634,"[3.9464613872269525, 1.975, 10.841698574367364, 1.975, 8.374691708869081]",47.73802201868233,19.89977346007534,[19.89977346007534],23.617828587286105,8.760911649429383,18.617828587286105,7.760911649429383,"[4.766751937841342, 4.320308305507997, 5.285863095351004, 5.464734510905774, 3.78017073767999]",[8.760911649429383],"[3.7667519378413417, 3.3203083055079974, 4.285863095351004, 4.464734510905774, 2.78017073767999]",[7.760911649429383],"[9.658338302157286, 8.513611039764095, 10.989392552182062, 11.448037207450701, 7.128642917128179]"
102,0,649,True,True,1.0,3.99,3,3,True,1,4,22.28072370378796,"[6.531891940614912, 8.577769900134403, 7.171061863038645]",11.689482244477304,"[3.547437856839816, 4.345330261052418, 3.7967141265850715]",36.245290985242164,5.048185531488371,[5.048185531488371],17.135663484244443,2.9687923572804644,14.135663484244443,1.9687923572804646,"[2.2323902652444745, 9.030620461877941, 5.872652757122029]",[2.9687923572804644],"[1.2323902652444745, 8.030620461877941, 4.872652757122029]",[1.9687923572804646],"[3.159975039088396, 20.591334517635744, 12.493981428518023]"
102,0,650,True,True,1.0,3.99,3,3,True,2,5,25.880833927650485,"[7.101374156106738, 11.68856323221792, 7.090896539325825]",13.093525231783689,"[3.769535920881628, 5.558539660564989, 3.7654496503370716]",29.551776439429926,15.765946042144517,"[5.619759601745806, 10.14618644039871]",14.525192811377671,8.148718956436362,11.525192811377671,6.148718956436362,"[4.904830370266672, 5.982250234822362, 3.6381122062886373]","[3.1917062446808644, 4.957012711755497]","[3.904830370266672, 4.982250234822362, 2.6381122062886373]","[2.1917062446808644, 3.957012711755497]","[10.012385564786339, 12.77500060210862, 6.764390272534968]"
102,0,651,True,False,,0.0,1,1,,0,1,16.430563599184673,[16.430563599184673],7.407919803682023,[7.407919803682023],2.5,0.0,[],1.975,0.0,0.0,0.0,[1.975],[],[0.0],[],[2.5]
102,0,652,True,True,1.0,3.99,3,2,,2,5,27.229791381788598,"[7.602534311351111, 19.627257070437487]",12.619618638897553,"[3.964988381426933, 8.65463025747062]",23.67434383614936,19.408485350145455,"[9.158228896556608, 10.250256453588845]",11.232994096098253,9.569309286556727,9.232994096098253,7.569309286556727,"[5.584401502363804, 5.648592593734448]","[4.571709269657077, 4.99760001689965]","[4.584401502363804, 4.648592593734448]","[3.5717092696570774, 3.9976000168996495]","[11.754875647086676, 11.919468189062687]"
102,0,653,True,False,,0.0,2,2,,0,2,22.693327431133756,"[15.29599759209001, 7.397329839043746]",10.850397698142165,"[6.965439060915104, 3.884958637227061]",8.597568016971312,0.0,[],5.353051526618812,0.0,0.0,0.0,"[2.630046273705178, 2.723005252913634]",[],"[0.0, 0.0]",[],"[4.179605830013277, 4.417962186958036]"
102,0,654,True,True,1.0,3.99,5,5,True,0,5,68.08493313781189,"[14.928216677059698, 12.865590506366136, 21.723413937126782, 4.782388579707223, 13.785323437552044]",31.553123923746636,"[6.822004504053282, 6.017580297482793, 9.472131435479445, 2.865131546085817, 6.376276140645298]",31.09488025978269,0.0,[],17.12700330131525,0.0,12.127003301315249,0.0,"[2.7398191955046287, 2.8921386539623395, 2.8025198260476203, 2.3786594095268123, 6.3138662162738495]",[],"[1.7398191955046287, 1.8921386539623393, 1.8025198260476203, 1.378659409526812, 5.3138662162738495]",[],"[4.461074860268279, 4.8516375742624085, 4.621845707814411, 3.535024126991826, 13.625297990445768]"
102,0,655,True,True,1.0,3.99,7,7,True,3,10,96.16449042264372,"[13.643076652258095, 12.289470157429061, 8.39765800176349, 13.74919118924843, 11.247957629118403, 27.654468801880093, 9.182667990946154]",44.50415126483106,"[6.320799894380658, 5.792893361397335, 4.275086620687762, 6.3621845638068875, 5.386703475356177, 11.785242832733237, 4.581240516469]",59.80201537208282,20.23844478255255,"[2.848615557002882, 4.906978029296771, 12.482851196252897]",30.322785995112298,10.892993465195495,23.322785995112298,7.892993465195495,"[4.4184781982471915, 5.521868289991991, 3.1533420931641145, 5.640184974769499, 2.7039025573951028, 3.1849039528750622, 5.700105928669339]","[2.110960067231124, 2.9137214314257407, 5.86831196653863]","[3.418478198247192, 4.521868289991991, 2.1533420931641145, 4.640184974769499, 1.7039025573951025, 2.1849039528750622, 4.700105928669339]","[1.1109600672311242, 1.9137214314257407, 4.86831196653863]","[8.765328713454338, 11.59453407690254, 5.521389982472089, 11.897910191716665, 4.368980916397699, 5.602317827884774, 12.051553663254715]"
102,0,656,True,False,,0.0,1,1,,0,1,2.5,[2.5],1.975,[1.975],6.405112452216693,0.0,[],3.4979938563645105,0.0,0.0,0.0,[3.4979938563645105],[],[0.0],[],[6.405112452216693]
102,0,657,True,False,,0.0,2,2,,0,2,18.63410286398659,"[11.304551341423142, 7.329551522563449]",9.267300116954772,"[5.408775023155026, 3.858525093799745]",5.0,0.0,[],3.95,0.0,0.0,0.0,"[1.975, 1.975]",[],"[0.0, 0.0]",[],"[2.5, 2.5]"
102,0,658,True,False,,0.0,2,2,,0,2,19.3631796463983,"[9.639844880764636, 9.723334765633663]",9.551640062095338,"[4.759539503498209, 4.792100558597129]",5.938738501399315,0.0,[],4.316108015545733,0.0,0.0,0.0,"[2.2211286993097836, 2.0949793162359494]",[],"[0.0, 0.0]",[],"[3.1310992289994446, 2.80763927239987]"
102,0,659,True,True,1.0,3.99,3,3,True,2,5,25.700025706732514,"[10.442253032953854, 5.824271734910597, 9.433500938868065]",13.02301002562568,"[5.072478682852003, 3.271465976615133, 4.679065366158545]",36.78619100757255,15.164686242733527,"[10.548862929548632, 4.615823313184895]",17.346614492953293,7.914227634666076,14.346614492953293,5.914227634666076,"[6.6188273913689635, 5.158739444884096, 5.569047656700233]","[5.114056542523967, 2.800171092142109]","[5.6188273913689635, 4.158739444884096, 4.569047656700233]","[4.114056542523967, 1.800171092142109]","[14.40724972145888, 10.663434474061786, 11.71550681205188]"
102,0,660,True,True,1.0,3.99,3,3,True,2,5,31.9527624858179,"[9.593215366997722, 17.246545023030162, 5.113002095790016]",15.46157736946898,"[4.7413539931291115, 7.726152558981763, 2.9940708173581063]",52.45714458094524,18.971085424280613,"[13.167693145966332, 5.803392278314281]",23.458286386568645,9.39872331546944,20.458286386568645,7.398723315469439,"[5.831502721153888, 7.847473086718845, 9.779310578695913]","[6.135400326926869, 3.2633229885425696]","[4.831502721153888, 6.847473086718845, 8.779310578695913]","[5.135400326926869, 2.2633229885425696]","[12.3884685157792, 17.55762329927909, 22.511052765886955]"
102,0,661,True,False,,0.0,2,2,,0,2,18.795227666173993,"[6.000038285627924, 12.795189380546068]",9.330138789807858,"[3.3400149313948906, 5.990123858412967]",15.545374225742954,0.0,[],8.062695948039751,0.0,0.0,0.0,"[5.038773087344592, 3.02392286069516]",[],"[0.0, 0.0]",[],"[10.355828429088698, 5.189545796654256]"
102,0,662,True,False,,0.0,2,2,,0,2,10.936414174040543,"[3.253139250020943, 7.683274924019599]",6.265201527875812,"[2.268724307508168, 3.9964772203676437]",23.412451899044434,0.0,[],11.130856240627331,0.0,0.0,0.0,"[6.139268306586325, 4.991587934041005]",[],"[0.0, 0.0]",[],"[13.177611042529037, 10.234840856515397]"
102,0,663,True,True,1.0,3.99,4,4,True,2,6,40.32469616210267,"[7.717071886999077, 11.511702269796025, 9.272156029241453, 11.823765976066115]",19.72663150322004,"[4.00965803592964, 5.48956388522045, 4.616140851404166, 5.611268730665785]",24.099803767160022,26.94858538032328,"[6.656994813424388, 20.291590566898893]",13.39892346919241,12.50994829832608,9.39892346919241,10.50994829832608,"[3.7641162664115333, 3.8097504719802755, 1.975, 3.8500567308006004]","[3.5962279772355115, 8.913720321090569]","[2.7641162664115333, 2.8097504719802755, 0.9750000000000001, 2.8500567308006004]","[2.5962279772355115, 7.913720321090569]","[7.087477606183419, 7.204488389693013, 2.5, 7.307837771283591]"
102,0,664,True,True,1.0,3.99,4,4,True,4,8,34.47860095455635,"[4.4777027370872595, 3.19321190320768, 20.465620721495753, 6.342065592765659]",17.446654372276978,"[2.746304067464031, 2.245352642250995, 8.981592081383344, 3.473405581178607]",34.84376183078841,25.591114675539632,"[2.4757390851128704, 7.926069864505518, 7.796918688368486, 7.392387037552759]",17.589067114007477,13.980534723460458,13.589067114007477,9.980534723460456,"[5.771298990589019, 3.545608399815516, 4.298054032725494, 3.97410569087745]","[1.9655382431940196, 4.091167247157152, 4.0407982884637095, 3.883030944645576]","[4.771298990589019, 2.545608399815516, 3.298054032725494, 2.97410569087745]","[0.9655382431940195, 3.091167247157152, 3.0407982884637095, 2.883030944645576]","[12.234099975869277, 6.527201025167989, 8.45654880186024, 7.625912027890898]"
102,0,665,True,False,,0.0,1,1,,0,1,16.478331556003607,[16.478331556003607],7.426549306841407,[7.426549306841407],13.6733485131583,0.0,[],6.332605920131737,0.0,0.0,0.0,[6.332605920131737],[],[0.0],[],[13.6733485131583]
102,0,666,True,False,,0.0,1,1,,0,1,7.562612657169151,[7.562612657169151],3.949418936295969,[3.949418936295969],9.226935684668456,0.0,[],4.598504917020698,0.0,0.0,0.0,[4.598504917020698],[],[0.0],[],[9.226935684668456]
102,0,667,True,False,,0.0,2,2,,0,2,12.72654443735664,"[7.5898894491345095, 5.136654988222131]",6.96335233056909,"[3.9600568851624587, 3.003295445406631]",23.517222744786253,0.0,[],11.17171687046664,0.0,0.0,0.0,"[5.760157553059501, 5.411559317407138]",[],"[0.0, 0.0]",[],"[12.205532187332054, 11.3116905574542]"
102,0,668,True,False,,0.0,2,2,,0,2,16.88378647868838,"[3.394060959480915, 13.489725519207463]",8.584676726688468,"[2.3236837741975567, 6.260992952490911]",10.663486159354989,0.0,[],6.158759602148446,0.0,0.0,0.0,"[3.9391006132502797, 2.219658988898166]",[],"[0.0, 0.0]",[],"[7.53615541859046, 3.1273307407645285]"
102,0,669,True,True,1.0,3.99,3,3,True,1,4,33.37382537768874,"[7.67435860292636, 18.33523359271705, 7.364233182045331]",16.01579189729861,"[3.9929998551412806, 8.15074110115965, 3.872050940997679]",36.21485917325863,19.735206871046962,[19.735206871046962],17.123795077570865,8.696730679708317,14.123795077570865,7.696730679708316,"[1.975, 10.21304656596681, 4.935748511604055]",[8.696730679708317],"[0.9750000000000001, 9.21304656596681, 3.935748511604056]",[7.696730679708316],"[2.5, 23.62319632299182, 10.09166285026681]"
102,0,670,True,False,,0.0,2,2,,0,2,31.274020525306476,"[21.928997436770434, 9.345023088536042]",14.196868004869525,"[9.55230900034047, 4.644559004529056]",11.784528273877214,0.0,[],6.595966026812114,0.0,0.0,0.0,"[3.441396381111331, 3.154569645700783]",[],"[0.0, 0.0]",[],"[6.259990720798284, 5.524537553078931]"
102,0,671,True,True,1.0,3.99,4,4,True,1,5,41.60435998173915,"[12.25213844295822, 11.001717644920774, 7.744677142482674, 10.605826751377485]",20.22570039287827,"[5.778333992753706, 5.290669881519102, 4.0204240855682425, 5.136272433037219]",22.687265134972897,16.14989905300477,[16.14989905300477],12.848033402639432,7.298460630671861,8.848033402639432,6.298460630671861,"[3.541812188452082, 2.3960176005348828, 3.9376151866192077, 2.972588427033259]",[7.298460630671861],"[2.541812188452082, 1.396017600534883, 2.9376151866192077, 1.972588427033259]",[6.298460630671861],"[6.517467149877134, 3.5795323090638025, 7.532346632356942, 5.057919043675023]"
102,0,672,True,False,,0.0,1,1,,0,1,4.624129329093722,[4.624129329093722],2.8034104383465515,[2.8034104383465515],4.995695175711429,0.0,[],2.948321118527457,0.0,0.0,0.0,[2.948321118527457],[],[0.0],[],[4.995695175711429]
102,0,673,True,False,,0.0,2,2,,0,2,19.22206174491919,"[10.31872631491369, 8.903335430005502]",9.496604080518484,"[5.024303262816339, 4.472300817702146]",14.114652901133976,0.0,[],7.50471463144225,0.0,0.0,0.0,"[2.372084999298872, 5.132629632143378]",[],"[0.0, 0.0]",[],"[3.5181666648689034, 10.596486236265072]"
102,0,674,True,True,1.0,3.99,4,4,True,1,5,36.76879197779553,"[7.386508064228595, 2.5, 5.426705555328926, 21.455578358238007]",18.33982887134026,"[3.8807381450491523, 1.975, 3.1164151665782813, 9.367675559712824]",34.49712234016136,7.778487879485705,[7.778487879485705],17.45387771266293,4.033610272999425,13.453877712662932,3.033610272999425,"[4.084468313740576, 3.0258950735803896, 4.087992247214505, 6.255522078127461]",[4.033610272999425],"[3.084468313740576, 2.0258950735803896, 3.087992247214505, 5.255522078127461]",[3.033610272999425],"[7.908893112155323, 5.19460275277023, 7.917928839011552, 13.475697636224258]"
102,0,675,True,True,1.0,3.99,4,4,True,1,5,54.81986521153037,"[13.946584434334614, 21.397792492893657, 12.673796755729374, 6.801691528572736]",25.37974743249685,"[6.4391679293905, 9.345139072228527, 5.9427807347344555, 3.652659696143367]",40.03509709726674,4.728130622345469,[4.728130622345469],19.61368786793403,2.8439709427147326,15.61368786793403,1.8439709427147328,"[2.196995693010869, 5.377630163125943, 7.766878793816276, 4.272183217980943]",[2.8439709427147326],"[1.196995693010869, 4.377630163125943, 6.766878793816276, 3.2721832179809427]",[1.8439709427147328],"[3.0692197256688947, 11.224692725963955, 17.35097126619558, 8.390213379438315]"
102,0,676,True,False,,0.0,2,2,,0,2,18.58614544162272,"[5.743274906184971, 12.842870535437749]",9.248596722232861,"[3.239877213412139, 6.008719508820723]",31.972360030404673,0.0,[],14.469220411857822,0.0,0.0,0.0,"[6.120607802052427, 8.348612609805395]",[],"[0.0, 0.0]",[],"[13.129763595006223, 18.84259643539845]"
102,0,677,True,True,1.0,3.99,3,3,True,3,6,40.09997153694016,"[5.5334815222335445, 25.657765187410583, 8.908724827296032]",18.638988899406662,"[3.1580577936710825, 11.006528423090128, 4.474402682645453]",18.00501087667392,36.885216596937305,"[9.872564525894989, 14.999272808363868, 12.013379262678447]",10.02195424190283,17.38523447280555,7.02195424190283,14.385234472805548,"[2.4451743027005426, 4.142974291680319, 3.433805647521969]","[4.850300165099046, 6.8497163952619085, 5.685217912444594]","[1.4451743027005424, 3.1429742916803187, 2.433805647521969]","[3.850300165099046, 5.8497163952619085, 4.685217912444594]","[3.7055751351295956, 8.058908440205945, 6.240527301338382]"
102,0,678,True,True,1.0,3.99,3,1,,3,6,3.438172750666646,[3.438172750666646],2.340887372759992,[2.340887372759992],14.358666689872294,27.69159097824924,"[7.21598850903352, 7.066888934744316, 13.408713534471406]",6.599880009050195,13.799720481517205,5.599880009050195,10.799720481517205,[6.599880009050195],"[3.814235518523073, 3.7560866845502834, 6.229398278443849]",[5.599880009050195],"[2.814235518523073, 2.7560866845502834, 5.229398278443849]",[14.358666689872294]
102,0,679,True,True,1.0,3.99,3,3,True,1,4,50.491297400808975,"[23.039167579201415, 11.659076588597049, 15.793053233010511]",22.6916059863155,"[9.985275355888552, 5.547039869552849, 7.159290760874099]",22.243070046085318,11.633085535178209,[11.633085535178209],11.674797317973276,5.536903358719502,8.674797317973274,4.536903358719502,"[4.269419276246658, 4.607146552154479, 2.798231489572138]",[5.536903358719502],"[3.2694192762466576, 3.6071465521544788, 1.7982314895721379]",[4.536903358719502],"[8.383126349350404, 9.249093723473022, 4.6108499732618915]"
102,0,680,True,False,,0.0,1,1,,0,1,5.92022990157803,[5.92022990157803],3.308889661615432,[3.308889661615432],9.451302180419358,0.0,[],4.68600785036355,0.0,0.0,0.0,[4.68600785036355],[],[0.0],[],[9.451302180419358]
102,0,681,True,True,1.0,3.99,4,4,True,1,5,28.8002221477681,"[6.767966430177616, 6.391268813130922, 8.461234150390775, 7.17975275406879]",15.232086637629559,"[3.6395069077692703, 3.4925948371210596, 4.299881318652402, 3.8001035740868283]",50.53684466390014,11.032429468244661,[11.032429468244661],23.709369418921057,5.302647492615418,19.709369418921057,4.302647492615418,"[4.801337528047352, 4.96120960267001, 4.27162026137036, 9.675202026833333]",[5.302647492615418],"[3.801337528047352, 3.9612096026700105, 3.2716202613703604, 8.675202026833333]",[4.302647492615418],"[9.747019302685517, 10.156947699153873, 8.388769900949642, 22.24410776111111]"
102,0,682,True,False,,0.0,2,2,,0,2,10.235663196273658,"[5.002632624323494, 5.233030571950163]",5.991908646546727,"[2.951026723486163, 3.0408819230605637]",22.362163602561825,0.0,[],10.721243804999112,0.0,0.0,0.0,"[3.2483798056720334, 7.472863999327079]",[],"[0.0, 0.0]",[],"[5.765076424800085, 16.59708717776174]"
102,0,683,True,True,1.0,3.99,3,3,True,2,5,42.40616234040107,"[12.977801327514712, 10.497780343068543, 18.93058066981781]",19.53840331275642,"[6.061342517730738, 5.094134333796732, 8.382926461228948]",21.978957372735724,16.347158962697627,"[11.333215404022772, 5.013943558674854]",11.571793375366934,8.375391995452073,8.571793375366934,6.375391995452074,"[2.784481473955227, 4.764241196199327, 4.023070705212379]","[5.419954007568881, 2.955437987883193]","[1.784481473955227, 3.7642411961993267, 3.023070705212379]","[4.419954007568881, 1.9554379878831931]","[4.57559352296212, 9.651900503075197, 7.751463346698407]"
102,0,684,True,False,,0.0,1,1,,0,1,15.767740699192482,[15.767740699192482],7.149418872685068,[7.149418872685068],2.5,0.0,[],1.975,0.0,0.0,0.0,[1.975],[],[0.0],[],[2.5]
102,0,685,True,True,1.0,3.99,3,3,True,2,5,34.418551617536046,"[16.889091018722393, 11.658760728290995, 5.870699870522654]",16.423235130839057,"[7.586745497301734, 5.546916684033488, 3.2895729495038353]",16.944023133931324,11.303413020466191,"[4.029216127469748, 7.274196892996443]",9.608169022233216,6.408331077981815,6.608169022233216,4.408331077981815,"[2.635842572635527, 4.997326449597689, 1.975]","[2.571394289713202, 3.8369367882686127]","[1.635842572635527, 3.997326449597689, 0.9750000000000001]","[1.571394289713202, 2.8369367882686127]","[4.194468134962889, 10.249554998968433, 2.5]"
102,0,686,True,True,1.0,3.99,5,5,True,1,6,58.02075700777594,"[11.660443935091218, 18.072899544922535, 9.579626487056393, 5.365545694850862, 13.342241345854934]",27.62809523303262,"[5.5475731346855754, 8.048430822519789, 4.736054329951994, 3.0925628209918363, 6.203474124883424]",35.036397228297545,3.537841250795052,[3.537841250795052],18.664194919036042,2.37975808781007,13.664194919036042,1.3797580878100704,"[2.2873846029321028, 1.975, 9.321162016505978, 1.975, 3.105648299597962]",[2.37975808781007],"[1.287384602932103, 0.9750000000000001, 8.321162016505978, 0.9750000000000001, 2.105648299597962]",[1.3797580878100704],"[3.3009861613643667, 2.5, 21.33631286283584, 2.5, 5.3990982040973385]"
102,0,687,True,False,,0.0,1,1,,0,1,2.5,[2.5],1.975,[1.975],7.751125137703567,0.0,[],4.022938803704391,0.0,0.0,0.0,[4.022938803704391],[],[0.0],[],[7.751125137703567]
102,0,688,True,True,1.0,3.99,3,3,True,2,5,25.943443693872297,"[8.242814043821596, 11.569945672617672, 6.13068397743303]",13.117943040610196,"[4.214697477090422, 5.512278812320893, 3.390966751198882]",27.191366126920578,14.797692521923384,"[3.5996574199346396, 11.198035101988745]",13.604632789499025,7.77110008355012,10.604632789499025,5.77110008355012,"[3.293471752043713, 6.5694090910398115, 3.741751946415501]","[2.4038663937745097, 5.3672336897756106]","[2.293471752043713, 5.5694090910398115, 2.741751946415501]","[1.4038663937745095, 4.3672336897756106]","[5.880696800112084, 14.280536130871312, 7.030133195937181]"
102,0,689,True,True,1.0,3.99,3,3,True,4,7,23.20345789907587,"[5.8176469128852135, 8.620587431341342, 8.765223554849316]",12.04934858063959,"[3.2688822960252333, 4.362029098223124, 4.418437186391233]",25.22500782379731,28.086567421964936,"[5.675132823913233, 3.6999079603583973, 13.951790866933594, 4.759735770759711]",12.837753051280952,14.953761294566327,9.837753051280952,10.953761294566327,"[6.189786166636777, 3.082328489710382, 3.565638394933792]","[3.213301801326161, 2.442964104539775, 6.441198438104102, 2.8562969505962874]","[5.189786166636777, 2.082328489710382, 2.565638394933792]","[2.213301801326161, 1.442964104539775, 5.441198438104102, 1.8562969505962874]","[13.307144017017377, 5.33930381977021, 6.578559987009723]"
102,0,690,True,False,,0.0,1,1,,0,1,11.65312053733066,[11.65312053733066],5.5447170095589575,[5.5447170095589575],5.062181504717818,0.0,[],2.9742507868399493,0.0,0.0,0.0,[2.9742507868399493],[],[0.0],[],[5.062181504717818]
102,0,691,True,True,1.0,3.99,3,3,True,2,5,30.870620161586142,"[12.105955575059296, 11.240149584170544, 7.524515002356302]",15.039541863018597,"[5.721322674273126, 5.383658337826512, 3.934560850918958]",25.97761425906699,28.116453506136462,"[24.95936140870963, 3.1570920974268324]",13.131269561036126,12.965416867393222,10.131269561036126,10.965416867393222,"[2.958703502329685, 5.359167862920091, 4.81339819578635]","[10.734150949396756, 2.2312659179964647]","[1.9587035023296848, 4.359167862920091, 3.8133981957863496]","[9.734150949396756, 1.2312659179964647]","[5.022316672640217, 11.1773534946669, 9.77794409175987]"
102,0,692,True,False,,0.0,1,1,,0,1,8.123162094023781,[8.123162094023781],4.168033216669275,[4.168033216669275],9.281344599097437,0.0,[],4.619724393648001,0.0,0.0,0.0,[4.619724393648001],[],[0.0],[],[9.281344599097437]
102,0,693,True,False,,0.0,1,1,,0,1,2.5,[2.5],1.975,[1.975],4.622438512539584,0.0,[],2.8027510198904375,0.0,0.0,0.0,[2.8027510198904375],[],[0.0],[],[4.622438512539584]
102,0,694,True,False,,0.0,1,1,,0,1,9.888620579980198,[9.888620579980198],4.856562026192277,[4.856562026192277],14.192772714931047,0.0,[],6.535181358823109,0.0,0.0,0.0,[6.535181358823109],[],[0.0],[],[14.192772714931047]
102,0,695,True,False,,0.0,2,2,,0,2,28.10149608571814,"[14.410500141225212, 13.690995944492926]",12.959583473430074,"[6.620095055077833, 6.339488418352241]",10.80420803421465,0.0,[],6.213641133343714,0.0,0.0,0.0,"[3.151146826963647, 3.0624943063800667]",[],"[0.0, 0.0]",[],"[5.515761094778582, 5.288446939436068]"
102,0,696,True,False,,0.0,2,2,,0,2,14.418651073270862,"[6.482639764544004, 7.936011308726859]",7.623273918575636,"[3.5282295081721617, 4.0950444104034744]",24.388376157289084,0.0,[],11.511466701342744,0.0,0.0,0.0,"[6.280180829321958, 5.231285872020785]",[],"[0.0, 0.0]",[],"[13.538925203389637, 10.849450953899447]"
102,0,697,True,True,1.0,3.99,3,3,True,2,5,40.16079503224429,"[9.295382685791186, 7.042130042926762, 23.82328230352634]",18.66271006257527,"[4.625199247458562, 3.7464307167414375, 10.291080098375273]",14.46570074556933,34.60574105079872,"[4.262164627185637, 30.343576423613083]",8.641623290772039,15.496239009811502,5.641623290772039,13.496239009811502,"[3.851843979101027, 2.219248440324411, 2.570530871346601]","[2.6622442046023984, 12.833994805209104]","[2.851843979101027, 1.2192484403244113, 1.5705308713466006]","[1.6622442046023984, 11.833994805209104]","[7.312420459233403, 3.126278052113875, 4.027002234222053]"
102,0,698,True,True,1.0,3.99,5,5,True,2,7,35.37793766917903,"[4.949727453656594, 8.806416265672127, 6.160039979254255, 5.401925175744211, 10.05982879485185]",18.797395690979826,"[2.930393706926072, 4.434502343612129, 3.4024155919091594, 3.106750818540242, 4.923333229992222]",31.53643219995785,25.611275007031033,"[5.54611117499225, 20.06516383203878]",17.29920855798356,11.988397252742102,12.299208557983562,9.988397252742104,"[3.5882667825441956, 4.746394066439752, 4.09649061728588, 2.4053311968087643, 2.4627258949049686]","[3.1629833582469775, 8.825413894495124]","[2.5882667825441956, 3.7463940664397524, 3.0964906172858804, 1.4053311968087645, 1.4627258949049684]","[2.1629833582469775, 7.825413894495125]","[6.636581493703066, 9.606138631896801, 7.9397195315022575, 3.603413325150678, 3.750579217705047]"
102,0,699,True,True,1.0,3.99,3,3,True,2,5,38.99990238409409,"[2.5, 20.975805208343623, 15.524097175750468]",18.209961929796695,"[1.975, 9.180564031254013, 7.054397898542683]",31.57629424436205,12.20973467174703,"[6.865325658281665, 5.3444090134653655]",15.314754755301202,6.761796521981342,12.314754755301202,4.761796521981342,"[3.319942469769384, 6.585715619184355, 5.409096666347462]","[3.6774770067298497, 3.0843195152514924]","[2.319942469769384, 5.585715619184355, 4.409096666347462]","[2.6774770067298497, 2.0843195152514924]","[5.948570435306113, 14.322347741498346, 11.305376067557592]"
102,0,700,True,False,,0.0,1,1,,0,1,9.90709060484957,[9.90709060484957],4.863765335891332,[4.863765335891332],12.143780733777831,0.0,[],5.736074486173354,0.0,0.0,0.0,[5.736074486173354],[],[0.0],[],[12.143780733777831]
102,0,701,True,True,1.0,3.99,4,4,True,1,5,32.963598581178225,"[4.781534707458831, 5.624534669838944, 15.94778691143522, 6.609742292445228]",16.855803446659507,"[2.8647985359089443, 3.193568521237188, 7.219636895459736, 3.577799494053639]",30.30008510127619,9.293072488577794,[9.293072488577794],15.817033189497714,4.6242982705453395,11.817033189497714,3.6242982705453395,"[1.975, 3.6398372240802437, 4.364817173426475, 5.837378791990995]",[4.6242982705453395],"[0.9750000000000001, 2.6398372240802437, 3.3648171734264753, 4.837378791990995]",[3.6242982705453395],"[2.5, 6.768813395077548, 8.627736342119167, 12.403535364079474]"
102,0,702,True,False,,0.0,2,2,,0,2,13.994219215361536,"[4.899604611313499, 9.094614604048036]",7.457745493990998,"[2.9108457984122644, 4.546899695578734]",22.274430693817752,0.0,[],10.687027970588924,0.0,0.0,0.0,"[3.8134923577227235, 6.8735356128662]",[],"[0.0, 0.0]",[],"[7.214082968519803, 15.060347725297948]"
102,0,703,True,True,1.0,3.99,4,4,True,0,4,36.59929986621438,"[8.533206488652755, 9.99368287569277, 9.024368894297078, 9.048041607571772]",18.273726947823604,"[4.327950530574575, 4.89753632152018, 4.51950386877586, 4.528736226952992]",36.34482712320696,0.0,[],18.174482578050718,0.0,14.174482578050718,0.0,"[5.616445873464717, 3.6452967368579774, 5.791196612613262, 3.121543355114761]",[],"[4.616445873464717, 2.6452967368579774, 4.791196612613262, 2.121543355114761]",[],"[11.837040701191583, 6.782812145789686, 12.285119519521183, 5.4398547567045155]"
102,0,704,True,True,1.0,3.99,4,4,True,0,4,42.3109220012278,"[9.970442164609622, 4.654662439065308, 9.91159999345372, 17.77421740409915]",20.501259580478845,"[4.8884724441977525, 2.81531835123547, 4.865523997446951, 7.931944787598669]",37.50697988168123,0.0,[],18.62772215385568,0.0,14.62772215385568,0.0,"[4.848237942833666, 3.745819465268171, 4.7186179970417355, 5.315046748712108]",[],"[3.848237942833667, 2.745819465268171, 3.7186179970417355, 4.315046748712108]",[],"[9.867276776496581, 7.040562731456848, 9.534917941132655, 11.064222432595148]"
102,0,705,True,False,,0.0,2,2,,0,2,21.55531157697527,"[5.624467578632876, 15.930843998342397]",10.406571515020357,"[3.1935423556668217, 7.2130291593535345]",18.08135282733553,0.0,[],9.051727602660856,0.0,0.0,0.0,"[3.8431939606325494, 5.208533642028306]",[],"[0.0, 0.0]",[],"[7.290240924698844, 10.791111902636683]"
102,0,706,True,True,1.0,3.99,3,3,True,1,4,38.97045614313356,"[5.288121828066089, 8.417931707009313, 25.264402608058163]",18.19847789582209,"[3.062367512945775, 4.282993365733632, 10.853117017142683]",21.800898870593013,5.782053353733318,[5.782053353733318],11.502350559531276,3.255000807955994,8.502350559531274,2.255000807955994,"[3.7361411169951895, 5.020877154759985, 2.7453322877761]",[3.255000807955994],"[2.7361411169951895, 4.020877154759985, 1.7453322877761002]",[2.255000807955994],"[7.0157464538338195, 10.309941422461499, 4.475210994297693]"
102,0,707,True,True,1.0,3.99,4,4,True,3,7,41.311508388956526,"[13.187091808349823, 11.2718104848448, 9.66512447240688, 7.187481623355024]",20.111488271693045,"[6.1429658052564315, 5.396006089089472, 4.769398544238683, 3.8031178331084594]",29.755966053352523,23.99489198646874,"[8.202050774743158, 11.299136810088813, 4.493704401636769]",15.604826760807484,12.358007874722809,11.604826760807484,9.358007874722809,"[4.052214012641911, 2.943094133758315, 3.6679474642583467, 4.941571150148912]","[4.198799802149832, 5.406663355934637, 2.75254471663834]","[3.052214012641911, 1.9430941337583152, 2.6679474642583467, 3.9415711501489112]","[3.198799802149832, 4.406663355934637, 1.75254471663834]","[7.826189776004899, 4.982292650662346, 6.840890933995761, 10.106592692689516]"
102,0,708,True,True,1.0,3.99,3,3,True,0,3,33.3570552608917,"[20.213529983480313, 4.623384021679148, 8.520141255732241]",16.009251551747766,"[8.883276693557322, 2.803119768454868, 4.322855089735574]",39.5873580446719,0.0,[],18.439069637422044,0.0,15.439069637422044,0.0,"[5.929914892666717, 5.440333050837257, 7.06882169391807]",[],"[4.929914892666717, 4.440333050837257, 6.06882169391807]",[],"[12.640807417094145, 11.38546936112117, 15.56108126645659]"
102,0,709,True,False,,0.0,2,2,,0,2,47.51101256674287,"[32.07465751773651, 15.436355049006359]",20.529294901029722,"[13.50911643191724, 7.02017846911248]",17.47748319750859,0.0,[],8.81621844702835,0.0,0.0,0.0,"[3.441797342805484, 5.374421104222866]",[],"[0.0, 0.0]",[],"[6.261018827706369, 11.21646436980222]"
102,0,710,True,True,1.0,3.99,5,5,True,1,6,46.75088253354243,"[3.384723019968032, 12.084706707733199, 7.544573453059762, 16.92332253495, 6.813556817831433]",23.232844188081547,"[2.3200419777875325, 5.713035616015948, 3.9423836466933073, 7.6000957886305, 3.657287158954259]",79.0786272055787,10.520833190808773,[10.520833190808773],35.84066461017569,5.103124944415422,30.840664610175697,4.103124944415422,"[5.712505304443772, 2.759851916686652, 5.128960963686958, 17.814350778587528, 4.424995646770784]",[5.103124944415422],"[4.712505304443772, 1.7598519166866522, 4.128960963686958, 16.814350778587528, 3.424995646770784]",[4.103124944415422],"[12.083346934471209, 4.512440812017057, 10.587079394069123, 43.11371994509622, 8.782040119925087]"
102,0,711,True,True,1.0,3.99,6,6,True,4,10,55.11833900555912,"[7.60558731532681, 20.315795836656157, 4.709749811239909, 5.742181550280322, 9.72344372352802, 7.021580768527905]",27.496152212168056,"[3.966179052977456, 8.9231603762959, 2.8368024263835645, 3.2394508046093256, 4.792143052175928, 3.738416499725883]",86.24519106253918,43.71994917934008,"[14.80818710085082, 16.08035532007413, 5.63990929367289, 7.191497464742244]",39.63562451439027,21.05078017994263,33.63562451439028,17.05078017994263,"[7.0366603894814235, 5.84985908398123, 9.031078802278683, 2.758842241081895, 7.862968485702019, 7.096215511865029]","[6.77519296933182, 7.271338574828911, 3.199564624532427, 3.804684011249475]","[6.0366603894814235, 4.84985908398123, 8.031078802278683, 1.758842241081895, 6.862968485702019, 6.096215511865029]","[5.77519296933182, 6.271338574828911, 2.199564624532427, 2.804684011249475]","[15.4786163832857, 12.435536112772384, 20.592509749432523, 4.509851900209987, 17.597355091543637, 15.631321825294947]"
102,0,712,True,True,1.0,3.99,3,3,True,3,6,14.142810182334845,"[3.156596502937969, 4.237800057771389, 6.748413621625488]",8.51569597111059,"[2.231072636145808, 2.6527420225308416, 3.6318813124339404]",24.9624538404454,42.63172779363325,"[25.141604507309395, 11.669018855545923, 5.821104430777936]",12.735356997773707,19.62637383951697,9.735356997773707,16.62637383951697,"[3.8976740974572044, 5.348738822099036, 3.4889440782174663]","[10.805225757850664, 5.550917353662911, 3.270230728003395]","[2.8976740974572044, 4.348738822099036, 2.4889440782174663]","[9.805225757850664, 4.550917353662911, 2.270230728003395]","[7.4299335832236, 11.150612364356501, 6.381907892865298]"
102,0,713,True,True,1.0,3.99,4,4,True,4,8,35.75630068241161,"[10.099604404873247, 8.000836061318159, 9.415827220154526, 8.240032996065679]",17.944957266140527,"[4.938845717900566, 4.1203260639140815, 4.672172615860266, 4.213612868465615]",54.627943830138705,29.36598616934935,"[4.243165506427991, 3.633075723035815, 13.401884483092068, 8.087860456793473]",25.304898093754097,15.452734606046246,21.304898093754097,11.452734606046246,"[4.274348938293247, 8.107766871424984, 7.155525530442512, 5.767256753593355]","[2.6548345475069164, 2.416899531983968, 6.226734948405907, 4.154265578149454]","[3.2743489382932474, 7.1077668714249835, 6.155525530442512, 4.767256753593355]","[1.6548345475069166, 1.416899531983968, 5.226734948405907, 3.1542655781494546]","[8.395766508444224, 18.22504326006406, 15.783398796006441, 12.223735265623988]"
102,0,714,True,True,1.0,3.99,3,3,True,4,7,22.44488033876084,"[10.232296099453956, 5.36505673213905, 6.847527507167832]",11.753503332116725,"[4.990595478787043, 3.0923721255342294, 3.6705357277954542]",34.657127805199046,32.33364517619009,"[7.076129657751424, 5.512006232416099, 14.23350305360647, 5.512006232416099]",16.51627984402763,16.610121618714135,13.516279844027629,12.610121618714135,"[6.998369340222172, 3.151703319913224, 6.366207183892234]","[3.7596905665230556, 3.1496824306422786, 6.551066190906523, 3.1496824306422786]","[5.998369340222172, 2.151703319913224, 5.366207183892234]","[2.7596905665230556, 2.1496824306422786, 5.551066190906523, 2.1496824306422786]","[15.380434205697876, 5.517187999777497, 13.759505599723676]"
102,0,715,True,True,1.0,3.99,7,7,True,4,11,90.94376694344261,"[18.82363386179909, 16.255249700142482, 8.440479212714896, 14.931754303661519, 17.153609541226643, 10.863495726038288, 4.475544597859696]",42.468069107942625,"[8.341217206101646, 7.339547383055568, 4.291786892958809, 6.823384178427992, 7.6899077210783915, 5.236763333154932, 2.7454623931652815]",65.76621144298261,51.54551676982219,"[15.89777133702766, 14.45570472256076, 9.842460266416111, 11.349580443817663]",32.64882246276322,24.102751540230656,25.64882246276322,20.102751540230656,"[4.76200386783306, 3.058817290938833, 6.392141161170024, 10.420283271083866, 2.866366518876145, 3.1742103528612895, 1.975]","[7.200130821440787, 6.637724841798697, 4.8385595039022835, 5.426336373088889]","[3.7620038678330596, 2.058817290938833, 5.392141161170024, 9.420283271083866, 1.8663665188761451, 2.1742103528612895, 0.9750000000000001]","[6.200130821440787, 5.637724841798697, 3.8385595039022835, 4.426336373088889]","[9.646163763674512, 5.279018694714956, 13.826002977359034, 24.154572489958632, 4.7855551766055004, 5.574898340669973, 2.5]"
102,0,716,True,False,,0.0,2,2,,0,2,16.41975406854825,"[10.413642700944283, 6.006111367603966]",8.403704086733818,"[5.061320653368271, 3.342383433365547]",18.38090010593728,0.0,[],9.168551041315538,0.0,0.0,0.0,"[3.1852589225143673, 5.983292118801172]",[],"[0.0, 0.0]",[],"[5.603228006447096, 12.777672099490184]"
102,0,717,True,True,1.0,3.99,3,3,True,1,4,21.781923206316783,"[3.329598857392021, 10.848238928373068, 7.604085420551695]",11.494950050463546,"[2.2985435543828885, 5.230813182065496, 3.965593314015161]",22.017659586882957,6.060221055988437,[6.060221055988437],11.586887238884353,3.3634862118354905,8.586887238884353,2.3634862118354905,"[1.975, 7.432678638345963, 2.17920860053839]",[3.3634862118354905],"[0.9750000000000001, 6.432678638345963, 1.1792086005383902]",[2.3634862118354905],"[2.5, 16.494047790630674, 3.0236117962522826]"
102,0,718,True,True,1.0,3.99,6,6,True,0,6,49.43383627370961,"[2.5, 5.040490051993324, 3.1520419883949566, 11.045913698840584, 13.410044934275442, 14.285345600205304]",25.27919614674675,"[1.975, 2.9657911202773963, 2.229296375474033, 5.307906342547828, 6.229917524367423, 6.571284784080069]",45.90967874303369,0.0,[],23.904774709783137,0.0,17.904774709783137,0.0,"[3.4340045804007495, 3.365721393480637, 3.142279326699367, 5.318727249803037, 5.733497723066009, 2.910544436333339]",[],"[2.4340045804007495, 2.365721393480637, 2.142279326699367, 4.318727249803037, 4.733497723066009, 1.9105444363333388]",[],"[6.241037385642947, 6.065952290975993, 5.493023914613762, 11.073659614879581, 12.1371736488872, 4.898831888034202]"
102,0,719,True,True,1.0,3.99,4,4,True,2,6,42.31223218514379,"[7.1843320610313715, 6.161257854064628, 18.91500181706547, 10.05164045298232]",20.501770552206075,"[3.801889503802235, 3.402890563085205, 8.376850708655533, 4.920139776663104]",30.16513399789248,11.760607180140509,"[4.989111094345709, 6.7714960857948]",15.764402259178066,6.586636800254798,11.764402259178066,4.586636800254798,"[5.469441427545186, 4.6341454506693305, 2.658106947981425, 3.0027084329821254]","[2.9457533267948266, 3.6408834734599718]","[4.469441427545186, 3.6341454506693305, 1.658106947981425, 2.0027084329821254]","[1.9457533267948266, 2.6408834734599718]","[11.460106224474835, 9.318321668382898, 4.251556276875449, 5.135149828159296]"
102,0,720,True,True,1.0,3.99,3,3,True,0,3,21.866430787431895,"[4.936547258787613, 7.468646651161695, 9.461236877482586]",11.52790800709844,"[2.925253430927169, 3.912772193953061, 4.689882382218208]",16.80009093040383,0.0,[],9.552035462857493,0.0,6.552035462857493,0.0,"[2.6457264769231594, 3.7518677841954817, 3.154441201738852]",[],"[1.6457264769231594, 2.7518677841954817, 2.154441201738852]",[],"[4.219811479290152, 7.056071241526876, 5.5242082095868]"
102,0,721,True,True,1.0,3.99,6,6,True,1,7,57.19148962974066,"[22.55096390529694, 7.089739136190002, 3.9203110099615204, 11.81505183171418, 3.382513680057663, 8.43291006652036]",28.30468095559886,"[9.794875923065806, 3.764998263114101, 2.528921293884993, 5.60787021436853, 2.3191803352224887, 4.288834925942941]",75.24591880643925,11.106994328626573,[11.106994328626573],35.34590833451131,5.331727788164364,29.34590833451131,4.331727788164364,"[11.297771840049691, 5.326566801451406, 6.587517489895489, 3.911302728643821, 3.579912894569164, 4.642836579901736]",[5.331727788164364],"[10.297771840049691, 4.326566801451406, 5.587517489895489, 2.911302728643821, 2.579912894569164, 3.6428365799017364]",[4.331727788164364],"[26.404543179614592, 11.093761029362579, 14.326967922808945, 7.464878791394412, 6.6151612681260605, 9.340606615132657]"
102,0,722,True,False,,0.0,1,1,,0,1,7.077853512290833,[7.077853512290833],3.760362869793425,[3.760362869793425],16.491450404279046,0.0,[],7.4316656576688285,0.0,0.0,0.0,[7.4316656576688285],[],[0.0],[],[16.491450404279046]
102,0,723,True,True,1.0,3.99,3,3,True,2,5,26.87106231206163,"[12.382378076703365, 10.287791634060525, 4.200892601297738]",13.479714301704036,"[5.829127449914313, 5.012238737283605, 2.638348114506118]",12.998634665694878,16.344325926992184,"[7.433579962271715, 8.910745964720467]",8.069467519621004,8.37428711152695,5.069467519621003,6.374287111526952,"[3.4847832246697097, 2.3742480195282116, 2.2104362754230813]","[3.899096185285969, 4.475190926240982]","[2.4847832246697097, 1.3742480195282114, 1.2104362754230815]","[2.899096185285969, 3.4751909262409826]","[6.37123903761464, 3.5237128705851575, 3.103682757495081]"
102,0,724,True,True,1.0,3.99,3,3,True,1,4,22.355982523803256,"[3.1688240119696403, 13.283668586674848, 5.903489925158764]",11.718833184283268,"[2.2358413646681594, 6.180630748803191, 3.302361070811918]",13.191538711647839,2.4466837530517966,[2.4466837530517966],8.144700097542657,1.9542066636902007,5.144700097542657,0.9542066636902007,"[2.669561873547295, 1.975, 3.5001382239953625]",[1.9542066636902007],"[1.6695618735472948, 0.9750000000000001, 2.5001382239953625]",[0.9542066636902007],"[4.280927880890499, 2.5, 6.4106108307573395]"
102,0,725,True,True,1.0,3.99,5,5,True,0,5,55.71957197608115,"[19.81939785898083, 10.00669075480306, 12.902973568202027, 2.665670653131962, 10.324839140963272]",26.73063307067165,"[8.729565165002525, 4.902609394373194, 6.032159691598791, 2.039611554721465, 5.026687264975676]",36.727642733095855,0.0,[],19.323780665907382,0.0,14.323780665907382,0.0,"[6.435046453027402, 3.0664464760919525, 2.0988933904280893, 5.0701986807644035, 2.6531956655955353]",[],"[5.435046453027402, 2.0664464760919525, 1.098893390428089, 4.0701986807644035, 1.6531956655955353]",[],"[13.936016546224108, 5.2985807079280836, 2.8176753600720232, 10.43640687375488, 4.238963245116757]"
102,0,726,True,False,,0.0,2,2,,0,2,13.928464153192124,"[3.5653670461701683, 10.363097107021956]",7.432101019744929,"[2.3904931480063656, 5.041607871738563]",22.706075236157666,0.0,[],10.85536934210149,0.0,0.0,0.0,"[5.250625992173546, 5.6047433499279435]",[],"[0.0, 0.0]",[],"[10.899041005573196, 11.80703423058447]"
102,0,727,True,True,1.0,3.99,5,5,True,3,8,34.30686680814822,"[7.258817689707346, 11.392840394587298, 2.7586798584480836, 8.419689667401562, 4.476839198003932]",18.379678055177806,"[3.830938898985865, 5.443207753889046, 2.0758851447947526, 4.2836789702866085, 2.745967287221534]",48.66165073147514,38.526741041806126,"[11.682990710046312, 11.197543934258285, 15.646206397501528]",23.978043785275307,18.02542900630439,18.978043785275307,15.025429006304389,"[4.592883485455406, 2.4508488499262002, 1.975, 5.400813039547212, 9.558498410346488]","[5.556366376918062, 5.367042134360731, 7.102020495025596]","[3.5928834854554066, 1.4508488499262002, 0.9750000000000001, 4.400813039547212, 8.558498410346488]","[4.556366376918062, 4.367042134360731, 6.102020495025596]","[9.212521757577965, 3.720125256221026, 2.5, 11.284135998839005, 21.944867718837145]"
102,0,728,True,False,,0.0,1,1,,0,1,4.054546539521911,[4.054546539521911],2.581273150413545,[2.581273150413545],9.676745212834426,0.0,[],4.773930633005426,0.0,0.0,0.0,[4.773930633005426],[],[0.0],[],[9.676745212834426]
102,0,729,True,True,1.0,3.99,4,4,True,0,4,31.66957852055364,"[2.5, 13.514125324388113, 10.24298113015088, 5.412472066014647]",16.35113562301592,"[1.975, 6.270508876511364, 4.994762640758843, 3.1108641057457125]",24.243062584535064,0.0,[],13.454794407968674,0.0,9.454794407968674,0.0,"[2.689383109042736, 5.6838887296657745, 2.0421831462197426, 3.039339423040421]",[],"[1.6893831090427358, 4.6838887296657745, 1.0421831462197428, 2.039339423040421]",[],"[4.331751561648041, 12.009971101707114, 2.67226447748652, 5.229075443693387]"
102,0,730,True,True,1.0,3.99,6,6,True,0,6,87.56551005797218,"[20.943506999860258, 12.889285328769157, 8.104563767306002, 5.099450762268618, 5.895748301609007, 34.63295489815912]",40.15054892260915,"[9.1679677299455, 6.0268212782199715, 4.160779869249341, 2.988785797284761, 3.2993418376275128, 14.506852410282058]",48.35771132249134,0.0,[],24.85950741577162,0.0,18.85950741577162,0.0,"[5.491113127071461, 4.77670618240125, 1.975, 2.76344095930102, 6.357038963156804, 3.4962081838410866]",[],"[4.491113127071461, 3.7767061824012496, 0.9750000000000001, 1.76344095930102, 5.357038963156804, 2.4962081838410866]",[],"[11.515674684798618, 9.68386200615705, 2.5, 4.521643485387231, 13.735997341427703, 6.400533804720735]"
102,0,731,True,False,,0.0,2,2,,0,2,16.246345265990737,"[7.971713401262107, 8.27463186472863]",8.336074653736386,"[4.108968226492221, 4.227106427244165]",15.165372813190777,0.0,[],7.914495397144403,0.0,0.0,0.0,"[4.408099228005579, 3.506396169138824]",[],"[0.0, 0.0]",[],"[8.738715969245074, 6.426656843945702]"
102,0,732,True,True,1.0,3.99,3,3,True,4,7,37.49719416852467,"[8.496694689856742, 17.268930262867997, 11.73156921579993]",17.62390572572462,"[4.313710929044129, 7.734882802518519, 5.575311994161972]",18.328882805265312,46.3330071613117,"[6.199169122351405, 16.933380730433136, 17.533115968641344, 5.667341339885809]",10.148264294053472,22.06987279291156,7.148264294053472,18.06987279291156,"[6.198264294053472, 1.975, 1.975]","[3.417675957717048, 7.604018484868924, 7.837915227770124, 3.2102631225554656]","[5.198264294053472, 0.9750000000000001, 0.9750000000000001]","[2.417675957717048, 6.604018484868924, 6.837915227770124, 2.2102631225554656]","[13.328882805265312, 2.5, 2.5]"
102,0,733,True,False,,0.0,1,1,,0,1,11.647966047958366,[11.647966047958366],5.542706758703763,[5.542706758703763],9.594603226144475,0.0,[],4.741895258196346,0.0,0.0,0.0,[4.741895258196346],[],[0.0],[],[9.594603226144475]
102,0,734,True,True,1.0,3.99,3,3,True,2,5,26.8817798394766,"[10.853813229947937, 10.0209345236891, 6.007032085839561]",13.483894137395874,"[5.232987159679696, 4.908164464238749, 3.342742513477429]",37.348424929689486,24.242168418797,"[7.987047622319057, 16.255120796477943]",17.565885722578898,11.45444568333083,14.5658857225789,9.45444568333083,"[11.546775376169004, 2.768278172260054, 3.250832174149842]","[4.114948572704432, 7.3394971106263975]","[10.546775376169004, 1.7682781722600536, 2.250832174149842]","[3.1149485727044324, 6.3394971106263975]","[27.04301378504873, 4.534046595538599, 5.771364549102159]"
102,0,735,True,True,1.0,3.99,3,3,True,1,4,27.563020591174507,"[11.45473216266396, 7.5582439345562085, 8.550044493954337]",13.749578030558057,"[5.467345543438944, 3.9477151344769212, 4.334517352642191]",32.59498535599542,2.823290750496464,[2.823290750496464],15.712044288838214,2.1010833926936208,12.712044288838214,1.101083392693621,"[4.115247074584625, 4.23323749209306, 7.363559722160528]",[2.1010833926936208],"[3.1152470745846244, 3.233237492093061, 6.363559722160528]",[1.101083392693621],"[7.9878130117554464, 8.29035254382836, 16.31681980041161]"
102,0,736,True,True,1.0,3.99,3,3,True,0,3,24.2579116674284,"[14.73907030747413, 2.5, 7.018841359954269]",12.460585550297075,"[6.74823741991491, 1.975, 3.737348130382165]",35.49921150782634,0.0,[],16.844692488052274,0.0,13.844692488052273,0.0,"[7.264447123980372, 4.236277237468194, 5.343968126603707]",[],"[6.264447123980372, 3.2362772374681934, 4.343968126603707]",[],"[16.062684933283006, 8.298146762738957, 11.138379811804377]"
102,0,737,True,True,1.0,3.99,3,3,,3,6,22.71005272760886,"[5.180521023840345, 3.4385869215197875, 14.090944782248727]",11.856920563767456,"[3.0204031992977347, 2.3410488993927174, 6.495468465077003]",25.15380586890614,22.303474948058266,"[7.647940629088834, 10.680222220771373, 3.9753120981980583]",12.809984288873395,11.698355229742724,9.809984288873395,8.698355229742724,"[3.3674972482433487, 5.145942901191881, 4.296544139438165]","[3.982696845344645, 5.165286666100836, 2.5503717182972427]","[2.3674972482433487, 4.145942901191881, 3.2965441394381645]","[2.982696845344645, 4.165286666100836, 1.5503717182972427]","[6.070505764726535, 10.630622823568924, 8.452677280610677]"
102,0,738,True,True,1.0,3.99,3,3,True,2,5,25.904410632321238,"[2.5, 5.513291935446666, 17.89111869687457]",13.102720146605282,"[1.975, 3.1501838548241996, 7.977536291781083]",34.25926815752034,20.661350253828715,"[11.175816109313434, 9.48553414451528]",16.361114581432933,10.057926598993198,13.361114581432933,8.057926598993198,"[2.0572715781253965, 4.856446741275429, 9.447396262032107]","[5.358568282632239, 4.699358316360959]","[1.0572715781253963, 3.856446741275429, 8.447396262032107]","[4.358568282632239, 3.699358316360959]","[2.7109527644240927, 9.888324977629305, 21.65999041546694]"
102,0,739,True,False,,0.0,2,2,,0,2,39.735039616137996,"[21.98822699012549, 17.74681262601251]",17.49666545029382,"[9.57540852614894, 7.921256924144879]",34.343965364384644,0.0,[],15.394146492110014,0.0,0.0,0.0,"[7.287147027956919, 8.106999464153095]",[],"[0.0, 0.0]",[],"[16.12088981527415, 18.223075549110497]"
102,0,740,True,False,,0.0,1,1,,0,1,16.737565031047392,[16.737565031047392],7.527650362108483,[7.527650362108483],6.1554464956216615,0.0,[],3.400624133292448,0.0,0.0,0.0,[3.400624133292448],[],[0.0],[],[6.1554464956216615]
102,0,741,True,True,1.0,3.99,4,4,True,3,7,47.695987922192266,"[17.685753153123244, 6.660880296864251, 9.181616444797397, 14.167738027407376]",22.601435289654987,"[7.8974437297180655, 3.597743315777058, 4.580830413470985, 6.525417830688877]",60.562076004677294,21.73971894335935,"[7.4127260697098, 10.472267894147532, 3.8547249795020146]",27.619209641824142,11.478490387910146,23.619209641824142,8.478490387910146,"[3.9773402969926477, 11.445775117903171, 3.1372766480358107, 9.058817578892514]","[3.890963167186822, 5.084184478717537, 2.5033427420057857]","[2.9773402969926477, 10.445775117903171, 2.1372766480358107, 8.058817578892514]","[2.890963167186822, 4.084184478717537, 1.5033427420057857]","[7.634205889724737, 26.784038763854284, 5.480196533425155, 20.663634817673113]"
102,0,742,True,True,1.0,3.99,5,5,True,5,10,39.81616655613459,"[9.349156948498248, 3.3862271214382114, 9.835357147211063, 5.932212958172338, 11.313212380814736]",20.52830495689249,"[4.646171209914317, 2.3206285773609023, 4.8357892874123145, 3.313563053687212, 5.412152828517748]",77.55517530466436,51.457879229143565,"[16.05020508640159, 12.786332238207525, 5.364766528536649, 7.6817000750495055, 9.5748753009483]",35.2465183688191,25.06857289936599,30.2465183688191,20.068572899365993,"[6.953104379323671, 8.13974745963743, 7.295192422159282, 5.514598686282664, 7.343875421416052]","[7.259579983696621, 5.986669572900935, 3.092258946129293, 3.9958630292693074, 4.734201367369836]","[5.953104379323671, 7.139747459637431, 6.295192422159282, 4.514598686282664, 6.343875421416052]","[6.259579983696621, 4.986669572900935, 2.092258946129293, 2.9958630292693074, 3.734201367369837]","[15.264370203394027, 18.307044768301104, 16.141519031177644, 11.575894067391445, 16.266347234400133]"
102,0,743,True,True,1.0,3.99,3,3,True,2,5,16.835310488142717,"[3.8706305294670416, 8.932209562655089, 4.032470396020588]",9.56577109037566,"[2.5095459064921464, 4.483561729435484, 2.5726634544480294]",44.0516316478252,32.20437201140896,"[22.28254338184229, 9.921828629566663]",20.180136342651828,14.559705084449492,17.180136342651828,12.559705084449492,"[8.810616543220311, 4.426456615972365, 6.943063183459152]","[9.690191918918494, 4.869513165530998]","[7.810616543220311, 3.4264566159723646, 5.943063183459152]","[8.690191918918494, 3.8695131655309987]","[20.027221905693104, 8.785786194800934, 15.238623547331159]"
102,0,744,True,False,,0.0,2,2,,0,2,21.685988520239153,"[15.235639207571836, 6.450349312667317]",10.45753552289327,"[6.941899290953017, 3.515636231940254]",14.731356130796843,0.0,[],7.745228891010769,0.0,0.0,0.0,"[3.80487187553359, 3.940357015477179]",[],"[0.0, 0.0]",[],"[7.1919791680348455, 7.539376962761998]"
102,0,745,True,False,,0.0,2,2,,0,2,16.710238163234976,"[8.896809198080009, 7.813428965154967]",8.51699288366164,"[4.469755587251203, 4.047237296410437]",13.289620664458223,0.0,[],7.182952059138707,0.0,0.0,0.0,"[2.1106945996939475, 5.072257459444759]",[],"[0.0, 0.0]",[],"[2.847934871010122, 10.4416857934481]"
102,0,746,True,True,1.0,3.99,3,3,True,3,6,29.881367174859868,"[8.654393357868793, 15.43058144050118, 5.796392376489895]",14.65373319819535,"[4.375213409568829, 7.017926761795461, 3.2605930268310592]",23.116343413058672,27.53950992560936,"[4.271978127687661, 8.060934949011378, 15.20659684891032]",12.015373931092883,13.74040887098765,9.015373931092883,10.74040887098765,"[3.7376513469915196, 5.323129901700276, 2.954592682401087]","[2.666071469798188, 4.143764630114438, 6.930572771075025]","[2.7376513469915196, 4.323129901700276, 1.954592682401087]","[1.666071469798188, 3.1437646301144375, 5.930572771075025]","[7.0196188384397935, 11.084948465898144, 5.011776108720736]"
102,0,747,True,False,,0.0,1,1,,0,1,3.8709346087662695,[3.8709346087662695],2.509664497418845,[2.509664497418845],15.093209119725726,0.0,[],6.886351556693033,0.0,0.0,0.0,[6.886351556693033],[],[0.0],[],[15.093209119725726]
102,0,748,True,True,1.0,3.99,4,4,True,1,5,40.47945978552772,"[19.306402294248258, 12.793408455031251, 5.300344039771884, 3.0793049964763206]",19.78698931635581,"[8.529496894756821, 5.9894292974621886, 3.067134175511035, 2.200928948625765]",34.71121042642449,16.278380718532848,[16.278380718532848],17.53737206630555,7.348568480227811,13.537372066305553,6.348568480227811,"[7.914216176686358, 2.7137048708067812, 2.737975662006408, 4.171475356806006]",[7.348568480227811],"[6.914216176686358, 1.7137048708067815, 1.737975662006408, 3.171475356806006]",[6.348568480227811],"[17.728759427400917, 4.394115053350721, 4.4563478512984815, 8.131988094374375]"
102,0,749,True,False,,0.0,1,1,,0,1,8.559999671649768,[8.559999671649768],4.33839987194341,[4.33839987194341],9.136753356915198,0.0,[],4.563333809196927,0.0,0.0,0.0,[4.563333809196927],[],[0.0],[],[9.136753356915198]
102,0,750,True,False,,0.0,1,1,,0,1,5.2089454026750746,[5.2089454026750746],3.031488707043279,[3.031488707043279],17.029384892871935,0.0,[],7.641460108220055,0.0,0.0,0.0,[7.641460108220055],[],[0.0],[],[17.029384892871935]
102,0,751,True,False,,0.0,1,1,,0,1,10.689666264349164,[10.689666264349164],5.168969843096174,[5.168969843096174],25.561703629586876,0.0,[],10.969064415538883,0.0,0.0,0.0,[10.969064415538883],[],[0.0],[],[25.561703629586876]
102,0,752,True,False,,0.0,2,2,,0,2,24.53527372009609,"[15.73203565601922, 8.80323806407687]",11.568756750837476,"[7.135493905847496, 4.433262844989979]",26.900704922936498,0.0,[],12.491274919945235,0.0,0.0,0.0,"[6.931793013211264, 5.559481906733971]",[],"[0.0, 0.0]",[],"[15.209725674900676, 11.690979248035823]"
102,0,753,True,True,1.0,3.99,4,4,True,0,4,63.73994121156909,"[12.443036372864881, 23.614287587513097, 10.324952833102728, 17.357664418088387]",28.858577072511945,"[5.8527841854173035, 10.209572159130108, 5.026731604910064, 7.769489123054471]",56.58866551863953,0.0,[],26.069579552269417,0.0,22.069579552269417,0.0,"[7.061598089974849, 4.501549829891989, 10.326783888620417, 4.179647743782162]",[],"[6.061598089974849, 3.5015498298919883, 9.326783888620417, 3.179647743782162]",[],"[15.542559205063714, 8.978332897158944, 23.914830483642096, 8.152942932774774]"
102,0,754,True,True,1.0,3.99,6,6,True,1,7,67.35370910383357,"[12.614259887068522, 11.866327368801242, 8.492661251552859, 8.196717500730296, 11.545065433516218, 14.638677662164426]",32.26794655049509,"[5.9195613559567235, 5.627867673832484, 4.312137888105616, 4.1967198252848155, 5.502575519071325, 6.709084288244126]",62.17881710290032,12.074003666234173,[12.074003666234173],30.249738670131126,5.708861429831328,24.249738670131123,4.708861429831328,"[4.757224781804185, 4.720599989944104, 6.3237943206082265, 5.815460266745527, 4.646453665418816, 3.986205645610267]",[5.708861429831328],"[3.7572247818041853, 3.720599989944103, 5.3237943206082265, 4.815460266745527, 3.6464536654188158, 2.986205645610267]",[4.708861429831328],"[9.633909696933808, 9.539999974215648, 13.650754668226222, 12.347334017296221, 9.349881193381579, 7.656937552846839]"
102,0,755,True,True,1.0,3.99,3,3,True,2,5,20.709794195202022,"[9.60329030124291, 4.090141604774793, 7.016362289184318]",11.076819736128789,"[4.745283217484735, 2.595155225862169, 3.7363812927818842]",21.908288428485676,19.704164276906337,"[14.682868410995061, 5.021295865911275]",11.544232487109413,9.684624067993472,8.544232487109413,7.684624067993472,"[2.383513807108301, 5.380423373204214, 3.7802953067968987]","[6.726318680288074, 2.9583053877053977]","[1.3835138071083009, 4.380423373204214, 2.7802953067968987]","[5.726318680288074, 1.9583053877053975]","[3.5474713002776945, 11.231854803087728, 7.128962325120253]"
102,0,756,True,False,,0.0,2,2,,0,2,17.31718345722425,"[5.1543582670540795, 12.162825190170171]",8.753701548317459,"[3.010199724151091, 5.7435018241663665]",18.2843519402876,0.0,[],9.130897256712164,0.0,0.0,0.0,"[5.503474190755714, 3.6274230659564504]",[],"[0.0, 0.0]",[],"[11.547369719886447, 6.7369822204011545]"
102,0,757,True,False,,0.0,1,1,,0,1,4.354942059253166,[4.354942059253166],2.698427403108735,[2.698427403108735],13.89863240940391,0.0,[],6.420466639667525,0.0,0.0,0.0,[6.420466639667525],[],[0.0],[],[13.89863240940391]
102,0,758,True,True,1.0,3.99,6,6,True,2,8,57.36510947552992,"[15.023358208820419, 6.032924938820694, 9.530547838167335, 6.692743428507288, 10.734888359050645, 9.350646702163543]",28.372392695456668,"[6.859109701439963, 3.352840726140071, 4.716913656885261, 3.6101699371178424, 5.1866064600297515, 4.646752213843781]",77.03124304807449,19.847793337794645,"[4.659707043488766, 15.188086294305878]",36.042184788749054,9.740639401739912,30.042184788749054,7.740639401739911,"[5.356097067453373, 3.8540245099821107, 7.14211623734829, 13.122273719341495, 2.315995374476108, 4.251677880147676]","[2.8172857469606187, 6.923353654779293]","[4.356097067453373, 2.8540245099821107, 6.14211623734829, 12.122273719341495, 1.3159953744761081, 3.2516778801476756]","[1.817285746960619, 5.923353654779293]","[11.169479660136853, 7.318011564056694, 15.749015993200743, 31.08275312651665, 3.374347114041303, 8.337635590122245]"
102,0,759,True,True,1.0,3.99,4,4,True,0,4,29.2635759536997,"[12.049225329926816, 3.1621657718434975, 8.367623043359465, 5.684561808569922]",15.412794621942883,"[5.699197878671459, 2.233244651018964, 4.263372986910191, 3.2169791053422694]",45.135238168664955,0.0,[],21.602742885779335,0.0,17.602742885779335,0.0,"[5.328651045217236, 6.249088062087091, 4.993834481681092, 5.031169296793916]",[],"[4.328651045217236, 5.249088062087091, 3.993834481681092, 4.031169296793916]",[],"[11.09910524414676, 13.459200159197668, 10.240601235079723, 10.336331530240809]"
102,0,760,True,True,1.0,3.99,5,5,True,2,7,37.53086722535008,"[12.713675097500754, 5.429729695052849, 3.4171694124621577, 11.681928323680086, 4.288364696654226]",19.63703821788653,"[5.958333288025295, 3.117594581070611, 2.3326960708602416, 5.555952046235234, 2.6724622316951483]",56.60999900029449,18.782178343607193,"[10.009804992747338, 8.772373350859855]",27.07789961011486,9.325049554006807,22.07789961011486,7.325049554006805,"[10.035507829135888, 4.70274511426452, 3.4454760932972652, 6.156144207368552, 2.7380263660486315]","[4.903823947171462, 4.4212256068353435]","[9.035507829135888, 3.70274511426452, 2.4454760932972652, 5.156144207368552, 1.7380263660486315]","[3.9038239471714618, 3.4212256068353435]","[23.167968792656122, 9.494218241703896, 6.270451521275039, 13.220882582996285, 4.456477861663157]"
102,0,761,True,True,1.0,3.99,4,4,True,2,6,38.518071683839075,"[9.988175133000494, 6.144364422829814, 6.54106295806638, 15.844469169942384]",19.02204795669724,"[4.895388301870193, 3.396302124903628, 3.551014553645888, 7.17934297627753]",47.36965643757878,28.010988434393155,"[19.275388164561157, 8.735600269832]",22.474166010655726,12.924285489413332,18.474166010655726,10.924285489413332,"[4.221121157586726, 4.189061645574764, 5.623011201731565, 8.44097200576267]","[8.517401384178852, 4.4068841052344805]","[3.221121157586726, 3.189061645574764, 4.623011201731565, 7.440972005762672]","[7.517401384178852, 3.40688410523448]","[8.259285019453143, 8.177081142499395, 11.85387487623478, 19.079415399391465]"
102,0,762,True,True,1.0,3.99,4,4,True,2,6,35.382150083390044,"[9.893222467370546, 9.323052802553818, 10.652840102872979, 5.513034710592705]",17.79903853252212,"[4.8583567622745125, 4.63599059299599, 5.154607640120462, 3.150083537131155]",30.210997503357834,10.884623501781025,"[5.228729011794291, 5.655894489986735]",15.782289026309556,6.2450031656946,11.782289026309556,4.2450031656946,"[2.5680149860537953, 5.647211731523627, 3.889193263704341, 3.6778690450277924]","[3.0392043145997736, 3.2057988510948268]","[1.5680149860537953, 4.647211731523627, 2.889193263704341, 2.6778690450277924]","[2.0392043145997736, 2.2057988510948268]","[4.020551246291783, 11.91592751672725, 7.408187855652156, 6.866330884686647]"
102,0,763,True,False,,0.0,2,2,,0,2,9.849114215100535,"[2.962318035782044, 6.886796179318492]",5.841154543889209,"[2.155304033954997, 3.685850509934212]",8.957102102507845,0.0,[],5.49326981997806,0.0,0.0,0.0,"[2.494429065269423, 2.998840754708637]",[],"[0.0, 0.0]",[],"[3.8318693981267247, 5.12523270438112]"
102,0,764,True,True,1.0,3.99,3,3,True,1,4,27.52332865394147,"[4.091182020391502, 13.910865734797973, 9.521280898751998]",13.734098175037175,"[2.5955609879526857, 6.42523763657121, 4.7132995505132795]",34.49291517995333,5.350210682757602,[5.350210682757602],16.4522369201818,3.086582166275465,13.4522369201818,2.086582166275465,"[3.308782976884616, 6.1272956006173835, 7.016158342679799]",[3.086582166275465],"[2.308782976884616, 5.1272956006173835, 6.016158342679799]",[2.086582166275465],"[5.919956350986195, 13.146911796454829, 15.426047032512304]"
102,0,765,True,False,,0.0,1,1,,0,1,2.5,[2.5],1.975,[1.975],8.353035630223198,0.0,[],4.257683895787047,0.0,0.0,0.0,[4.257683895787047],[],[0.0],[],[8.353035630223198]
102,0,766,True,True,1.0,3.99,3,3,,1,4,28.380080963131817,"[7.989218046373683, 6.964099842696381, 13.426763074061752]",14.068231575621407,"[4.115795038085736, 3.715998938651589, 6.236437598884083]",42.803160808793606,11.702729106541799,[11.702729106541799],19.693232715429506,5.564064351551302,16.693232715429506,4.564064351551302,"[4.569218965331135, 12.376342846469228, 2.747670903629144]",[5.564064351551302],"[3.569218965331135, 11.376342846469228, 1.7476709036291438]",[4.564064351551302],"[9.151843500849063, 29.17010986274161, 4.481207445202933]"
102,0,767,True,True,1.0,3.99,8,11,,2,10,95.96896224112787,"[2.5, 5.1977871867064325, 6.789399172352351, 11.332662337900373, 5.632086138690376, 17.954503757913134, 6.8130238926333675, 7.701956503873351, 10.351606071194013, 13.976370940115713, 7.719566239748757]",48.42789527403987,"[1.975, 3.027137002815509, 3.6478656772174167, 5.4197383117811455, 3.1965135940892466, 8.002256465586122, 3.6570793181270136, 4.003763036510607, 5.037126367765665, 6.450784666645128, 4.010630833502015]",106.27107981449787,12.119032534802018,"[4.473670875934422, 7.645361658867596]",52.44572112765417,6.726422688572788,41.44572112765417,4.726422688572788,"[2.1699854964532177, 5.9612520132650655, 2.8017207210100286, 3.064024972365627, 5.12455306853981, 6.373847053988815, 7.421676924116275, 4.250631340514076, 3.483263067461593, 6.841514339371337, 4.953252130568323]","[2.7447316416144245, 3.9816910469583626]","[1.1699854964532177, 4.9612520132650655, 1.8017207210100286, 2.064024972365627, 4.12455306853981, 5.373847053988815, 6.421676924116275, 3.250631340514076, 2.483263067461593, 5.841514339371337, 3.953252130568323]","[1.7447316416144247, 2.9816910469583626]","[2.9999628114185066, 12.721159008371963, 4.619796720538535, 5.292371724014428, 10.575777098820025, 13.77909501022773, 16.465838266964806, 8.334952155164297, 6.36734119861947, 14.978241895823942, 10.13654392453416]"
102,0,768,True,False,,0.0,1,1,,0,1,14.42182543839903,[14.42182543839903],6.624511920975621,[6.624511920975621],11.300879291644646,0.0,[],5.407342923741412,0.0,0.0,0.0,[5.407342923741412],[],[0.0],[],[11.300879291644646]
102,0,769,True,False,,0.0,1,1,,0,1,9.427207282728034,[9.427207282728034],4.676610840263933,[4.676610840263933],3.4991668474260553,0.0,[],2.364675070496162,0.0,0.0,0.0,[2.364675070496162],[],[0.0],[],[3.4991668474260553]
102,0,770,True,False,,0.0,1,1,,0,1,4.183992418258813,[4.183992418258813],2.6317570431209374,[2.6317570431209374],10.204452599966285,0.0,[],4.979736513986851,0.0,0.0,0.0,[4.979736513986851],[],[0.0],[],[10.204452599966285]
102,0,771,True,True,1.0,3.99,3,3,True,2,5,18.46395331562668,"[6.9205089537706606, 5.732416376681665, 5.811027985174352]",10.200941793094405,"[3.6989984919705576, 3.2356423869058495, 3.2663009142179975]",16.41451524063201,25.268061040101458,"[12.087660843914078, 13.180400196187378]",9.401660943846485,11.854543805639569,6.401660943846485,9.854543805639569,"[2.52913074655765, 3.475233274900759, 3.3972969223880756]","[5.714187729126491, 6.140356076513077]","[1.5291307465576498, 2.475233274900759, 2.3972969223880756]","[4.714187729126491, 5.140356076513077]","[3.920848068096538, 6.346751986925023, 6.14691518561045]"
102,0,772,True,True,1.0,3.99,5,5,True,1,6,40.68321925594093,"[9.686826679049389, 12.046571263745296, 2.5383909441027277, 10.07013282223363, 6.341297546809887]",20.866455509816966,"[4.777862404829262, 5.698162792860666, 1.989972468200064, 4.927351800671116, 3.4731060432558563]",30.105638564077353,8.586793397784664,[8.586793397784664],16.741199039990164,4.348849425136019,11.741199039990166,3.3488494251360192,"[5.0104140294987625, 2.3778217096795604, 3.9595704971349384, 2.5003760702355153, 2.8930167334413905]",[4.348849425136019],"[4.0104140294987625, 1.3778217096795602, 2.9595704971349384, 1.5003760702355153, 1.8930167334413903]",[3.3488494251360192],"[10.283112896150673, 3.5328761786655387, 7.588642300345995, 3.8471181288090137, 4.853889060106129]"
102,0,773,True,True,1.0,3.99,3,3,,1,4,16.22530555143842,"[6.4483454949672625, 6.1778865477595994, 3.5990735087115584]",9.327869165060985,"[3.5148547430372323, 3.409375753626244, 2.403638668397508]",34.43090164547768,11.434680008377162,[11.434680008377162],16.428051641736296,5.459525203267093,13.428051641736296,4.459525203267093,"[10.096720125659216, 4.31668006028272, 2.0146514557943607]",[5.459525203267093],"[9.096720125659216, 3.31668006028272, 1.0146514557943607]",[4.459525203267093],"[23.324923399126195, 8.504307846878769, 2.6016703994727197]"
102,0,774,True,True,1.0,3.99,4,4,True,0,4,33.86016794174752,"[15.780266933002009, 7.8848924347248515, 7.341037071025898, 2.8539715029947583]",17.20546549728153,"[7.154304103870784, 4.075108049542692, 3.8630044577001, 2.113048886167956]",41.00080296140149,0.0,[],19.990313154946584,0.0,15.990313154946582,0.0,"[6.25679368259965, 5.776056621529797, 3.677164753663243, 4.280298097153892]",[],"[5.25679368259965, 4.776056621529797, 2.677164753663243, 3.2802980971538926]",[],"[13.478958160511922, 12.246299029563582, 6.8645250093929295, 8.411020761933058]"
102,0,775,True,True,1.0,3.99,4,4,True,2,6,30.863238964687245,"[5.739253554235332, 5.304243984379669, 15.795179489238464, 4.02456193683378]",16.036663196228027,"[3.2383088861517795, 3.068655153908071, 7.160120000803001, 2.569579155365174]",27.683733574271088,11.097327310535142,"[7.810122910650652, 3.2872043998844904]",14.796656093965725,6.327957651108706,10.796656093965725,4.327957651108706,"[3.9292380321394167, 1.975, 5.732111567911119, 3.1603064939151886]","[4.045947935153754, 2.2820097159549513]","[2.9292380321394167, 0.9750000000000001, 4.732111567911119, 2.1603064939151886]","[3.0459479351537544, 1.2820097159549513]","[7.5108667490754275, 2.5, 12.133619404900305, 5.539247420295355]"
102,0,776,True,True,1.0,3.99,5,5,True,2,7,41.50501229313069,"[5.777457178374733, 18.765078268882917, 2.9340567297962683, 3.2233527238093487, 10.805067392267425]",21.186954794320975,"[3.253208299566146, 8.318380524864338, 2.1442821246205446, 2.257107562285646, 5.213976282984296]",38.62575627958704,29.93372907946939,"[14.482091661665491, 15.4516374178039]",20.064044949038948,13.674154340993063,15.064044949038948,11.674154340993063,"[4.05383421577335, 3.919686526731354, 3.3315304245496993, 2.7541635357352003, 6.004830246249344]","[6.648015748049541, 7.026138592943521]","[3.053834215773349, 2.919686526731354, 2.3315304245496993, 1.7541635357352006, 5.004830246249344]","[5.648015748049541, 6.026138592943521]","[7.830344143008587, 7.486375709567574, 5.978283139871023, 4.4978552198338475, 12.832898067306008]"
102,0,777,True,False,,0.0,1,1,,0,1,5.877342915104206,[5.877342915104206],3.2921637368906405,[3.2921637368906405],5.330710817184887,0.0,[],3.078977218702106,0.0,0.0,0.0,[3.078977218702106],[],[0.0],[],[5.330710817184887]
102,0,778,True,True,1.0,3.99,5,5,True,1,6,49.39885629209113,"[7.443623205526442, 9.928837262615842, 10.406964146224201, 8.977995108926498, 12.64143656879815]",24.265553953915543,"[3.9030130501553124, 4.872246532420178, 5.058716017027439, 4.501418092481334, 5.930160261831279]",37.2824725457172,9.102438658786136,[9.102438658786136],19.540164292829708,4.549951076926593,14.540164292829708,3.549951076926593,"[4.963617849091014, 4.56814959692635, 2.08003263969832, 3.9760855127871353, 3.9522786943268895]",[4.549951076926593],"[3.9636178490910132, 3.56814959692635, 1.0800326396983202, 2.9760855127871353, 2.9522786943268895]",[3.549951076926593],"[10.163122689976957, 9.149101530580385, 2.7693144607649236, 7.630988494325988, 7.569945370068948]"
102,0,779,True,False,,0.0,1,1,,0,1,7.475090347566166,[7.475090347566166],3.915285235550805,[3.915285235550805],5.191672169472266,0.0,[],3.0247521460941837,0.0,0.0,0.0,[3.0247521460941837],[],[0.0],[],[5.191672169472266]
102,0,780,True,True,1.0,3.99,3,3,True,2,5,14.611375696538502,"[7.537612032258386, 2.5, 4.573763664280114]",8.698436521650015,"[3.9396686925807707, 1.975, 2.7837678290692445]",25.556047992156536,19.71718262955054,"[5.280733474202731, 14.436449155347809]",12.966858716941047,9.689701225524711,9.966858716941047,7.689701225524711,"[4.732150560912649, 4.348593026273901, 3.886115129754498]","[3.059486054939065, 6.630215170585646]","[3.7321505609126486, 3.348593026273902, 2.886115129754498]","[2.059486054939065, 5.630215170585646]","[9.569616822852945, 8.586135964804877, 7.400295204498713]"
102,0,781,True,False,,0.0,1,1,,0,1,21.30946987921941,[21.30946987921941],9.31069325289557,[9.31069325289557],9.107676838461884,0.0,[],4.551993967000135,0.0,0.0,0.0,[4.551993967000135],[],[0.0],[],[9.107676838461884]
102,0,782,True,True,1.0,3.99,3,3,True,0,3,23.87610689075757,"[6.053804664300973, 11.202091414614967, 6.620210811841632]",12.311681687395453,"[3.3609838190773793, 5.368815651699838, 3.5818822166182365]",31.68962190237346,0.0,[],15.35895254192565,0.0,12.35895254192565,0.0,"[7.313144924327476, 6.056311831638135, 1.989495785960038]",[],"[6.313144924327476, 5.056311831638135, 0.989495785960038]",[],"[16.18755108801917, 12.964902132405474, 2.537168681948815]"
102,0,783,True,True,1.0,3.99,5,5,True,2,7,35.53394924946125,"[2.5, 10.25086574325746, 9.007158395901259, 11.27592511030253, 2.5]",18.85824020728989,"[1.975, 4.99783763987041, 4.5127917744014905, 5.3976107930179875, 1.975]",65.78132417087848,28.46645116864778,"[15.320357153360398, 13.146094015287382]",30.654716426642604,13.101915955772634,25.654716426642604,11.101915955772634,"[5.65885371794301, 5.544668473748159, 6.362218440247725, 8.433124353639494, 4.655851441064218]","[6.974939289810555, 6.126976665962079]","[4.65885371794301, 4.544668473748159, 5.362218440247725, 7.433124353639494, 3.6558514410642178]","[5.974939289810555, 5.126976665962079]","[11.945778763956435, 11.65299608653374, 13.749278051917242, 19.05929321446024, 9.373978054010815]"
102,0,784,True,True,1.0,3.99,4,4,True,0,4,36.43082238711055,"[8.689685061081333, 16.912254196416452, 4.059308732382439, 6.769574397230328]",18.208020730973114,"[4.38897717382172, 7.595779136602417, 2.5831304056291513, 3.6401340149198282]",28.20315618789157,0.0,[],14.999230913277714,0.0,10.999230913277714,0.0,"[5.918837722551583, 2.5616632321823167, 2.7443459582575755, 3.7743840002862377]",[],"[4.918837722551583, 1.5616632321823167, 1.7443459582575755, 2.7743840002862377]",[],"[12.61240441679893, 4.004264697903376, 4.472681944250193, 7.11380512893907]"
102,0,785,True,False,,0.0,1,1,,0,1,7.113046722685784,[7.113046722685784],3.774088221847456,[3.774088221847456],2.5,0.0,[],1.975,0.0,0.0,0.0,[1.975],[],[0.0],[],[2.5]
102,0,786,True,False,,0.0,2,2,,0,2,26.943623832700833,"[14.575524722123987, 12.368099110576846]",12.508013294753326,"[6.6844546416283555, 5.82355865312497]",29.426379790529282,0.0,[],13.476288118306421,0.0,0.0,0.0,"[4.869870519549369, 8.606417598757051]",[],"[0.0, 0.0]",[],"[9.922744921921458, 19.503634868607822]"
102,0,787,True,False,,0.0,2,2,,0,2,20.638736936540358,"[12.836273869703298, 7.80246306683706]",10.04910740525074,"[6.006146809184286, 4.042960596066454]",31.356906212056668,0.0,[],14.229193422702101,0.0,0.0,0.0,"[10.262504439616109, 3.966688983085992]",[],"[0.0, 0.0]",[],"[23.750011383631048, 7.60689482842562]"
102,0,788,True,True,1.0,3.99,3,3,True,0,3,31.83046461068856,"[13.358906031372882, 2.5, 15.971558579315678]",15.41388119816854,"[6.209973352235425, 1.975, 7.228907845933114]",23.268629363688078,0.0,[],12.074765451838351,0.0,9.074765451838351,0.0,"[5.01829870488157, 3.201398694300263, 3.855068052656518]",[],"[4.01829870488157, 2.201398694300263, 2.855068052656518]",[],"[10.303330012516845, 5.644612036667341, 7.320687314503892]"
102,0,789,True,False,,0.0,1,1,,0,1,9.539810594904896,[9.539810594904896],4.7205261320129095,[4.7205261320129095],3.839005543281475,0.0,[],2.4972121618797756,0.0,0.0,0.0,[2.4972121618797756],[],[0.0],[],[3.839005543281475]
102,0,790,True,False,,0.0,1,1,,0,1,8.54988915198784,[8.54988915198784],4.334456769275258,[4.334456769275258],17.45784411042056,0.0,[],7.808559203064019,0.0,0.0,0.0,[7.808559203064019],[],[0.0],[],[17.45784411042056]
102,0,791,True,True,1.0,3.99,7,7,True,4,11,67.06511133426474,"[10.243304828850508, 2.67481701796465, 11.74050031846642, 10.501430366783039, 5.57218504804293, 19.097950098891314, 7.2349236552658684]",33.15539342036325,"[4.994888883251699, 2.0431786370062137, 5.578795124201904, 5.095557843045385, 3.1731521687367428, 8.448200538567612, 3.821620225553689]",118.69729074067082,51.37061125461511,"[13.707652844276945, 10.69162835013867, 7.554233716787189, 19.417096343412314]",53.29194338886162,24.034538389299897,46.29194338886162,20.034538389299897,"[12.618040675747952, 3.2079705296384593, 2.225907168204559, 9.553160289211704, 7.6647427231905105, 5.123168292910498, 12.898953709957937]","[6.345984609268009, 5.169735056554082, 3.9461511495470036, 8.572667573930802]","[11.618040675747952, 2.2079705296384593, 1.2259071682045588, 8.553160289211704, 6.6647427231905105, 4.123168292910498, 11.898953709957937]","[5.345984609268009, 4.169735056554082, 2.9461511495470036, 7.5726675739308025]","[29.78984788653321, 5.66146289650887, 3.1433517133450226, 21.93118022874796, 17.089083905616693, 10.5722263920782, 30.510137717840863]"
102,0,792,True,True,1.0,3.99,4,4,True,4,8,51.62706297987067,"[16.649396666733875, 4.461755706203073, 14.64383373414255, 15.872076872791169]",24.13455456214956,"[7.493264700026211, 2.7400847254191985, 6.7110951563155945, 7.190109980388556]",38.23018118876388,31.000935479168653,"[5.463436681861943, 9.240598994869377, 11.0656305383779, 5.231269264059436]",18.909770663617916,16.090364836875775,14.909770663617918,12.090364836875775,"[2.6729494756646, 5.807897000935118, 8.367118114741317, 2.0618060722768816]","[3.1307403059261576, 4.603833607999057, 5.315595909967381, 3.04019501298318]","[1.6729494756646, 4.807897000935118, 7.3671181147413165, 1.0618060722768816]","[2.1307403059261576, 3.603833607999057, 4.315595909967381, 2.04019501298318]","[4.289614040165641, 12.327941028038763, 18.890046448054658, 2.722579672504825]"
102,0,793,True,True,1.0,3.99,3,3,True,1,4,19.971577038138626,"[9.847560963002568, 7.106223024911336, 3.0177930502247223]",10.788915044874065,"[4.840548775571001, 3.771426979715421, 2.176939289587642]",38.65788085962042,6.806742340607463,[6.806742340607463],18.076573535251967,3.6546295128369106,15.076573535251965,2.6546295128369106,"[6.201724564851437, 6.106468115613177, 5.768380854787351]",[3.6546295128369106],"[5.201724564851437, 5.106468115613177, 4.768380854787351]",[2.6546295128369106],"[13.337755294490865, 13.093507988751737, 12.226617576377823]"
102,0,794,True,False,,0.0,1,1,,0,1,6.462778668717405,[6.462778668717405],3.520483680799788,[3.520483680799788],4.722000037419728,0.0,[],2.841580014593694,0.0,0.0,0.0,[2.841580014593694],[],[0.0],[],[4.722000037419728]
102,0,795,True,False,,0.0,2,2,,0,2,18.29400672342578,"[14.764948935698555, 3.5290577877272264]",9.134662622136055,"[6.758330084922437, 2.376332537213618]",22.08450137354811,0.0,[],10.612955535683763,0.0,0.0,0.0,"[8.552778997286216, 2.060176538397547]",[],"[0.0, 0.0]",[],"[19.36609999304158, 2.718401380506531]"
102,0,796,True,True,1.0,3.99,5,5,True,3,8,42.99298251064851,"[4.535153821246588, 11.463417980032986, 8.817723940404264, 11.155116262893891, 7.021570506070782]",21.76726317915292,"[2.76870999028617, 5.470733012212865, 4.438912336757663, 5.3504953425286175, 3.738412497367605]",36.105663897202135,15.18360452821307,"[9.957818631251621, 1.9686844850636895, 3.2571014118977595]",19.081208919908832,8.921605766003097,14.081208919908835,5.921605766003098,"[4.690670827683403, 4.273331509869738, 3.3509022853205845, 2.3424274390762343, 4.423876857958875]","[4.883549266188132, 1.7677869491748388, 2.2702695506401263]","[3.6906708276834026, 3.273331509869738, 2.3509022853205845, 1.3424274390762343, 3.423876857958876]","[3.8835492661881323, 0.7677869491748389, 1.2702695506401263]","[9.463258532521545, 8.393157717614713, 6.0279545777450885, 3.442121638657011, 8.779171430663784]"
102,0,797,True,False,,0.0,2,2,,0,2,8.250016877647745,"[2.5, 5.750016877647744]",5.2175065822826205,"[1.975, 3.2425065822826205]",34.6847901982834,0.0,[],15.527068177330527,0.0,0.0,0.0,"[7.560775221954504, 7.966292955376023]",[],"[0.0, 0.0]",[],"[16.822500569114112, 17.86228962916929]"
102,0,798,True,True,1.0,3.99,6,6,True,0,6,73.60637580747604,"[13.439166091706449, 10.200197138888786, 19.055307184839844, 8.627135737676644, 8.83048196551959, 13.454087688844721]",34.70648656491565,"[6.241274775765516, 4.978076884166627, 8.43156980208754, 4.364582937693891, 4.443887966552641, 6.2470941986494415]",44.79671403519448,0.0,[],23.470718473725846,0.0,17.47071847372585,0.0,"[3.5957859109894614, 3.883087806215266, 4.375546432046187, 2.9364926091797825, 2.7136377812242056, 5.966167934070946]",[],"[2.5957859109894614, 2.883087806215266, 3.3755464320461877, 1.9364926091797825, 1.7136377812242056, 4.966167934070946]",[],"[6.655861310229388, 7.3925328364494, 8.655247261656891, 4.965365664563545, 4.393943028780014, 12.733763933515247]"
102,0,799,True,True,1.0,3.99,3,3,True,0,3,20.3478476080246,"[7.168408444503604, 5.193352268408164, 7.986086895112833]",10.935660567129595,"[3.7956792933564056, 3.025407384679184, 4.114573889094006]",40.872691165625426,0.0,[],18.940349554593915,0.0,15.940349554593919,0.0,"[4.709939166703098, 1.975, 12.25541038789082]",[],"[3.7099391667030983, 0.9750000000000001, 11.25541038789082]",[],"[9.512664530007944, 2.5, 28.860026635617483]"
102,0,800,True,True,1.0,3.99,3,3,True,2,5,39.75815067812961,"[24.09253082860335, 7.44692591379324, 8.218693935733015]",18.505678764470545,"[10.396087023155307, 3.904301106379364, 4.205290634935876]",31.63811580166208,8.520428274068799,"[4.4316991789330435, 4.088729095135755]",15.338865162648212,5.322967026886832,12.338865162648215,3.3229670268868317,"[8.244600785811425, 2.941470152358958, 4.152794224477829]","[2.728362679783887, 2.5946043471029445]","[7.244600785811426, 1.9414701523589581, 3.1527942244778293]","[1.7283626797838871, 1.5946043471029445]","[18.575899450798527, 4.9781285957922, 8.084087755071357]"
102,0,801,True,False,,0.0,1,1,,0,1,3.2733809267298635,[3.2733809267298635],2.276618561424647,[2.276618561424647],6.74382752560867,0.0,[],3.6300927349873815,0.0,0.0,0.0,[3.6300927349873815],[],[0.0],[],[6.74382752560867]
102,0,802,True,True,1.0,3.99,5,5,True,2,7,58.46011345247277,"[12.770020276142654, 24.34745492213421, 2.5, 4.410378583290291, 14.432259670905616]",27.799444246464383,"[5.980307907695635, 10.495507419632343, 1.975, 2.720047647483214, 6.62858127165319]",65.85473821952716,20.61173371347884,"[10.608135057804095, 10.003598655674747]",30.683347905615594,10.038576148256748,25.683347905615594,8.038576148256748,"[2.5945153081755294, 7.409005511865591, 8.711877281775632, 7.38455252021969, 4.583397283579152]","[5.137172672543597, 4.901403475713151]","[1.5945153081755294, 6.409005511865591, 7.711877281775631, 6.38455252021969, 3.583397283579152]","[4.137172672543597, 3.9014034757131513]","[4.088500790193665, 16.43334746632203, 19.774044312245206, 16.370647487742794, 9.188198163023467]"
102,0,803,True,True,1.0,3.99,3,3,True,1,4,31.273845860728635,"[7.181288127367535, 11.599820574572536, 12.492737158788564]",15.196799885684168,"[3.8007023696733384, 5.523930024083289, 5.872167491927541]",23.46735127016644,7.654264667212855,[7.654264667212855],12.152266995364911,3.9851632202130136,9.152266995364911,2.9851632202130136,"[2.4124425807409553, 5.68089790509433, 4.058926509529627]",[3.9851632202130136],"[1.4124425807409555, 4.68089790509433, 3.0589265095296265]",[2.9851632202130136],"[3.621647642925527, 12.002302320754692, 7.843401306486221]"
102,0,804,True,False,,0.0,2,2,,0,2,10.949730160185426,"[3.0375557771531807, 7.912174383032246]",6.270394762472317,"[2.1846467530897407, 4.085748009382576]",34.240662458196326,0.0,[],15.35385835869657,0.0,0.0,0.0,"[8.660151534547513, 6.693706824149057]",[],"[0.0, 0.0]",[],"[19.641414191147465, 14.599248267048864]"
102,0,805,True,True,1.0,3.99,8,8,True,1,9,56.54995095952026,"[4.372611472931418, 10.623757262367516, 6.359319320407142, 4.006077256557983, 12.19660676342141, 5.625835920398626, 6.479713426015031, 6.8860295374211375]",30.054480874212903,"[2.705318474443253, 5.143265332323331, 3.4801345349587853, 2.5623701300576136, 5.75667663773435, 3.1940760089554643, 3.527088236145862, 3.685551519594244]",86.25220710275322,11.133682929635611,[11.133682929635611],41.63836077007376,5.342136342557889,33.63836077007376,4.342136342557889,"[3.8250529358999072, 3.8956719861493414, 7.383425594090703, 4.420293658452458, 5.931862827261706, 7.839471214574669, 6.367582553644971, 1.975]",[5.342136342557889],"[2.8250529358999072, 2.8956719861493414, 6.383425594090703, 3.4202936584524584, 4.931862827261706, 6.839471214574669, 5.367582553644971, 0.9750000000000001]",[4.342136342557889],"[7.2437254766664285, 7.424799964485491, 16.367757933565905, 8.769983739621688, 12.645802121183861, 17.537105678396586, 13.76303218883326, 2.5]"
102,0,806,True,True,1.0,3.99,3,3,True,4,7,35.17165045958243,"[7.489489784577561, 7.029445715860891, 20.652714959143978]",16.716943679237147,"[3.920901015985249, 3.7414838291857477, 9.054558834066151]",16.533649485539932,31.434093783762307,"[3.340492692750316, 15.920727114547521, 6.414598903860822, 5.758275072603643]",9.448123299360574,16.2592965756673,6.448123299360574,12.259296575667298,"[1.975, 4.257507757158948, 3.2156155422016255]","[2.3027921501726234, 7.209083574673533, 3.501693572505721, 3.245727278315421]","[0.9750000000000001, 3.2575077571589484, 2.2156155422016255]","[1.3027921501726234, 6.209083574673533, 2.501693572505721, 2.245727278315421]","[2.5, 8.352583992715251, 5.681065492824681]"
102,0,807,True,False,,0.0,2,2,,0,2,7.93673049337117,"[2.5, 5.43673049337117]",5.095324892414757,"[1.975, 3.1203248924147564]",34.13903366110475,0.0,[],15.314223127830852,0.0,0.0,0.0,"[6.355180220403538, 8.959042907427314]",[],"[0.0, 0.0]",[],"[13.731231334368045, 20.407802326736704]"
102,0,808,True,True,1.0,3.99,5,5,True,1,6,44.90371651927185,"[14.447085367438627, 4.713630152007399, 3.246110921111622, 4.912399185964343, 17.58449089274986]",22.512449442516022,"[6.634363293301065, 2.8383157592828856, 2.2659832592335327, 2.915835682526094, 7.857951448172445]",52.86219088187209,3.138230589722697,[3.138230589722697],25.616254443930117,2.223909929991852,20.616254443930117,1.2239099299918519,"[2.9883205855366253, 2.846309901880515, 3.7583799581076267, 12.0393866394517, 3.9838573589536477]",[2.223909929991852],"[1.988320585536625, 1.8463099018805151, 2.7583799581076267, 11.0393866394517, 2.9838573589536477]",[1.2239099299918519],"[5.098257911632372, 4.734127953539782, 7.072769123352889, 28.306119588337694, 7.6509163050093525]"
102,0,809,True,False,,0.0,2,2,,0,2,23.80359220638523,"[7.401735970686957, 16.401856235698272]",11.28340096049024,"[3.8866770285679135, 7.396723931922327]",9.469461449799017,0.0,[],5.693089965421617,0.0,0.0,0.0,"[2.552228571194533, 3.1408613942270835]",[],"[0.0, 0.0]",[],"[3.9800732594731616, 5.4893881903258555]"
102,0,810,True,True,1.0,3.99,3,3,True,4,7,36.287256863483385,"[24.049377492553475, 5.763748845815316, 6.474130525114595]",17.15203017675852,"[10.379257222095855, 3.2478620498679733, 3.5249109047946923]",36.217169883451746,48.10992453846288,"[8.213699762135368, 6.843776077728689, 13.760725149462901, 19.291723549135916]",17.124696254546183,22.762870570000523,14.124696254546183,18.762870570000523,"[3.0361813899578927, 5.192598099292613, 8.895916765295677]","[4.203342907232794, 3.669072670314189, 6.366682808290531, 8.523772184163008]","[2.0361813899578927, 4.192598099292613, 7.895916765295677]","[3.203342907232794, 2.669072670314189, 5.366682808290531, 7.523772184163008]","[5.220977922968956, 10.750251536647724, 20.24594042383507]"
102,0,811,True,True,1.0,3.99,3,3,True,2,5,27.422055547505934,"[5.860200949976409, 9.88420332130581, 11.677651276223713]",13.694601663527314,"[3.2854783704907997, 4.854839295309266, 5.554283997727248]",20.65342196770822,16.23733619375386,"[4.264717393473794, 11.972618800280063]",11.054834567406207,8.332561115564005,8.054834567406207,6.332561115564005,"[1.975, 3.8571579489771874, 5.222676618429019]","[2.66323978345478, 5.669321332109225]","[0.9750000000000001, 2.8571579489771874, 4.222676618429019]","[1.6632397834547799, 4.669321332109225]","[2.5, 7.32604602301843, 10.827375944689791]"
102,0,812,True,True,1.0,3.99,6,6,True,3,9,50.25550813969246,"[4.8949093351585296, 2.5, 20.55975346552836, 2.6283726163743886, 10.645742712371309, 9.026730010259877]",25.59964817448006,"[2.9090146407118267, 1.975, 9.01830385155606, 2.0250653203860116, 5.1518396578248105, 4.520424704001352]",88.62037578578794,19.692613307040183,"[5.268123894897202, 5.268123894897202, 9.156365517245778]",40.5619465564573,10.680119189745671,34.5619465564573,7.680119189745671,"[2.9422786765006625, 10.481524683987134, 9.408084977295129, 6.789359796287288, 3.416532128770483, 7.5241662936166]","[3.054568319009909, 3.054568319009909, 4.570982551725853]","[1.9422786765006628, 9.481524683987134, 8.408084977295129, 5.789359796287288, 2.416532128770483, 6.5241662936166]","[2.054568319009909, 2.054568319009909, 3.5709825517258533]","[4.980201734617084, 24.311601753813164, 21.55919224947469, 14.844512298172532, 6.196236227616622, 16.728631522093846]"
102,0,813,True,True,1.0,3.99,4,4,True,2,6,29.756940619738792,"[10.1646711968135, 6.266359992435553, 9.828450218031021, 3.4974592124587147]",15.605206841698129,"[4.964221766757266, 3.4438803970498655, 4.8330955850320985, 2.3640090928588986]",38.90375018648164,24.048041438706534,"[15.436738939021472, 8.611302499685063]",19.17246257272784,11.37873616109555,15.172462572727841,9.37873616109555,"[6.0426728498481275, 4.689748932492352, 4.894809999213665, 3.5452307911736964]","[7.020328186218374, 4.358407974877174]","[5.0426728498481275, 3.689748932492352, 3.8948099992136656, 2.5452307911736964]","[6.020328186218374, 3.3584079748771747]","[12.929930384225967, 9.460894698698338, 9.986692305676065, 6.526232797881272]"
102,0,814,True,False,,0.0,2,2,,0,2,16.665415802065628,"[2.5, 14.165415802065628]",8.499512162805596,"[1.975, 6.524512162805595]",11.188730580884037,0.0,[],6.363604926544774,0.0,0.0,0.0,"[3.281814251422584, 3.0817906751221904]",[],"[0.0, 0.0]",[],"[5.85080577287842, 5.337924808005616]"
102,0,815,True,False,,0.0,2,2,,0,2,17.35511375056419,"[11.576359935060148, 5.778753815504042]",8.768494362720034,"[5.5147803746734585, 3.2537139880465764]",5.0,0.0,[],3.95,0.0,0.0,0.0,"[1.975, 1.975]",[],"[0.0, 0.0]",[],"[2.5, 2.5]"
102,0,816,True,True,1.0,3.99,5,5,True,1,6,59.10026159160388,"[3.0944684963390934, 27.184812350274697, 7.83604764395167, 12.821647704411243, 8.163285396627185]",28.049102020725517,"[2.2068427135722466, 11.602076816607132, 4.056058581141151, 6.0004426047203845, 4.183681304684602]",44.69954704018926,11.583649803662352,[11.583649803662352],22.43282334567381,5.517623423428318,17.43282334567381,4.517623423428318,"[6.205290589967837, 4.966442505033485, 3.114519322906884, 2.712124914723873, 5.434446013041733]",[5.517623423428318],"[5.205290589967837, 3.966442505033485, 2.114519322906884, 1.7121249147238726, 4.434446013041733]",[4.517623423428318],"[13.346898948635479, 10.170365397521756, 5.421844417709958, 4.390063883907366, 11.3703743924147]"
102,0,817,True,False,,0.0,2,2,,0,2,27.628016696371184,"[20.327840189511747, 7.300176506859437]",12.774926511584763,"[8.927857673909582, 3.8470688376751805]",14.38449104021181,0.0,[],7.609951505682606,0.0,0.0,0.0,"[4.85260366279684, 2.757347842885766]",[],"[0.0, 0.0]",[],"[9.878470930248309, 4.506020109963502]"
102,0,818,True,False,,0.0,2,2,,0,2,23.964239433474155,"[13.104069250205939, 10.860170183268217]",11.346053379054922,"[6.110587007580317, 5.235466371474605]",22.98489956411268,0.0,[],10.964110830003946,0.0,0.0,0.0,"[5.764093666375009, 5.200017163628937]",[],"[0.0, 0.0]",[],"[12.215624785576946, 10.769274778535735]"
102,0,819,True,False,,0.0,2,2,,0,2,15.871146087176538,"[6.563579386392232, 9.307566700784305]",8.189746973998849,"[3.5597959606929703, 4.629951013305879]",8.238851510731209,0.0,[],5.213152089185172,0.0,0.0,0.0,"[1.975, 3.238152089185172]",[],"[0.0, 0.0]",[],"[2.5, 5.73885151073121]"
102,0,820,True,False,,0.0,2,2,,0,2,23.52886831680346,"[13.941965676511854, 9.586902640291608]",11.17625864355335,"[6.4373666138396235, 4.738892029713727]",7.611687629184731,0.0,[],4.968558175382045,0.0,0.0,0.0,"[2.993558175382045, 1.975]",[],"[0.0, 0.0]",[],"[5.111687629184731, 2.5]"
102,0,821,True,False,,0.0,2,2,,0,2,7.414140068223862,"[2.96277402872541, 4.451366039498452]",4.8915146266073055,"[2.15548187120291, 2.736032755404396]",10.874406898912014,0.0,[],6.241018690575686,0.0,0.0,0.0,"[2.907020804468795, 3.333997886106891]",[],"[0.0, 0.0]",[],"[4.8897969345353705, 5.984609964376643]"
102,0,822,True,True,1.0,3.99,3,3,True,0,3,39.55484966558396,"[21.179718262497005, 4.040526644369365, 14.334604758717587]",18.426391369577743,"[9.260090122373832, 2.575805391304052, 6.590495855899859]",38.221596442812405,0.0,[],17.90642261269684,0.0,14.90642261269684,0.0,"[3.702512282342445, 9.219349805618956, 4.984560524735438]",[],"[2.702512282342445, 8.219349805618956, 3.9845605247354383]",[],"[6.929518672672936, 21.075255911843477, 10.216821858295996]"
102,0,823,True,True,1.0,3.99,3,3,True,1,4,29.913405733977633,"[6.757241579482278, 8.046996242751383, 15.10916791174397]",14.666228236251277,"[3.6353242159980885, 4.13832853467304, 6.892575485580148]",28.782502439173562,4.7343631462252205,[4.7343631462252205],14.225175951277688,2.846401627027836,11.225175951277688,1.846401627027836,"[3.042542332338259, 7.137120593705292, 4.045513025234136]",[2.846401627027836],"[2.042542332338259, 6.137120593705292, 3.0455130252341367]",[1.846401627027836],"[5.237288031636562, 15.736206650526391, 7.8090077570106065]"
102,0,824,True,True,1.0,3.99,5,5,True,1,6,54.24164560053234,"[5.780595409631145, 14.536311648414287, 22.837148158944775, 2.5, 8.587590383542135]",26.154241784207613,"[3.2544322097561467, 6.6691615428815725, 9.906487781988462, 1.975, 4.349160249581432]",57.82290914233409,5.886048543419224,[5.886048543419224],27.550934565510296,3.2955589319334972,22.550934565510296,2.2955589319334972,"[4.442309834571114, 10.161414664167841, 4.802641607408557, 2.2942047973799795, 5.850363661982804]",[3.2955589319334972],"[3.4423098345711147, 9.161414664167841, 3.8026416074085567, 1.2942047973799795, 4.850363661982804]",[2.2955589319334972],"[8.826435473259268, 23.490806831199592, 9.750363095919376, 3.318473839435845, 12.43682990252001]"
102,0,825,True,True,1.0,3.99,4,4,True,4,8,31.935339502983254,"[13.459877204325572, 5.503887864956978, 7.690576054877319, 5.280998378823383]",16.454782406163467,"[6.249352109686973, 3.1465162673332214, 3.9993246614021545, 3.0595893677411192]",46.133914422454524,21.850080498943793,"[8.526190175867098, 3.638256605531069, 5.182085376414059, 4.503548341131566]",21.99222662475726,12.521531394588077,17.992226624757265,8.521531394588079,"[9.864298653900864, 6.809577605673899, 2.563451382339027, 2.7548989828434753]","[4.325214168588168, 2.418920076157117, 3.021013296801483, 2.756383853041311]","[8.864298653900864, 5.809577605673899, 1.563451382339027, 1.7548989828434753]","[3.3252141685881687, 1.418920076157117, 2.021013296801483, 1.7563838530413107]","[22.72897090743811, 14.896352835061277, 4.008849698305197, 4.4997409816499365]"
102,0,826,True,True,1.0,3.99,3,3,True,3,6,19.639753132108183,"[10.012437414468579, 5.395805532165367, 4.231510185474238]",10.659503721522192,"[4.904850591642746, 3.1043641575444934, 2.6502889723349528]",28.819382960365537,25.45255207579847,"[15.347590395741452, 3.45704489323625, 6.6479167868207645]",14.23955935454256,12.926495309561403,11.23955935454256,9.926495309561403,"[2.9642800497733885, 4.658898370064933, 6.616380934704239]","[6.985560254339167, 2.3482475083621375, 3.5926875468600983]","[1.9642800497733885, 3.658898370064933, 5.616380934704239]","[5.985560254339167, 1.3482475083621375, 2.5926875468600983]","[5.036615512239457, 9.381790692474187, 14.400976755651895]"
102,0,827,True,False,,0.0,2,2,,0,2,21.16911219910903,"[9.05307312669487, 12.116039072414159]",10.25595375765252,"[4.530698519410999, 5.725255238241522]",20.352200089543455,0.0,[],9.937358034921948,0.0,0.0,0.0,"[1.975, 7.962358034921948]",[],"[0.0, 0.0]",[],"[2.5, 17.852200089543455]"
102,0,828,True,True,1.0,3.99,5,5,True,2,7,30.705406456510826,"[2.5, 6.041688534175474, 12.468024854223481, 5.539851177186342, 4.155841890925525]",16.97510851803922,"[1.975, 3.356258528328435, 5.862529693147158, 3.1605419591026735, 2.620778337460955]",33.81716793811381,14.408724407099104,"[10.14626666478638, 4.262457742312724]",18.188695495864387,7.61940251876865,13.188695495864387,5.61940251876865,"[3.735171297465611, 2.792674908146698, 2.6948689716072263, 3.786109135199879, 5.179871183444972]","[4.957043999266688, 2.6623585195019626]","[2.735171297465611, 1.792674908146698, 1.6948689716072263, 2.786109135199879, 4.179871183444972]","[3.957043999266688, 1.6623585195019623]","[7.01325973709131, 4.596602328581277, 4.345817875915965, 7.143869577435587, 10.717618419089673]"
102,0,829,True,True,1.0,3.99,5,5,True,1,6,39.461430898960465,"[5.2385060116266775, 13.398697340210312, 2.5, 11.11535954106388, 7.208868006059595]",20.389958050594583,"[3.0430173445344044, 6.225491962682022, 1.975, 5.334990221014913, 3.8114585223632425]",46.4725909052219,20.452883690952966,[20.452883690952966],23.12431045303654,8.976624639471657,18.12431045303654,7.976624639471657,"[5.328715304948277, 3.9799423555668736, 2.500783297707983, 7.621571255186576, 3.693298239626831]",[8.976624639471657],"[4.328715304948277, 2.9799423555668736, 1.5007832977079831, 6.621571255186576, 2.693298239626831]",[7.976624639471657],"[11.09927001268789, 7.640877834786855, 3.8481623018153415, 16.978387833811734, 6.905892922120079]"
102,0,830,True,False,,0.0,2,2,,0,2,11.838711963518627,"[8.450425683506078, 3.388286280012548]",6.617097665772264,"[4.29566601656737, 2.321431649204894]",27.295617099806897,0.0,[],12.645290668924691,0.0,0.0,0.0,"[4.613885266325912, 8.031405402598779]",[],"[0.0, 0.0]",[],"[9.26637247775875, 18.029244622048147]"
102,0,831,True,True,1.0,3.99,6,6,True,1,7,58.09101488614068,"[11.554920437364123, 12.36607285292434, 14.231409551057567, 4.373720739552085, 10.611271994108575, 4.953619311133986]",28.655495805594864,"[5.506418970572008, 5.822768412640492, 6.550249724912451, 2.705751088425313, 5.138396077702344, 2.9319115313422546]",48.675484270159586,5.785780612540877,[5.785780612540877],24.983438865362242,3.256454438890942,18.983438865362242,2.256454438890942,"[5.15932000320235, 4.444380115788064, 7.120501598216479, 2.2436585559618427, 2.5581145618778685, 3.4574640303156374]",[3.256454438890942],"[4.15932000320235, 3.4443801157880642, 6.120501598216479, 1.2436585559618425, 1.5581145618778687, 2.4574640303156374]",[2.256454438890942],"[10.66492308513423, 8.831743886636062, 15.693593841580714, 3.1888680922098525, 3.9951655432765865, 6.301189821322147]"
102,0,832,True,True,1.0,3.99,4,5,,2,6,47.3924736768991,"[2.5, 12.67923395114513, 11.885144154015354, 9.101157522019696, 11.226938049718914]",23.483064733990645,"[1.975, 5.944901240946601, 5.635206220065988, 4.549451433587681, 5.378505839390376]",37.023951159845204,14.211776162199744,"[5.2773684543382755, 8.934407707861467]",19.43934095233963,7.5425927032579,14.43934095233963,5.5425927032579,"[4.692709671548597, 4.1292043550090884, 3.7699044151712893, 3.443969213133607, 3.403553297477049]","[3.0581736971919273, 4.4844190060659725]","[3.692709671548597, 3.129204355009088, 2.7699044151712893, 2.443969213133607, 2.403553297477049]","[2.0581736971919273, 3.4844190060659725]","[9.468486337304094, 8.023600910279713, 7.102319013259716, 6.266587725983607, 6.162957173018073]"
102,0,833,True,True,1.0,3.99,5,5,True,2,7,35.16501567634116,"[3.603905563543055, 3.212947708994152, 17.611333014175354, 5.474025871733341, 5.262803517895262]",18.714356113773054,"[2.405523169781792, 2.2530496065077195, 7.868419875528389, 3.134870089976003, 3.052493371979152]",41.87568330392479,25.39772030667445,"[5.242300528640578, 20.155419778033874]",21.331516488530664,11.905110919603036,16.331516488530667,9.905110919603036,"[4.3138953292728655, 3.9657407822001756, 4.240583671651271, 4.628899645925824, 4.182397059480529]","[3.0444972061698254, 8.86061371343321]","[3.313895329272866, 2.9657407822001756, 3.240583671651271, 3.628899645925823, 3.1823970594805293]","[2.0444972061698254, 7.860613713433211]","[8.497167510956066, 7.604463544103014, 8.309188901669925, 9.30487088698929, 8.159992460206485]"
102,0,834,True,True,1.0,3.99,3,2,,2,5,27.47569163529475,"[7.473599865722756, 20.002091769571997]",12.715519737764954,"[3.914703947631875, 8.800815790133079]",28.979012812595563,32.716882368400746,"[18.37714534073818, 14.339737027662562]",13.30181499691227,14.75958412367629,11.30181499691227,12.75958412367629,"[6.3086608447883945, 6.993154152123876]","[8.167086682887891, 6.592497440788399]","[5.3086608447883945, 5.993154152123876]","[7.1670866828878905, 5.592497440788399]","[13.611950884072806, 15.367061928522757]"
102,0,835,True,True,1.0,3.99,6,6,True,1,7,53.70559922294874,"[17.234065553875606, 6.178881619673787, 4.310037295573056, 9.698517144781029, 11.307102577779583, 4.976995031265687]",26.94518369695001,"[7.7212855660114865, 3.4097638316727767, 2.6809145452734917, 4.782421686464602, 5.409770005334037, 2.9410280621936185]",52.619331305110585,7.428634170808301,[7.428634170808301],26.52153920899313,3.897167326615237,20.52153920899313,2.897167326615237,"[4.438963447657568, 7.255689515399852, 3.741096519179176, 3.2438917709697046, 3.0934721931977034, 4.748425762589125]",[3.897167326615237],"[3.438963447657568, 6.255689515399852, 2.741096519179176, 2.2438917709697046, 2.0934721931977034, 3.7484257625891257]",[2.897167326615237],"[8.817854993993764, 16.040229526666288, 7.028452613279938, 5.753568643512063, 5.36787741845565, 9.611348109202886]"
102,0,836,True,False,,0.0,1,1,,0,1,9.071557682420007,[9.071557682420007],4.537907496143803,[4.537907496143803],31.720644905096478,0.0,[],13.371051512987627,0.0,0.0,0.0,[13.371051512987627],[],[0.0],[],[31.720644905096478]
102,0,837,True,False,,0.0,1,1,,0,1,9.890150140582008,[9.890150140582008],4.8571585548269836,[4.8571585548269836],10.975435936457014,0.0,[],5.280420015218236,0.0,0.0,0.0,[5.280420015218236],[],[0.0],[],[10.975435936457014]
102,0,838,True,True,1.0,3.99,3,3,True,2,5,35.630709370361075,"[15.565926973876623, 7.403345455454984, 12.661436941029464]",16.89597665444082,"[7.0707115198118835, 3.887304727627444, 5.9379604070014915]",22.5176634758634,21.690053371115297,"[17.570048215625228, 4.120005155490069]",11.781888755586728,10.459120814734966,8.781888755586728,8.459120814734966,"[3.2412416724798465, 4.655800668308723, 3.8848464147981576]","[7.852318804093839, 2.606802010641127]","[2.2412416724798465, 3.6558006683087227, 2.8848464147981576]","[6.852318804093839, 1.606802010641127]","[5.746773519179094, 9.373847867458263, 7.397042089226045]"
102,0,839,True,True,1.0,3.99,5,5,True,1,6,32.17936421197007,"[3.9318481579395135, 4.951273793711554, 3.675627514705612, 9.076325728514538, 10.544289017098848]",17.549952042668323,"[2.5334207815964103, 2.930996779547506, 2.4334947307351884, 4.53976703412067, 5.112272716668551]",42.69038533863571,9.174850728479095,[9.174850728479095],21.649250282067925,4.578191784106847,16.649250282067925,3.5781917841068474,"[6.247320664942829, 4.511440030200524, 3.9343738766665224, 4.552304752980713, 2.403810957277338]",[4.578191784106847],"[5.247320664942829, 3.511440030200524, 2.9343738766665224, 3.552304752980713, 1.4038109572773378]",[3.5781917841068474],"[13.45466837164828, 9.003692385129549, 7.524035581196211, 9.10847372559157, 3.5995152750700967]"
102,0,840,True,False,,0.0,1,1,,0,1,22.53687993441878,[22.53687993441878],9.789383174423325,[9.789383174423325],5.56657668090247,0.0,[],3.1709649055519633,0.0,0.0,0.0,[3.1709649055519633],[],[0.0],[],[5.56657668090247]
102,0,841,True,False,,0.0,1,1,,0,1,7.202614845127073,[7.202614845127073],3.8090197895995583,[3.8090197895995583],10.420591027437299,0.0,[],5.064030500700547,0.0,0.0,0.0,[5.064030500700547],[],[0.0],[],[10.420591027437299]
102,0,842,True,False,,0.0,1,1,,0,1,8.012970336552538,[8.012970336552538],4.12505843125549,[4.12505843125549],13.218474747722457,0.0,[],6.155205151611758,0.0,0.0,0.0,[6.155205151611758],[],[0.0],[],[13.218474747722457]
102,0,843,True,True,1.0,3.99,3,3,,1,4,21.473958638875274,"[10.23520861320172, 2.5, 8.738750025673552]",11.374843869161356,"[4.991731359148671, 1.975, 4.4081125100126854]",26.15249879702553,20.17996695263696,[20.17996695263696],13.199474530839957,8.870187111528415,10.199474530839957,7.8701871115284145,"[4.944651805571805, 4.329479053218835, 3.925343672049317]",[8.870187111528415],"[3.944651805571805, 3.329479053218835, 2.925343672049317]",[7.8701871115284145],"[10.114491809158475, 8.537125777484192, 7.500881210382864]"
102,0,844,True,True,1.0,3.99,3,3,True,5,8,19.151255227689383,"[2.9028603360373, 9.529273051944037, 6.719121839708048]",10.46898953879886,"[2.132115531054547, 4.716416490258174, 3.620457517486139]",11.301301388555697,26.821189373410377,"[6.686871824944345, 4.075594617514121, 5.271625541909516, 7.40642193521156, 3.380675453830833]",7.407507541536722,15.460263855630046,4.407507541536722,10.460263855630046,"[2.5131094576045485, 2.3314963347908457, 2.5629017491413273]","[3.6078800117282945, 2.589481900830507, 3.0559339613447114, 3.8885045547325086, 2.318463426994025]","[1.5131094576045485, 1.3314963347908457, 1.5629017491413273]","[2.6078800117282945, 1.5894819008305074, 2.0559339613447114, 2.8885045547325086, 1.318463426994025]","[3.8797678400116626, 3.4140931661303733, 4.00744038241366]"
102,0,845,True,True,1.0,3.99,4,4,True,5,9,33.563023709495184,"[11.40136686364108, 7.202650459891981, 9.714948034440695, 5.244058351521429]",17.089579246703124,"[5.446533076820021, 3.8090336793578725, 4.7888297334318715, 3.0451827570933574]",20.461641561078782,41.457952751518015,"[14.42910798067122, 5.724219526753829, 4.921626161081219, 5.670011566914737, 10.712987516097009]",11.980040208820725,21.168601573092026,7.980040208820726,16.168601573092026,"[2.0193464621066077, 1.975, 5.31257975293701, 2.6731139937771085]","[6.627352112461776, 3.2324456154339933, 2.9194342028216758, 3.2113045110967477, 5.178065131277833]","[1.0193464621066077, 0.9750000000000001, 4.31257975293701, 1.6731139937771082]","[5.627352112461776, 2.2324456154339933, 1.9194342028216755, 2.2113045110967477, 4.178065131277833]","[2.61370887719643, 2.5, 11.057896802402588, 4.290035881479764]"
102,0,846,True,True,1.0,3.99,4,4,True,0,4,19.956765400130173,"[7.540835904571338, 2.5, 3.072722486658338, 6.843207008900497]",11.783138506050767,"[3.940926002782822, 1.975, 2.198361769796752, 3.668850733471194]",31.999801299228924,0.0,[],16.479922506699282,0.0,12.479922506699282,0.0,"[3.446518917108479, 7.387615393073153, 3.0763487730201873, 2.5694394234974616]",[],"[2.446518917108479, 6.387615393073153, 2.0763487730201873, 1.5694394234974616]",[],"[6.273125428483279, 16.37850100787988, 5.323971212872275, 4.024203649993491]"
102,0,847,True,True,1.0,3.99,4,4,True,1,5,44.39914967534662,"[12.834620265749898, 13.387597940822818, 4.909182427308011, 13.26774904146589]",21.315668373385183,"[6.00550190364246, 6.221163196920899, 2.914581146650124, 6.174422126171698]",32.32192799029478,8.530663641067438,[8.530663641067438],16.605551916214967,4.326958820016301,12.605551916214965,3.326958820016301,"[2.817923166391969, 7.108667813047702, 4.433536995095576, 2.2454239416797206]",[4.326958820016301],"[1.8179231663919688, 6.108667813047702, 3.433536995095576, 1.2454239416797204]",[3.326958820016301],"[4.6613414522870995, 15.663250802686413, 8.803941013065579, 3.193394722255693]"
102,0,848,True,True,1.0,3.99,3,3,True,0,3,12.222338142491171,"[2.7627060801424843, 2.5, 6.959632062348686]",7.7667118755715565,"[2.077455371255569, 1.975, 3.714256504315988]",31.862454144677816,0.0,[],15.426357116424349,0.0,12.426357116424349,0.0,"[4.361174496520885, 2.5169036205964774, 8.548278999306985]",[],"[3.3611744965208854, 1.5169036205964772, 7.548278999306985]",[],"[8.618396144925347, 3.88949646306789, 19.354561536684578]"
102,0,849,True,False,,0.0,2,2,,0,2,18.95497987151711,"[9.533617225167427, 9.421362646349682]",9.392442149891671,"[4.718110717815296, 4.674331432076376]",13.885147772353022,0.0,[],7.415207631217679,0.0,0.0,0.0,"[4.026936573796103, 3.3882710574215755]",[],"[0.0, 0.0]",[],"[7.761375830246419, 6.123771942106604]"
102,0,850,True,False,,0.0,2,2,,0,2,23.3595089689176,"[5.358960029931112, 18.000548938986487]",11.110208497877863,"[3.0899944116731337, 8.02021408620473]",19.04526078840241,0.0,[],9.42765170747694,0.0,0.0,0.0,"[4.769638202100149, 4.6580135053767915]",[],"[0.0, 0.0]",[],"[9.66573897974397, 9.37952180865844]"
102,0,851,True,False,,0.0,2,2,,0,2,20.376877630242273,"[5.8530710237106724, 14.5238066065316]",9.946982275794486,"[3.282697699247162, 6.664284576547324]",22.386484308544887,0.0,[],10.730728880332505,0.0,0.0,0.0,"[3.451306309724852, 7.279422570607653]",[],"[0.0, 0.0]",[],"[6.2854007941662875, 16.101083514378598]"
102,0,852,True,True,1.0,3.99,4,4,True,0,4,48.19334239814629,"[11.954264688502313, 17.263694453088817, 11.250216978608314, 7.725166277946845]",22.795403535277053,"[5.662163228515903, 7.732840836704639, 5.3875846216572425, 4.01281484839927]",30.87740544329509,0.0,[],16.042188122885086,0.0,12.042188122885086,0.0,"[4.844827198088787, 2.398122589776002, 3.7806904667921755, 5.018547868228122]",[],"[3.844827198088787, 1.398122589776002, 2.7806904667921755, 4.018547868228122]",[],"[9.858531277150735, 3.5849297173743637, 7.1299755558773725, 10.303968892892621]"
102,0,853,True,False,,0.0,2,2,,0,2,35.50267100406564,"[7.858957476439333, 27.643713527626307]",15.8460416915856,"[4.06499341581134, 11.78104827577426]",18.919263889466322,0.0,[],9.378512916891866,0.0,0.0,0.0,"[5.230379977476504, 4.148132939415362]",[],"[0.0, 0.0]",[],"[10.847128147375653, 8.072135742090671]"
102,0,854,True,False,,0.0,1,1,,0,1,16.568838963375256,[16.568838963375256],7.46184719571635,[7.46184719571635],13.639371358565525,0.0,[],6.319354829840555,0.0,0.0,0.0,[6.319354829840555],[],[0.0],[],[13.639371358565525]
102,0,855,True,True,1.0,3.99,4,4,True,5,9,40.34295565135804,"[16.863515210769847, 8.139879126961695, 12.839561313626493, 2.5]",19.733752704029634,"[7.57677093220024, 4.174552859515061, 6.0074289123143325, 1.975]",41.07421427886207,31.72029267506649,"[8.459295741144064, 4.297220053656478, 12.488343222440262, 2.9454934955051306, 3.529940162320552]",20.018943568756207,17.370914143275932,16.018943568756207,12.37091414327593,"[2.627048655313694, 9.547124493759036, 3.976544191742825, 3.8682262279406543]","[4.299125339046185, 2.6759158209260265, 5.870453856751703, 2.148742463247001, 2.376676663305015]","[1.6270486553136938, 8.547124493759036, 2.976544191742825, 2.8682262279406543]","[3.299125339046185, 1.6759158209260263, 4.870453856751703, 1.148742463247001, 1.3766766633050154]","[4.171919629009471, 21.915703830151372, 7.632164594212371, 7.354426225488857]"
102,0,856,True,False,,0.0,1,1,,0,1,6.208721089652257,[6.208721089652257],3.4214012249643804,[3.4214012249643804],10.0749387664044,0.0,[],4.9292261188977164,0.0,0.0,0.0,[4.9292261188977164],[],[0.0],[],[10.0749387664044]
102,0,857,True,True,1.0,3.99,5,5,True,2,7,71.08150182078131,"[13.941083195056876, 14.262008186748387, 18.013125991011048, 5.760192031957775, 19.10509241600722]",32.72178571010471,"[6.437022446072182, 6.5621831928318715, 8.02511913649431, 3.2464748924635325, 8.450986042242818]",77.23424779371591,34.16919984282214,"[22.498046606535297, 11.671153236286843]",35.121356639549205,15.325987938700635,30.121356639549205,13.325987938700635,"[6.124104735881811, 11.077215139197278, 2.7933312387594453, 11.992714266652559, 3.1339912590581087]","[9.774238176548765, 5.551749762151869]","[5.124104735881811, 10.077215139197278, 1.7933312387594453, 10.992714266652559, 2.1339912590581087]","[8.774238176548765, 4.551749762151869]","[13.138730092004643, 25.839013177428917, 4.598285227588321, 28.186446837570664, 5.471772459123356]"
102,0,858,True,False,,0.0,2,2,,0,2,18.989600111853857,"[7.0594214533660535, 11.930178658487804]",9.405944043623006,"[3.753174366812761, 5.652769676810244]",13.176804508743658,0.0,[],7.138953758410027,0.0,0.0,0.0,"[4.473351194651146, 2.665602563758881]",[],"[0.0, 0.0]",[],"[8.906028704233707, 4.2707758045099515]"
102,0,859,True,False,,0.0,1,1,,0,1,7.602277203050685,[7.602277203050685],3.964888109189767,[3.964888109189767],2.5,0.0,[],1.975,0.0,0.0,0.0,[1.975],[],[0.0],[],[2.5]
102,0,860,True,False,,0.0,2,2,,0,2,29.983764987539637,"[23.30870717507834, 6.675057812461299]",13.693668345140459,"[10.090395798280552, 3.6032725468599067]",21.681315100519036,0.0,[],10.455712889202426,0.0,0.0,0.0,"[3.7341434431342164, 6.721569446068209]",[],"[0.0, 0.0]",[],"[7.0106242131646574, 14.67069088735438]"
102,0,861,True,True,1.0,3.99,7,7,True,1,8,68.86309873893262,"[10.85252859699763, 10.185472454531377, 9.730532807819936, 3.4861032665692684, 10.257780312745265, 15.275894399900848, 9.074786900368295]",33.85660850818372,"[5.232486152829075, 4.972334257267237, 4.794907795049776, 2.3595802739620146, 5.000534321970654, 6.9575988159613305, 4.539166891143635]",62.967420846671914,11.570729321326455,[11.570729321326455],31.557294130202045,5.512584435317318,24.557294130202052,4.512584435317318,"[7.172133964274624, 2.0293411169069158, 2.3895351772136015, 4.046983077870981, 7.43480030944273, 3.6484300803561247, 4.836070404137072]",[5.512584435317318],"[6.172133964274624, 1.0293411169069155, 1.3895351772136018, 3.0469830778709808, 6.43480030944273, 2.6484300803561247, 3.8360704041370712]",[4.512584435317318],"[15.825984523781088, 2.639336197197219, 3.562910710804107, 7.8127771227461045, 16.499487972930076, 6.7908463598874995, 9.836077959325824]"
102,0,862,True,True,1.0,3.99,7,7,True,1,8,86.37578531181248,"[4.368575639795399, 16.234767733857115, 15.676872098300306, 7.148277839197053, 10.04624591743482, 5.805902782130162, 27.095143301097615]",40.68655627160687,"[2.7037444995202056, 7.331559416204275, 7.113980118337119, 3.787828357286851, 4.91803590779958, 3.264302085030763, 11.56710588742807]",42.11253453198013,13.723821013024695,[13.723821013024695],23.42388846747225,6.3522901950796316,16.423888467472253,5.3522901950796316,"[2.813729040152488, 1.975, 2.4953357526906177, 1.975, 2.9885050660803416, 5.533440991465103, 5.642877617083702]",[6.3522901950796316],"[1.813729040152488, 0.9750000000000001, 1.4953357526906177, 0.9750000000000001, 1.9885050660803416, 4.533440991465103, 4.642877617083702]",[5.3522901950796316],"[4.6505872824422765, 2.5, 3.8341942376682505, 2.5, 5.098730938667543, 11.62420767042334, 11.904814402778722]"
102,0,863,True,True,1.0,3.99,4,4,True,2,6,22.824938294602656,"[8.775942398017156, 5.750471463070088, 2.6149560904654794, 5.683568343049934]",12.901725934895037,"[4.42261753522669, 3.2426838705973346, 2.019832875281537, 3.2165916537894743]",44.49009521831625,34.63767273707778,"[24.865556817993298, 9.77211591908448]",21.351137135143336,15.508692367460334,17.351137135143336,13.508692367460334,"[4.083699227655311, 6.606165704795903, 4.403334785397586, 6.257937417294535]","[10.697567159017387, 4.811125208442947]","[3.0836992276553112, 5.606165704795903, 3.4033347853975866, 5.257937417294535]","[9.697567159017387, 3.8111252084429474]","[7.90692109655208, 14.374783858451034, 8.726499449737402, 13.48189081357573]"
102,0,864,True,True,1.0,3.99,4,4,True,2,6,29.78199318981206,"[8.479898314169729, 9.167596801676977, 4.980953930825482, 7.153544143139872]",15.614977344026704,"[4.307160342526194, 4.575362752654021, 2.9425720330219383, 3.78988221582455]",28.927784127994705,14.782680630431283,"[4.71364494281675, 10.069035687614532]",15.281835809917935,7.7652454458682,11.281835809917933,5.7652454458682,"[2.8385486140472898, 4.91696159695543, 3.9836217837437307, 3.542703815171484]","[2.8383215276985325, 4.926923918169668]","[1.8385486140472898, 3.9169615969554292, 2.9836217837437307, 2.542703815171484]","[1.8383215276985327, 3.926923918169668]","[4.714227215505871, 10.04349127424469, 7.650312266009566, 6.519753372234574]"
102,0,865,True,True,1.0,3.99,5,5,True,1,6,61.679180530300044,"[11.484835983644212, 5.412012011555125, 11.14967910491138, 31.13265343018933, 2.5]",29.05488040681702,"[5.479086033621242, 3.1106846845064986, 5.348374850915438, 13.14173483777384, 1.975]",70.48765530800556,11.641638995194675,[11.641638995194675],32.49018557012217,5.540239208125923,27.49018557012217,4.540239208125923,"[11.635245186758524, 7.388122292849123, 3.6628365489449894, 7.327278196730713, 2.4767033448388185]",[5.540239208125923],"[10.635245186758524, 6.388122292849123, 2.6628365489449894, 6.327278196730713, 1.4767033448388185]",[4.540239208125923],"[27.269859453226985, 16.379800750895186, 6.82778602293587, 16.22379024802747, 3.7864188329200474]"
102,0,866,True,True,1.0,3.99,3,3,True,1,4,37.340171266909564,"[2.5, 11.878675297345128, 22.96149596956444]",17.56266679409473,"[1.975, 5.6326833659646, 9.95498342813013]",26.769130486756097,8.93883710994823,[8.93883710994823],13.439960889834879,4.48614647287981,10.439960889834879,3.4861464728798097,"[6.547214759261819, 2.223671917746387, 4.669074212826672]",[4.48614647287981],"[5.547214759261819, 1.223671917746387, 3.669074212826672]",[3.4861464728798097],"[14.223627587850817, 3.137620301913813, 9.407882596991467]"
102,0,867,True,False,,0.0,2,2,,0,2,11.32832999993027,"[7.648010339780779, 3.680319660149492]",6.418048699972806,"[3.9827240325145037, 2.4353246674583016]",20.053473122743352,0.0,[],9.820854517869908,0.0,0.0,0.0,"[4.820109632089442, 5.000744885780466]",[],"[0.0, 0.0]",[],"[9.79515290279344, 10.258320219949912]"
102,0,868,True,True,1.0,3.99,3,3,True,0,3,53.09921213918835,"[21.91330385101257, 12.17315226643843, 19.012756021737356]",23.70869273428346,"[9.546188501894903, 5.747529383910988, 8.41497484847757]",27.270421806680908,0.0,[],13.635464504605554,0.0,10.635464504605554,0.0,"[5.310308815576829, 6.157087334968057, 2.1680683540606687]",[],"[4.310308815576829, 5.157087334968057, 1.1680683540606687]",[],"[11.052073886094433, 13.223300858892452, 2.995047061694022]"
102,0,869,True,False,,0.0,2,2,,0,2,18.322385038703125,"[5.082902939998918, 13.239482098704208]",9.14573016509422,"[2.9823321465995782, 6.163398018494641]",11.982284873360038,0.0,[],6.673091100610415,0.0,0.0,0.0,"[2.076702323226206, 4.59638877738421]",[],"[0.0, 0.0]",[],"[2.7607751877595024, 9.221509685600536]"
102,0,870,True,True,1.0,3.99,3,3,True,2,5,14.213129504675821,"[5.458971223225534, 2.5, 6.254158281450287]",8.54312050682357,"[3.128998777057958, 1.975, 3.439121729765612]",26.283289065120847,24.331927112051403,"[12.624048926300166, 11.707878185751238]",13.250482735397132,11.489451573700048,10.250482735397132,9.489451573700048,"[5.450911219390488, 4.378327813450891, 3.4212437025557523]","[5.923379081257065, 5.5660724924429825]","[4.450911219390488, 3.3783278134508916, 2.4212437025557523]","[4.923379081257065, 4.5660724924429825]","[11.412592870232018, 8.66237900884844, 6.20831718604039]"
102,0,871,True,False,,0.0,2,2,,0,2,21.462198694357205,"[15.099333991735685, 6.362864702621518]",10.37025749079931,"[6.888740256776917, 3.4815172340223923]",31.47948204434458,0.0,[],14.276997997294385,0.0,0.0,0.0,"[4.813156448130302, 9.463841549164083]",[],"[0.0, 0.0]",[],"[9.777324225975134, 21.702157818369443]"
102,0,872,True,True,1.0,3.99,5,5,True,3,8,53.734451063254106,"[15.603299181711058, 7.040494110122022, 5.061027807119176, 6.625170814560734, 19.404459149741115]",25.956435914669104,"[7.085286680867313, 3.745792702947589, 2.9738008447764788, 3.5838166176786865, 8.567739068399035]",31.37706629816479,20.00196055165133,"[8.393566031291932, 2.241554241651181, 9.366840278708215]",17.23705585628427,10.800764615144018,12.23705585628427,7.800764615144018,"[2.241586177330519, 4.542987755553873, 4.968245091057557, 1.9834082890180493, 3.5008285433242716]","[4.273490752203854, 1.8742061542439608, 4.653067708696204]","[1.2415861773305192, 3.542987755553873, 3.9682450910575566, 0.9834082890180492, 2.5008285433242716]","[3.2734907522038537, 0.8742061542439606, 3.653067708696204]","[3.183554300847485, 9.084583988599674, 10.174987412968093, 2.5215597154308953, 6.412380880318645]"
102,0,873,True,False,,0.0,2,2,,0,2,12.20307755722084,"[4.805498974651304, 7.397578582569536]",6.7592002473161275,"[2.8741446001140085, 3.885055647202119]",19.393426553709475,0.0,[],9.563436355946695,0.0,0.0,0.0,"[2.378889800808797, 7.1845465551378975]",[],"[0.0, 0.0]",[],"[3.5356148738687097, 15.857811679840763]"
102,0,874,True,True,1.0,3.99,5,5,True,2,7,53.44803986165199,"[9.446608500645587, 14.9970451764087, 9.674650057594523, 9.794844139552058, 9.534891987451136]",25.844735546044284,"[4.6841773152517785, 6.848847618799393, 4.773113522461864, 4.819989214425303, 4.718607875105944]",68.65116952021354,46.218006704636394,"[24.755440634924355, 21.462566069712043]",31.773956112883283,20.025022614808194,26.773956112883283,18.025022614808194,"[4.913850545992251, 9.251846104814783, 5.763676025618098, 7.855448500933629, 3.9891349355245227]","[10.654621847620499, 9.370400767187697]","[3.913850545992251, 8.251846104814783, 4.763676025618098, 6.855448500933629, 2.9891349355245227]","[9.654621847620499, 8.370400767187697]","[10.035514220492951, 21.158579755935342, 12.214553911841277, 17.578073079316997, 7.664448552626981]"
102,0,875,True,True,1.0,3.99,3,5,,5,8,50.94323025038295,"[2.5, 14.063554308787275, 4.203391437565023, 14.482003239173066, 15.694281264857587]",24.867859797649352,"[1.975, 6.4847861804270375, 2.6393226606503593, 6.6479812632774955, 7.120769693294459]",62.59018028699684,51.550020423777994,"[9.41484469323092, 11.26198297876019, 8.112671125052715, 3.979793086385153, 18.780728540349017]",29.410170311928766,25.10450796527342,24.410170311928766,20.10450796527342,"[4.117227397407788, 5.736832548439389, 6.304752000796799, 7.140252655773232, 6.111105709511558]","[4.671789430360059, 5.392173361716474, 4.163941738770559, 2.55211930369021, 8.324484130736117]","[3.117227397407788, 4.736832548439389, 5.304752000796799, 6.140252655773232, 5.111105709511558]","[3.671789430360059, 4.392173361716474, 3.1639417387705593, 1.55211930369021, 7.324484130736117]","[7.992890762584072, 12.14572448317792, 13.601928207171278, 15.744237578905723, 13.105399255157842]"
102,0,876,True,True,1.0,3.99,5,5,True,1,6,58.28189332064167,"[8.861002136279186, 9.781386095151053, 25.449253309525677, 4.238869009495597, 9.951382770190154]",27.72993839505025,"[4.455790833148883, 4.8147405771089105, 10.925208790715015, 2.653158913703283, 4.881039280374161]",35.60108301503698,3.488970725158476,[3.488970725158476],18.88442237586442,2.3606985828118057,13.884422375864421,1.3606985828118057,"[2.5340899050645147, 4.581746234774, 2.6643662304393, 3.9487885939881613, 5.155431411598445]",[2.3606985828118057],"[1.5340899050645147, 3.5817462347740006, 1.6643662304392999, 2.9487885939881613, 4.155431411598445]",[1.3606985828118057],"[3.933563859139781, 9.18396470454872, 4.267605719075128, 7.560996394841439, 10.654952337431912]"
102,0,877,True,True,1.0,3.99,5,5,True,3,8,37.29019586230944,"[3.497332404095297, 8.839993522861427, 12.625322521191677, 5.509831207575562, 6.817716206585477]",19.54317638630068,"[2.3639596375971657, 4.447597473915957, 5.923875783264754, 3.148834170954469, 3.658909320568336]",66.83557477613023,30.700643609401702,"[6.756940538966573, 10.500823278659853, 13.442879791775276]",31.06587416269079,14.973251007666665,26.06587416269079,11.973251007666665,"[5.715198130512409, 5.424405707262548, 5.094269888573593, 11.116716399982417, 3.7152840363598254]","[3.6352068101969635, 5.095321078677343, 6.242723118792358]","[4.715198130512409, 4.424405707262548, 4.094269888573593, 10.116716399982417, 2.7152840363598254]","[2.6352068101969635, 4.095321078677343, 5.242723118792358]","[12.090251616698483, 11.344630018621919, 10.498127919419469, 25.940298461493377, 6.9622667598969885]"
102,0,878,True,True,1.0,3.99,3,4,,1,4,36.44359022506778,"[6.217852363008497, 8.195308774541731, 8.86560838807848, 13.164820699439069]",18.213000187776434,"[3.424962421573314, 4.196170422071275, 4.457587271350607, 6.134280072781237]",33.38021812290646,21.349852719696123,[21.349852719696123],17.018285067933522,9.326442560681489,13.018285067933522,8.326442560681489,"[6.63392356891118, 3.440767952495521, 3.196912264473341, 3.7466812820534794]",[9.326442560681489],"[5.63392356891118, 2.440767952495521, 2.196912264473341, 2.7466812820534794]",[8.326442560681489],"[14.445957869003024, 6.25837936537313, 5.633108370444464, 7.042772518085845]"
102,0,879,True,False,,0.0,1,1,,0,1,9.351049889272515,[9.351049889272515],4.646909456816281,[4.646909456816281],7.253853359356913,0.0,[],3.829002810149196,0.0,0.0,0.0,[3.829002810149196],[],[0.0],[],[7.253853359356913]
102,0,880,True,True,1.0,3.99,6,6,True,2,8,42.061224669672114,"[2.5, 8.975800587933696, 9.557609997589543, 10.270918645400442, 3.367995383353948, 7.388900055394484]",22.403877621172125,"[1.975, 4.500562229294141, 4.727467899059922, 5.005658271706173, 2.3135181995080396, 3.881671021603849]",68.7913779332652,15.923612093336512,"[7.41707327399006, 8.506538819346453]",32.82863739397342,8.21020871640124,26.828637393973423,6.21020871640124,"[8.237253947272189, 1.975, 8.196947700893025, 5.6254427714973865, 4.175048964108562, 4.618944010202263]","[3.8926585768561237, 4.317550139545117]","[7.237253947272189, 0.9750000000000001, 7.196947700893025, 4.6254427714973865, 3.1750489641085617, 3.618944010202263]","[2.8926585768561237, 3.3175501395451166]","[18.557061403262022, 2.5, 18.45371205357186, 11.86010967050612, 8.141151190021953, 9.279343615903239]"
102,0,881,True,False,,0.0,2,2,,0,2,19.608116901006102,"[2.5688718010765044, 17.039245099929598]",9.64716559139238,"[2.0018600024198365, 7.645305588972543]",15.15945578918054,0.0,[],7.91218775778041,0.0,0.0,0.0,"[3.2121195869932255, 4.700068170787185]",[],"[0.0, 0.0]",[],"[5.6721015051108346, 9.487354284069706]"
102,0,882,True,False,,0.0,1,1,,0,1,7.068711448918191,[7.068711448918191],3.7567974650780944,[3.7567974650780944],4.209632525455312,0.0,[],2.6417566849275715,0.0,0.0,0.0,[2.6417566849275715],[],[0.0],[],[4.209632525455312]
102,0,883,True,True,1.0,3.99,4,4,True,1,5,42.4256601982442,"[9.844855763625299, 9.533525383007168, 12.213160988086692, 10.834118063525043]",20.546007477315243,"[4.839493747813867, 4.718074899372796, 5.76313278535381, 5.225306044774767]",53.288055436124594,16.191760773560667,[16.191760773560667],24.782341620088594,7.31478670168866,20.78234162008859,6.31478670168866,"[4.666920996350568, 10.646934835458413, 5.124389181062303, 4.344096607217308]",[7.31478670168866],"[3.666920996350567, 9.646934835458413, 4.124389181062303, 3.3440966072173075]",[6.31478670168866],"[9.402361529104018, 24.735730347329266, 10.575356874518725, 8.574606685172583]"
102,0,884,True,False,,0.0,1,1,,0,1,8.180971915183846,[8.180971915183846],4.1905790469217,[4.1905790469217],9.07323303838403,0.0,[],4.5385608849697725,0.0,0.0,0.0,[4.5385608849697725],[],[0.0],[],[9.07323303838403]
102,0,885,True,True,1.0,3.99,4,4,True,2,6,45.263821322664235,"[14.540613328519308, 7.281365305046695, 12.952557830569617, 10.489284858528613]",21.652890315839052,"[6.670839198122531, 3.839732468968211, 6.051497553922151, 5.090821094826159]",36.350290847384024,11.99185685472127,"[7.354276415349055, 4.637580439372216]",18.17661343047977,6.676824173341296,14.176613430479767,4.676824173341296,"[3.4093020711508215, 6.400997182428259, 4.535074011616691, 3.831240165283996]","[3.8681678019861314, 2.8086563713551644]","[2.4093020711508215, 5.400997182428259, 3.5350740116166914, 2.831240165283996]","[2.8681678019861314, 1.8086563713551642]","[6.17769761833544, 13.848710724175024, 9.064292337478696, 7.259590167394861]"
102,0,886,True,True,1.0,3.99,5,5,True,1,6,36.237736660662236,"[13.084606312860712, 10.492594393357852, 2.5, 5.100894891165559, 5.059641063278116]",19.132717297658274,"[6.102996462015678, 5.092111813409562, 1.975, 2.9893490075545683, 2.9732600146784653]",35.876256119485355,7.028402762358144,[7.028402762358144],18.99173988659929,3.741077077319676,13.991739886599289,2.741077077319676,"[2.80668033484449, 2.45105320454687, 5.857740914097777, 5.9012654331101535, 1.975]",[3.741077077319676],"[1.8066803348444902, 1.4510532045468698, 4.857740914097777, 4.9012654331101535, 0.9750000000000001]",[2.741077077319676],"[4.6325136790884365, 3.7206492424278714, 12.455745933584042, 12.567347264385008, 2.5]"
102,0,887,True,True,1.0,3.99,7,4,,1,8,36.82350605018967,"[10.309267405641943, 12.763003681079065, 6.213164596661514, 7.538070366807145]",18.361167359573972,"[5.020614288200358, 5.977571435620836, 3.4231341926979906, 3.9398474430547865]",47.45245832944164,6.928419307314189,[6.928419307314189],22.506458748482242,3.702083529852534,18.506458748482242,2.702083529852534,"[4.694990136854656, 8.237521179036756, 4.088810616677432, 5.485136815913397]",[3.702083529852534],"[3.694990136854656, 7.237521179036756, 3.0888106166774323, 4.485136815913397]",[2.702083529852534],"[9.474333684242707, 18.55774661291476, 7.920027222249826, 11.500350810034352]"
102,0,888,True,False,,0.0,1,1,,0,1,18.364339090875955,[18.364339090875955],8.162092245441624,[8.162092245441624],6.208395683893092,0.0,[],3.4212743167183057,0.0,0.0,0.0,[3.4212743167183057],[],[0.0],[],[6.208395683893092]
102,0,889,True,True,1.0,3.99,6,6,True,2,8,50.37100821494481,"[8.302495414944879, 16.378431992083872, 2.5791774197622304, 12.230220764838505, 6.713055593658301, 4.167627029657018]",25.644693203828478,"[4.237973211828503, 7.38758847691271, 2.00587919370727, 5.769786098287017, 3.6180916815267374, 2.625374541566237]",59.238539432688746,11.747907240782492,"[7.141190945796675, 4.606716294985818]",29.103030378748613,6.5816838239051725,23.103030378748613,4.5816838239051725,"[3.945253037912872, 8.223888490065864, 6.043356258850056, 1.975, 1.975, 6.94053259191982]","[3.7850644688607034, 2.796619355044469]","[2.945253037912872, 7.223888490065863, 5.043356258850056, 0.9750000000000001, 0.9750000000000001, 5.94053259191982]","[2.7850644688607034, 1.796619355044469]","[7.551930866443262, 18.52279100016888, 12.931682715000143, 2.5, 2.5, 15.232134851076461]"
102,0,890,True,True,1.0,3.99,4,4,True,4,8,56.26023067705076,"[21.591664850871094, 13.922038237714643, 8.870239119886818, 11.876288468578204]",25.941489964049797,"[9.420749291839726, 6.429594912708711, 4.45939325675586, 5.6317525027455]",44.053489829018844,54.70241631882831,"[22.03563656769594, 7.601846020182648, 13.621476776234061, 11.44345695471566]",21.18086103331735,25.333942364343038,17.18086103331735,21.333942364343038,"[5.530976127200397, 4.15194139562959, 3.3867329937747086, 8.111210516712653]","[9.593898261401415, 3.9647199478712327, 6.312375942731284, 5.462948212339108]","[4.530976127200397, 3.1519413956295903, 2.3867329937747086, 7.111210516712654]","[8.593898261401415, 2.9647199478712327, 5.312375942731284, 4.462948212339108]","[11.617887505642042, 8.081901014434846, 6.119828189165919, 18.233873119776035]"
102,0,891,True,True,1.0,3.99,6,6,True,3,9,43.63179904808915,"[3.4469856792796167, 6.389124066995923, 9.06570765813362, 4.72103237857927, 9.803223899027532, 10.205725366073185]",23.01640162875477,"[2.3443244149190505, 3.49175838612841, 4.5356259866721125, 2.8412026276459157, 4.823257320620738, 4.980232892768543]",70.10306008549392,23.774403489518942,"[5.5294116803205196, 12.291902785650239, 5.953089023548183]",33.340193433342634,12.272017360912388,27.34019343334263,9.272017360912388,"[10.50227800656829, 3.55339591029951, 4.786679502214014, 6.012623329650757, 4.39686088811775, 4.0883557964923085]","[3.1564705553250025, 5.793842086403593, 3.3217047191837916]","[9.50227800656829, 2.55339591029951, 3.786679502214014, 5.012623329650757, 3.3968608881177507, 3.088355796492308]","[2.1564705553250025, 4.793842086403593, 2.3217047191837916]","[24.36481540145715, 6.547169000767974, 9.709434621061574, 12.852880332437838, 8.709899713122438, 7.918861016646943]"
102,0,892,True,False,,0.0,2,2,,0,2,36.21990097138223,"[16.335226683414557, 19.88467428796767]",16.12576137883907,"[7.370738406531678, 8.75502297230739]",43.734537596556976,0.0,[],19.05646966265722,0.0,0.0,0.0,"[7.941556048986973, 11.114913613670247]",[],"[0.0, 0.0]",[],"[17.79886166406916, 25.93567593248781]"
102,0,893,True,True,1.0,3.99,8,8,True,1,9,63.70373572513361,"[6.0325929855454365, 2.5, 12.343398550806072, 2.5, 9.551461400523687, 13.41588774497, 9.011572792426438, 8.348822250861986]",32.84445693280212,"[3.3527112643627204, 1.975, 5.813925434814368, 1.975, 4.725069946204238, 6.232196220538301, 4.514513389046311, 4.256040677836174]",61.66459933728419,13.571201545451336,[13.571201545451336],32.04919374154083,6.292768602726021,24.049193741540833,5.292768602726021,"[3.3578329219954655, 5.845195400098184, 2.889988912388854, 2.8792539468431504, 4.564573354932069, 3.426023326229506, 5.560526805247784, 3.52579907380582]",[6.292768602726021],"[2.3578329219954655, 4.845195400098184, 1.8899889123888538, 1.8792539468431504, 3.5645733549320693, 2.426023326229506, 4.560526805247784, 2.52579907380582]",[5.292768602726021],"[6.045725441014014, 12.423577948969703, 4.8461254163816765, 4.818599863700386, 9.139931679312998, 6.220572631357707, 11.693658474994319, 6.476407881553384]"
102,0,894,True,True,1.0,3.99,3,3,True,1,4,37.16600645900631,"[9.169754235518184, 12.417879517864115, 15.578372705624012]",17.494742519012462,"[4.576204151852092, 5.842973011967005, 7.0755653551933655]",27.33383208858145,11.460641308487212,[11.460641308487212],13.660194514546767,5.469650110310012,10.660194514546767,4.469650110310012,"[2.9664808632157125, 5.962544475535546, 4.731169175795507]",[5.469650110310012],"[1.9664808632157125, 4.962544475535546, 3.731169175795507]",[4.469650110310012],"[5.0422586236300315, 12.724473014193707, 9.56710045075771]"
102,0,895,True,True,1.0,3.99,3,3,True,1,4,35.02019024061107,"[9.987327982434513, 7.511005860482598, 17.521856397693963]",16.657874193838317,"[4.89505791314946, 3.9292922855882133, 7.833523995100646]",11.723688913670422,16.678605355036726,[16.678605355036726],7.572238676331464,7.504656088464324,4.572238676331464,6.504656088464324,"[2.5144220074225867, 1.975, 3.082816668908878]",[7.504656088464324],"[1.5144220074225865, 0.9750000000000001, 2.082816668908878]",[6.504656088464324],"[3.883133352365606, 2.5, 5.340555561304815]"
102,0,896,True,False,,0.0,2,2,,0,2,29.233554136059784,"[10.75173570886944, 18.481818427190344]",13.401086113063315,"[5.193176926459081, 8.207909186604233]",11.205729959885407,0.0,[],6.370234684355308,0.0,0.0,0.0,"[3.9074049824561676, 2.4628297018991407]",[],"[0.0, 0.0]",[],"[7.45488457040043, 3.7508453894849767]"
102,0,897,True,True,1.0,3.99,3,3,True,1,4,34.48733292938058,"[12.12748942966176, 13.5641455689885, 8.795697930730318]",16.450059842458426,"[5.729720877568086, 6.290016771905515, 4.430322192984825]",36.517554207808686,16.109054453918887,[16.109054453918887],17.24184614104539,7.282531237028366,14.24184614104539,6.282531237028366,"[2.6215623157598835, 7.008679031693134, 7.611604793592371]",[7.282531237028366],"[1.6215623157598835, 6.008679031693134, 6.611604793592371]",[6.282531237028366],"[4.157852091692009, 15.406869312033677, 16.952832804083002]"
102,0,898,True,True,1.0,3.99,4,4,True,3,7,67.91572505727592,"[24.168119134074328, 7.967130344736657, 23.770200073204435, 12.010275505260507]",30.487132772337613,"[10.425566462288987, 4.107180834447297, 10.27037802854973, 5.684007447051598]",25.262938550139843,30.753589298754278,"[5.8652282442943315, 15.230202611902888, 9.658158442557061]",13.852546034554539,14.99389982651417,9.852546034554539,11.99389982651417,"[1.975, 2.342712943912328, 6.736690480028285, 2.798142610613926]","[3.2874390152747894, 6.939779018642127, 4.766681792597254]","[0.9750000000000001, 1.342712943912328, 5.736690480028285, 1.7981426106139258]","[2.2874390152747894, 5.939779018642127, 3.766681792597254]","[2.5, 3.442853702339302, 14.709462769303295, 4.610622078497245]"
102,0,899,True,True,1.0,3.99,6,6,True,1,7,64.27963480862701,"[5.24749022250532, 23.308212384163166, 9.745329339209789, 9.554505743971948, 6.568867973155, 9.855229145621777]",31.069057575364532,"[3.046521186777075, 10.090202829823635, 4.800678442291818, 4.72625724014906, 3.5618585095304502, 4.843539366792493]",46.59596735339705,10.564473227600606,[10.564473227600606],24.17242726782485,5.1201445587642365,18.17242726782485,4.1201445587642365,"[7.064481617578033, 5.353398821198903, 2.2111776532546594, 4.211728442548729, 3.3566407332445234, 1.975]",[5.1201445587642365],"[6.064481617578033, 4.353398821198903, 1.2111776532546594, 3.211728442548729, 2.3566407332445234, 0.9750000000000001]",[4.1201445587642365],"[15.5499528655847, 11.162561079997188, 3.1055837262939985, 8.23520113474033, 6.042668546780829, 2.5]"
102,0,900,True,True,1.0,3.99,6,6,True,2,8,52.73096447462269,"[6.714470123324199, 21.872278960983756, 4.006913809897135, 3.203464042435867, 4.784408149421888, 12.149429388559847]",26.56507614510285,"[3.618643348096438, 9.530188794783665, 2.5626963858598826, 2.249350976549988, 2.8659191782745363, 5.73827746153834]",49.00279318133404,12.341370713941814,"[6.014919582410242, 6.326451131531573]",25.11108934072028,6.8131345784373085,19.11108934072028,4.8131345784373085,"[4.9253822237112725, 5.2370404767063725, 3.5902861711819547, 2.536725157508224, 5.0162220639964366, 3.8054332476160195]","[3.3458186371399945, 3.4673159412973136]","[3.925382223711272, 4.2370404767063725, 2.5902861711819547, 1.5367251575082241, 4.0162220639964366, 2.8054332476160195]","[2.3458186371399945, 2.4673159412973136]","[10.065082624900697, 10.864206350529159, 6.641759413287064, 3.940320916687754, 10.298005292298555, 7.1934185836308195]"
102,0,901,True,False,,0.0,1,1,,0,1,5.58825519932942,[5.58825519932942],3.179419527738474,[3.179419527738474],19.197072994028307,0.0,[],8.486858467671041,0.0,0.0,0.0,[8.486858467671041],[],[0.0],[],[19.197072994028307]
102,0,902,True,True,1.0,3.99,3,3,True,3,6,13.173296898523388,"[7.317153857189483, 3.3561430413339046, 2.5]",8.13758579042412,"[3.8536900043038984, 2.308895786120223, 1.975]",13.690358872730759,31.425899232178214,"[8.678653434742854, 7.640925383939049, 15.10632041349631]",8.339239960364996,15.256100700549503,5.3392399603649965,12.256100700549503,"[1.975, 3.0200343802374636, 3.3442055801275328]","[4.384674839549714, 3.9799608997362292, 6.891464961263561]","[0.9750000000000001, 2.0200343802374636, 2.3442055801275328]","[3.3846748395497133, 2.9799608997362292, 5.891464961263561]","[2.5, 5.179575333942214, 6.010783538788545]"
102,0,903,True,True,1.0,3.99,5,5,True,2,7,40.51008067559329,"[9.769259292984557, 5.776397303201683, 11.084319503637397, 7.373739525504802, 6.5063650502648445]",20.79893146348138,"[4.810011124263978, 3.2527949482486562, 5.322884606418585, 3.8757584149468727, 3.5374823696032895]",65.17374030222311,24.28883661770385,"[10.614544782505224, 13.674291835198625]",30.41775871786701,11.472646280904502,25.41775871786701,9.472646280904502,"[4.463247884147995, 13.220424293674144, 3.8537174579452462, 6.241104688087999, 2.639264394011625]","[5.139672465177037, 6.332973815727464]","[3.4632478841479943, 12.220424293674144, 2.8537174579452462, 5.241104688087999, 1.6392643940116252]","[4.139672465177037, 5.332973815727464]","[8.880122779866651, 31.33442126583114, 7.317224251141657, 13.438729969456407, 4.203242035927244]"
102,0,904,True,True,1.0,3.99,4,2,,2,6,36.5776616524742,"[24.601850524792567, 11.975811127681633]",16.26528804446494,"[10.594721704669102, 5.670566339795837]",17.327013780224096,31.552384245982196,"[11.6656239204447, 19.886760325537495]",8.757535374287396,14.305429855933056,6.757535374287397,12.305429855933056,"[2.3845468918433923, 6.372988482444005]","[5.549593328973433, 8.755836526959623]","[1.3845468918433925, 5.372988482444005]","[4.549593328973433, 7.755836526959623]","[3.550120235495878, 13.776893544728217]"
102,0,905,True,False,,0.0,1,1,,0,1,4.147840702313324,[4.147840702313324],2.6176578739021963,[2.6176578739021963],4.529543935347199,0.0,[],2.766522134785408,0.0,0.0,0.0,[2.766522134785408],[],[0.0],[],[4.529543935347199]
102,0,906,True,False,,0.0,2,2,,0,2,16.830085721523986,"[5.1849349588911995, 11.645150762632788]",8.563733431394356,"[3.022124633967568, 5.541608797426788]",20.921776855329096,0.0,[],10.159492973578347,0.0,0.0,0.0,"[8.184492973578347, 1.975]",[],"[0.0, 0.0]",[],"[18.421776855329096, 2.5]"
102,0,907,True,False,,0.0,1,1,,0,1,8.212804679374726,[8.212804679374726],4.202993824956144,[4.202993824956144],6.14920076714402,0.0,[],3.398188299186168,0.0,0.0,0.0,[3.398188299186168],[],[0.0],[],[6.14920076714402]
102,0,908,True,True,1.0,3.99,5,5,True,3,8,44.553138709550396,"[3.2214050523460793, 7.277325870244832, 15.498994564912131, 5.412296410502812, 13.143116811544543]",22.375724096724653,"[2.256347970414971, 3.8381570893954846, 7.0446078803157315, 3.110795600096097, 6.1258155565023715]",45.11191267016425,40.22046462247428,"[7.564179155073487, 13.774662187448586, 18.881623279952205]",22.593645941364052,18.68598120276497,17.59364594136406,15.68598120276497,"[8.84755525925642, 4.0919881388932176, 2.4622753988960078, 2.778798921533235, 4.413028222785174]","[3.95002987047866, 6.372118253104949, 8.36383307918136]","[7.8475552592564215, 3.091988138893218, 1.4622753988960078, 1.7787989215332352, 3.4130282227851745]","[2.95002987047866, 5.372118253104949, 7.36383307918136]","[20.121936562195952, 7.928174715110815, 3.749424099733353, 4.561022875726244, 8.751354417397883]"
102,0,909,True,False,,0.0,1,1,,0,1,9.487678577785037,[9.487678577785037],4.700194645336165,[4.700194645336165],17.417975074101044,0.0,[],7.793010278899407,0.0,0.0,0.0,[7.793010278899407],[],[0.0],[],[17.417975074101044]
102,0,910,True,False,,0.0,1,1,,0,1,7.450843600044536,[7.450843600044536],3.905829004017369,[3.905829004017369],6.201152870921204,0.0,[],3.4184496196592695,0.0,0.0,0.0,[3.4184496196592695],[],[0.0],[],[6.201152870921204]
102,0,911,True,True,1.0,3.99,4,4,True,2,6,59.656296405237185,"[8.977043616696012, 7.549797674173033, 34.63087557064238, 8.498579543725764]",27.265955598042503,"[4.501047010511445, 3.9444210929274828, 14.506041472550528, 4.314446022053048]",32.723551295153364,25.907431658183135,"[13.80167594176446, 12.105755716418676]",16.762185005109814,12.103898346691423,12.762185005109814,10.103898346691423,"[3.6756088349528238, 5.492720384510603, 3.7514891103984542, 3.8423666752479315]","[6.382653617288139, 5.721244729403284]","[2.6756088349528238, 4.492720384510603, 2.7514891103984542, 2.8423666752479315]","[5.382653617288139, 4.721244729403284]","[6.860535474238009, 11.519795857719494, 7.055100283072959, 7.288119680122901]"
102,0,912,True,False,,0.0,1,1,,0,1,15.032945121759177,[15.032945121759177],6.862848597486079,[6.862848597486079],2.5,0.0,[],1.975,0.0,0.0,0.0,[1.975],[],[0.0],[],[2.5]
102,0,913,True,True,1.0,3.99,6,6,True,1,7,45.57180116479033,"[9.270472385525006, 3.172721381916403, 13.726722710110668, 11.586857543298457, 4.061265868950437, 3.7537612749893583]",23.773002454268227,"[4.6154842303547525, 2.237361338947397, 6.353421856943161, 5.518874441886398, 2.5838936888906705, 2.4639668972458497]",72.09893274217414,17.02677301071769,[17.02677301071769],34.11858376944791,7.6404414741799,28.11858376944791,6.6404414741799,"[3.4863986925555155, 8.5320606004401, 7.3561887175924845, 2.509395621140236, 5.986039870083081, 6.248500267636496]",[7.6404414741799],"[2.4863986925555155, 7.532060600440101, 6.3561887175924845, 1.5093956211402362, 4.986039870083081, 5.248500267636496]",[6.6404414741799],"[6.37538126296286, 19.31297589856436, 16.297919788698678, 3.8702451824108617, 12.784717615597643, 13.457692993939734]"
102,0,914,True,False,,0.0,2,2,,0,2,28.629204414659128,"[14.092928488525473, 14.536275926133655]",13.16538972171706,"[6.496242110524935, 6.669147611192126]",25.043704448332832,0.0,[],11.767044734849804,0.0,0.0,0.0,"[4.359961883449501, 7.407082851400303]",[],"[0.0, 0.0]",[],"[8.615286880639747, 16.428417567693085]"
102,0,915,True,True,1.0,3.99,6,6,True,1,7,46.16659142972736,"[5.342956299096538, 5.352100265351642, 8.38526493835322, 12.525745671272167, 3.612071995934671, 10.948452259719126]",24.004970657593674,"[3.08375295664765, 3.0873191034871406, 4.270253325957756, 5.885040811796145, 2.408708078414522, 5.269896381290459]",57.65113125248952,9.857458413003231,[9.857458413003231],28.48394118847091,4.844408781071261,22.48394118847091,3.84440878107126,"[2.9726563559872177, 2.031043888247128, 7.3955214592132075, 5.5663935267075315, 6.395997274552881, 4.122328683762948]",[4.844408781071261],"[1.9726563559872177, 1.0310438882471278, 6.3955214592132075, 4.5663935267075315, 5.395997274552881, 3.1223286837629485]",[3.84440878107126],"[5.058093220480045, 2.643702277556738, 16.398772972341558, 11.708701350532131, 13.83589044757149, 8.00597098400756]"
102,0,916,True,False,,0.0,1,1,,0,1,2.6926130922015705,[2.6926130922015705],2.0501191059586126,[2.0501191059586126],7.112321394069959,0.0,[],3.773805343687284,0.0,0.0,0.0,[3.773805343687284],[],[0.0],[],[7.112321394069959]
102,0,917,True,False,,0.0,2,2,,0,2,30.41917308070179,"[13.781040873259014, 16.638132207442776]",13.8634775014737,"[6.374605940571016, 7.488871560902683]",26.49658709057411,0.0,[],12.333668965323904,0.0,0.0,0.0,"[6.871990879608818, 5.461678085715086]",[],"[0.0, 0.0]",[],"[15.05638687079184, 11.44020021978227]"
102,0,918,True,True,1.0,3.99,3,3,True,1,4,42.12056769258288,"[20.509912115919377, 11.983299762699467, 9.627355813964034]",19.42702140010732,"[8.998865725208557, 5.6734869074527925, 4.754668767445973]",23.48995541071083,13.365104970026483,[13.365104970026483],12.161082610177225,6.212390938310328,9.161082610177225,5.212390938310328,"[2.6229464026133877, 2.863494804200264, 6.674641403363573]",[6.212390938310328],"[1.6229464026133875, 1.8634948042002637, 5.674641403363573]",[5.212390938310328],"[4.161401032342019, 4.778191805641701, 14.55036257272711]"
102,0,919,True,True,1.0,3.99,3,3,True,1,4,26.687366634208978,"[9.928968716473841, 5.771651105816077, 10.986746811919058]",13.4080729873415,"[4.872297799424798, 3.25094393126827, 5.284831256648433]",24.7752174308088,6.238512016293086,[6.238512016293086],12.662334798015435,3.4330196863543034,9.662334798015435,2.4330196863543034,"[6.205903102566037, 4.351228192394581, 2.105203503054817]",[3.4330196863543034],"[5.205903102566037, 3.3512281923945806, 1.1052035030548166]",[2.4330196863543034],"[13.348469493759069, 8.592892801011745, 2.8338551360379913]"
102,0,920,True,True,1.0,3.99,3,3,True,2,5,11.816957783445767,"[6.816957783445767, 2.5, 2.5]",7.608613535543849,"[3.658613535543849, 1.975, 1.975]",18.994469462734706,19.400179831419187,"[9.494037230866018, 9.906142600553167]",10.407843090466535,9.566070134253483,7.407843090466536,7.566070134253483,"[1.975, 2.452214620160554, 5.980628470305982]","[4.702674520037747, 4.863395614215735]","[0.9750000000000001, 1.4522146201605541, 4.980628470305982]","[3.702674520037747, 3.8633956142157353]","[2.5, 3.7236272311809078, 12.7708422315538]"
102,0,921,True,True,1.0,3.99,4,4,True,5,9,48.9229927527751,"[2.5, 23.857979433010623, 14.778068112173365, 7.786945207591116]",23.079967173582293,"[1.975, 10.304611978874144, 6.763446563747612, 4.036908630960536]",27.974643683956383,49.83038155050955,"[20.759970359251724, 6.588081912154244, 6.203023963548288, 10.280130623552225, 5.999174692003068]",14.91011103674299,24.433848804698727,10.91011103674299,19.433848804698727,"[2.0453659647048386, 6.012777334919989, 4.3168448566196105, 2.5351228804985526]","[9.096388440108173, 3.5693519457401552, 3.4191793457838324, 5.009250943185368, 3.3396781298811966]","[1.0453659647048386, 5.012777334919989, 3.31684485661961, 1.5351228804985526]","[8.096388440108173, 2.5693519457401552, 2.4191793457838324, 4.009250943185368, 2.3396781298811966]","[2.680425550525227, 12.853275217743562, 8.504730401588743, 3.9362125140988526]"
102,0,922,True,False,,0.0,1,1,,0,1,7.9466164903913565,[7.9466164903913565],4.099180431252629,[4.099180431252629],23.090280900826755,0.0,[],10.005209551322436,0.0,0.0,0.0,[10.005209551322436],[],[0.0],[],[23.090280900826755]
102,0,923,True,False,,0.0,1,1,,0,1,10.49109910621228,[10.49109910621228],5.09152865142279,[5.09152865142279],2.651986834996879,0.0,[],2.034274865648783,0.0,0.0,0.0,[2.034274865648783],[],[0.0],[],[2.651986834996879]
102,0,924,True,True,1.0,3.99,5,5,True,1,6,34.95352338885786,"[3.961781912462668, 9.410725310836318, 5.196037965644153, 7.9162896879398055, 8.468688511974918]",18.631874121654565,"[2.5450949458604404, 4.670182871226164, 3.02645480660122, 4.087352978296524, 4.302788519670218]",42.94850357242622,14.01129430877947,[14.01129430877947],21.749916393246227,6.464404780423994,16.749916393246227,5.464404780423994,"[3.2453424119568215, 6.71119540746432, 1.975, 6.533380446193704, 3.2849981276313813]",[6.464404780423994],"[2.2453424119568215, 5.71119540746432, 0.9750000000000001, 5.533380446193704, 2.2849981276313813]",[5.464404780423994],"[5.757288235786722, 14.64409078837005, 2.5, 14.188154990240267, 5.858969558029183]"
102,0,925,True,True,1.0,3.99,3,3,True,1,4,33.52033473155059,"[19.51982059159133, 6.620467425723543, 7.380046714235721]",16.072930545304732,"[8.61273003072062, 3.581982296032182, 3.8782182185519316]",28.162684406713662,5.372736536878553,[5.372736536878553],13.983446918618329,3.095367249382636,10.983446918618329,2.095367249382636,"[6.217843289270145, 2.8528232686203316, 4.912780360727853]",[3.095367249382636],"[5.217843289270145, 1.8528232686203316, 3.912780360727852]",[2.095367249382636],"[13.379085357102936, 4.750828893898286, 10.032770155712441]"
102,0,926,True,True,1.0,3.99,4,4,True,5,9,30.969134743451036,"[9.61733608245683, 11.369848102151579, 6.852784122743606, 3.1291664360990197]",16.077962549945905,"[4.750761072158165, 5.434240759839116, 3.6725858078700067, 2.2203749100786174]",31.50770366919059,45.70693577499912,"[4.016078701278172, 5.420832247823049, 13.538015632901217, 17.838819772377832, 4.893189420618843]",16.28800443098433,22.82570495224966,12.288004430984332,17.825704952249655,"[1.975, 5.137253302228737, 3.567796597953103, 5.607954530802491]","[2.5662706934984874, 3.114124576650989, 6.279826096831475, 7.957139711227355, 2.908343874041349]","[0.9750000000000001, 4.137253302228737, 2.567796597953103, 4.607954530802491]","[1.5662706934984871, 2.114124576650989, 5.279826096831475, 6.957139711227355, 1.908343874041349]","[2.5, 10.608341800586505, 6.584093840905393, 11.815268027698695]"
102,0,927,True,True,1.0,3.99,4,2,,0,4,35.38124566152784,"[14.19682521500333, 21.18442044652451]",15.798685807995856,"[6.5367618338512985, 9.261923974144558]",16.331899767887332,0.0,[],8.36944090947606,0.0,6.36944090947606,0.0,"[5.020898649904475, 3.3485422595715852]",[],"[4.020898649904475, 2.3485422595715852]",[],"[10.309996538216602, 6.021903229670731]"
102,0,928,True,True,1.0,3.99,5,5,True,4,9,72.90841278336488,"[19.17340038059598, 12.773943488700219, 8.392076797077719, 13.670063958446185, 18.898928158544777]",33.4342809855123,"[8.477626148432432, 5.981837960593086, 4.27290995086031, 6.331324943794012, 8.370581981832462]",34.94456651221475,61.275615119572876,"[12.00582532340439, 26.644062442632414, 9.319066705199274, 13.306660648336795]",18.628380939763755,27.89748989663342,13.628380939763755,23.89748989663342,"[5.469587307433404, 2.8502078560608903, 2.608057694130644, 2.1475063633939584, 5.553021718744858]","[5.682271876127712, 11.391184352626642, 4.634436015027717, 6.18959765285135]","[4.469587307433404, 1.8502078560608903, 1.608057694130644, 1.1475063633939582, 4.553021718744858]","[4.682271876127712, 10.391184352626642, 3.6344360150277173, 5.18959765285135]","[11.460480275470266, 4.744122707848437, 4.1232248567452405, 2.9423240087024567, 11.674414663448353]"
102,0,929,True,True,1.0,3.99,5,5,True,0,5,56.902920999528035,"[10.867301471260175, 2.8400050687183844, 7.299185127805275, 11.899036315157412, 23.99739301658679]",27.192139189815936,"[5.238247573791469, 2.10760197680017, 3.8466821998440572, 5.640624162911391, 10.358983276468848]",41.968441044492046,0.0,[],21.3676920073519,0.0,16.3676920073519,0.0,"[3.05711650267252, 3.8427329019485974, 5.087644430154776, 5.760063450601059, 3.6201347219749462]",[],"[2.05711650267252, 2.8427329019485974, 4.087644430154776, 4.760063450601059, 2.6201347219749462]",[],"[5.274657699160308, 7.289058722945121, 10.481139564499424, 12.205290898977076, 6.718294158910118]"
102,0,930,True,True,1.0,3.99,3,3,True,2,5,33.17216086687495,"[14.762663030523434, 15.405889302176844, 3.0036085341746706]",15.937142738081231,"[6.75743858190414, 7.0082968278489695, 2.1714073283281214]",36.74569369447946,20.932940950395412,"[11.71093032773022, 9.222010622665193]",17.33082054084699,10.163846970654212,14.330820540846993,8.163846970654212,"[8.355055879914076, 2.6141629671090962, 6.361601693823819]","[5.567262827814786, 4.596584142839426]","[7.355055879914076, 1.6141629671090965, 5.361601693823819]","[4.567262827814786, 3.5965841428394256]","[18.859117640805323, 4.138879402843837, 13.747696650830305]"
102,0,931,True,False,,0.0,1,1,,0,1,5.334100917283547,[5.334100917283547],3.0802993577405835,[3.0802993577405835],2.5,0.0,[],1.975,0.0,0.0,0.0,[1.975],[],[0.0],[],[2.5]
102,0,932,True,True,1.0,3.99,3,4,,0,3,16.638905621704836,"[2.5, 2.5, 8.896126632822776, 2.7427789888820593]",10.489173192464886,"[1.975, 1.975, 4.469489386800882, 2.0696838056640035]",35.825305709803644,0.0,[],17.971869226823422,0.0,13.97186922682342,0.0,"[5.004252946103083, 4.542911408318238, 3.7917140204191244, 4.632990851982974]",[],"[4.004252946103083, 3.542911408318238, 2.7917140204191244, 3.632990851982975]",[],"[10.267315246418162, 9.08438822645702, 7.158241077997755, 9.315361158930704]"
102,0,933,True,False,,0.0,2,2,,0,2,21.957678531598077,"[18.53141661666843, 3.426261914929648]",10.563494627323252,"[8.227252480500688, 2.3362421468225625]",28.655724055475,0.0,[],13.17573238163525,0.0,0.0,0.0,"[7.000433841915557, 6.175298539719694]",[],"[0.0, 0.0]",[],"[15.38572779978348, 13.269996255691522]"
102,0,934,True,True,1.0,3.99,4,4,True,1,5,31.6828657310321,"[11.870723753365368, 6.4984832229092895, 8.822113887776512, 4.491544866980926]",16.356317635102517,"[5.629582263812494, 3.534408456934623, 4.44062441623284, 2.7517024981225613]",35.271297527675884,6.95253164436373,[6.95253164436373],17.755806035793597,3.7114873413018548,13.755806035793597,2.7114873413018548,"[5.927685702584791, 3.801411870419924, 2.4651491133341805, 5.561559349454701]",[3.7114873413018548],"[4.927685702584791, 2.801411870419924, 1.4651491133341807, 4.561559349454701]",[2.7114873413018548],"[12.635091545089207, 7.183107360051086, 3.756792598292771, 11.696306024242821]"
102,0,935,True,False,,0.0,2,2,,0,2,16.81708184607664,"[11.288497991619074, 5.528583854457566]",8.55866191996989,"[5.402514216731439, 3.156147703238451]",32.77526000846344,0.0,[],14.78235140330074,0.0,0.0,0.0,"[9.501191416153775, 5.2811599871469666]",[],"[0.0, 0.0]",[],"[21.797926708086603, 10.977333300376836]"
102,0,936,True,True,1.0,3.99,5,5,True,1,6,69.06110129943968,"[24.330326393396817, 4.581134530239835, 25.77002413254333, 8.10057502859672, 6.279041214662986]",31.93382950678148,"[10.488827293424759, 2.786642466793536, 11.050309411691899, 4.159224261152721, 3.448826073718565]",60.69586868819323,4.1310356528899765,[4.1310356528899765],28.671388788395358,2.611103904627091,23.671388788395358,1.611103904627091,"[5.95190448341684, 4.2212579606644285, 4.54264977666017, 5.094041169457424, 8.861535398196498]",[2.611103904627091],"[4.95190448341684, 3.2212579606644285, 3.54264977666017, 4.094041169457424, 7.861535398196497]",[1.611103904627091],"[12.697190983120102, 8.259635796575457, 9.083717376051718, 10.49754146014724, 20.15778307229871]"
102,0,937,True,True,1.0,3.99,5,5,True,1,6,39.49751098415858,"[7.822746012068203, 7.87815146220933, 11.446971545229122, 9.108460329001245, 3.2411816356506806]",20.40402928382185,"[4.050870944706599, 4.072479070261639, 5.4643189026393575, 4.552299528310486, 2.2640608379037657]",55.04444410483706,16.76568038043337,[16.76568038043337],26.467333200886454,7.538615348369015,21.467333200886454,6.538615348369015,"[3.6556719629828387, 10.67839030430418, 4.176320479914084, 3.8079374534428956, 4.149013000242455]",[7.538615348369015],"[2.6556719629828387, 9.67839030430418, 3.176320479914084, 2.8079374534428956, 3.149013000242455]",[6.538615348369015],"[6.8094152896995865, 24.816385395651743, 8.14441148695919, 7.199839624212553, 8.074392308313987]"
102,0,938,True,True,1.0,3.99,4,4,True,0,4,19.092790017184427,"[3.9121724880000386, 3.309981940129424, 8.066785841767567, 3.8038497472873964]",11.446188106701925,"[2.5257472703200152, 2.2908929566504757, 4.146046478289351, 2.4835014014420844]",43.1175351099979,0.0,[],20.815838692899185,0.0,16.815838692899185,0.0,"[5.747339299653389, 6.121745160009694, 4.718401840712039, 4.2283523925240605]",[],"[4.747339299653389, 5.121745160009694, 3.7184018407120383, 3.2283523925240605]",[],"[12.172664870906125, 13.132679897460754, 9.53436369413343, 8.27782664749759]"
102,0,939,True,True,1.0,3.99,4,4,True,1,5,40.29883874526726,"[9.125852118251881, 11.108315490005051, 4.042408713142001, 16.022262423868323]",19.716547110654233,"[4.559082326118234, 5.33224304110197, 2.57653939812538, 7.248682345308646]",59.60442097529053,4.392489519976827,[4.392489519976827],27.245724180363304,2.713070912790963,23.24572418036331,1.7130709127909627,"[2.0098218678200324, 6.870122007950714, 8.712225906130689, 9.653554398461873]",[2.713070912790963],"[1.0098218678200324, 5.870122007950714, 7.712225906130689, 8.653554398461873]",[1.7130709127909627],"[2.5892868405641853, 15.051594892181317, 19.77493822084792, 22.18860102169711]"
102,0,940,True,False,,0.0,2,2,,0,2,13.761109053104684,"[8.310886406779304, 5.450222646325381]",7.366832530710827,"[4.241245698643929, 3.1255868320668987]",19.18086894407888,0.0,[],9.480538888190765,0.0,0.0,0.0,"[3.2425725441952835, 6.23796634399548]",[],"[0.0, 0.0]",[],"[5.750186010757137, 13.430682933321743]"
102,0,941,True,False,,0.0,2,2,,0,2,20.08057913822237,"[17.285428138068813, 2.795151000153554]",9.831425863906723,"[7.741316973846837, 2.090108890059886]",9.227879700549064,0.0,[],5.598873083214135,0.0,0.0,0.0,"[2.7071775039913457, 2.891695579222789]",[],"[0.0, 0.0]",[],"[4.377378215362425, 4.850501485186639]"
102,0,942,True,True,1.0,3.99,5,5,True,3,8,60.24565882789096,"[9.788870631697748, 5.292885201671951, 17.879821386879936, 13.870615390162278, 13.413466217479044]",28.495806942877472,"[4.817659546362122, 3.064225228652061, 7.973130340883175, 6.409540002163289, 6.231251824816828]",71.44896779064291,28.210746506481495,"[3.752353334698304, 18.958800381908283, 5.499592789874906]",32.86509743835074,14.002191137527783,27.865097438350737,11.002191137527783,"[3.455437820122474, 10.845216612892465, 5.348274954602773, 8.010107421053263, 5.206060629679765]","[2.463417800532339, 8.39393214894423, 3.1448411880512133]","[2.455437820122474, 9.845216612892465, 4.348274954602773, 7.010107421053264, 4.206060629679765]","[1.4634178005323386, 7.393932148944231, 2.1448411880512133]","[6.2959944105704455, 25.24414516126273, 11.14942296051993, 17.974634412957087, 10.78477084533273]"
102,0,943,True,False,,0.0,1,1,,0,1,8.188373259599443,[8.188373259599443],4.193465571243783,[4.193465571243783],12.659983752034229,0.0,[],5.937393663293349,0.0,0.0,0.0,[5.937393663293349],[],[0.0],[],[12.659983752034229]
102,0,944,True,True,1.0,3.99,4,4,True,2,6,61.96236535681324,"[20.69921298940358, 22.59821268944569, 8.410713611181874, 10.254226066782095]",28.165322489157163,"[9.072693065867396, 9.813302948883818, 4.280178308360931, 4.999148166045018]",40.43838669328055,8.110062102923944,"[2.6022423294843655, 5.507819773439579]",19.770970810379417,5.162924220140338,15.770970810379415,3.1629242201403382,"[4.288200347551979, 4.8249666787980585, 5.910242385889467, 4.74756139813991]","[2.0148745084989024, 3.148049711641436]","[3.288200347551979, 3.8249666787980585, 4.910242385889467, 3.7475613981399096]","[1.0148745084989026, 2.148049711641436]","[8.431282942440971, 9.80760686871297, 12.590365092024275, 9.609131790102332]"
102,0,945,True,True,1.0,3.99,4,4,True,3,7,37.02228035634222,"[12.855606659981062, 14.467690360998626, 5.2722476205582245, 4.4267357148043125]",18.438689338973468,"[6.013686597392614, 6.642399240789464, 3.0561765720177076, 2.726426928773682]",46.57039767971507,34.68934593076263,"[16.932046951640704, 11.667033877005414, 6.090265102116515]",22.16245509508888,16.528844912997428,18.16245509508888,13.528844912997426,"[7.175153300481191, 3.057865661010365, 3.465144393610288, 8.464291739987036]","[7.603498311139875, 5.550143212032111, 3.3752033898254408]","[6.175153300481191, 2.057865661010365, 2.465144393610288, 7.464291739987035]","[6.603498311139875, 4.550143212032111, 2.3752033898254408]","[15.833726411490233, 5.276578617975296, 6.3208830605392, 19.139209589710347]"
102,0,946,True,True,1.0,3.99,4,4,True,3,7,27.198063329948532,"[2.5, 15.188427128477239, 6.8874377858408655, 2.6221984156304283]",14.607244698679928,"[1.975, 6.923486580106124, 3.6861007364779375, 2.022657382095867]",36.05582711437146,26.457746410552087,"[6.014893422357437, 14.025381709615564, 6.417471278579086]",18.06177257460487,13.318521100115316,14.06177257460487,10.318521100115316,"[2.040435751249646, 7.199395693815371, 5.0290734303091105, 3.7928676992307415]","[3.3458084347194004, 6.4698988667500705, 3.5028137986458434]","[1.0404357512496463, 6.199395693815371, 4.0290734303091105, 2.7928676992307415]","[2.3458084347194004, 5.4698988667500705, 2.5028137986458434]","[2.6677839775631957, 15.895886394398389, 10.330957513613104, 7.1611992287967725]"
102,0,947,True,True,1.0,3.99,4,4,True,3,7,43.617677153863696,"[10.055932006647438, 8.442863970229235, 9.351238940398414, 15.767642236588612]",21.010894090006843,"[4.921813482592501, 4.292716948389401, 4.6469831867553815, 7.149380472269559]",74.79953490871054,20.616719642915214,"[8.86436948249188, 3.7943959628821395, 7.957954197541196]",33.17181861439711,11.040520660736934,29.171818614397115,8.040520660736934,"[3.8836145611886526, 8.421393982739875, 9.148881226137808, 11.717928844330775]","[4.457104098171833, 2.4798144255240344, 4.103602137041067]","[2.8836145611886526, 7.421393982739876, 8.148881226137808, 10.717928844330775]","[3.457104098171833, 1.4798144255240344, 3.1036021370410665]","[7.393883490227314, 19.029215340358657, 20.8945672465072, 27.48186883161737]"
102,0,948,True,True,1.0,3.99,4,4,True,2,6,43.28441172314584,"[5.484881096535953, 15.922275191072757, 10.539734498776781, 11.337520936760349]",20.880920572026877,"[3.1391036276490216, 7.2096873245183755, 5.110496454522945, 5.421633165336536]",48.06296690197557,16.67909335061254,"[5.468812572990861, 11.210280777621678]",22.744557091770474,8.50484640673889,18.744557091770474,6.50484640673889,"[6.037119462774894, 6.508020733044293, 2.738170091406738, 7.461246804544549]","[3.1328369034664356, 5.372009503272455]","[5.037119462774894, 5.508020733044293, 1.738170091406738, 6.461246804544549]","[2.1328369034664356, 4.372009503272455]","[12.915690930192035, 14.123130084728956, 4.456846388222405, 16.567299498832178]"
102,0,949,True,True,1.0,3.99,10,3,,0,10,25.537973925780104,"[9.036237737414844, 3.9313047375517716, 12.570431450813489]",12.95980983105424,"[4.524132717591789, 2.533208847645191, 5.9024682658172605]",59.22624550188152,0.0,[],26.098235745733795,0.0,23.098235745733795,0.0,"[6.038070121948312, 15.497984614405457, 4.562181009380026]",[],"[5.038070121948312, 14.497984614405457, 3.562181009380026]",[],"[12.918128517816184, 37.174319524116555, 9.133797459948784]"
102,0,950,True,False,,0.0,1,1,,0,1,2.5,[2.5],1.975,[1.975],7.730130994028056,0.0,[],4.014751087670942,0.0,0.0,0.0,[4.014751087670942],[],[0.0],[],[7.730130994028056]
102,0,951,True,False,,0.0,2,2,,0,2,15.528554361011855,"[2.5, 13.028554361011855]",8.056136200794624,"[1.975, 6.0811362007946235]",17.04052009221516,0.0,[],8.645802835963913,0.0,0.0,0.0,"[5.036607584656166, 3.6091952513077463]",[],"[0.0, 0.0]",[],"[10.350275858092733, 6.690244234122426]"
102,0,952,True,True,1.0,3.99,3,3,True,1,4,20.379707910606104,"[10.796186077429079, 6.260514209557142, 3.323007623619884]",10.948086085136381,"[5.2105125701973405, 3.4416005417272855, 2.2959729732117546]",39.12866110724744,8.985343233745263,[8.985343233745263],18.2601778318265,4.504283861160653,15.2601778318265,3.504283861160653,"[8.030945544504572, 7.495699861928747, 2.733532425393181]",[4.504283861160653],"[7.030945544504572, 6.495699861928747, 1.733532425393181]",[3.504283861160653],"[18.02806549872967, 16.655640671612172, 4.444954936905592]"
102,0,953,True,True,1.0,3.99,5,5,True,2,7,42.281116502671566,"[7.6854902321338585, 7.6983111214827735, 6.907664403907306, 4.505700091856424, 15.483950653291203]",21.489635436041908,"[3.9973411905322047, 4.002341337378281, 3.6939891175238495, 2.7572230358240053, 7.03874075478357]",50.13912790873679,16.208759812763326,"[9.853335784355039, 6.355424028408288]",24.554259884407347,8.321416326977698,19.554259884407347,6.3214163269776975,"[3.207049665089553, 4.745072423821865, 10.947110612382454, 3.55852775714851, 2.0964994259649634]","[4.842800955898465, 3.4786153710792327]","[2.207049665089553, 3.745072423821865, 9.947110612382454, 2.55852775714851, 1.0964994259649636]","[3.8428009558984653, 2.4786153710792327]","[5.659101705357828, 9.602749804671449, 25.50541182662168, 6.560327582432077, 2.811536989653753]"
102,0,954,True,True,1.0,3.99,3,3,True,1,4,32.831462317341845,"[8.831740377194418, 20.193362054350793, 3.806359885796631]",15.804270303763317,"[4.444378747105823, 8.875411201196808, 2.4844803554606862]",45.88114969652777,7.628085592679694,[7.628085592679694],20.893648381645832,3.974953381145081,17.893648381645832,2.974953381145081,"[12.415503359300427, 2.5694238605395547, 5.908721161805852]",[3.974953381145081],"[11.415503359300427, 1.569423860539555, 4.908721161805852]",[2.974953381145081],"[29.270521434103657, 4.024163744973218, 12.586464517450903]"
102,0,955,True,True,1.0,3.99,3,2,,3,6,19.25980397513495,"[10.778990224684271, 8.480813750450677]",9.511323550302631,"[5.203806187626866, 4.307517362675764]",12.58207035043026,18.475603612109538,"[7.131825862912611, 5.052987535649735, 6.290790213547194]",6.907007436667802,10.205485408722721,4.9070074366678025,7.205485408722721,"[2.387109930705999, 4.5198975059618025]","[3.7814120865359184, 2.9706651389033967, 3.4534081832834054]","[1.387109930705999, 3.519897505961803]","[2.7814120865359184, 1.9706651389033967, 2.4534081832834054]","[3.5566921300153824, 9.02537822041488]"
102,0,956,True,False,,0.0,2,2,,0,2,15.040927336872564,"[2.5, 12.540927336872564]",7.8659616613803,"[1.975, 5.8909616613803]",21.01338026474466,0.0,[],10.195218303250417,0.0,0.0,0.0,"[3.2156297363219832, 6.9795885669284345]",[],"[0.0, 0.0]",[],"[5.681101888005085, 15.332278376739575]"
102,0,957,True,True,1.0,3.99,3,3,True,1,4,37.42340834189085,"[11.763100860465643, 17.280473688940884, 8.379833792484316]",17.59512925333743,"[5.587609335581601, 7.739384738686945, 4.268135179068883]",22.268042104598685,2.9350821976412567,[2.9350821976412567],11.684536420793487,2.1446820570800904,8.684536420793487,1.1446820570800902,"[3.1737299061341786, 2.273618285671326, 6.237188228987982]",[2.1446820570800904],"[2.1737299061341786, 1.273618285671326, 5.237188228987982]",[1.1446820570800902],"[5.573666425985073, 3.2656879119777593, 13.42868776663585]"
102,0,958,True,False,,0.0,2,2,,0,2,15.367949075214552,"[3.1384427765336036, 12.229506298680949]",7.993500139333675,"[2.223992682848105, 5.76950745648557]",20.363156295971656,0.0,[],9.941630955428948,0.0,0.0,0.0,"[4.486680812113658, 5.45495014331529]",[],"[0.0, 0.0]",[],"[8.94020721054784, 11.422949085423818]"
102,0,959,True,True,1.0,3.99,5,5,True,0,5,58.421124684977364,"[11.033541257152498, 6.680233749669002, 20.06991729137937, 2.5, 18.137432386776496]",27.784238627141175,"[5.303081090289474, 3.6052911623709107, 8.827267743637954, 1.975, 8.073598630842834]",53.08288668533453,0.0,[],25.70232580728047,0.0,20.70232580728047,0.0,"[7.393494291945919, 3.1827019146413247, 2.7336651108639263, 4.663494579366271, 7.72896991046303]",[],"[6.393494291945919, 2.1827019146413247, 1.733665110863926, 3.6634945793662714, 6.72896991046303]",[],"[16.393575107553637, 5.596671576003397, 4.4452951560613485, 9.3935758445289, 17.253769001187255]"
102,0,960,True,False,,0.0,2,2,,0,2,15.16034209490431,"[11.25349770536465, 3.90684438953966]",7.912533417012681,"[5.388864105092214, 2.523669311920467]",13.76284290780885,0.0,[],7.367508734045451,0.0,0.0,0.0,"[5.392508734045451, 1.975]",[],"[0.0, 0.0]",[],"[11.26284290780885, 2.5]"
102,0,961,True,True,1.0,3.99,3,3,True,3,6,47.506953970962144,"[22.466430774236898, 17.03690626667231, 8.003616930052933]",21.527712048675234,"[9.76190800195239, 7.644393444002201, 4.121410602720644]",14.421088903363724,46.02816422180463,"[11.531689407898716, 9.256709721256657, 25.239765092649254]",8.624224672311852,20.950984046503805,5.624224672311852,17.950984046503805,"[4.674224672311853, 1.975, 1.975]","[5.497358869080499, 4.610116791290096, 10.843508386133209]","[3.6742246723118526, 0.9750000000000001, 0.9750000000000001]","[4.497358869080499, 3.610116791290096, 9.843508386133209]","[9.421088903363724, 2.5, 2.5]"
102,0,962,True,True,1.0,3.99,4,4,True,3,7,32.16368826569109,"[2.653408669771561, 7.705642842663429, 15.856482287714043, 5.948154465542062]",16.543838423619526,"[2.034829381210909, 4.005200708638737, 7.184028092208477, 3.3197802415614044]",21.925009061672366,50.72373140836102,"[2.214935825550626, 26.59293442136889, 21.915861161441505]",12.550753534052223,22.7822552492608,8.550753534052223,19.7822552492608,"[3.5048315105629695, 2.005859522992448, 4.082679535382022, 2.957382965114783]","[1.8638249719647444, 11.371244424333868, 9.547185852962187]","[2.5048315105629695, 1.005859522992448, 3.0826795353820224, 1.9573829651147832]","[0.8638249719647443, 10.371244424333868, 8.547185852962187]","[6.422644898879409, 2.579126982031918, 7.904306500979544, 5.018930679781495]"
102,0,963,True,True,1.0,3.99,3,4,,5,8,34.23580647074927,"[4.314737957371278, 5.989312265784758, 12.786137462266266, 11.145618785326965]",17.351964523592216,"[2.6827478033747987, 3.3358317836560554, 5.986593610283844, 5.346791326277517]",34.097713344310876,68.59367969683231,"[9.109753663035937, 24.135969491172613, 11.112684009109051, 7.406727241178287, 16.828545292336422]",17.298108204281245,31.7515350817646,13.298108204281245,26.7515350817646,"[4.806159457678671, 5.207196442801317, 3.9134480951463058, 3.3713042086549505]","[4.552803928584016, 10.41302810155732, 5.33394676355253, 3.888623624059532, 7.563132664011205]","[3.8061594576786706, 4.207196442801317, 2.9134480951463058, 2.3713042086549505]","[3.5528039285840154, 9.41302810155732, 4.33394676355253, 2.888623624059532, 6.563132664011205]","[9.759383224817103, 10.787683186670042, 7.470379731144374, 6.08026720167936]"
102,0,964,True,True,1.0,3.99,6,6,True,1,7,64.1343416925028,"[14.744163865491885, 13.832554145923044, 9.7240248520825, 5.430682082670266, 17.12917041803072, 3.2737463283043855]",31.012393260076095,"[6.7502239075418355, 6.394696116909987, 4.7923696923121755, 3.117966012241404, 7.6803764630319815, 2.2767610680387103]",65.5535817623075,9.705153596025111,[9.705153596025111],31.565896887299928,4.785009902449794,25.565896887299928,3.7850099024497936,"[3.221370649874566, 4.0062499579727255, 8.25355274328152, 11.103562134372103, 1.975, 3.0061614017990106]",[4.785009902449794],"[2.221370649874566, 3.0062499579727255, 7.253552743281522, 10.103562134372103, 0.9750000000000001, 2.0061614017990106]",[3.7850099024497936],"[5.695822179165553, 7.70833322557109, 18.598853187901337, 25.906569575313082, 2.5, 5.1440035943564375]"
102,0,965,True,False,,0.0,1,1,,0,1,3.9785358794028336,[3.9785358794028336],2.551628992967105,[2.551628992967105],10.542890471016934,0.0,[],5.111727283696604,0.0,0.0,0.0,[5.111727283696604],[],[0.0],[],[10.542890471016934]
102,0,966,True,True,1.0,3.99,5,5,True,2,7,41.788179765551966,"[15.224723080708324, 2.5, 2.675801962257047, 14.640670698988732, 6.746984023597868]",21.297390108565274,"[6.937642001476247, 1.975, 2.0435627652802486, 6.709861572605606, 3.631323769203169]",51.28701886107815,21.53338936742569,"[14.725608583070628, 6.8077807843550655]",25.00193735582048,10.39802185329602,20.00193735582048,8.39802185329602,"[5.0219038576631565, 3.344672430305305, 5.233738663311538, 4.1318405654800445, 7.2697818390604345]","[6.742987347397545, 3.6550345058984757]","[4.0219038576631565, 2.344672430305305, 4.233738663311538, 3.1318405654800445, 6.2697818390604345]","[5.742987347397545, 2.6550345058984757]","[10.312573994008094, 6.011980590526422, 10.855740162337277, 8.030360424307807, 16.07636368989855]"
102,0,967,True,True,1.0,3.99,4,4,True,3,7,18.931708720153978,"[2.5, 6.242268608749978, 4.904694626283806, 5.284745485120194]",11.383366400860051,"[1.975, 3.4344847574124913, 2.9128309042506846, 3.0610507391968755]",59.75903460363784,26.8723899600127,"[12.750005099406089, 11.791306788313957, 2.331078072292654]",27.30602349541876,13.480232084404955,23.30602349541876,10.480232084404955,"[4.468257050929463, 6.845639370849251, 6.460641450348803, 9.531485623291243]","[5.972501988768375, 5.598609647442443, 1.909120448194135]","[3.4682570509294623, 5.845639370849251, 5.460641450348803, 8.531485623291243]","[4.972501988768375, 4.598609647442443, 0.9091204481941351]","[8.892966797255031, 14.988818899613463, 14.00164474448411, 21.87560416228524]"
102,0,968,True,True,1.0,3.99,5,5,True,3,8,52.217665091125525,"[2.5, 22.022053309556863, 10.445188534335855, 8.253636444492082, 8.996786802740719]",25.36488938553895,"[1.975, 9.588600790727178, 5.073623528390984, 4.2189182133519125, 4.50874685306888]",52.091893792123855,22.744872507854716,"[12.346473110407242, 3.7060121759531555, 6.69238722149432]",25.315838578928304,11.87050027806334,20.315838578928304,8.87050027806334,"[5.175667617138655, 2.6400920283402054, 9.054007914128654, 4.861394342916107, 3.5846766764046833]","[5.815124513058825, 2.445344748621731, 3.6100310163827847]","[4.175667617138655, 1.6400920283402054, 8.054007914128654, 3.861394342916107, 2.5846766764046833]","[4.815124513058825, 1.4453447486217308, 2.6100310163827847]","[10.706840043945268, 4.205364175231296, 20.651302343919625, 9.901011135682324, 6.627376093345342]"
102,0,969,True,False,,0.0,2,2,,0,2,20.455749890257106,"[7.519860609634169, 12.935889280622938]",9.977742457200272,"[3.932745637757326, 6.044996819442946]",19.376672322208698,0.0,[],9.556902205661393,0.0,0.0,0.0,"[5.699943153893289, 3.856959051768103]",[],"[0.0, 0.0]",[],"[12.051136292034075, 7.325536030174622]"
102,0,970,True,True,1.0,3.99,4,4,True,2,6,25.35908322538732,"[3.1439305503764436, 9.648362536338801, 4.14330466996861, 8.423485468703465]",13.890042457901053,"[2.226132914646813, 4.762861389172133, 2.615888821287758, 4.285159332794351]",54.76467399128852,37.11094918774472,"[17.991355819032417, 19.119593368712305]",25.358222856602524,16.473270183220443,21.358222856602524,14.473270183220443,"[5.11074724008748, 7.976232618014792, 8.591309003774882, 3.6799339947253706]","[8.016628769422642, 8.456641413797799]","[4.11074724008748, 6.976232618014792, 7.591309003774882, 2.6799339947253706]","[7.016628769422643, 7.456641413797799]","[10.540377538685846, 17.88777594362767, 19.464894881474056, 6.871625627500951]"
102,0,971,True,False,,0.0,2,2,,0,2,14.794289966894173,"[4.965207139427012, 9.829082827467161]",7.769773087088728,"[2.936430784376535, 4.833342302712193]",22.08248033325395,0.0,[],10.61216732996904,0.0,0.0,0.0,"[5.029375998684232, 5.582791331284809]",[],"[0.0, 0.0]",[],"[10.331733329959569, 11.750747003294382]"
102,0,972,True,True,1.0,3.99,5,5,True,1,6,47.797074321913776,"[17.114790718237185, 10.42264794418821, 7.007760343422717, 8.996484094502817, 4.255391221562844]",23.64085898554637,"[7.674768380112503, 5.064832698233402, 3.7330265339348596, 4.508628796856099, 2.659602576409509]",44.60206034328772,7.005379123607528,[7.005379123607528],22.39480353388221,3.732097858206936,17.39480353388221,2.732097858206936,"[4.100435624898566, 5.030469401286819, 4.160735208748886, 4.044052540953993, 5.059110757993947]",[3.732097858206936],"[3.1004356248985654, 4.030469401286819, 3.1607352087488856, 3.044052540953993, 4.059110757993947]",[2.732097858206936],"[7.949834935637347, 10.334536926376458, 8.10444925320227, 7.805262925523059, 10.407976302548583]"
102,0,973,True,True,1.0,3.99,8,8,True,3,11,74.90729590376401,"[12.131804817009813, 8.793949048501615, 9.119479466788468, 8.923939211268566, 3.0525465600352897, 14.651292673578723, 9.852921824762483, 8.381362301819044]",37.21384540246796,"[5.731403878633827, 4.429640128915629, 4.556596992047503, 4.480336292394741, 2.190493158413763, 6.7140041426957024, 4.842639511657368, 4.268731297709428]",105.19979668819998,19.94921818935894,"[6.178930638139187, 7.479297246642117, 6.290990304577638]",49.027920708398,10.780195093849986,41.027920708398,7.780195093849987,"[10.976374157736656, 5.463262111474365, 4.634493078483206, 8.317809380966253, 3.176331469423122, 5.745968176070736, 2.5445700614698157, 8.169112272773841]","[3.409782948874283, 3.9169259261904257, 3.4534862187852786]","[9.976374157736656, 4.463262111474365, 3.6344930784832057, 7.317809380966253, 2.176331469423122, 4.745968176070736, 1.5445700614698157, 7.169112272773841]","[2.409782948874283, 2.9169259261904257, 2.4534862187852786]","[25.580446558299116, 11.444261824293244, 9.319213021751809, 18.763613797349365, 5.580337101084928, 12.169149169412144, 3.9604360550508093, 18.382339160958566]"
102,0,974,True,False,,0.0,1,1,,0,1,13.000949574597366,[13.000949574597366],6.070370334092972,[6.070370334092972],3.5391487497142786,0.0,[],2.3802680123885684,0.0,0.0,0.0,[2.3802680123885684],[],[0.0],[],[3.5391487497142786]
102,0,975,True,True,1.0,3.99,4,4,True,2,6,52.75705271062026,"[25.361143911059273, 9.147003375490105, 6.4729103999090745, 11.77599502416181]",24.575250557141903,"[10.890846125313116, 4.567331316441141, 3.524435055964539, 5.592638059423106]",34.21632188082855,45.41726692367051,"[30.860359256283896, 14.556907667386618]",17.34436553352314,19.7127341002315,13.344365533523137,17.7127341002315,"[5.716028250779839, 3.7316890599411146, 3.1585952529845565, 4.738052969817627]","[13.03554010995072, 6.677193990280781]","[4.716028250779839, 2.7316890599411146, 2.1585952529845565, 3.738052969817627]","[12.03554010995072, 5.677193990280781]","[12.092380130204715, 7.004330922925934, 5.534859623037324, 9.58475120466058]"
102,0,976,True,False,,0.0,1,1,,0,1,9.495430015343752,[9.495430015343752],4.703217705984063,[4.703217705984063],4.030462370105832,0.0,[],2.571880324341275,0.0,0.0,0.0,[2.571880324341275],[],[0.0],[],[4.030462370105832]
102,0,977,True,True,1.0,3.99,7,7,True,1,8,59.264125652517826,"[11.048948741987957, 3.1099835506069344, 11.50156950578597, 15.74261517779371, 3.2169697906195243, 11.232500818787699, 3.4115380669360302]",30.113009004481953,"[5.3090900093753035, 2.2128935847367046, 5.485612107256528, 7.139619919339546, 2.254618218341615, 5.380675319327203, 2.330499846105052]",62.50314351009754,9.77997388465554,[9.77997388465554],31.37622596893804,4.814189815015661,24.37622596893804,3.8141898150156606,"[1.975, 1.9807816440602832, 3.800906607781868, 6.887119327260839, 2.3443849463000053, 10.355845635931464, 4.032187807603581]",[4.814189815015661],"[0.9750000000000001, 0.9807816440602832, 2.800906607781868, 5.887119327260839, 1.3443849463000053, 9.355845635931464, 3.0321878076035813]",[3.8141898150156606],"[2.5, 2.5148247283597005, 7.181811814825302, 15.09517776220728, 3.4471408879487315, 23.98934778443965, 7.774840532316874]"
102,0,978,True,True,1.0,3.99,3,3,True,2,5,35.323619178036886,"[9.333797519718082, 10.577978664367198, 15.411842993951607]",16.776211479434387,"[4.640181032690052, 5.125411679103207, 7.010618767641127]",26.153874601054248,20.0185357822757,"[9.387383020580394, 10.631152761695304]",13.200011094411156,9.807228955087524,10.200011094411156,7.807228955087522,"[6.273198743831123, 2.7642931366321912, 4.162519213947843]","[4.661079378026354, 5.146149577061169]","[5.273198743831123, 1.7642931366321914, 3.162519213947843]","[3.6610793780263537, 4.146149577061169]","[13.5210224200798, 4.523828555467158, 8.10902362550729]"
102,0,979,True,False,,0.0,1,1,,0,1,13.589896623131754,[13.589896623131754],6.300059683021384,[6.300059683021384],9.006059675175013,0.0,[],4.512363273318256,0.0,0.0,0.0,[4.512363273318256],[],[0.0],[],[9.006059675175013]
102,0,980,True,False,,0.0,1,1,,0,1,10.052516736542438,[10.052516736542438],4.920481527251551,[4.920481527251551],11.387856727737336,0.0,[],5.441264123817561,0.0,0.0,0.0,[5.441264123817561],[],[0.0],[],[11.387856727737336]
102,0,981,True,True,1.0,3.99,5,5,True,2,7,42.48019615942402,"[7.924021653279844, 12.57163492186349, 5.103732453382893, 6.360501995483163, 10.52030513541463]",21.56727650217537,"[4.0903684447791395, 5.902937619526761, 2.9904556568193286, 3.4805957782384334, 5.1029190028117055]",59.27821739793367,21.070925679718385,"[16.982564492314708, 4.088361187403677]",28.118504785194133,10.21766101509017,23.118504785194133,8.21766101509017,"[7.345359241871786, 5.221682109141753, 7.2055538825528345, 5.42657967693059, 2.919329874697169]","[7.623200152002736, 2.594460863087434]","[6.345359241871786, 4.221682109141753, 6.2055538825528345, 4.42657967693059, 1.919329874697169]","[6.623200152002736, 1.5944608630874342]","[16.270151902235348, 10.82482592087629, 15.911676621930344, 11.350204299822025, 4.921358653069664]"
102,0,982,True,False,,0.0,2,2,,0,2,15.3558825423415,"[3.662866768481085, 11.693015773860415]",7.988794191513185,"[2.4285180397076234, 5.560276151805562]",39.984855011557656,0.0,[],17.594093454507487,0.0,0.0,0.0,"[7.410135318058293, 10.183958136449192]",[],"[0.0, 0.0]",[],"[16.436244405277673, 23.54861060627998]"
102,0,983,True,False,,0.0,2,2,,0,2,21.549910550181163,"[14.439646505786435, 7.11026404439473]",10.404465114570655,"[6.63146213725671, 3.773002977313945]",15.682204041706001,0.0,[],8.11605957626534,0.0,0.0,0.0,"[3.4378239282321887, 4.6782356480331515]",[],"[0.0, 0.0]",[],"[6.25083058521074, 9.43137345649526]"
102,0,984,True,False,,0.0,1,1,,0,1,7.5884216850402,[7.5884216850402],3.959484457165678,[3.959484457165678],9.94902697751987,0.0,[],4.880120521232749,0.0,0.0,0.0,[4.880120521232749],[],[0.0],[],[9.94902697751987]
102,0,985,True,False,,0.0,2,2,,0,2,14.162494816816498,"[4.131496549913908, 10.03099826690259]",7.5233729785584345,"[2.611283654466424, 4.91208932409201]",15.531767170610616,0.0,[],8.05738919653814,0.0,0.0,0.0,"[5.181201273446617, 2.876187923091523]",[],"[0.0, 0.0]",[],"[10.721028906273377, 4.810738264337239]"
102,0,986,True,False,,0.0,2,2,,0,2,13.349671141266551,"[9.677499032787507, 3.6721721084790446]",7.206371745093955,"[4.774224622787128, 2.4321471223068274]",26.21720224095131,0.0,[],12.22470887397101,0.0,0.0,0.0,"[7.441530692904008, 4.783178181067003]",[],"[0.0, 0.0]",[],"[16.516745366420533, 9.700456874530776]"
102,0,987,True,False,,0.0,1,1,,0,1,18.284622159026906,[18.284622159026906],8.131002642020494,[8.131002642020494],6.973116488306346,0.0,[],3.719515430439475,0.0,0.0,0.0,[3.719515430439475],[],[0.0],[],[6.973116488306346]
102,0,988,True,True,1.0,3.99,9,9,True,0,9,66.56739473948927,"[10.029396772055295, 2.5, 2.5, 6.477846013213896, 3.4995183467042423, 8.932546906396722, 9.65488265602459, 20.346403452101278, 2.626800592993243]",34.96128394840081,"[4.911464741101565, 1.975, 1.975, 3.5263599451534198, 2.3648121552146546, 4.483693293494722, 4.765404235849591, 8.935097346319498, 2.024452231267365]",67.0020705739926,0.0,[],35.13080752385711,0.0,26.130807523857108,0.0,"[7.000685597410975, 3.7469252981110723, 2.849828648494734, 6.2123574123558845, 2.3218512509176006, 3.0465825212139492, 4.344132608425364, 3.167659203544355, 2.4407849833831747]",[],"[6.000685597410975, 2.7469252981110723, 1.8498286484947342, 5.2123574123558845, 1.3218512509176006, 2.0465825212139492, 3.3441326084253644, 2.167659203544355, 1.4407849833831745]",[],"[15.386373326694807, 7.0433982002848, 4.743150380755728, 13.365019006040729, 3.3893621818400015, 5.247647490292177, 8.574698995962473, 5.558100521908603, 3.6943204702132677]"
102,0,989,True,False,,0.0,1,1,,0,1,5.400287089527428,[5.400287089527428],3.106111964915697,[3.106111964915697],4.777317433821328,0.0,[],2.863153799190318,0.0,0.0,0.0,[2.863153799190318],[],[0.0],[],[4.777317433821328]
102,0,990,True,True,1.0,3.99,3,3,True,0,3,41.68277039115866,"[11.955201069966089, 20.098868123628126, 9.628701197564446]",19.256280452551877,"[5.662528417286775, 8.83855856821497, 4.755193467050134]",33.83759474379002,0.0,[],16.19666195007811,0.0,13.19666195007811,0.0,"[4.293137047788216, 8.212673207501714, 3.6908516947881784]",[],"[3.2931370477882163, 7.212673207501714, 2.6908516947881784]",[],"[8.443941148174913, 18.49403386538901, 6.899619730226099]"
102,0,991,True,True,1.0,3.99,4,4,True,1,5,44.88343644602129,"[20.120671805010687, 5.2431846111859315, 12.875223249040198, 6.644356780784475]",21.504540213948307,"[8.847062003954168, 3.0448419983625135, 6.021337067125677, 3.5912991445059452]",45.326641313017944,15.056285343204134,[15.056285343204134],21.677390112076996,6.871951283849612,17.677390112077,5.871951283849612,"[4.455583552613312, 3.2580941762567788, 10.701588355873143, 3.2621240273337633]",[6.871951283849612],"[3.4555835526133127, 2.2580941762567788, 9.701588355873143, 2.2621240273337633]",[5.871951283849612],"[8.860470647726443, 5.789985067325074, 24.875867579161905, 5.800318018804521]"
102,0,992,True,True,1.0,3.99,3,3,True,1,4,29.670653150352816,"[18.159247497465305, 6.61979393288788, 4.891611719999632]",14.571554728637597,"[8.082106524011468, 3.5817196338262733, 2.9077285707998564]",14.12019281174484,7.5743653443505465,[7.5743653443505465],8.506875196580488,3.9540024842967134,5.506875196580488,2.9540024842967134,"[2.6821013558362106, 3.012460864057985, 2.812312976686292]",[3.9540024842967134],"[1.6821013558362103, 2.012460864057985, 1.8123129766862922]",[2.9540024842967134],"[4.313080399580026, 5.160156061687141, 4.646956350477672]"
102,0,993,True,False,,0.0,2,2,,0,2,18.93325373266581,"[9.960700017299953, 8.972553715365857]",9.383968955739665,"[4.884673006746981, 4.4992959489926845]",27.539131191679086,0.0,[],12.740261164754845,0.0,0.0,0.0,"[9.79192459930169, 2.948336565453153]",[],"[0.0, 0.0]",[],"[22.543396408465874, 4.995734783213213]"
102,0,994,True,True,1.0,3.99,3,3,True,2,5,34.278389682328026,"[12.028067590502722, 8.933418737583978, 13.316903354241326]",16.36857197610793,"[5.690946360296062, 4.484033307657752, 6.193592308154117]",35.38347311776762,28.167432482478674,"[18.849630624902147, 9.317801857576526]",16.799554515929373,12.985298668166683,13.799554515929374,10.985298668166683,"[4.4551427538282, 8.23483082082533, 4.109580941275844]","[8.351355943711837, 4.633942724454846]","[3.4551427538282002, 7.23483082082533, 3.1095809412758437]","[7.351355943711837, 3.6339427244548452]","[8.859340394431282, 18.550848258526486, 7.973284464809855]"
102,0,995,True,True,1.0,3.99,3,3,True,3,6,27.947054224521565,"[6.298822099715621, 19.148232124805943, 2.5]",13.89935114756341,"[3.4565406188890924, 8.467810528674319, 1.975]",28.44417996097007,25.247256927018306,"[4.58176955242784, 8.646884038739321, 12.018603335851143]",14.093230184778328,12.846430201537139,11.093230184778328,9.846430201537139,"[7.672397133620868, 2.3317695820002533, 4.089063469157208]","[2.786890125446858, 4.372284775108335, 5.6872553009819455]","[6.672397133620868, 1.3317695820002533, 3.0890634691572076]","[1.7868901254468577, 3.3722847751083354, 4.6872553009819455]","[17.108710599027866, 3.4147938000006492, 7.920675561941557]"
102,0,996,True,False,,0.0,1,1,,0,1,9.521257248521472,[9.521257248521472],4.713290326923374,[4.713290326923374],4.004884200680373,0.0,[],2.5619048382653453,0.0,0.0,0.0,[2.5619048382653453],[],[0.0],[],[4.004884200680373]
102,0,997,True,False,,0.0,2,2,,0,2,8.476039356966975,"[5.340869509508498, 3.135169847458477]",5.305655349217121,"[3.0829391087083144, 2.222716240508806]",17.050259411714563,0.0,[],8.64960117056868,0.0,0.0,0.0,"[3.9811500158833337, 4.6684511546853455]",[],"[0.0, 0.0]",[],"[7.643974399700856, 9.406285012013706]"
102,0,998,True,False,,0.0,2,2,,0,2,10.084669052409367,"[5.1970115904700815, 4.887657461939285]",5.933020930439653,"[3.026834520283332, 2.9061864101563213]",21.40331147189099,0.0,[],10.347291474037487,0.0,0.0,0.0,"[6.511376026041631, 3.8359154479958555]",[],"[0.0, 0.0]",[],"[14.131733400106747, 7.271578071784244]"
102,0,999,True,True,1.0,3.99,3,3,True,0,3,39.31740116801747,"[19.160676814165488, 9.65852771027804, 10.498196643573943]",18.333786455526813,"[8.47266395752454, 4.766825807008436, 5.094296690993838]",14.230279409030395,0.0,[],8.549808969521855,0.0,5.549808969521854,0.0,"[2.6703768334210194, 3.127094887381671, 2.752337248719164]",[],"[1.6703768334210192, 2.127094887381671, 1.7523372487191642]",[],"[4.283017521592357, 5.454089454824797, 4.493172432613242]"
102,0,1000,True,True,1.0,3.99,3,3,True,2,5,36.031736660209916,"[13.654317833303772, 15.940441858894165, 6.4369769680119795]",17.05237729748187,"[6.325183954988471, 7.216772324968725, 3.510421017524672]",26.983178609880326,18.538021540638375,"[5.375135182264426, 13.16288635837395]",13.523439657853327,9.229828400848966,10.523439657853327,7.229828400848967,"[7.532704025586625, 3.7014270884569536, 2.2893085438097485]","[3.096302721083126, 6.133525679765841]","[6.532704025586625, 2.7014270884569536, 1.2893085438097487]","[2.096302721083126, 5.133525679765841]","[16.750523142529808, 6.926736124248598, 3.3059193431019196]"
102,0,1001,True,False,,0.0,2,2,,0,2,11.887411391413522,"[5.844459923051762, 6.0429514683617604]",6.636090442651273,"[3.279339369990187, 3.3567510726610865]",16.47001097571719,0.0,[],8.423304280529704,0.0,0.0,0.0,"[5.140323248001661, 3.282981032528043]",[],"[0.0, 0.0]",[],"[10.616213456414517, 5.853797519302674]"
102,0,1002,True,True,1.0,3.99,6,6,True,1,7,46.50276415608033,"[2.920924352801254, 9.641328580342227, 4.9419164823644905, 11.648058316722771, 13.014673953386634, 4.335862470462956]",24.13607802087133,"[2.139160497592489, 4.760118146333468, 2.927347428122151, 5.542742743521881, 6.075722841820787, 2.690986363480553]",59.780317462158656,5.864314147872441,[5.864314147872441],29.31432381024188,3.287082517670252,23.314323810241874,2.287082517670252,"[7.382085144493253, 2.469590874825332, 4.245150456128792, 4.420688866335048, 4.294184640819969, 6.50262382763948]",[3.287082517670252],"[6.382085144493253, 1.469590874825332, 3.245150456128792, 3.4206888663350488, 3.294184640819969, 5.50262382763948]",[2.287082517670252],"[16.364320883316033, 3.7681817303213636, 8.32089860545844, 8.770997093166791, 8.446627284153767, 14.109291865742257]"
102,0,1003,True,False,,0.0,2,2,,0,2,27.965453694940415,"[22.48839014239781, 5.477063552542605]",12.906526941026764,"[9.770472155535147, 3.136054785491616]",22.607754668221233,0.0,[],10.817024320606281,0.0,0.0,0.0,"[5.283702978438067, 5.533321342168214]",[],"[0.0, 0.0]",[],"[10.983853790866839, 11.623900877354393]"
102,0,1004,True,True,1.0,3.99,6,1,,1,7,12.406065076380678,[12.406065076380678],5.838365379788464,[5.838365379788464],9.804853841998906,5.236194011898606,[5.236194011898606],4.8238929983795735,3.0421156646404564,3.8238929983795735,2.0421156646404564,[4.8238929983795735],[3.0421156646404564],[3.8238929983795735],[2.0421156646404564],[9.804853841998906]
102,0,1005,True,True,1.0,3.99,4,4,True,3,7,36.31061034122445,"[4.442049482767545, 11.400021785298144, 13.69414980454476, 6.774389268614005]",18.16113803307754,"[2.7323992982793426, 5.446008496266276, 6.340718423772456, 3.6420118147594622]",40.79917524184443,22.021731029628313,"[9.180340754618953, 9.996154896962764, 2.8452353780465973]",19.911678344319327,11.588475101555044,15.911678344319327,8.588475101555042,"[4.622876244740253, 4.061602608359735, 2.8041800101313283, 8.423019481088012]","[4.580332894301392, 4.898500409815478, 2.109641797438173]","[3.622876244740253, 3.0616026083597347, 1.8041800101313281, 7.423019481088013]","[3.580332894301392, 3.8985004098154783, 1.109641797438173]","[9.289426268564752, 7.850263098358294, 4.626102590080328, 19.033383284841058]"
102,0,1006,True,True,1.0,3.99,4,4,True,0,4,22.85647564183496,"[2.5, 11.584795600939854, 6.271680040895109, 2.5]",12.914025500315637,"[1.975, 5.5180702843665435, 3.445955215949093, 1.975]",47.499440858016705,0.0,[],22.524781934626517,0.0,18.524781934626517,0.0,"[2.3246329644629222, 8.712115788295938, 5.884790086649153, 5.603243095218501]",[],"[1.3246329644629222, 7.712115788295938, 4.884790086649153, 4.603243095218501]",[],"[3.396494780674159, 19.77465586742548, 12.52510278627988, 11.803187423637182]"
102,0,1007,True,True,1.0,3.99,5,5,True,2,7,44.32823745668506,"[3.5296970857281593, 4.45224419849364, 3.595481670816236, 17.466318020493002, 15.284496481154026]",22.288012608107174,"[2.376581863433982, 2.7363752374125196, 2.402237851618332, 7.8118640279922715, 6.9609536276500705]",61.9819396386469,10.518084610746742,"[4.643384825667774, 5.874699785078968]",29.17295645907229,6.10205299819123,24.17295645907229,4.10205299819123,"[6.366362875431458, 5.265347303525072, 7.5950022606077585, 5.295527036773457, 4.650716982734545]","[2.810920082010432, 3.2911329161807976]","[5.366362875431458, 4.265347303525072, 6.5950022606077585, 4.295527036773457, 3.6507169827345454]","[1.810920082010432, 2.2911329161807976]","[13.759904808798609, 10.936787957756595, 16.91026220668656, 11.01417188916271, 9.360812776242424]"
102,0,1008,True,False,,0.0,1,1,,0,1,12.057643298428923,[12.057643298428923],5.7024808863872805,[5.7024808863872805],11.028840986964969,0.0,[],5.301247984916338,0.0,0.0,0.0,[5.301247984916338],[],[0.0],[],[11.028840986964969]
102,0,1009,True,True,1.0,3.99,5,5,True,3,8,68.47728064421408,"[15.090585691624652, 10.807547645895674, 25.337835968667743, 7.890888279898533, 9.350423058127479]",31.706139451243494,"[6.885328419733614, 5.2149435818993135, 10.88175602778042, 4.077446429160428, 4.6466649926697166]",29.047759253783877,13.459215643487084,"[4.116706010436196, 5.127604779115581, 4.214904853935308]",16.328626108975712,8.249094100959963,11.328626108975714,5.249094100959963,"[5.642346243679568, 1.975, 2.4700631657191527, 4.142907130651608, 2.0983095689253846]","[2.6055153440701164, 2.9997658638550764, 2.64381289303477]","[4.642346243679568, 0.9750000000000001, 1.4700631657191525, 3.1429071306516083, 1.0983095689253843]","[1.6055153440701164, 1.9997658638550766, 1.6438128930347702]","[11.903451906870686, 2.5, 3.7693927326132113, 8.05873623244002, 2.8161783818599595]"
102,0,1010,True,True,1.0,3.99,7,7,True,1,8,90.31261015116439,"[14.454973515138207, 17.33677495198814, 17.587850010406466, 14.505278697977358, 18.51643816619702, 2.5, 5.411294809457207]",42.221917958954116,"[6.637439670903901, 7.761342231275375, 7.859261504058522, 6.65705869221117, 8.221410884816837, 1.975, 3.1104049756883105]",58.1642374638959,13.796944496516227,[13.796944496516227],29.684052610919405,6.380808353641329,22.684052610919405,5.380808353641329,"[5.031819178463887, 2.091597332715504, 4.411757781140626, 4.157832336412035, 5.223430655174675, 2.9601806344646477, 5.807434692548028]",[6.380808353641329],"[4.031819178463887, 1.091597332715504, 3.411757781140626, 3.157832336412035, 4.223430655174675, 1.9601806344646477, 4.807434692548028]",[5.380808353641329],"[10.337997893497146, 2.7989675197833437, 8.748096874719554, 8.09700599080009, 10.829309372242756, 5.026104190934994, 12.326755621918018]"
102,0,1011,True,True,1.0,3.99,4,4,True,1,5,36.85157555298495,"[11.980771724216366, 4.85168523753749, 7.820787105970554, 12.198331485260539]",18.372114465664133,"[5.672500972444383, 2.8921572426396214, 4.050106971328516, 5.757349279251611]",31.51392489238011,8.783787216922187,[8.783787216922187],16.290430708028246,4.425677014599653,12.290430708028245,3.425677014599653,"[2.910482113131242, 4.405417195267003, 3.6889500159369244, 5.285581383693074]",[4.425677014599653],"[1.9104821131312424, 3.4054171952670034, 2.6889500159369244, 4.285581383693074]",[3.425677014599653],"[4.898672084951904, 8.731838962223085, 6.894743630607498, 10.988670214597626]"
102,0,1012,True,False,,0.0,2,2,,0,2,9.451473778695053,"[4.2713693513113595, 5.180104427383695]",5.686074773691072,"[2.6658340470114306, 3.020240726679641]",17.434763496890966,0.0,[],8.799557763787476,0.0,0.0,0.0,"[3.980755636056725, 4.818802127730752]",[],"[0.0, 0.0]",[],"[7.642963169376218, 9.79180032751475]"
102,0,1013,True,False,,0.0,2,2,,0,2,20.712321098432767,"[15.29610157680317, 5.416219521629595]",10.07780522838878,"[6.965479614953237, 3.112325613435542]",12.798704653529969,0.0,[],6.991494814876688,0.0,0.0,0.0,"[3.9042491951474347, 3.087245619729253]",[],"[0.0, 0.0]",[],"[7.446792808070345, 5.3519118454596235]"
102,0,1014,True,True,1.0,3.99,3,3,True,2,5,23.329447534139963,"[9.583293112109237, 10.304557021957626, 3.4415974000731007]",12.098484538314587,"[4.737484313722602, 5.018777238563474, 2.342222986028509]",15.278284139332413,13.714308648554175,"[4.3004370574010355, 9.41387159115314]",8.958530814339642,7.348580372936128,5.9585308143396425,5.348580372936128,"[3.2304272359636683, 3.4987418166839532, 2.2293617616920205]","[2.677170452386404, 4.671409920549724]","[2.2304272359636683, 2.4987418166839532, 1.2293617616920203]","[1.677170452386404, 3.6714099205497246]","[5.719044194778636, 6.407030299189623, 3.152209645364154]"
102,0,1015,True,False,,0.0,2,2,,0,2,9.475049173030543,"[6.975049173030543, 2.5]",5.6952691774819115,"[3.720269177481912, 1.975]",7.80325300279239,0.0,[],5.043268671089033,0.0,0.0,0.0,"[2.724981931665691, 2.3182867394233417]",[],"[0.0, 0.0]",[],"[4.423030594014591, 3.380222408777799]"
102,0,1016,True,True,1.0,3.99,4,4,True,1,5,37.697557611588906,"[10.538695696075104, 7.686588947787735, 8.084539144572487, 11.38773382315358]",18.702047468519673,"[5.110091321469291, 3.9977696896372166, 4.15297026638327, 5.441216191029897]",36.181308817435855,8.01270285160154,[8.01270285160154],18.110710438799984,4.124954112124601,14.110710438799984,3.124954112124601,"[3.2057810152371715, 3.536256598327062, 5.551635711719932, 5.817037113515818]",[4.124954112124601],"[2.2057810152371715, 2.536256598327062, 4.551635711719932, 4.817037113515818]",[3.124954112124601],"[5.655848757018388, 6.503222046992467, 11.670860799281876, 12.351377214143122]"
102,0,1017,True,True,1.0,3.99,7,7,True,4,11,78.51452515137152,"[10.887852259914721, 8.573413418292601, 10.849290658697257, 9.710235150394455, 2.730710179660589, 22.312063455422436, 13.450960028989464]",37.62066480903489,"[5.2462623813667415, 4.343631233134115, 5.23122335689193, 4.786991708653837, 2.0649769700676295, 9.70170474761475, 6.245874411305891]",64.16650367131261,36.94101903105102,"[10.069953216928255, 8.66064888031529, 7.627454019226603, 10.582962914580873]",32.02493643181192,18.4069974221099,25.02493643181192,14.4069974221099,"[3.67849782553965, 4.139136356841739, 2.5630365613340222, 8.38406620617053, 3.492395673264666, 3.1470922102535965, 6.620711598407715]","[4.927281754602019, 4.377653063322963, 3.9747070674983753, 5.127355536686541]","[2.67849782553965, 3.1391363568417385, 1.563036561334022, 7.384066206170529, 2.492395673264666, 2.1470922102535965, 5.620711598407715]","[3.9272817546020193, 3.377653063322963, 2.9747070674983753, 4.127355536686541]","[6.867943142409359, 8.049067581645483, 4.0077860547026205, 18.933503092744946, 6.390758136576067, 5.505364641675889, 14.412081021558244]"
102,0,1018,True,False,,0.0,1,1,,0,1,8.562131028608253,[8.562131028608253],4.339231101157218,[4.339231101157218],12.053522200662682,0.0,[],5.7008736582584465,0.0,0.0,0.0,[5.7008736582584465],[],[0.0],[],[12.053522200662682]
102,0,1019,True,True,1.0,3.99,3,3,True,1,4,28.331684974634022,"[5.579916573238879, 9.926126410223716, 12.825641991171427]",14.049357140107269,"[3.176167463563163, 4.8711892999872495, 6.002000376556857]",40.68262391598582,5.820992201078832,[5.820992201078832],18.866223327234472,3.270186958420745,15.866223327234469,2.270186958420745,"[4.8842849512697715, 8.834827330468578, 5.147111045496122]",[3.270186958420745],"[3.8842849512697715, 7.834827330468577, 4.147111045496122]",[2.270186958420745],"[9.959705003255824, 20.089300847355325, 10.633618065374671]"
102,0,1020,True,False,,0.0,1,1,,0,1,7.570091647949714,[7.570091647949714],3.9523357427003885,[3.9523357427003885],4.1909143563844635,0.0,[],2.634456598989941,0.0,0.0,0.0,[2.634456598989941],[],[0.0],[],[4.1909143563844635]
102,0,1021,True,True,1.0,3.99,4,4,True,1,5,20.91163209064607,"[7.338593584913645, 6.492531202935121, 2.5, 4.580507302797304]",12.155536515351969,"[3.8620514981163216, 3.532087169144697, 1.975, 2.7863978480909486]",38.905324284303674,8.259655060150148,[8.259655060150148],19.173076470878435,4.221265473458558,15.173076470878433,3.221265473458558,"[5.0075100978016405, 7.371095081229179, 2.2921055856163015, 4.502365706231311]",[4.221265473458558],"[4.0075100978016405, 6.371095081229179, 1.2921055856163017, 3.5023657062313114]",[3.221265473458558],"[10.275666917440104, 16.336141233920973, 3.3130912451700043, 8.980424887772593]"
102,0,1022,True,False,,0.0,2,2,,0,2,11.250101481974804,"[8.270697333857584, 2.9794041481172204]",6.387539577970173,"[4.225571960204458, 2.161967617765716]",24.756699520961437,0.0,[],11.655112813174961,0.0,0.0,0.0,"[3.830369554609919, 7.824743258565042]",[],"[0.0, 0.0]",[],"[7.257357832333125, 17.499341688628313]"
102,0,1023,True,True,1.0,3.99,4,4,True,4,8,30.51126412030905,"[7.462060614563062, 9.595395757901839, 4.011738079846578, 9.44206966799757]",15.89939300692053,"[3.9102036396795943, 4.742204345581717, 2.5645778511401653, 4.682407170519053]",15.954899113606968,52.66150228951816,"[16.235582680077645, 10.303161227501159, 10.475421600623909, 15.647336781315444]",10.222410654306717,24.537985892912083,6.222410654306717,20.537985892912083,"[1.975, 2.3494066896800474, 3.438187917268284, 2.459816047358386]","[7.331877245230282, 5.018232878725452, 5.085414424243324, 7.102461344713023]","[0.9750000000000001, 1.3494066896800476, 2.438187917268284, 1.459816047358386]","[6.331877245230282, 4.018232878725452, 4.085414424243324, 6.102461344713023]","[2.5, 3.4600171530257633, 6.251763890431498, 3.7431180701497078]"
102,0,1024,True,True,1.0,3.99,4,4,True,1,5,62.558458496521766,"[12.51591400299168, 6.011897550118914, 15.85379950726578, 28.176847436145398]",28.39779881364349,"[5.881206461166755, 3.3446400445463764, 7.182981807833654, 11.988970500096706]",35.835128339417,13.387942483993033,[13.387942483993033],17.97570005237263,6.221297568757283,13.97570005237263,5.221297568757283,"[5.44208809913915, 3.254555018222218, 2.4588736649052096, 6.820183270106052]",[6.221297568757283],"[4.44208809913915, 2.254555018222218, 1.4588736649052096, 5.820183270106052]",[5.221297568757283],"[11.389969484972179, 5.780910303133892, 3.7407017048851525, 14.923546846425774]"
102,0,1025,True,False,,0.0,1,1,,0,1,7.4671569333472965,[7.4671569333472965],3.912191204005446,[3.912191204005446],7.698255879025661,0.0,[],4.002319792820008,0.0,0.0,0.0,[4.002319792820008],[],[0.0],[],[7.698255879025661]
102,0,1026,True,True,1.0,3.99,4,4,True,3,7,31.5944618753922,"[5.4125373756439465, 4.544584306903914, 10.391056690540879, 11.246283502303461]",16.321840131402958,"[3.110889576501139, 2.7723878796925265, 5.052512109310943, 5.38605056589835]",38.12611340892057,49.02605234739798,"[15.94129946564721, 15.847754454784715, 17.236998426966057]",18.869184229479025,22.120160415485213,14.869184229479023,19.120160415485213,"[3.531715941178224, 4.625759947950927, 8.279584885088697, 2.4321234552611752]","[7.217106791602412, 7.180624237366039, 7.722429386516763]","[2.531715941178224, 3.6257599479509266, 7.279584885088697, 1.4321234552611752]","[6.217106791602412, 6.180624237366039, 6.722429386516763]","[6.49157933635442, 9.29682037936135, 18.665602269458198, 3.672111423746603]"
102,0,1027,True,False,,0.0,1,1,,0,1,11.32960723152813,[11.32960723152813],5.418546820295971,[5.418546820295971],7.687540846386288,0.0,[],3.9981409300906527,0.0,0.0,0.0,[3.9981409300906527],[],[0.0],[],[7.687540846386288]
102,0,1028,True,True,1.0,3.99,7,7,True,2,9,50.5050457734449,"[4.726206199617313, 5.473509944226596, 10.249504766614743, 10.74216944481247, 2.5, 6.296501677412188, 10.517153740761584]",26.696967851643514,"[2.8432204178507523, 3.1346688782483727, 4.99730685897975, 5.189446083476864, 1.975, 3.455635654190753, 5.101689958897018]",72.88883595026844,10.784704170169055,"[2.6706832590191047, 8.11402091114995]",35.4266460206047,6.2060346263659305,28.426646020604693,4.206034626365931,"[6.5166041717062715, 2.566759978227581, 6.506858618261669, 7.9296345610734775, 5.426905602389663, 2.986809201435803, 3.4930738875102296]","[2.041566471017451, 4.16446815534848]","[5.5166041717062715, 1.5667599782275812, 5.506858618261669, 6.9296345610734775, 4.426905602389663, 1.9868092014358032, 2.4930738875102296]","[1.0415664710174508, 3.1644681553484806]","[14.145138901810952, 4.017333277506618, 14.120150303235048, 17.76829374634225, 11.351040006127342, 5.094382567784111, 6.392497147462127]"
102,0,1029,True,True,1.0,3.99,3,3,True,1,4,21.239243972602694,"[9.811855147681417, 8.687932142298237, 2.7394566826230378]",11.28330514931505,"[4.826623507595753, 4.388293535496313, 2.0683881062229847]",24.39492939733438,15.236599197418663,[15.236599197418663],12.514022464960409,6.942273686993278,9.514022464960409,5.942273686993278,"[3.6649139734301004, 3.1180896684046275, 5.73101882312568]",[6.942273686993278],"[2.6649139734301004, 2.1180896684046275, 4.73101882312568]",[5.942273686993278],"[6.8331127523848725, 5.430999149755455, 12.130817495194052]"
102,0,1030,True,False,,0.0,2,2,,0,2,36.908026420895695,"[14.062960998847187, 22.84506542204851]",16.39413030414932,"[6.484554789550403, 9.909575514598918]",7.8971442059214505,0.0,[],5.079886240309366,0.0,0.0,0.0,"[2.6220920678197537, 2.4577941724896126]",[],"[0.0, 0.0]",[],"[4.15921043030706, 3.7379337756143904]"
102,0,1031,True,True,1.0,3.99,5,1,,4,9,15.830687223219826,[15.830687223219826],7.173968017055732,[7.173968017055732],17.207617997154557,24.777577392214237,"[4.696136263429616, 7.762705319430697, 8.164600349028047, 4.15413546032588]",7.710971018890278,13.663255182963553,6.710971018890278,9.663255182963553,[7.710971018890278],"[2.8314931427375503, 4.027455074577972, 4.184194136120938, 2.620112829527093]",[6.710971018890278],"[1.8314931427375503, 3.027455074577972, 3.1841941361209387, 1.6201128295270932]",[17.207617997154557]
102,0,1032,True,False,,0.0,2,2,,0,2,11.723434111599888,"[3.978415536678055, 7.745018574921833]",6.572139303523956,"[2.551582059304441, 4.020557244219515]",24.30311939792245,0.0,[],11.478216565189754,0.0,0.0,0.0,"[5.973845444990762, 5.504371120198993]",[],"[0.0, 0.0]",[],"[12.753449858950672, 11.549669538971777]"
102,0,1033,True,True,1.0,3.99,5,5,True,1,6,49.6451202365465,"[10.061582378116977, 11.915434816998388, 15.577592880075409, 2.835637891886089, 9.254872269469638]",24.36159689225314,"[4.924017127465621, 5.647019578629371, 7.075261223229409, 2.105898777835575, 4.609400185093159]",27.59682398894399,8.028797552896595,[8.028797552896595],15.762761355688156,4.131231045629672,10.762761355688156,3.131231045629672,"[2.8690789796134646, 2.624572546405438, 2.5646402427445367, 5.729469586924717, 1.975]",[4.131231045629672],"[1.8690789796134646, 1.624572546405438, 1.5646402427445367, 4.729469586924717, 0.9750000000000001]",[3.131231045629672],"[4.792510204137089, 4.165570631808815, 4.011898058319325, 12.12684509467876, 2.5]"
102,0,1034,True,False,,0.0,1,1,,0,1,6.089880203093276,[6.089880203093276],3.375053279206378,[3.375053279206378],15.607649224920136,0.0,[],7.086983197718853,0.0,0.0,0.0,[7.086983197718853],[],[0.0],[],[15.607649224920136]
102,0,1035,True,True,1.0,3.99,6,6,True,0,6,41.01010702237753,"[6.569287792475123, 12.143028816566954, 3.2565529131277327, 7.778865713756781, 2.5, 8.76237178645094]",21.993941738727237,"[3.562022239065298, 5.735781238461112, 2.2700556361198156, 4.033757628365144, 1.975, 4.417324996715866]",57.61713548691806,0.0,[],28.470682839898043,0.0,22.470682839898043,0.0,"[2.7529045369134533, 4.256205953490673, 4.3006851792662895, 5.1405417337520545, 7.718866906503927, 4.301478529971647]",[],"[1.752904536913453, 3.256205953490672, 3.3006851792662895, 4.1405417337520545, 6.718866906503927, 3.3014785299716474]",[],"[4.494627017726803, 8.349246034591467, 8.463295331452024, 10.616773676287318, 17.22786386283058, 8.465329564029865]"
102,0,1036,True,False,,0.0,1,1,,0,1,14.43582444896865,[14.43582444896865],6.6299715350977735,[6.6299715350977735],5.008551442151272,0.0,[],2.9533350624389962,0.0,0.0,0.0,[2.9533350624389962],[],[0.0],[],[5.008551442151272]
102,0,1037,True,False,,0.0,1,1,,0,1,11.281045032515609,[11.281045032515609],5.399607562681087,[5.399607562681087],7.550896351569422,0.0,[],3.9448495771120746,0.0,0.0,0.0,[3.9448495771120746],[],[0.0],[],[7.550896351569422]
102,0,1038,True,True,1.0,3.99,4,2,,4,8,31.496836945753394,"[11.695792933784505, 19.801044011968887]",14.283766408843825,"[5.561359244175957, 8.722407164667867]",32.51348680958058,43.73455990235517,"[8.581610360662056, 13.023055848542203, 8.323841541194906, 13.806052151956006]",14.680259855736427,21.05647836191852,12.680259855736427,17.056478361918515,"[7.209379698164854, 7.470880157571573]","[4.3468280406582025, 6.078991780931459, 4.246298201066013, 6.384360339262843]","[6.209379698164854, 6.470880157571573]","[3.346828040658202, 5.078991780931459, 3.246298201066013, 5.384360339262843]","[15.921486405550906, 16.592000404029672]"
102,0,1039,True,True,1.0,3.99,4,4,True,0,4,28.538943170975813,"[6.24942300427712, 12.024266047468458, 6.7935844688575235, 3.471669650372709]",15.130187836680566,"[3.437274971668077, 5.689463758512699, 3.6494979428544343, 2.3539511636453563]",44.8462993000989,0.0,[],21.49005672703857,0.0,17.49005672703857,0.0,"[3.215945077026162, 3.7796080558892475, 8.685725334469469, 5.8087782596536925]",[],"[2.215945077026162, 2.7796080558892475, 7.685725334469469, 4.8087782596536925]",[],"[5.681910453913236, 7.127200143305763, 19.7069880371012, 12.330200665778698]"
102,0,1040,True,True,1.0,3.99,3,3,True,0,3,28.19481664557966,"[16.160997433567747, 6.341366765272884, 5.692452446739029]",13.995978491776068,"[7.302788999091422, 3.473133038456425, 3.2200564542282213]",46.83141627070381,0.0,[],21.264252345574487,0.0,18.264252345574487,0.0,"[6.905854438534374, 5.931883271087473, 8.426514635952639]",[],"[5.905854438534374, 4.931883271087473, 7.426514635952639]",[],"[15.143216509062496, 12.645854541249932, 19.042345220391383]"
102,0,1041,True,True,1.0,3.99,7,7,True,5,12,51.35974101511839,"[4.708156443649066, 14.648058218105541, 2.751366429433847, 5.855414949469534, 11.190808270003812, 4.468422507975422, 7.737514196481169]",27.030298995896175,"[2.8361810130231357, 6.712742705061161, 2.0730329074792007, 3.2836118302931183, 5.364415225301487, 2.742684778110415, 4.017630536627657]",75.37202937943833,45.2720019777124,"[3.2866191281061297, 11.21080361800635, 8.459456277462856, 6.460723735631859, 15.854399218505204]",36.395091457980946,22.656080771307835,29.39509145798095,17.656080771307835,"[4.136705652411507, 8.741550057995296, 2.396702550436598, 8.651220852505766, 4.8260972006279435, 5.31546569450904, 2.327349449494795]","[2.2817814599613904, 5.372213411022477, 4.299187948210514, 3.519682256896425, 7.183215695217029]","[3.136705652411507, 7.741550057995296, 1.3967025504365982, 7.651220852505767, 3.826097200627944, 4.31546569450904, 1.3273494494947953]","[1.2817814599613906, 4.372213411022477, 3.299187948210514, 2.519682256896425, 6.183215695217029]","[8.042835006183351, 19.85012835383409, 3.581288590863072, 19.618515006425042, 9.810505642635754, 11.065296652587282, 3.403460126909731]"
102,0,1042,True,False,,0.0,1,1,,0,1,2.5,[2.5],1.975,[1.975],16.638872551411396,0.0,[],7.489160295050445,0.0,0.0,0.0,[7.489160295050445],[],[0.0],[],[16.638872551411396]
102,0,1043,True,True,1.0,3.99,4,4,True,0,4,19.67585949991428,"[2.5, 7.761239748686498, 6.914619751227784, 2.5]",11.67358520496657,"[1.975, 4.026883501987735, 3.696701702978836, 1.975]",58.73873071012312,0.0,[],26.908104976948017,0.0,22.908104976948017,0.0,"[2.9703826703605785, 5.122951376818216, 5.41939738930159, 13.395373540467634]",[],"[1.9703826703605782, 4.122951376818216, 4.41939738930159, 12.395373540467634]",[],"[5.052263257334816, 10.571670196969784, 11.331788177696385, 31.783009078122138]"
102,0,1044,True,True,1.0,3.99,6,6,True,1,7,86.17431389773625,"[8.808334994236963, 6.2475934601887495, 17.936936920812247, 8.26826180965419, 7.776556081184712, 37.13663063165939]",39.60798242011714,"[4.435250647752415, 3.4365614494736123, 7.995405399116777, 4.224622105765134, 4.032856871662037, 15.483285946347165]",66.94684867638776,3.4262162178962954,[3.4262162178962954],32.109270983791234,2.3362243249795553,26.109270983791234,1.3362243249795553,"[5.495221410661849, 6.797293444508747, 5.211367353391312, 4.113900476368555, 4.544407562341419, 5.947080736519349]",[2.3362243249795553],"[4.495221410661849, 5.797293444508747, 4.211367353391312, 3.1139004763685554, 3.544407562341419, 4.947080736519349]",[1.3362243249795553],"[11.526208745286793, 14.864854985919862, 10.79837782920849, 7.984360195816809, 9.08822451882415, 12.684822401331663]"
102,0,1045,True,False,,0.0,2,2,,0,2,27.615553665618933,"[5.17972677221668, 22.435826893402254]",12.770065929591384,"[3.0200934411645055, 9.749972488426879]",14.482058558820503,0.0,[],7.6480028379399965,0.0,0.0,0.0,"[4.403552357138489, 3.244450480801507]",[],"[0.0, 0.0]",[],"[8.727057325996126, 5.755001232824377]"
102,0,1046,True,True,1.0,3.99,4,4,True,2,6,34.36624659698222,"[9.800829819864552, 7.439744106806341, 9.53158210899525, 7.594090561316083]",17.40283617282307,"[4.822323629747175, 3.901500201654473, 4.717317022508148, 3.9616953189132724]",53.3847359218523,34.17940116993176,"[12.797748375573963, 21.381652794357795]",24.82004700952239,15.329966456273386,20.820047009522394,13.329966456273386,"[4.906843185896831, 5.2432037783342365, 11.839123271221867, 2.830876774069461]","[5.991121866473846, 9.33884458979954]","[3.906843185896831, 4.2432037783342365, 10.839123271221867, 1.8308767740694607]","[4.991121866473846, 8.33884458979954]","[10.017546630504695, 10.880009688036504, 27.79262377236376, 4.694555830947335]"
102,0,1047,True,True,1.0,3.99,5,5,True,0,5,54.73671509440343,"[3.9530919428360782, 19.515791233716488, 12.64546694134248, 2.5, 16.122364976508386]",26.34731888681734,"[2.5417058577060705, 8.61115858114943, 5.931732107123567, 1.975, 7.287722340838271]",70.93682242871108,0.0,[],32.665360747197326,0.0,27.665360747197326,0.0,"[2.671830553777575, 4.703667651509068, 15.34961095933455, 6.038453337475595, 3.9017982451005366]",[],"[1.671830553777575, 3.7036676515090687, 14.34961095933455, 5.038453337475595, 2.9017982451005366]",[],"[4.28674500968609, 9.496583721818125, 36.79387425470397, 12.919111121732294, 7.440508320770606]"
102,0,1048,True,True,1.0,3.99,6,6,True,1,7,39.296768429400416,"[2.5, 10.390610019445582, 8.714624897960196, 5.601215222726013, 9.590318289268627, 2.5]",21.32573968746616,"[1.975, 5.052337907583777, 4.398703710204476, 3.184473936863145, 4.740224132814765, 1.975]",52.51536335382248,9.793225265945635,[9.793225265945635],26.480991707990764,4.819357853718797,20.480991707990768,3.8193578537187975,"[2.8367301659578548, 5.231993225217517, 4.549828794082695, 5.80932377026212, 4.815360006178432, 3.237755746292149]",[4.819357853718797],"[1.836730165957855, 4.231993225217517, 3.5498287940826954, 4.80932377026212, 3.815360006178432, 2.237755746292149]",[3.8193578537187975],"[4.709564528097064, 10.851264680044913, 9.102125113032551, 12.331599410928511, 9.782974374816492, 5.737835246902946]"
102,0,1049,True,False,,0.0,1,1,,0,1,12.66485500883526,[12.66485500883526],5.939293453445752,[5.939293453445752],5.388163748351708,0.0,[],3.1013838618571663,0.0,0.0,0.0,[3.1013838618571663],[],[0.0],[],[5.388163748351708]
102,0,1050,True,True,1.0,3.99,5,5,True,1,6,52.83827600791669,"[10.141793194625299, 11.799953299163414, 8.660786396440447, 12.021130191943662, 10.214612925743864]",25.60692764308751,"[4.955299345903867, 5.601981786673732, 4.377706694611774, 5.688240774858029, 4.983699041040108]",63.3041706044085,4.051874223921163,[4.051874223921163],29.68862653571932,2.5802309473292535,24.68862653571932,1.5802309473292537,"[4.3659127039093555, 7.093300366620438, 3.247823531685216, 11.44338630605924, 3.5382036274450672]",[2.5802309473292535],"[3.3659127039093555, 6.093300366620438, 2.247823531685216, 10.44338630605924, 2.5382036274450672]",[1.5802309473292537],"[8.630545394639373, 15.62384709389856, 5.763650081244144, 26.7779136052801, 6.508214429346326]"
102,0,1051,True,True,1.0,3.99,4,4,True,1,5,23.754094068202562,"[4.0293564910801205, 3.21787266548786, 11.85551133969724, 4.651353571937344]",13.264096686599,"[2.5714490315212473, 2.2549703395402654, 5.623649422481924, 2.814027893055564]",42.78944848142809,5.77198632641984,[5.77198632641984],20.687884907756953,3.2510746673037376,16.687884907756953,2.2510746673037376,"[9.10963132096417, 5.188164450108067, 3.098234105727, 3.291855030957718]",[3.2510746673037376],"[8.10963132096417, 4.188164450108067, 2.098234105727, 2.291855030957718]",[2.2510746673037376],"[20.793926464010692, 10.7388832054053, 5.380087450582051, 5.876551361430047]"
102,0,1052,True,True,1.0,3.99,3,3,True,2,5,35.843364833578434,"[19.194785711708562, 9.718519048487948, 6.930060073381921]",16.97891228509559,"[8.48596642756634, 4.7902224289103, 3.7027234286189494]",41.48925395877376,10.566447885210934,"[6.915821974322979, 3.650625910887956]",19.180809043921766,6.120914675232265,16.180809043921766,4.120914675232265,"[7.237192888886358, 5.716587315643455, 6.227028839391951]","[3.697170569985962, 2.423744105246303]","[6.237192888886358, 4.716587315643455, 5.227028839391951]","[2.697170569985962, 1.423744105246303]","[15.99280227919579, 12.093813629855013, 13.402638049722952]"
102,0,1053,True,True,1.0,3.99,3,3,True,2,5,40.65457669430147,"[7.916787282723397, 9.594791209732223, 23.14299820184585]",18.855284910777574,"[4.087547040262125, 4.741968571795567, 10.025769298719881]",30.44063607235996,13.531760362213584,"[9.530570994096246, 4.001189368117338]",14.871848068220386,7.277386541263298,11.871848068220386,5.277386541263298,"[6.054183353654284, 5.731136759288339, 3.0865279552777625]","[4.7169226876975365, 2.5604638535657616]","[5.054183353654284, 4.731136759288339, 2.0865279552777625]","[3.716922687697536, 1.5604638535657618]","[12.959444496549445, 12.131119895611125, 5.350071680199391]"
102,0,1054,True,True,1.0,3.99,4,4,True,1,5,30.62129670016018,"[2.5, 3.6316295395302696, 15.61109769391845, 8.878569466711463]",15.94230571306247,"[1.975, 2.416335520416805, 7.088328100628196, 4.462642092017471]",41.20367139596954,2.7569461526359835,[2.7569461526359835],20.069431844428124,2.0752089995280336,16.069431844428124,1.0752089995280336,"[5.187539688117093, 6.8539296273509605, 3.444538587259111, 4.583423941700959]",[2.0752089995280336],"[4.187539688117093, 5.8539296273509605, 2.444538587259111, 3.583423941700959]",[1.0752089995280336],"[10.73728125158229, 15.010075967566564, 6.268047659638746, 9.188266517181946]"
102,0,1055,True,True,1.0,3.99,6,6,True,3,9,56.31701026852313,"[4.994989999365539, 4.307823807529163, 9.719461903654011, 18.411497218414166, 6.091510781251026, 12.791726558309222]",27.96363400472402,"[2.9480460997525606, 2.680051284936374, 4.7905901424250645, 8.180483915181526, 3.3756892046879003, 5.988773357740596]",51.94975055197864,19.044007678584975,"[5.6507336924113245, 9.936133219040594, 3.4571407671330565]",26.260402715271667,10.427162994648139,20.26040271527167,7.42716299464814,"[3.8144953894390046, 6.038490728362791, 4.608162359246863, 4.729785916611759, 4.732576686664571, 2.3368916349466806]","[3.2037861400404166, 4.875091955425832, 2.348284899181892]","[2.8144953894390046, 5.038490728362791, 3.6081623592468626, 3.729785916611758, 3.7325766866645713, 1.3368916349466808]","[2.2037861400404166, 3.8750919554258316, 1.348284899181892]","[7.216654844715396, 12.919206995802027, 9.251698357043237, 9.563553632337841, 9.57070945298608, 3.427927269094053]"
102,0,1056,True,False,,0.0,1,1,,0,1,9.07784868896937,[9.07784868896937],4.540360988698055,[4.540360988698055],17.5300876098009,0.0,[],7.836734167822351,0.0,0.0,0.0,[7.836734167822351],[],[0.0],[],[17.5300876098009]
102,0,1057,True,False,,0.0,2,2,,0,2,18.83814798421331,"[11.530452487085974, 7.307695497127338]",9.346877713843192,"[5.49687646996353, 3.850001243879662]",21.230659170117136,0.0,[],10.279957076345683,0.0,0.0,0.0,"[4.398025567742464, 5.881931508603219]",[],"[0.0, 0.0]",[],"[8.712886071134523, 12.517773098982612]"
102,0,1058,True,True,1.0,3.99,4,4,True,2,6,28.557263783779348,"[5.6351258828605, 3.5981223343018245, 5.737066805954525, 13.586948760662501]",15.137332875673948,"[3.197699094315595, 2.403267710377712, 3.237456054322265, 6.298910016658375]",37.884452754083924,8.316023131205423,"[3.6930809623642697, 4.622942168841154]",18.77493657409273,5.243249021170115,14.774936574092731,3.243249021170115,"[2.8644556543565916, 3.2588937558240376, 5.3379092454985235, 7.313677918413577]","[2.4403015753220654, 2.8029474458480497]","[1.8644556543565913, 2.2588937558240376, 4.3379092454985235, 6.313677918413577]","[1.4403015753220652, 1.80294744584805]","[4.78065552399126, 5.792035271343686, 11.122844219226984, 16.188917739521994]"
102,0,1059,True,True,1.0,3.99,3,3,True,0,3,38.83408809827916,"[6.395122119567237, 17.27416259956971, 15.164803379142212]",18.145294358328872,"[3.4940976266312225, 7.736923413832187, 6.9142733178654625]",32.76493646478626,0.0,[],15.778325221266643,0.0,12.778325221266643,0.0,"[4.366003890213381, 9.055488655566952, 2.3568326754863094]",[],"[3.3660038902133813, 8.055488655566952, 1.3568326754863091]",[],"[8.630779205675337, 20.655099116838336, 3.4790581422725873]"
102,0,1060,True,True,1.0,3.99,5,5,True,3,8,38.390503034933204,"[15.043850193681806, 2.5, 5.561660730884715, 5.725619609840809, 9.559372500525878]",19.97229618362395,"[6.867101575535904, 1.975, 3.169047685045039, 3.2329916478379155, 4.728155275205093]",58.31354998018156,15.157288149498067,"[2.916431607182105, 3.161034096273348, 9.079822446042614]",27.742284492270812,8.911342378304246,22.742284492270812,5.911342378304246,"[4.832686483211349, 3.329309743187808, 9.113970955922142, 2.536278810877469, 7.930038499072042]","[2.1374083268010207, 2.2328032975466057, 4.54113075395662]","[3.832686483211349, 2.329309743187808, 8.113970955922142, 1.536278810877469, 6.930038499072042]","[1.1374083268010209, 1.2328032975466057, 3.5411307539566197]","[9.827401239003459, 5.972589085096944, 20.805053733133697, 3.939176438147356, 17.769329484800107]"
102,0,1061,True,True,1.0,3.99,3,3,True,2,5,45.235336452608976,"[6.925125635433521, 17.36555028163403, 20.944660535541427]",20.6417812165175,"[3.7007989978190734, 7.772564609837271, 9.168417608861157]",23.971728949777734,41.12218484858546,"[24.746214931341196, 16.375969917244262]",12.34897429041332,18.037652090948328,9.348974290413318,16.037652090948328,"[6.643581165243349, 3.6259086563017435, 2.079484468868226]","[10.651023823223067, 7.386628267725262]","[5.643581165243349, 2.6259086563017435, 1.0794844688682257]","[9.651023823223067, 6.386628267725262]","[14.470720936521406, 6.733099118722419, 2.767908894533912]"
102,0,1062,True,False,,0.0,1,1,,0,1,8.175291975722535,[8.175291975722535],4.188363870531789,[4.188363870531789],16.92286361637906,0.0,[],7.599916810387834,0.0,0.0,0.0,[7.599916810387834],[],[0.0],[],[16.92286361637906]
102,0,1063,True,True,1.0,3.99,7,1,,3,10,3.736196666589968,[3.736196666589968],2.4571166999700877,[2.4571166999700877],8.82910119574064,24.988127663451834,"[7.340332753974887, 12.311449428122685, 5.336345481354262]",4.44334946633885,12.745369788746215,3.4433494663388493,9.745369788746215,[4.44334946633885],"[3.862729774050206, 5.801465276967847, 3.0811747377281624]",[3.4433494663388493],"[2.862729774050206, 4.801465276967847, 2.0811747377281624]",[8.82910119574064]
102,0,1064,True,True,1.0,3.99,4,4,True,4,8,38.00428253811281,"[17.118050470713907, 10.909811740471357, 2.5, 7.4764203269275455]",18.821670189863998,"[7.676039683578424, 5.254826578783829, 1.975, 3.915803927501743]",34.85015913783911,34.197146773217874,"[7.4458280205669976, 11.360464830081671, 10.688817127404429, 4.702036795164781]",17.59156206375725,17.336887241554972,13.591562063757252,13.336887241554972,"[8.598762513112952, 3.6170965836499733, 3.400702966994327, 1.975]","[3.903872928021129, 5.430581283731852, 5.168638679687727, 2.833794350114265]","[7.598762513112952, 2.6170965836499733, 2.400702966994327, 0.9750000000000001]","[2.903872928021129, 4.430581283731852, 4.168638679687727, 1.8337943501142646]","[19.484006443879363, 6.710504060640957, 6.155648633318788, 2.5]"
102,0,1065,True,False,,0.0,1,1,,0,1,14.550945390831505,[14.550945390831505],6.674868702424287,[6.674868702424287],9.728619755019919,0.0,[],4.7941617044577685,0.0,0.0,0.0,[4.7941617044577685],[],[0.0],[],[9.728619755019919]
102,0,1066,True,False,,0.0,1,1,,0,1,4.167391181875988,[4.167391181875988],2.6252825609316357,[2.6252825609316357],9.410857831128904,0.0,[],4.670234554140273,0.0,0.0,0.0,[4.670234554140273],[],[0.0],[],[9.410857831128904]
102,0,1067,True,True,1.0,3.99,5,5,True,2,7,59.019159414677276,"[10.186424362054705, 7.863975103714118, 6.869303693485151, 24.051859952796704, 10.047596302626605]",28.017472171724144,"[4.972705501201335, 4.066950290448506, 3.679028440459209, 10.380225381590716, 4.918562558024377]",43.367215721796825,18.401127985540345,"[14.485254063545355, 3.915873921994991]",21.913214131500762,9.176439914360735,16.913214131500762,7.176439914360735,"[3.249376771033807, 7.414843986838948, 3.427098999274864, 5.553357999098093, 2.2685363752550485]","[6.649249084782689, 2.5271908295780463]","[2.249376771033807, 6.414843986838948, 2.427098999274864, 4.553357999098093, 1.2685363752550483]","[5.649249084782689, 1.5271908295780465]","[5.76763274624053, 16.44831791497166, 6.223330767371446, 11.675276920764341, 3.2526573724488417]"
102,0,1068,True,False,,0.0,2,2,,0,2,22.017757456110076,"[9.651426968825037, 12.366330487285039]",10.58692540788293,"[4.764056517841764, 5.822868890041165]",6.414066881089603,0.0,[],4.501486083624945,0.0,0.0,0.0,"[2.5264860836249454, 1.975]",[],"[0.0, 0.0]",[],"[3.914066881089603, 2.5]"
102,0,1069,True,True,1.0,3.99,4,4,True,4,8,41.01598880874515,"[10.686413255139401, 4.059922867547677, 19.350172256809056, 6.919480429249012]",19.996235635410603,"[5.167701169504366, 2.583369918343594, 8.546567180155531, 3.698597367407115]",39.92952103431429,36.45148086079972,"[7.399104217489277, 10.651363175027237, 11.677973798218247, 6.723039670064957]",19.572513203382577,18.21607753571189,15.572513203382575,14.216077535711891,"[5.829392490467124, 7.405094405400402, 4.363026307515049, 1.975]","[3.885650644820818, 5.154031638260623, 5.554409781305116, 3.6219854713253334]","[4.829392490467124, 6.405094405400402, 3.3630263075150486, 0.9750000000000001]","[2.885650644820818, 4.154031638260623, 4.554409781305116, 2.6219854713253334]","[12.38305766786442, 16.42331898820616, 8.623144378243714, 2.5]"
102,0,1070,True,True,1.0,3.99,4,4,True,3,7,55.973044665759126,"[11.564263934533507, 13.716809488475292, 22.68289933090176, 8.00907191184857]",25.82948741964606,"[5.510062934468068, 6.3495557005053636, 9.846330739051686, 4.1235380456209425]",31.690777953762982,18.447119079271932,"[5.332763620237579, 8.453751727902283, 4.6606037311320705]",16.359403401967565,10.194376440916054,12.359403401967565,7.194376440916054,"[6.948526449221138, 2.8347749787677072, 3.82645605056505, 2.749645923413669]","[3.079777811892656, 4.29696317388189, 2.8176354551415077]","[5.948526449221138, 1.8347749787677072, 2.82645605056505, 1.7496459234136692]","[2.079777811892656, 3.2969631738818905, 1.8176354551415075]","[15.25263192107984, 4.704551227609506, 7.24732320657705, 4.486271598496588]"
102,0,1071,True,True,1.0,3.99,4,4,True,1,5,44.635305632390256,"[9.514061500498125, 5.22638909593847, 14.349356394843618, 15.545498641110044]",21.407769196632202,"[4.710483985194269, 3.0382917474160034, 6.596248993989011, 7.062744470032917]",23.582666122377418,9.539669912900383,[9.539669912900383],13.197239787727193,4.720471266031149,9.197239787727193,3.7204712660311494,"[1.975, 3.480313823174224, 1.9956211035681541, 5.746304860984815]",[4.720471266031149],"[0.9750000000000001, 2.480313823174224, 0.9956211035681541, 4.746304860984815]",[3.7204712660311494],"[2.5, 6.359779033780061, 2.5528746245337284, 12.170012464063628]"
102,0,1072,True,True,1.0,3.99,6,6,True,1,7,74.47357777498382,"[9.02712332262607, 15.889059224603495, 8.448444041293557, 2.905956620799956, 18.931092120144793, 19.271902445515952]",35.04469533224369,"[4.520578095824167, 7.196733097595363, 4.2948931761044875, 2.133323082111983, 8.383125926856469, 8.516041953751222]",48.38095382902037,6.067612313240573,[6.067612313240573],24.868571993317946,3.3663688021638234,18.868571993317946,2.3663688021638234,"[6.3296182605483144, 2.9216072542166267, 4.4195950897105565, 3.2963448858466764, 5.01851842088905, 2.88288808210672]",[3.3663688021638234],"[5.3296182605483144, 1.9216072542166267, 3.4195950897105565, 2.2963448858466764, 4.01851842088905, 1.88288808210672]",[2.3663688021638234],"[13.66568784755978, 4.92719808773494, 8.768192537719376, 5.888063809863272, 10.303893386895, 4.827918159248]"
102,0,1073,True,False,,0.0,1,1,,0,1,4.910486458872454,[4.910486458872454],2.9150897189602576,[2.9150897189602576],5.1647199556106145,0.0,[],3.0142407826881397,0.0,0.0,0.0,[3.0142407826881397],[],[0.0],[],[5.1647199556106145]
102,0,1074,True,True,1.0,3.99,9,9,True,0,9,72.67919487356752,"[3.8096686592385858, 13.453553917468893, 7.917762362068757, 9.229916690161897, 10.105351164048868, 5.067372009703304, 8.93453093398551, 11.661039136891706, 2.5]",37.34488600069134,"[2.4857707771030486, 6.246886027812868, 4.0879273212068155, 4.59966750916314, 4.941086953979058, 2.9762750837842886, 4.484467064254349, 5.547805263387765, 1.975]",70.39624051369474,0.0,[],36.454533800340954,0.0,27.454533800340947,0.0,"[6.566178919432822, 1.975, 3.8635240728987807, 4.001012457707477, 4.287373338668022, 5.409158703172948, 3.0994108153165953, 3.1568432947099563, 4.096032198434348]",[],"[5.566178919432822, 0.9750000000000001, 2.8635240728987807, 3.0010124577074766, 3.2873733386680217, 4.409158703172948, 2.0994108153165953, 2.1568432947099563, 3.096032198434348]",[],"[14.272253639571339, 2.5, 7.342369417689182, 7.694903737711478, 8.429162406841082, 11.305535136340891, 5.383104654657937, 5.530367422333221, 7.9385440985496105]"
102,0,1075,True,False,,0.0,2,2,,0,2,9.957849650592543,"[7.457849650592542, 2.5]",5.883561363731092,"[3.9085613637310916, 1.975]",11.84266979066737,0.0,[],6.618641218360274,0.0,0.0,0.0,"[1.975, 4.643641218360274]",[],"[0.0, 0.0]",[],"[2.5, 9.34266979066737]"
102,0,1076,True,True,1.0,3.99,4,2,,2,6,28.891167361838058,"[8.46195545953148, 20.42921190230658]",13.267555271116844,"[4.300162629217278, 8.967392641899567]",18.871344737372297,30.782292386522773,"[24.406501356168665, 6.375791030354108]",9.359824447575194,14.005094030743882,7.359824447575194,12.005094030743882,"[5.012573186128808, 4.347251261446386]","[10.51853552890578, 3.4865585018381022]","[4.012573186128808, 3.3472512614463867]","[9.51853552890578, 2.4865585018381022]","[10.288649195202073, 8.582695542170223]"
102,0,1077,True,True,1.0,3.99,3,3,True,4,7,40.082852064020074,"[13.486312275958435, 19.438601539257164, 7.1579382488044745]",18.63231230496783,"[6.25966178762379, 8.581054600310294, 3.791595917033745]",20.721749497457576,33.40584608409949,"[7.859932312740424, 7.78784281124166, 12.720482314459266, 5.037588645658135]",11.081482304008457,17.0282799727988,8.081482304008457,13.0282799727988,"[3.0719693970268724, 5.128557573539172, 2.8809553334424107]","[4.065373601968766, 4.037258696384248, 5.960988102639114, 2.964659571806673]","[2.0719693970268724, 4.128557573539172, 1.8809553334424107]","[3.0653736019687656, 3.0372586963842476, 4.960988102639114, 1.9646595718066728]","[5.3127420436586466, 10.586045060356852, 4.822962393442078]"
102,0,1078,True,True,1.0,3.99,5,5,True,0,5,32.4898467180358,"[10.016281571863008, 5.311024131450203, 3.476912591167588, 9.016306723637133, 4.669321699917868]",17.67104022003396,"[4.906349813026573, 3.0712994112655796, 2.355995910555359, 4.516359622218482, 2.821035462967968]",33.2306158941658,0.0,[],17.959940198724663,0.0,12.959940198724663,0.0,"[3.435496897439723, 5.789236547811732, 2.647000918693746, 3.0518278109512957, 3.036378023828166]",[],"[2.435496897439723, 4.789236547811732, 1.647000918693746, 2.0518278109512957, 2.036378023828166]",[],"[6.2448638395890335, 12.280093712337774, 4.2230792787019125, 5.261096951157168, 5.221482112379912]"
102,0,1079,True,True,1.0,3.99,3,3,True,3,6,30.200854116307596,"[7.969111759324139, 7.69856187655462, 14.533180480428834]",14.778333105359962,"[4.107953586136414, 4.002439131856302, 6.667940387367246]",34.625087625418445,33.77017047293049,"[13.72706577137117, 16.12729503697203, 3.9158096645872877]",16.503784173913193,16.17036648444289,13.503784173913193,13.17036648444289,"[9.993236623105602, 3.080338188389916, 3.4302093624176746]","[6.353555650834756, 7.2896450644190915, 2.5271657691890423]","[8.993236623105602, 2.080338188389916, 2.4302093624176746]","[5.353555650834756, 6.2896450644190915, 1.5271657691890423]","[23.059581084886158, 5.334200483051067, 6.231306057481217]"
102,0,1080,True,False,,0.0,2,2,,0,2,18.724873279216325,"[2.5451320832433972, 16.179741195972927]",9.302700578894367,"[1.992601512464925, 7.310099066429442]",19.205063569177476,0.0,[],9.489974791979215,0.0,0.0,0.0,"[5.451276580156504, 4.038698211822711]",[],"[0.0, 0.0]",[],"[11.413529692708986, 7.791533876468488]"
102,0,1081,True,True,1.0,3.99,5,5,True,0,5,43.94706134678273,"[3.52400974910047, 8.87132736427101, 4.235816364200082, 12.892273344988652, 14.423634524222514]",22.139353925245267,"[2.3743638021491833, 4.459817672065695, 2.6519683820380324, 6.027986604545575, 6.625217464446781]",33.62461271645497,0.0,[],18.113598959417438,0.0,13.113598959417438,0.0,"[1.975, 4.067962091559577, 4.120566454219924, 4.253039664625179, 3.697030749012757]",[],"[0.9750000000000001, 3.067962091559577, 3.1205664542199236, 3.2530396646251787, 2.697030749012757]",[],"[2.5, 7.866569465537376, 8.001452446717753, 8.341127345192765, 6.915463459007069]"
102,0,1082,True,True,1.0,3.99,4,4,True,2,6,34.97726921426185,"[10.048834063597527, 9.48868954487144, 9.55856550132792, 5.881180104464966]",17.641134993562122,"[4.919045284803035, 4.700588922499861, 4.727840545517889, 3.2936602407413367]",30.14803717777923,7.498986698712958,"[3.749493349356479, 3.749493349356479]",15.7577344993339,4.924604812498053,11.7577344993339,2.9246048124980537,"[4.302483157123339, 4.292958934315294, 4.584429379111395, 2.5778630287838715]","[2.4623024062490266, 2.4623024062490266]","[3.3024831571233384, 3.292958934315294, 3.5844293791113944, 1.5778630287838715]","[1.4623024062490269, 1.4623024062490269]","[8.467905531085483, 8.443484446962293, 9.190844561824088, 4.045802637907363]"
102,0,1083,True,False,,0.0,1,1,,0,1,2.7385090324690626,[2.7385090324690626],2.0680185226629346,[2.0680185226629346],3.293371514684722,0.0,[],2.2844148907270414,0.0,0.0,0.0,[2.2844148907270414],[],[0.0],[],[3.293371514684722]
102,0,1084,True,True,1.0,3.99,5,5,True,2,7,43.8612487303331,"[4.617643488206134, 2.5, 11.337384800752686, 14.71476145094739, 10.691458990426884]",22.105887004829906,"[2.8008809604003924, 1.975, 5.421580072293548, 6.738756965869483, 5.169669006266485]",50.65928006046599,25.205432641206915,"[14.655592643355554, 10.549839997851361]",24.75711922358174,11.830118730070698,19.75711922358174,9.830118730070698,"[5.099590058292991, 4.8251958351513995, 3.996232232992326, 5.618310949014491, 5.217790148130531]","[6.715681130908666, 5.114437599162031]","[4.099590058292991, 3.8251958351513995, 2.996232232992326, 4.618310949014491, 4.217790148130531]","[5.715681130908666, 4.114437599162031]","[10.511769380238437, 9.808194449106152, 7.682646751262374, 11.841822946191003, 10.814846533668026]"
102,0,1085,True,False,,0.0,2,2,,0,2,29.37696068633171,"[9.558379588171189, 19.81858109816052]",13.457014667669366,"[4.727768039386763, 8.729246628282603]",17.636418897600176,0.0,[],8.87820337006407,0.0,0.0,0.0,"[5.631305431625197, 3.2468979384388716]",[],"[0.0, 0.0]",[],"[11.8751421323723, 5.761276765227876]"
102,0,1086,True,False,,0.0,1,1,,0,1,10.874828451536983,[10.874828451536983],5.241183096099424,[5.241183096099424],11.463251457799675,0.0,[],5.470668068541873,0.0,0.0,0.0,[5.470668068541873],[],[0.0],[],[11.463251457799675]
102,0,1087,True,True,1.0,3.99,6,6,True,4,10,85.41370471710871,"[4.083875362922026, 12.079436002106208, 29.952591081296585, 16.912873240565002, 7.727938705025629, 14.656990325193252]",39.311344839672394,"[2.59271139153959, 5.710980040821421, 12.681510521705668, 7.596020563820351, 4.013896094959995, 6.716226226825369]",70.38122341246486,42.22250755357946,"[5.896940085010509, 11.210089616904979, 14.6169029575751, 10.498574894088875]",33.4486771308613,20.466777945895988,27.4486771308613,16.46677794589599,"[11.307786098542145, 2.1822098394880634, 3.6214789962293463, 3.0742202517573403, 5.148166188059686, 8.114815756784719]","[3.2998066331540983, 5.371934950592942, 6.700592153454289, 5.094444208694662]","[10.307786098542145, 1.1822098394880631, 2.6214789962293463, 2.0742202517573403, 4.148166188059686, 7.114815756784719]","[2.2998066331540983, 4.371934950592942, 5.700592153454289, 4.094444208694662]","[26.430220765492678, 3.0313072807386234, 6.7217410159726825, 5.318513466044462, 10.6363235591274, 18.24311732508902]"
102,0,1088,True,True,1.0,3.99,3,3,True,2,5,11.673807948896584,"[6.6738079488965845, 2.5, 2.5]",7.552785100069668,"[3.602785100069668, 1.975, 1.975]",13.442873162211416,19.754596965740937,"[10.70571478987882, 9.048882175862117]",8.242720533262453,9.704292816638965,5.242720533262453,7.704292816638966,"[2.5574897774883487, 2.89041244440362, 2.7948183113704843]","[5.17522876805274, 4.529064048586226]","[1.5574897774883487, 1.8904124444036203, 1.794818311370484]","[4.17522876805274, 3.5290640485862257]","[3.993563532021407, 4.847211395906719, 4.602098234283292]"
102,0,1089,True,False,,0.0,2,2,,0,2,13.015235973203389,"[8.452654324991597, 4.5625816482117925]",7.0759420295493225,"[4.296535186746723, 2.779406842802599]",12.13202136312383,0.0,[],6.731488331618293,0.0,0.0,0.0,"[3.02554136425947, 3.7059469673588232]",[],"[0.0, 0.0]",[],"[5.193695805793514, 6.938325557330316]"
102,0,1090,True,True,1.0,3.99,6,6,True,1,7,80.47398459204138,"[22.19953801113496, 2.5, 28.415412099536653, 12.334462950243264, 12.524571531126492, 2.5]",37.38485399089613,"[9.657819824342633, 1.975, 12.082010718819294, 5.8104405505948735, 5.884582897139332, 1.975]",53.565291589261314,4.150187424286934,[4.150187424286934],26.890463719811912,2.6185730954719046,20.890463719811912,1.6185730954719044,"[2.7485507369098783, 7.838572259876973, 4.378171031282513, 3.9918934865472866, 5.381307987269312, 2.5519682179259515]",[2.6185730954719046],"[1.7485507369098783, 6.838572259876973, 3.3781710312825126, 2.9918934865472866, 4.381307987269312, 1.5519682179259513]",[1.6185730954719044],"[4.483463427974047, 17.534800666351213, 8.661977003288493, 7.671521760377658, 11.234123044280286, 3.9794056869896184]"
102,0,1091,True,False,,0.0,2,2,,0,2,25.188057711883175,"[18.5613191161085, 6.626738595774675]",11.82334250763444,"[8.238914455282316, 3.5844280523521235]",31.90497204413775,0.0,[],14.442939097213722,0.0,0.0,0.0,"[11.557113117606256, 2.8858259796074663]",[],"[0.0, 0.0]",[],"[27.069520814375018, 4.835451229762734]"
102,0,1092,True,False,,0.0,2,2,,0,2,14.711390357137866,"[7.878286549382982, 6.833103807754885]",7.737442239283768,"[4.072531754259363, 3.664910485024405]",31.08936033696504,0.0,[],14.124850531416367,0.0,0.0,0.0,"[6.270648645130831, 7.854201886285535]",[],"[0.0, 0.0]",[],"[13.514483705463668, 17.574876631501372]"
102,0,1093,True,True,1.0,3.99,4,4,True,2,6,46.51035726364533,"[15.565245666813603, 4.141098873368555, 8.577553866278995, 18.226458857184173]",22.139039332821675,"[7.070445810057305, 2.6150285606137365, 4.345246007848808, 8.108318954301827]",31.68935212697989,13.320837705795784,"[3.893477275029728, 9.427360430766056]",16.358847329522156,7.195126705260357,12.358847329522158,5.195126705260356,"[5.115707040256352, 4.959055330850184, 3.4144897192657973, 2.8695952391498247]","[2.518456137261594, 4.676670567998762]","[4.115707040256352, 3.9590553308501844, 2.4144897192657973, 1.869595239149825]","[1.5184561372615941, 3.676670567998762]","[10.553094975016286, 10.151423925256882, 6.190999280168711, 4.793833946538013]"
102,0,1094,True,True,1.0,3.99,5,5,True,1,6,47.833317984427936,"[12.765210309161581, 7.657682555886964, 7.34905319546586, 11.864520776043703, 8.19685114786983]",23.654994013926895,"[5.978432020573017, 3.9864961967959163, 3.8661307462316854, 5.627163102657044, 4.196771947669234]",51.14467205576784,7.83289386961624,[7.83289386961624],24.94642210174946,4.054828609150334,19.94642210174946,3.054828609150334,"[2.4572752550367687, 2.4401945639295057, 8.141182103195572, 5.443804770045312, 6.4639654095423005]",[4.054828609150334],"[1.457275255036769, 1.4401945639295055, 7.141182103195573, 4.443804770045312, 5.4639654095423005]",[3.054828609150334],"[3.736603218042997, 3.6928065741782192, 18.31072334152711, 11.39437120524439, 14.010167716775129]"
102,0,1095,True,True,1.0,3.99,7,7,True,1,8,83.95473854350045,"[12.73776712913589, 9.93928784993858, 15.332230736072574, 9.241929241802156, 13.53267929574819, 15.060588249073266, 8.110256041729803]",39.74234803196518,"[5.967729180362997, 4.876322261476046, 6.979569987068304, 4.6043524043028405, 6.2777449253417945, 6.873629417138574, 4.162999856274624]",65.37675996661432,13.687982269688813,[13.687982269688813],32.49693638697959,6.338313085178638,25.496936386979588,5.338313085178638,"[5.3030508899873805, 4.303998268706793, 7.14338823989825, 6.1562385188994195, 2.4655383086036116, 1.975, 5.1497221608841315]",[6.338313085178638],"[4.3030508899873805, 3.303998268706793, 6.14338823989825, 5.1562385188994195, 1.4655383086036116, 0.9750000000000001, 4.1497221608841315]",[5.338313085178638],"[11.033463820480463, 8.47179043258152, 15.752277538200639, 13.22112440743441, 3.757790534881055, 2.5, 10.640313233036235]"
102,0,1096,True,False,,0.0,1,1,,0,1,4.89710575401412,[4.89710575401412],2.9098712440655072,[2.9098712440655072],6.576959748731189,0.0,[],3.5650143020051637,0.0,0.0,0.0,[3.5650143020051637],[],[0.0],[],[6.576959748731189]
102,0,1097,True,False,,0.0,1,1,,0,1,3.874314430428022,[3.874314430428022],2.5109826278669285,[2.5109826278669285],7.4181513116610205,0.0,[],3.893079011547798,0.0,0.0,0.0,[3.893079011547798],[],[0.0],[],[7.4181513116610205]
102,0,1098,True,False,,0.0,2,2,,0,2,34.60034324769658,"[4.394541826026748, 30.205801421669833]",15.494133866601668,"[2.713871312150432, 12.780262554451236]",8.035200325209818,0.0,[],5.133728126831829,0.0,0.0,0.0,"[2.8516011437044346, 2.2821269831273945]",[],"[0.0, 0.0]",[],"[4.747695240267781, 3.2875050849420377]"
102,0,1099,True,True,1.0,3.99,5,5,True,1,6,42.124863782819645,"[8.003159849743042, 11.952310991723493, 6.372108224559236, 4.679998892263751, 11.117285824530127]",21.428696875299664,"[4.121232341399787, 5.661401286772162, 3.4851222075781023, 2.825199567982863, 5.33574147156675]",60.85862006632581,5.9714406472388735,[5.9714406472388735],28.73486182586707,3.328861852423161,23.73486182586707,2.328861852423161,"[10.240972672505217, 4.932116753934743, 4.14147649759216, 5.889392345076678, 3.530903556758271]",[3.328861852423161],"[9.240972672505217, 3.932116753934743, 3.14147649759216, 4.889392345076678, 2.530903556758271]",[2.328861852423161],"[23.69480172437235, 10.082350651114725, 8.055067942544, 12.53690344891456, 6.489496299380182]"
102,0,1100,True,False,,0.0,1,1,,0,1,5.346443308329903,[5.346443308329903],3.085112890248662,[3.085112890248662],4.6541415952414225,0.0,[],2.815115222144155,0.0,0.0,0.0,[2.815115222144155],[],[0.0],[],[4.6541415952414225]
102,0,1101,True,True,1.0,3.99,8,8,True,2,10,66.99778929893569,"[7.412498875054059, 5.8521998567996, 14.07728900417436, 5.146368316762369, 15.882959704552157, 4.994955593042473, 8.323271971696002, 5.308245976854652]",34.12913782658491,"[3.890874561271083, 3.282357944151844, 6.490142711628001, 3.007083643537324, 7.194354284775342, 2.9480326812865645, 4.246076068961441, 3.070215930973314]",56.79682652472184,9.70574270434523,"[5.40355856386719, 4.30218414047804]",30.15076234464152,5.7852396546946405,22.150762344641517,3.7852396546946396,"[6.1858315219118225, 1.975, 5.035586537501081, 2.1518866604065496, 3.099311117909408, 4.154896149269389, 4.352011081524411, 3.1962392761188583]","[3.107387839908204, 2.677851814786436]","[5.1858315219118225, 0.9750000000000001, 4.035586537501081, 1.1518866604065496, 2.099311117909408, 3.1548961492693883, 3.352011081524411, 2.1962392761188583]","[2.107387839908204, 1.6778518147864359]","[13.297003902338005, 2.5, 10.34765778846431, 2.953555539503973, 5.382849020280533, 8.089477305818944, 8.59490020903695, 5.6313827592791235]"
102,0,1102,True,True,1.0,3.99,4,4,True,2,6,45.37548439340703,"[8.190034658014914, 2.8976170235575327, 7.836231589478783, 26.451601122355797]",21.696438913428743,"[4.1941135166258166, 2.130070639187438, 4.056130319896726, 11.316124437718761]",31.677378491789412,21.07855655912228,"[5.921948963887522, 15.156607595234757]",16.354177611797873,10.220637058057688,12.354177611797873,8.220637058057688,"[4.370892255793013, 2.312512840249471, 2.9370493103310773, 6.733723205424311]","[3.3095600959161335, 6.911076962141555]","[3.3708922557930125, 1.312512840249471, 1.937049310331077, 5.733723205424311]","[2.3095600959161335, 5.911076962141555]","[8.64331347639234, 3.3654175391012076, 4.966793103413018, 14.701854372882847]"
102,0,1103,True,True,1.0,3.99,4,4,True,1,5,34.72823701645172,"[7.318669131495111, 13.600493795886553, 2.5, 11.309074089070057]",17.54401243641617,"[3.8542809612830933, 6.304192580395756, 1.975, 5.410538894737322]",41.9008219598814,11.225603959920079,[11.225603959920079],20.341320564353747,5.377985544368831,16.341320564353747,4.377985544368831,"[1.975, 8.792650698580966, 7.598669865772782, 1.975]",[5.377985544368831],"[0.9750000000000001, 7.792650698580966, 6.598669865772782, 0.9750000000000001]",[4.377985544368831],"[2.5, 19.98115563738709, 16.91966632249431, 2.5]"
102,0,1104,True,False,,0.0,1,1,,0,1,7.094471823368295,[7.094471823368295],3.766844011113635,[3.766844011113635],5.065628824920707,0.0,[],2.975595241719076,0.0,0.0,0.0,[2.975595241719076],[],[0.0],[],[5.065628824920707]
102,0,1105,True,False,,0.0,2,2,,0,2,27.497309950897623,"[15.828469776106452, 11.668840174791171]",12.723950880850072,"[7.173103212681516, 5.550847668168557]",29.28195968129654,0.0,[],13.419964275705652,0.0,0.0,0.0,"[6.614608331105369, 6.805355944600283]",[],"[0.0, 0.0]",[],"[14.396431618218896, 14.885528063077647]"
102,0,1106,True,True,1.0,3.99,4,4,True,1,5,55.05923322923449,"[4.575049468217833, 5.239860068347117, 23.89260982691068, 21.351713865758867]",25.473100959401457,"[2.784269292604955, 3.0435454266553754, 10.318117832495165, 9.327168407645958]",72.40212507184958,3.5164631628066663,[3.5164631628066663],32.236828778021334,2.3714206334946,28.236828778021334,1.3714206334946,"[2.9997313992823615, 9.919375346682873, 12.870263648345333, 6.447458383710768]",[2.3714206334946],"[1.9997313992823618, 8.919375346682873, 11.870263648345333, 5.447458383710768]",[1.3714206334946],"[5.127516408416312, 22.87019319662275, 30.436573457295722, 13.96784200951479]"
102,0,1107,True,True,1.0,3.99,7,7,True,2,9,64.86291057123611,"[12.352503671456843, 15.857459152154906, 6.002317011172552, 16.044705844467035, 2.6296720049942697, 4.491971898977775, 7.484280988012738]",32.29653512278209,"[5.817476431868169, 7.184409069340414, 3.3409036343572955, 7.257435279342144, 2.0255720819477654, 2.751869040601332, 3.918869585324968]",62.56409135389405,12.214188577617104,"[3.696993390144423, 8.517195187472682]",31.399995628018683,6.763533545270671,24.39999562801868,4.763533545270671,"[2.6901024051932763, 3.03264096525849, 6.658945443897145, 3.047650182439212, 4.885305536210982, 8.317975739483622, 2.767375355535953]","[2.441827422156325, 4.321706123114346]","[1.6901024051932763, 2.03264096525849, 5.658945443897145, 2.047650182439212, 3.8853055362109816, 7.3179757394836225, 1.7673753555359533]","[1.441827422156325, 3.321706123114346]","[4.33359591075199, 5.211899910919204, 14.510116522813192, 5.250385083177466, 9.962321887720465, 18.764040357650313, 4.5317316808614185]"
102,0,1108,True,True,1.0,3.99,5,5,True,4,9,70.15599935379014,"[9.244632932056897, 15.125220320298752, 14.941211246831172, 9.537946080790858, 21.306988773812456]",32.360839747978154,"[4.605406843502189, 6.898835924916513, 6.827072386264157, 4.719798971508435, 9.309725621786859]",37.21272028224011,30.814574829410475,"[4.696980154052821, 11.426124498785407, 4.297484499970919, 10.393985676601325]",19.512960910073645,16.017684183470084,14.512960910073645,12.017684183470084,"[4.272749648426139, 4.165286041353811, 3.5171158573283576, 4.601059851005827, 2.956749511959509]","[2.8318222600806005, 5.456188554526309, 2.6760189549886584, 5.053654413874517]","[3.272749648426139, 3.1652860413538115, 2.5171158573283576, 3.6010598510058274, 1.956749511959509]","[1.8318222600806002, 4.456188554526309, 1.6760189549886584, 4.053654413874517]","[8.391665765195228, 8.116118054753363, 6.454143223918866, 9.233486797450839, 5.017306440921818]"
102,0,1109,True,False,,0.0,1,1,,0,1,19.951080800541988,[19.951080800541988],8.780921512211375,[8.780921512211375],22.49309561707841,0.0,[],9.77230729066058,0.0,0.0,0.0,[9.77230729066058],[],[0.0],[],[22.49309561707841]
102,0,1110,True,False,,0.0,1,1,,0,1,9.884080072155191,[9.884080072155191],4.854791228140525,[4.854791228140525],9.922867107711973,0.0,[],4.86991817200767,0.0,0.0,0.0,[4.86991817200767],[],[0.0],[],[9.922867107711973]
102,0,1111,True,True,1.0,3.99,3,3,True,0,3,20.92905425073336,"[7.318765412807867, 6.2177286271485785, 7.392560210776913]",11.16233115778601,"[3.854318510995068, 3.4249141645879457, 3.883098482202996]",35.030295428872165,0.0,[],16.66181521726014,0.0,13.661815217260141,0.0,"[5.532742892628356, 5.458535392588428, 5.670536932043359]",[],"[4.532742892628356, 4.458535392588428, 4.670536932043359]",[],"[11.62241767340604, 11.432142032278021, 11.9757357231881]"
102,0,1112,True,True,1.0,3.99,3,3,True,2,5,18.69364223525655,"[3.822161018325117, 11.011783073204848, 3.8596981437265856]",10.290520471750055,"[2.490642797146796, 5.294595398549891, 2.5052822760533684]",16.107277391189626,17.620711682582147,"[8.315749780658118, 9.304961901924028]",9.281838182563956,8.872077556207037,6.2818381825639555,6.872077556207037,"[3.339805429854072, 2.7697998419655567, 3.172232910744327]","[4.243142414456666, 4.628935141750371]","[2.339805429854072, 1.7697998419655565, 2.172232910744327]","[3.243142414456666, 3.628935141750371]","[5.999501102189928, 4.537948312732196, 5.569827976267504]"
102,0,1113,True,True,1.0,3.99,4,4,True,2,6,45.66567502807239,"[18.593180734720775, 10.453991577323633, 7.289812702240482, 9.328690013787503]",21.809613260948236,"[8.251340486541103, 5.077056715156217, 3.843026953873788, 4.638189105377126]",18.72205713376153,27.644946630018502,"[12.516529747458065, 15.128416882560439]",11.301602282166996,12.781529185707218,7.301602282166996,10.781529185707218,"[3.569162680704619, 2.2179897469402814, 3.5394498545220965, 1.975]","[5.881446601508646, 6.900082584198572]","[2.569162680704619, 1.2179897469402812, 2.5394498545220965, 0.9750000000000001]","[4.881446601508646, 5.900082584198572]","[6.5875966171913305, 3.123050633180208, 6.511409883389991, 2.5]"
102,0,1114,True,False,,0.0,2,2,,0,2,26.157305595969646,"[22.70950546932777, 3.4478001266418774]",12.201349182428162,"[9.85670713303783, 2.344642049390332]",20.216584710987608,0.0,[],9.884468037285167,0.0,0.0,0.0,"[6.930862506696456, 2.953605530588712]",[],"[0.0, 0.0]",[],"[15.207339760760142, 5.009244950227466]"
102,0,1115,True,False,,0.0,2,2,,0,2,37.09469803840369,"[6.7270948767045695, 30.36760316169912]",16.46693223497744,"[3.623567001914782, 12.843365233062658]",14.719610579361753,0.0,[],7.740648125951084,0.0,0.0,0.0,"[2.50239030364461, 5.238257822306474]",[],"[0.0, 0.0]",[],"[3.852282829857974, 10.86732774950378]"
102,0,1116,True,False,,0.0,2,2,,0,2,12.845667968054794,"[9.439866532099996, 3.405801435954797]",7.00981050754137,"[4.6815479475189985, 2.328262560022371]",23.841412151344883,0.0,[],11.298150739024504,0.0,0.0,0.0,"[5.93755000565638, 5.360600733368123]",[],"[0.0, 0.0]",[],"[12.660384629888155, 11.181027521456727]"
102,0,1117,True,True,1.0,3.99,3,3,True,3,6,24.7055873386976,"[3.5877041247324826, 15.468035729432797, 5.64984748453232]",12.635179062092066,"[2.399204608645668, 7.032533934478791, 3.203440518967605]",39.774075489219825,33.11467890204463,"[10.310423852005457, 11.197473179103417, 11.606781870935759]",18.51188944079573,15.914724771797406,15.51188944079573,12.914724771797406,"[6.353781494314719, 7.2657553830879475, 4.8923525633930645]","[5.021065302282128, 5.367014539850333, 5.526644929664946]","[5.353781494314719, 6.2657553830879475, 3.8923525633930645]","[4.021065302282128, 4.367014539850333, 4.526644929664946]","[13.727644857217227, 16.06603944381525, 9.980391188187344]"
102,0,1118,True,False,,0.0,1,1,,0,1,13.238119237303406,[13.238119237303406],6.1628665025483285,[6.1628665025483285],15.501862127466731,0.0,[],7.045726229712026,0.0,0.0,0.0,[7.045726229712026],[],[0.0],[],[15.501862127466731]
102,0,1119,True,True,1.0,3.99,4,4,True,2,6,55.64238336543694,"[18.138523994580716, 9.89640564570557, 8.383657180467393, 19.223796544683257]",25.700529512520404,"[8.07402435788648, 4.859598201825173, 4.269626300382283, 8.49728065242647]",26.484663796157538,19.171596092200392,"[13.286798878942106, 5.884797213258287]",14.329018880501438,9.476922475958153,10.329018880501438,7.476922475958153,"[6.054346068050886, 2.7490402415420436, 2.910070308381675, 2.615562262526835]","[6.181851562787421, 3.2950709131707323]","[5.054346068050886, 1.7490402415420436, 1.9100703083816748, 1.615562262526835]","[5.181851562787421, 2.2950709131707323]","[12.959861712950989, 4.484718568056522, 4.897616175337627, 4.142467339812398]"
102,0,1120,True,True,1.0,3.99,7,7,True,0,7,74.80744024109319,"[7.961128694322145, 9.297478740214808, 5.498440105933202, 6.334351453225729, 8.132095275103751, 25.86847768437429, 11.715468287919258]",36.174901694026346,"[4.104840190785637, 4.626016708683776, 3.1443916413139488, 3.4703970667580344, 4.171517157290463, 11.088706296905974, 5.56903263228851]",81.15952018697773,0.0,[],38.65221287292132,0.0,31.652212872921314,0.0,"[3.0157914665481176, 4.257056635005817, 4.460343788199429, 5.044627490062176, 6.302721127144364, 10.988464720049047, 4.583207645912365]",[],"[2.0157914665481176, 3.257056635005817, 3.4603437881994292, 4.044627490062176, 5.302721127144364, 9.988464720049047, 3.5832076459123647]",[],"[5.168696068072096, 8.351427269245685, 8.872676379998536, 10.370839718108144, 13.596720838831704, 25.61144800012576, 9.187711912595807]"
102,0,1121,True,True,1.0,3.99,3,3,True,2,5,23.54180112229166,"[7.580643863363971, 6.664765652326524, 9.296391606601164]",12.181302437693748,"[3.9564511067119486, 3.5992586044073445, 4.625592726574454]",38.19814197599529,6.831098688274322,"[3.7373608767219437, 3.093737811552378]",17.897275370638162,4.664128488426986,14.897275370638164,2.664128488426986,"[4.511978789399978, 8.962480966846625, 4.422815614391562]","[2.457570741921558, 2.2065577465054274]","[3.5119787893999783, 7.962480966846625, 3.4228156143915616]","[1.457570741921558, 1.2065577465054276]","[9.005073818974303, 20.416617863709295, 8.776450293311695]"
102,0,1122,True,False,,0.0,2,2,,0,2,6.471698855922381,"[2.5, 3.971698855922381]",4.523962553809729,"[1.975, 2.5489625538097287]",26.611096342015983,0.0,[],12.378327573386233,0.0,0.0,0.0,"[7.450561285939734, 4.9277662874465005]",[],"[0.0, 0.0]",[],"[16.539900733178804, 10.07119560883718]"
102,0,1123,True,False,,0.0,1,1,,0,1,14.107384030901654,[14.107384030901654],6.5018797720516455,[6.5018797720516455],14.029467250286936,0.0,[],6.471492227611906,0.0,0.0,0.0,[6.471492227611906],[],[0.0],[],[14.029467250286936]
102,0,1124,True,False,,0.0,1,1,,0,1,5.377972948076106,[5.377972948076106],3.0974094497496814,[3.0974094497496814],9.034221699096296,0.0,[],4.523346462647556,0.0,0.0,0.0,[4.523346462647556],[],[0.0],[],[9.034221699096296]
102,0,1125,True,True,1.0,3.99,3,3,True,2,5,18.69910824344358,"[8.637293977858574, 7.412100306863863, 2.649713958721141]",10.292652214942997,"[4.368544651364845, 3.8907191196769064, 2.033388443901245]",37.19261261304921,16.409159135041953,"[9.8048906891706, 6.604268445871354]",17.505118919089192,8.399572062666362,14.505118919089188,6.399572062666362,"[4.200029010741704, 5.09727450403697, 8.207815404310516]","[4.823907368776534, 3.5756646938898284]","[3.200029010741704, 4.09727450403697, 7.207815404310515]","[3.823907368776534, 2.5756646938898284]","[8.205202591645396, 10.505832061633257, 18.48157795977055]"
102,0,1126,True,False,,0.0,2,2,,0,2,14.743686111108635,"[5.8263916612947355, 8.9172944498139]",7.750037583332368,"[3.272292747904947, 4.477744835427421]",11.195045644988914,0.0,[],6.366067801545677,0.0,0.0,0.0,"[2.3915505162914377, 3.974517285254239]",[],"[0.0, 0.0]",[],"[3.568078246901122, 7.626967398087792]"
102,0,1127,True,False,,0.0,2,2,,0,2,51.100665405989375,"[25.37101630147209, 25.729649104517286]",21.929259508335857,"[10.894696357574116, 11.034563150761741]",14.44646218011928,0.0,[],7.63412025024652,0.0,0.0,0.0,"[3.2360773932350653, 4.398042857011454]",[],"[0.0, 0.0]",[],"[5.733531777525808, 8.712930402593472]"
102,0,1128,True,True,1.0,3.99,6,6,True,0,6,54.8205127037879,"[9.825219552103583, 11.155803220199225, 10.103250673220245, 10.336578168644955, 4.122647039854441, 9.277014049765452]",27.379999954477285,"[4.831835625320398, 5.350763255877697, 4.940267762555896, 5.031265485771533, 2.6078323455432324, 4.618035479408526]",51.17102288402423,0.0,[],25.956698924769455,0.0,19.956698924769455,0.0,"[6.57140974472714, 3.433339295826064, 4.278172823520329, 5.1049440413692855, 3.092363070212453, 3.476469949114181]",[],"[5.57140974472714, 2.433339295826064, 3.278172823520329, 4.1049440413692855, 2.092363070212453, 2.476469949114181]",[],"[14.28566601212087, 6.239331527759138, 8.405571342359817, 10.525497541972527, 5.365033513365264, 6.349922946446617]"
102,0,1129,True,False,,0.0,1,1,,0,1,7.826330951186063,[7.826330951186063],4.052269070962565,[4.052269070962565],4.140460419577042,0.0,[],2.6147795636350466,0.0,0.0,0.0,[2.6147795636350466],[],[0.0],[],[4.140460419577042]
102,0,1130,True,True,1.0,3.99,3,3,True,0,3,27.5824848125809,"[11.672202229621144, 8.366885771058262, 7.543396811901495]",13.757169076906553,"[5.552158869552247, 4.2630854507127225, 3.941924756641583]",40.41760907152816,0.0,[],18.762867537895985,0.0,15.762867537895984,0.0,"[8.993609832006403, 6.352453234253591, 3.4168044716359898]",[],"[7.993609832006402, 5.352453234253591, 2.4168044716359898]",[],"[20.49643546668308, 13.724239062188696, 6.1969345426563835]"
102,0,1131,True,True,1.0,3.99,3,3,True,0,3,26.609448277322926,"[2.748331178751622, 9.843396009624005, 14.017721088947297]",13.37768482815594,"[2.0718491597131328, 4.838924443753362, 6.466911224689446]",40.91257542163561,0.0,[],18.95590441443789,0.0,15.955904414437887,0.0,"[7.347668706568266, 3.3388275575826443, 8.269408150286976]",[],"[6.347668706568266, 2.3388275575826443, 7.269408150286976]",[],"[16.276073606585296, 5.996993737391396, 18.639508077658913]"
102,0,1132,True,True,1.0,3.99,3,3,True,3,6,34.519506844489825,"[7.635314647847588, 17.83989037868716, 9.044301817955077]",16.46260766935103,"[3.9777727126605593, 7.957557247687992, 4.52727770900248]",19.264732908224744,31.743221891854592,"[15.027915575354779, 7.24066439485291, 9.474641921646903]",10.51324583420765,15.37985653782329,7.51324583420765,12.37985653782329,"[2.6041327503341276, 2.370137837959369, 5.538975245914154]","[6.860887074388364, 3.823859113992635, 4.695110349442292]","[1.6041327503341276, 1.3701378379593692, 4.538975245914154]","[5.860887074388364, 2.823859113992635, 3.695110349442292]","[4.113160898292635, 3.513173943485562, 11.638398066446548]"
102,0,1133,True,False,,0.0,2,2,,0,2,28.921799456690614,"[12.389162223833763, 16.532637232856853]",13.27950178810934,"[5.831773267295167, 7.447728520814173]",8.02318853518512,0.0,[],5.129043528722197,0.0,0.0,0.0,"[3.154043528722197, 1.975]",[],"[0.0, 0.0]",[],"[5.5231885351851195, 2.5]"
102,0,1134,True,True,1.0,3.99,3,3,True,1,4,34.72521200069323,"[17.566709422866722, 11.469798187885683, 5.68870438994083]",16.54283268027036,"[7.851016674918022, 5.473221293275416, 3.218594712076924]",40.239107386513396,6.311190230039485,[6.311190230039485],18.693251880740224,3.461364189715399,15.693251880740224,2.461364189715399,"[8.415274103718568, 3.6292661311590835, 6.648711645862572]",[3.461364189715399],"[7.415274103718568, 2.6292661311590835, 5.648711645862572]",[2.461364189715399],"[19.013523342868123, 6.741708028613035, 14.483876015032235]"
102,0,1135,True,True,1.0,3.99,3,3,True,2,5,26.783876595080947,"[3.8697074528878006, 3.325870601001167, 19.588298541191982]",13.44571187208157,"[2.509185906626242, 2.297089534390455, 8.639436431064873]",37.95065784397651,18.79314025903704,"[14.003649628366361, 4.789490630670681]",17.80075655915084,9.329324701024447,14.80075655915084,7.329324701024447,"[3.964562635738048, 7.130269357231161, 6.705924566181631]","[6.461423355062881, 2.867901345961566]","[2.964562635738048, 6.130269357231161, 5.705924566181631]","[5.461423355062881, 1.8679013459615657]","[7.601442655738584, 15.718639377515798, 14.63057581072213]"
102,0,1136,True,False,,0.0,2,2,,0,2,17.359706971204798,"[13.515693240509108, 3.844013730695689]",8.770285718769872,"[6.271120363798553, 2.4991653549713186]",12.607583073424074,0.0,[],6.91695739863539,0.0,0.0,0.0,"[2.4728433372709113, 4.444114061364478]",[],"[0.0, 0.0]",[],"[3.7765213776177213, 8.831061695806353]"
102,0,1137,True,True,1.0,3.99,6,6,True,2,8,54.9840075322753,"[6.339176037522584, 7.741356074947797, 18.851641571519316, 7.205166459915034, 2.7270828559103055, 12.119584532460268]",27.443762937587366,"[3.472278654633808, 4.019128869229641, 8.352140212892532, 3.8100149193668633, 2.0635623138050194, 5.726637967659505]",54.398413933798665,30.48006856374449,"[17.76711343438574, 12.712955129358749]",27.215381434181474,13.887226739860353,21.215381434181477,11.887226739860353,"[5.553176792680161, 6.957406478281615, 3.2993836512151606, 4.397888562241844, 2.389763127726293, 4.617762822036402]","[7.92917423941044, 5.958052500449912]","[4.553176792680161, 5.957406478281615, 2.2993836512151606, 3.3978885622418447, 1.3897631277262927, 3.617762822036402]","[6.92917423941044, 4.958052500449912]","[11.67481228892349, 15.275401226363115, 5.895855515936309, 8.712534774979089, 3.5634951992981865, 9.276314928298467]"
102,0,1138,True,False,,0.0,1,1,,0,1,8.912999271020624,[8.912999271020624],4.476069715698044,[4.476069715698044],3.937284557849466,0.0,[],2.5355409775612916,0.0,0.0,0.0,[2.5355409775612916],[],[0.0],[],[3.937284557849466]
102,0,1139,True,False,,0.0,2,2,,0,2,11.289784421863008,"[6.665445085481242, 4.624339336381765]",6.4030159245265725,"[3.5995235833376844, 2.803492341188888]",7.599801458751907,0.0,[],4.963922568913244,0.0,0.0,0.0,"[2.324703085479783, 2.63921948343346]",[],"[0.0, 0.0]",[],"[3.39667457815329, 4.203126880598616]"
102,0,1140,True,False,,0.0,2,2,,0,2,13.701082584331514,"[6.2948059572313415, 7.406276627100173]",7.343422207889291,"[3.4549743233202235, 3.8884478845690675]",26.25641447128608,0.0,[],12.240001643801573,0.0,0.0,0.0,"[6.592777013055502, 5.64722463074607]",[],"[0.0, 0.0]",[],"[14.340453879629493, 11.915960591656589]"
102,0,1141,True,False,,0.0,1,1,,0,1,6.014095694779581,[6.014095694779581],3.3454973209640366,[3.3454973209640366],5.530457055802912,0.0,[],3.1568782517631355,0.0,0.0,0.0,[3.1568782517631355],[],[0.0],[],[5.530457055802912]
102,0,1142,True,False,,0.0,2,2,,0,2,25.564471513458756,"[8.658691124293332, 16.905780389165425]",11.970143890248917,"[4.3768895384743995, 7.593254351774516]",29.281499850276617,0.0,[],13.419784941607881,0.0,0.0,0.0,"[4.583550914072658, 8.836234027535223]",[],"[0.0, 0.0]",[],"[9.18859208736579, 20.092907762910826]"
102,0,1143,True,False,,0.0,1,1,,0,1,4.8674984139020845,[4.8674984139020845],2.898324381421813,[2.898324381421813],5.938617784376505,0.0,[],3.316060935906837,0.0,0.0,0.0,[3.316060935906837],[],[0.0],[],[5.938617784376505]
102,0,1144,True,False,,0.0,1,1,,0,1,10.182833467190628,[10.182833467190628],4.971305052204345,[4.971305052204345],2.552864143616074,0.0,[],1.9956170160102689,0.0,0.0,0.0,[1.9956170160102689],[],[0.0],[],[2.552864143616074]
102,0,1145,True,True,1.0,3.99,3,3,True,1,4,37.51146085719473,"[5.869613728260072, 21.46620748410452, 10.175639644830133]",17.629469734305943,"[3.2891493540214283, 9.371820918800763, 4.968499461483752]",19.92031689416295,6.540731876055928,[6.540731876055928],10.768923588723553,3.550885431661812,7.768923588723552,2.550885431661812,"[4.785048096117228, 3.5155005578280893, 2.468374934778235]",[3.550885431661812],"[3.7850480961172273, 2.5155005578280893, 1.4683749347782349]",[2.550885431661812],"[9.70525152850571, 6.450001430328434, 3.7650639353288073]"
102,0,1146,True,True,1.0,3.99,3,3,True,3,6,24.17954512639369,"[8.356301110910904, 4.1664613352999, 11.656782680182886]",12.43002259929354,"[4.258957433255253, 2.6249199207669607, 5.546145245271326]",26.53911871570603,21.44239030363092,"[11.017478095381781, 3.6078721499272777, 6.817040058321861]",13.350256299125354,11.362532218416058,10.350256299125352,8.362532218416058,"[3.9302796996490033, 5.963231013234024, 3.456745586242325]","[5.2968164571988945, 2.4070701384716386, 3.6586456227455257]","[2.9302796996490033, 4.963231013234024, 2.456745586242325]","[4.2968164571988945, 1.4070701384716384, 2.6586456227455257]","[7.5135376914077, 12.726233367266728, 6.2993476570316025]"
102,0,1147,True,False,,0.0,1,1,,0,1,2.9925187843061813,[2.9925187843061813],2.1670823258794107,[2.1670823258794107],7.265241778927311,0.0,[],3.833444293781651,0.0,0.0,0.0,[3.833444293781651],[],[0.0],[],[7.265241778927311]
102,0,1148,True,True,1.0,3.99,6,6,True,0,6,56.296924017201555,"[3.4950151904493683, 10.823614068519495, 20.76678078366161, 4.674996902623921, 8.447447595306768, 8.089069476640399]",27.95580036670861,"[2.363055924275254, 5.2212094867226035, 9.099044505628028, 2.823248792023329, 4.29450456216964, 4.154737095889756]",79.1400545381891,0.0,[],36.86462126989376,0.0,30.86462126989376,0.0,"[5.69574266923577, 6.071827855232992, 9.263068547317697, 6.060165735189287, 7.08062711188328, 2.6931893510347327]",[],"[4.69574266923577, 5.071827855232992, 8.263068547317697, 5.060165735189287, 6.08062711188328, 1.6931893510347327]",[],"[12.040365818553255, 13.004686808289723, 21.187355249532555, 12.974783936382787, 15.591351568931486, 4.3415111564993145]"
102,0,1149,True,True,1.0,3.99,4,4,True,1,5,35.452463774922045,"[5.939784462764705, 3.2325556229854913, 19.346096951309377, 6.934026737862471]",17.8264608722196,"[3.316515940478235, 2.2606966929643417, 8.544977811010657, 3.704270427766364]",19.65952928213306,2.73980992796775,[2.73980992796775],11.667216420031895,2.0685258719074224,7.6672164200318935,1.0685258719074224,"[1.975, 2.283045464906311, 2.457344775925864, 4.951826179199719]",[2.0685258719074224],"[0.9750000000000001, 1.283045464906311, 1.457344775925864, 3.951826179199719]",[1.0685258719074224],"[2.5, 3.2898601664264384, 3.7367814767329843, 10.132887638973639]"
102,0,1150,True,True,1.0,3.99,4,4,True,1,5,29.48205249610421,"[3.063704066164971, 13.573318077018497, 2.5, 10.34503035292074]",15.49800047348064,"[2.1948445858043386, 6.293594050037214, 1.975, 5.034561837639089]",33.73816245301378,6.579749298951547,[6.579749298951547],17.157883356675374,3.566102226591103,13.157883356675374,2.566102226591103,"[6.365125221086699, 2.6148489341193017, 3.9064202767755942, 4.271488924693778]",[3.566102226591103],"[5.365125221086699, 1.6148489341193017, 2.9064202767755942, 3.271488924693778]",[2.566102226591103],"[13.75673133611974, 4.140638292613594, 7.452359684039985, 8.388433140240457]"
102,0,1151,True,True,1.0,3.99,5,5,True,0,5,49.57516211888478,"[14.319015115735716, 6.438447344473161, 17.529269832183907, 5.154162142816768, 6.134267683675235]",24.33431322636507,"[6.58441589513693, 3.5109944643445328, 7.8364152345517235, 3.0101232356985395, 3.392364396633342]",56.11039132050548,0.0,[],26.883052614997137,0.0,21.883052614997137,0.0,"[6.10614291619158, 7.374756183670881, 4.0830739985138145, 3.7743647174880395, 5.544714799132823]",[],"[5.10614291619158, 6.374756183670881, 3.083073998513815, 2.7743647174880395, 4.544714799132823]",[],"[13.092674144080974, 16.34552867607918, 7.9053179449072175, 7.113755685866768, 11.653114869571342]"
102,0,1152,True,True,1.0,3.99,4,4,True,2,6,32.376525186429326,"[13.179359004518899, 9.368490950332916, 6.774577035238507, 3.0540981963390026]",16.626844822707437,"[6.13995001176237, 4.653711470629837, 3.642085043743018, 2.191098296572211]",19.82181384599483,28.112715623111455,"[13.01771733125243, 15.094998291859026]",11.730507399937983,12.963959093013468,7.7305073999379825,10.963959093013468,"[2.6654430757132803, 3.602212427692981, 2.5981145626363302, 2.864737333895391]","[6.076909759188448, 6.88704933382502]","[1.6654430757132803, 2.602212427692981, 1.5981145626363304, 1.8647373338953914]","[5.076909759188448, 5.88704933382502]","[4.270366860803283, 6.67233955818713, 4.097729647785463, 4.7813777792189525]"
102,0,1153,True,True,1.0,3.99,3,3,True,3,6,19.513826740424022,"[14.508884035503065, 2.504942704920957, 2.5]",10.610392428765369,"[6.6584647738461955, 1.9769276549191732, 1.975]",22.817613199142205,28.897798314176548,"[15.876608801037628, 3.3648271631585427, 9.656362349980375]",11.898869147665462,14.270141342528854,8.89886914766546,11.270141342528854,"[1.975, 3.172583709487328, 6.751285438178132]","[7.1918774324046755, 2.3122825936318314, 4.765981316492347]","[0.9750000000000001, 2.172583709487328, 5.751285438178132]","[6.1918774324046755, 1.3122825936318316, 3.7659813164923466]","[2.5, 5.570727460223917, 14.746885738918287]"
102,0,1154,True,True,1.0,3.99,7,7,True,4,11,55.182023826295435,"[4.769159905387562, 19.466379271167497, 3.154548727779548, 6.1279351624626015, 5.317276408579893, 7.117674233337161, 9.229050117581172]",28.520989292255216,"[2.859972363101149, 8.591887915755324, 2.2302740038340234, 3.3898947133604147, 3.0737377993461585, 3.775892951001493, 4.599329545856657]",79.99741608230421,36.45606107993278,"[2.9696800661644396, 7.524758505147208, 18.62418308785166, 7.337439420769476]",38.19899227209864,18.217863821173786,31.19899227209865,14.217863821173784,"[1.975, 9.382078790715916, 10.041024726949706, 2.6397596667100167, 3.906889159969988, 4.103673892425148, 6.150566035327872]","[2.158175225804132, 3.9346558170074113, 8.263431404262146, 3.8616013741000956]","[0.9750000000000001, 8.382078790715916, 9.041024726949706, 1.639759666710017, 2.906889159969988, 3.103673892425148, 5.150566035327872]","[1.1581752258041316, 2.9346558170074113, 7.263431404262147, 2.8616013741000956]","[2.5, 21.492509719784398, 23.182114684486425, 4.20451196592312, 7.453561948640995, 7.958138185705508, 13.206579577763774]"
102,0,1155,True,False,,0.0,2,2,,0,2,6.7880678890864194,"[2.917273983412755, 3.8707939056736644]",4.647346476743703,"[2.137736853530974, 2.509609623212729]",17.979690621807663,0.0,[],9.012079342504988,0.0,0.0,0.0,"[2.539300465172307, 6.472778877332681]",[],"[0.0, 0.0]",[],"[3.946924269672582, 14.032766352135079]"
102,0,1156,True,False,,0.0,2,2,,0,2,15.022175770536535,"[8.994351609320239, 6.027824161216296]",7.8586485505092485,"[4.507797127634893, 3.3508514228743556]",23.057884184465877,0.0,[],10.992574831941692,0.0,0.0,0.0,"[5.947036560007099, 5.045538271934593]",[],"[0.0, 0.0]",[],"[12.68470912822333, 10.373175056242545]"
102,0,1157,True,True,1.0,3.99,3,3,True,1,4,20.79224019238278,"[7.740832207776911, 8.816826175669206, 4.234581808936664]",11.108973675029286,"[4.018924561032995, 4.438562208510991, 2.651486905485299]",26.660398217510842,4.017706210790751,[4.017706210790751],13.397555304829229,2.566905422208393,10.397555304829229,1.566905422208393,"[4.892268404662074, 5.550881461467684, 2.95440543869947]",[2.566905422208393],"[3.892268404662074, 4.550881461467684, 1.9544054386994703]",[1.566905422208393],"[9.98017539656942, 11.668926824276113, 5.011295996665308]"
102,0,1158,True,True,1.0,3.99,4,4,True,2,6,39.599216138283126,"[9.35489309983363, 23.072677945141884, 2.5, 4.671645093307613]",19.44369429393042,"[4.648408308935116, 9.998344398605335, 1.975, 2.8219415863899693]",36.1177747399111,27.669801986193043,"[7.527522681543293, 20.14227930464975]",18.085932148565327,12.791222774615289,14.085932148565329,10.791222774615289,"[5.957345876898462, 2.845323047340823, 5.638732824929778, 3.644530399396265]","[3.9357338458018845, 8.855488928813404]","[4.957345876898462, 1.8453230473408229, 4.638732824929778, 2.644530399396265]","[2.9357338458018845, 7.855488928813403]","[12.711143274098621, 4.731597557284161, 11.894186730589174, 6.780847177939141]"
102,0,1159,True,True,1.0,3.99,3,3,True,2,5,37.39764795956174,"[4.053850443557027, 11.054397001489614, 22.289400514515094]",17.585082704229077,"[2.5810016729872407, 5.3112148305809495, 9.692866200660887]",37.15247615826653,10.762633728504612,"[3.2299277822607944, 7.532705946243818]",17.489465701723947,6.197427154116799,14.489465701723947,4.197427154116799,"[5.158044025745147, 3.4088760936380327, 8.922545582340767]","[2.2596718350817095, 3.937755319035089]","[4.158044025745147, 2.4088760936380327, 7.922545582340768]","[1.2596718350817098, 2.937755319035089]","[10.66165134806448, 6.176605368302647, 20.314219441899404]"
102,0,1160,True,True,1.0,3.99,7,7,True,1,8,44.76233583058223,"[7.189546185300205, 6.372020298243267, 9.56737732191328, 7.917878583386898, 4.769483890515975, 3.4226060222949357, 5.52342352892767]",24.457310973927072,"[3.8039230122670804, 3.4850879163148742, 4.731277155546179, 4.087972647520891, 2.86009871730123, 2.334816348695025, 3.1541351762817915]",44.72976956541329,13.04511831305376,[13.04511831305376],24.444610130511183,6.087596142090966,17.444610130511187,5.087596142090966,"[5.680345551781822, 2.221123521045954, 2.664713055061182, 2.931834046658823, 2.2206007383121107, 3.883072048411907, 4.8429211692393865]",[6.087596142090966],"[4.680345551781822, 1.221123521045954, 1.664713055061182, 1.931834046658823, 1.2206007383121107, 2.883072048411907, 3.8429211692393865]",[5.087596142090966],"[12.000886030209799, 3.1310859513998817, 4.2684950129773895, 4.953420632458521, 3.1297454828515656, 7.392492431825402, 9.853644023690734]"
102,0,1161,True,True,1.0,3.99,4,4,True,4,8,24.397620471876074,"[5.2000929785186125, 3.095787882236598, 9.256296809498593, 6.845442801622269]",13.51507198403167,"[3.028036261622259, 2.2073572740722733, 4.609955755704451, 3.669722692632685]",47.36949448611729,59.93903082540915,"[8.49946684863289, 20.07018021523568, 9.307803036517665, 22.061580725022903]",22.474102849585748,27.376222021909566,18.474102849585744,23.376222021909566,"[6.062547072136635, 3.6953877851684522, 3.8795119856664817, 8.836656006614175]","[4.314792070966828, 8.827370283941915, 4.63004318424189, 9.604016482758933]","[5.062547072136635, 2.6953877851684522, 2.8795119856664817, 7.8366560066141755]","[3.3147920709668273, 7.8273702839419155, 3.6300431842418894, 8.604016482758933]","[12.980889928555474, 6.911250731201159, 7.383364065811491, 20.093989760549167]"
102,0,1162,True,False,,0.0,2,2,,0,2,21.92418060869011,"[4.366704869386969, 17.557475739303143]",10.550430437389144,"[2.7030148990609177, 7.847415538328226]",9.954191428171958,0.0,[],5.882134656987063,0.0,0.0,0.0,"[2.487216124041595, 3.3949185329454683]",[],"[0.0, 0.0]",[],"[3.813374677029731, 6.140816751142227]"
102,0,1163,True,False,,0.0,1,1,,0,1,7.476070783513055,[7.476070783513055],3.915667605570092,[3.915667605570092],18.428033180032834,0.0,[],8.186932940212806,0.0,0.0,0.0,[8.186932940212806],[],[0.0],[],[18.428033180032834]
102,0,1164,True,True,1.0,3.99,4,4,True,2,6,28.06863319281033,"[4.91434076995822, 8.19837640269587, 7.387625552736181, 7.568290467420059]",14.946766945196028,"[2.916592900283706, 4.197366797051389, 3.8811739655671107, 3.951633282293823]",33.502786670098324,19.541480285752524,"[14.396999691754695, 5.144480593997829]",17.066086801338344,9.621177311443486,13.066086801338345,7.621177311443485,"[6.647121771660379, 2.853963532859752, 4.9937661282861985, 2.5712353685320153]","[6.614829879784331, 3.0063474316591536]","[5.647121771660379, 1.8539635328597524, 3.993766128286199, 1.5712353685320155]","[5.614829879784331, 2.0063474316591536]","[14.479799414513792, 4.753752648358339, 10.240425969964612, 4.028808637261578]"
102,0,1165,True,True,1.0,3.99,5,3,,1,6,27.503601552803012,"[11.057947046186628, 5.25253820956296, 11.193116297053422]",13.726404605593174,"[5.312599348012785, 3.0484899017295546, 5.365315355850835]",16.843451502302567,18.749115921103833,[18.749115921103833],9.568946085898002,8.312155209230495,6.568946085898001,7.312155209230495,"[4.316591947793736, 2.3387187232830913, 2.913635414821175]",[8.312155209230495],"[3.3165919477937353, 1.338718723283091, 1.9136354148211747]",[7.312155209230495],"[8.504081917419834, 3.4326121109822845, 4.906757473900448]"
102,0,1166,True,True,1.0,3.99,4,4,True,2,6,37.80502749341552,"[13.078263939189146, 4.366429785083122, 11.20355484322708, 9.156778925916173]",18.743960722432057,"[6.100522936283767, 2.7029076161824177, 5.369386388858561, 4.571143781107308]",36.06184339838608,20.869753895080045,"[6.702459618882739, 14.167294276197307]",18.064118925370572,10.13920401908122,14.064118925370572,8.13920401908122,"[4.471218388225282, 3.3583323902090543, 6.363870914071889, 3.870697232864349]","[3.6139592513642684, 6.52524476771695]","[3.471218388225281, 2.3583323902090543, 5.363870914071889, 2.870697232864349]","[2.6139592513642684, 5.52524476771695]","[8.900559969808413, 6.047006128741164, 13.753515164286894, 7.360762135549613]"
102,0,1167,True,True,1.0,3.99,5,5,True,3,8,55.64458671611115,"[4.219795289531975, 23.14010301484442, 10.377446563230805, 5.198689662763199, 12.708552185740748]",26.70138881928335,"[2.6457201629174705, 10.024640175789324, 5.047204159660014, 3.027488968477648, 5.956335352438892]",60.42853348041552,23.562074120448965,"[5.760013765615166, 7.323684427322536, 10.478375927511264]",28.567128057362055,12.189208906975097,23.567128057362055,9.189208906975097,"[5.742532192076755, 6.23928996629993, 6.208646238538837, 4.049780733975032, 6.326878926471499]","[3.246405368589915, 3.856236926655789, 5.086566611729393]","[4.742532192076755, 5.23928996629993, 5.208646238538837, 3.0497807339750316, 5.326878926471499]","[2.246405368589915, 2.856236926655789, 4.086566611729393]","[12.160338954042961, 13.434076836666486, 13.355503175740607, 7.819950599935979, 13.658663914029484]"
102,0,1168,True,False,,0.0,1,1,,0,1,10.569901302864572,[10.569901302864572],5.122261508117183,[5.122261508117183],2.6686033346276097,0.0,[],2.0407553005047676,0.0,0.0,0.0,[2.0407553005047676],[],[0.0],[],[2.6686033346276097]
102,0,1169,True,False,,0.0,1,1,,0,1,2.5,[2.5],1.975,[1.975],10.947346995721183,0.0,[],5.269465328331262,0.0,0.0,0.0,[5.269465328331262],[],[0.0],[],[10.947346995721183]
102,0,1170,True,True,1.0,3.99,6,6,True,3,9,52.068924244322154,"[11.192493595481091, 7.733698689651675, 8.13994243494776, 9.285264958173329, 10.480437596757557, 5.237086969310748]",26.306880455285643,"[5.365072502237625, 4.016142488964153, 4.1745775496296265, 4.621253333687598, 5.087370662735448, 3.0424639180311916]",45.654468038498834,42.91525091945414,"[13.394060446736598, 17.57017173819406, 11.951018734523476]",23.805242535014546,19.736947858587115,17.805242535014546,16.736947858587115,"[5.063199674347891, 2.8688893757138945, 2.7942035100247464, 3.7750876130848403, 5.023924610691242, 4.279937751151933]","[6.223683574227273, 7.8523669778956835, 5.660897306464156]","[4.063199674347891, 1.8688893757138945, 1.7942035100247467, 2.7750876130848403, 4.023924610691242, 3.279937751151933]","[5.223683574227273, 6.8523669778956835, 4.660897306464156]","[10.41846070345613, 4.792024040292037, 4.600521820576273, 7.115609264320103, 10.317755412028824, 8.410096797825469]"
102,0,1171,True,False,,0.0,2,2,,0,2,8.648263147635445,"[5.1277494905026035, 3.5205136571328413]",5.372822627577824,"[2.9998223012960157, 2.373000326281808]",26.723825663074017,0.0,[],12.422292008598866,0.0,0.0,0.0,"[8.298697734959529, 4.123594273639338]",[],"[0.0, 0.0]",[],"[18.714609576819306, 8.009216086254712]"
102,0,1172,True,True,1.0,3.99,5,5,True,3,8,47.364381873668904,"[10.205616204274095, 6.887103959344379, 5.758850574066612, 14.020898169579409, 10.491912966404408]",23.472108930730872,"[4.980190319666898, 3.685970544144308, 3.2459517238859785, 6.46815028613597, 5.09184605689772]",43.766140268109375,10.35640711859907,"[3.1232610927088267, 3.6214006156262677, 3.6117454102639748]",22.068794704562656,7.038998776253638,17.068794704562656,4.038998776253637,"[2.2832770041925317, 8.761824505915957, 4.045133631294557, 3.9474663913174597, 3.031093171842153]","[2.2180718261564425, 2.4123462400942444, 2.4085807100029504]","[1.2832770041925319, 7.761824505915956, 3.045133631294557, 2.9474663913174597, 2.031093171842153]","[1.2180718261564425, 1.4123462400942444, 1.4085807100029502]","[3.2904538569039277, 19.90211411773322, 7.808034952037325, 7.5576061315832295, 5.207931209851675]"
102,0,1173,True,False,,0.0,1,1,,0,1,32.1632572096932,[32.1632572096932],13.543670311780348,[13.543670311780348],7.657712598203921,0.0,[],3.9865079132995294,0.0,0.0,0.0,[3.9865079132995294],[],[0.0],[],[7.657712598203921]
102,0,1174,True,False,,0.0,1,1,,0,1,3.240280303454915,[3.240280303454915],2.263709318347417,[2.263709318347417],15.197955350646811,0.0,[],6.927202586752257,0.0,0.0,0.0,[6.927202586752257],[],[0.0],[],[15.197955350646811]
102,0,1175,True,False,,0.0,1,1,,0,1,3.3650748875759526,[3.3650748875759526],2.3123792061546213,[2.3123792061546213],12.807630143772455,0.0,[],5.994975756071257,0.0,0.0,0.0,[5.994975756071257],[],[0.0],[],[12.807630143772455]
102,0,1176,True,True,1.0,3.99,7,7,True,4,11,76.07951835698121,"[12.747641828219777, 3.857407013943103, 11.221306132450255, 10.80946541187582, 18.35936984539317, 4.75874126779127, 14.32558685730781]",36.67101215922267,"[5.971580313005713, 2.5043887354378103, 5.3763093916555995, 5.2156915106315695, 8.160154239703338, 2.855909094438595, 6.586978874350046]",76.12596226617569,31.696679913307513,"[8.723277127166803, 6.032828197146369, 8.57295129306631, 8.367623295928029]",36.68912528380852,16.361705166189928,29.68912528380852,12.36170516618993,"[8.278641394779093, 8.105944920527087, 2.8642110158683165, 1.975, 6.087848458348945, 7.402479494285078, 1.975]","[4.402078079595054, 3.352802996887084, 4.343451004295861, 4.263373085411931]","[7.278641394779092, 7.105944920527086, 1.8642110158683163, 0.9750000000000001, 5.087848458348945, 6.402479494285078, 0.9750000000000001]","[3.402078079595053, 2.352802996887084, 3.3434510042958614, 3.2633730854119314]","[18.663183063536135, 18.22037159109509, 4.780028245816196, 2.5, 13.045765277817805, 16.416614087910457, 2.5]"
102,0,1177,True,False,,0.0,1,1,,0,1,5.851234400196219,[5.851234400196219],3.2819814160765257,[3.2819814160765257],10.399596687169382,0.0,[],5.055842707996059,0.0,0.0,0.0,[5.055842707996059],[],[0.0],[],[10.399596687169382]
102,0,1178,True,False,,0.0,2,2,,0,2,13.680891799972109,"[7.536560632511577, 6.144331167460531]",7.335547801989122,"[3.939258646679515, 3.3962891553096073]",16.66921857953013,0.0,[],8.500995246016753,0.0,0.0,0.0,"[4.9933705587402635, 3.507624687276489]",[],"[0.0, 0.0]",[],"[10.239411689077597, 6.429806890452536]"
102,0,1179,True,True,1.0,3.99,3,3,True,5,8,50.857644690092435,"[19.751707929733215, 22.644909458668636, 8.461027301690585]",22.83448142913605,"[8.703166092595954, 9.831514688880768, 4.299800647659328]",30.712950172802778,52.64933868436304,"[2.6507762742431846, 8.837496781279619, 14.295667734727113, 7.756381735774615, 19.109016158338505]",14.978050567393083,25.533242086901584,11.978050567393083,20.533242086901584,"[4.76396836134831, 2.395237040728465, 7.818845165316309]","[2.033802746954842, 4.4466237446990515, 6.575310416543574, 4.0249888769521, 8.452516301752016]","[3.7639683613483097, 1.3952370407284647, 6.818845165316309]","[1.033802746954842, 3.4466237446990515, 5.575310416543574, 3.0249888769521, 7.452516301752017]","[9.651200926534127, 3.5775308736627296, 17.48421837260592]"
102,0,1180,True,False,,0.0,2,2,,0,2,16.75616350107361,"[13.064298806878671, 3.691864694194935]",8.534903765418706,"[6.095076534682682, 2.4398272307360247]",28.238835703964106,0.0,[],13.013145924546002,0.0,0.0,0.0,"[8.043775074980644, 4.969370849565357]",[],"[0.0, 0.0]",[],"[18.0609617307196, 10.177873973244505]"
102,0,1181,True,True,1.0,3.99,3,3,True,0,3,23.89327507414611,"[4.401829219115357, 8.91559428561895, 10.575851569411801]",12.318377278916982,"[2.716713395454989, 4.47708177139139, 5.124582112070603]",18.265237255467788,0.0,[],10.123442529632438,0.0,7.123442529632437,0.0,"[1.975, 3.9627114832413928, 4.185731046391044]",[],"[0.9750000000000001, 2.9627114832413928, 3.1857310463910444]",[],"[2.5, 7.5966961108753654, 8.168541144592421]"
102,0,1182,True,True,1.0,3.99,4,4,True,1,5,31.429371266789477,"[10.127216340324528, 3.763676974999146, 8.084065474104966, 9.454412477360837]",16.257454794047895,"[4.9496143727265665, 2.467834020249667, 4.152785534900937, 4.687220866170726]",39.55330272012407,3.649804165335786,[3.649804165335786],19.42578806084839,2.4234236244809564,15.42578806084839,1.4234236244809566,"[4.137856946237639, 2.6717354152903807, 5.887041308076717, 6.729154391243654]",[2.4234236244809564],"[3.1378569462376382, 1.6717354152903807, 4.887041308076717, 5.729154391243654]",[1.4234236244809566],"[8.04578704163497, 4.28650106484713, 12.530875148914658, 14.690139464727316]"
102,0,1183,True,True,1.0,3.99,4,4,True,1,5,41.47054429316665,"[11.990641863925056, 9.320064947493881, 13.17384073904753, 6.985996742700182]",20.173512274334996,"[5.676350326930772, 4.634825329522614, 6.137797888228537, 3.724538729653071]",30.43546573694388,10.30001151538933,[10.30001151538933],15.869831637408115,5.017004491001839,11.869831637408115,4.017004491001839,"[4.251391245928106, 5.575662577419878, 1.975, 4.06777781406013]",[5.017004491001839],"[3.2513912459281067, 4.575662577419878, 0.9750000000000001, 3.06777781406013]",[4.017004491001839],"[8.33690063058489, 11.732468147230454, 2.5, 7.866096959128538]"
102,0,1184,True,True,1.0,3.99,6,6,True,2,8,65.0990267771668,"[14.148599991961957, 16.868553236560018, 10.888661553868644, 5.494856588932212, 2.5, 15.198355405843964]",31.388620443095054,"[6.517953996865163, 7.5787357622584075, 5.246578006008772, 3.1429940696835628, 1.975, 6.927358608279146]",65.87083334509069,8.025165305757435,"[5.115689659715363, 2.9094756460420714]",31.68962500458537,5.1298144692453995,25.689625004585366,3.1298144692453995,"[2.337087881535818, 6.7582902591125675, 10.148217365698073, 2.686213212598183, 4.088427494190084, 5.671388791450643]","[2.9951189672889917, 2.134695501956408]","[1.3370878815358178, 5.7582902591125675, 9.148217365698073, 1.6862132125981828, 3.0884274941900833, 4.671388791450643]","[1.9951189672889915, 1.134695501956408]","[3.4284304654764557, 14.764846818237352, 23.456967604354034, 4.323623622046623, 7.919044856897649, 11.977919978078573]"
102,0,1185,True,False,,0.0,2,2,,0,2,20.70212337290216,"[12.903376932647427, 7.7987464402547335]",10.073828115431844,"[6.032317003732497, 4.0415111116993465]",22.46638937802914,0.0,[],10.761891857431365,0.0,0.0,0.0,"[5.143535254441535, 5.618356602989831]",[],"[0.0, 0.0]",[],"[10.62444937036291, 11.841940007666233]"
102,0,1186,True,True,1.0,3.99,4,4,True,1,5,37.603038284078124,"[6.520963747989119, 10.534014111041248, 14.134315615024981, 6.413744810022777]",18.665184930790467,"[3.5431758617157563, 5.108265503306087, 6.512383089859743, 3.501360475908883]",27.56646135061237,6.0651800047852955,[6.0651800047852955],14.750919926738826,3.3654202018662653,10.750919926738826,2.3654202018662653,"[3.2581990574872393, 4.198130977723333, 2.596518005686266, 4.698071885841987]",[3.3654202018662653],"[2.2581990574872393, 3.1981309777233333, 1.5965180056862658, 3.6980718858419874]",[2.3654202018662653],"[5.790253993557023, 8.200335840316239, 4.093635912016066, 9.482235604723044]"
102,0,1187,True,False,,0.0,1,1,,0,1,6.187057800118918,[6.187057800118918],3.412952542046378,[3.412952542046378],25.774819705061805,0.0,[],11.052179684974105,0.0,0.0,0.0,[11.052179684974105],[],[0.0],[],[25.774819705061805]
102,0,1188,True,True,1.0,3.99,3,3,True,0,3,32.29729164208721,"[11.115062931387454, 9.868519716295989, 11.313708994403767]",15.595943740414013,"[5.334874543241107, 4.848722689355435, 5.412346507817469]",23.203112855668692,0.0,[],12.04921401371079,0.0,9.049214013710792,0.0,"[3.5023012122724215, 4.450719328341149, 4.09619347309722]",[],"[2.5023012122724215, 3.4507193283411497, 3.0961934730972196]",[],"[6.41615695454467, 8.847998277797819, 7.938957623326203]"
102,0,1189,True,True,1.0,3.99,4,4,True,2,6,32.864807784838305,"[14.299928630223674, 7.277373562941356, 8.787505591673273, 2.5]",16.81727503608694,"[6.576972165787233, 3.838175689547129, 4.427127180752577, 1.975]",23.515083025607357,15.978313762071863,"[9.683588313952733, 6.294725448119132]",13.170882379986868,8.231542367208027,9.17088237998687,6.231542367208027,"[3.4579790793871474, 3.950344582605093, 2.4265879417792986, 3.3359707762153303]","[4.776599442441565, 3.4549429247664616]","[2.4579790793871474, 2.950344582605093, 1.4265879417792986, 2.3359707762153303]","[3.7765994424415656, 2.4549429247664616]","[6.302510459967045, 7.5649861092438275, 3.657917799434099, 5.989668656962386]"
102,0,1190,True,True,1.0,3.99,5,5,True,1,6,53.632703069145954,"[14.844358921549606, 7.021512327584657, 5.962242320566243, 8.301357715561641, 17.503231783883805]",25.91675419696692,"[6.789299979404347, 3.738389807758016, 3.3252745050208348, 4.23752950906904, 7.826260395714685]",43.695392752673484,5.644629502980832,[5.644629502980832],22.04120317354266,3.2014055061625246,17.04120317354266,2.2014055061625246,"[3.8224170286439514, 5.629575250713369, 2.4586304268496573, 5.514502463068404, 4.616078004267276]",[3.2014055061625246],"[2.8224170286439514, 4.629575250713369, 1.4586304268496575, 4.514502463068404, 3.6160780042672767]",[2.2014055061625246],"[7.236966740112695, 11.87070577105992, 3.740078017563224, 11.575647341201037, 9.271994882736607]"
102,0,1191,True,True,1.0,3.99,3,3,True,3,6,40.05983349598651,"[8.771739624592653, 19.612515089961803, 11.675578781432055]",18.62333506343474,"[4.420978453591134, 8.648880885085104, 5.553475724758502]",39.66994956920397,22.481637723257396,"[11.031611951463118, 5.6658118422272565, 5.78421392956702]",18.47128033198955,11.767838712070384,15.471280331989549,8.767838712070384,"[7.366426843806249, 9.1298534881833, 1.975]","[5.302328661070616, 3.20966661846863, 3.255843432531138]","[6.366426843806249, 8.1298534881833, 0.9750000000000001]","[4.302328661070616, 2.20966661846863, 2.255843432531138]","[16.324171394374996, 20.845778174828975, 2.5]"
102,0,1192,True,True,1.0,3.99,3,3,True,1,4,15.113724617315814,"[4.005934951797597, 6.6058554767685695, 4.501934188749647]",8.894352600753168,"[2.5623146312010627, 3.5762836359397423, 2.755754333612362]",22.14624754469486,4.648263923415416,[4.648263923415416],11.637036542430995,2.8128229301320125,8.637036542430995,1.8128229301320125,"[3.7722739519941464, 3.125124981943648, 4.7396376084932]",[2.8128229301320125],"[2.7722739519941464, 2.125124981943648, 3.7396376084932]",[1.8128229301320125],"[7.108394748702939, 5.449038415240124, 9.588814380751794]"
102,0,1193,True,False,,0.0,2,2,,0,2,12.578773028771792,"[2.516688256926596, 10.062084771845196]",6.905721481220999,"[1.9815084202013724, 4.924213061019627]",19.30455106924574,0.0,[],9.528774917005839,0.0,0.0,0.0,"[6.390869317723838, 3.1379055992820004]",[],"[0.0, 0.0]",[],"[13.822741840317532, 5.481809228928206]"
102,0,1194,True,False,,0.0,2,2,,0,2,22.412378334341103,"[8.032321903112623, 14.38005643122848]",10.740827550393032,"[4.132605542213923, 6.608222008179108]",11.220849459450797,0.0,[],6.37613128918581,0.0,0.0,0.0,"[1.975, 4.401131289185811]",[],"[0.0, 0.0]",[],"[2.5, 8.720849459450797]"
102,0,1195,True,False,,0.0,1,1,,0,1,9.083841004329583,[9.083841004329583],4.542697991688538,[4.542697991688538],6.624124012544829,0.0,[],3.5834083648924837,0.0,0.0,0.0,[3.5834083648924837],[],[0.0],[],[6.624124012544829]
102,0,1196,True,False,,0.0,2,2,,0,2,14.422566792258245,"[8.38230161806045, 6.040265174197795]",7.624801048980716,"[4.269097631043576, 3.35570341793714]",10.816859380377357,0.0,[],6.21857515834717,0.0,0.0,0.0,"[2.713129585987325, 3.5054455723598448]",[],"[0.0, 0.0]",[],"[4.392639964070063, 6.424219416307294]"
102,0,1197,True,False,,0.0,1,1,,0,1,5.542011641088105,[5.542011641088105],3.1613845400243608,[3.1613845400243608],14.489471004898846,0.0,[],6.65089369191055,0.0,0.0,0.0,[6.65089369191055],[],[0.0],[],[14.489471004898846]
102,0,1198,True,True,1.0,3.99,5,4,,0,5,29.05582447408408,"[2.5, 9.440934229124617, 6.376186415252835, 10.738703829706626]",15.331771544892792,"[1.975, 4.6819643493586005, 3.4867127019486057, 5.188094493585584]",36.791180535980686,0.0,[],18.348560409032466,0.0,14.348560409032467,0.0,"[5.741042580380663, 2.8850148511627833, 6.59263533317394, 3.1298676443150817]",[],"[4.741042580380663, 1.8850148511627833, 5.59263533317394, 2.1298676443150817]",[],"[12.156519436873493, 4.833371413237906, 14.340090597881897, 5.461199087987389]"
102,0,1199,True,True,1.0,3.99,4,4,True,1,5,59.15987037651504,"[14.32344473475471, 18.532168766255097, 15.334277755566383, 10.969979119938849]",27.072349446840867,"[6.586143446554337, 8.227545818839488, 6.98036832467089, 5.278291856776151]",31.28114846351211,9.974683662321993,[9.974683662321993],16.199647900769722,4.890126628305578,12.199647900769722,3.8901266283055778,"[6.7046433583596095, 4.533167053216959, 2.393251905382856, 2.5685855838102993]",[4.890126628305578],"[5.7046433583596095, 3.5331670532169586, 1.393251905382856, 1.5685855838102993]",[3.8901266283055778],"[14.627290662460537, 9.059402700556303, 3.572440783032964, 4.022014317462306]"
102,0,1200,True,True,1.0,3.99,4,4,True,0,4,38.043137214585656,"[7.78339404075955, 6.175691488545909, 12.029330900592818, 12.05472078468738]",18.836823513688408,"[4.035523675896225, 3.4085196805329048, 5.691439051231199, 5.701341106028078]",90.52238357907838,0.0,[],39.303729595840565,0.0,35.303729595840565,0.0,"[8.076111044163312, 4.61449390119765, 12.351881007819728, 14.261243642659878]",[],"[7.076111044163312, 3.6144939011976502, 11.351881007819728, 13.261243642659878]",[],"[18.14387447221362, 9.267933079993975, 29.10738719953776, 34.00318882733302]"
102,0,1201,True,True,1.0,3.99,3,3,True,2,5,41.676147869908704,"[9.074877134061524, 15.648595468243526, 16.95267526760365]",19.253697669264394,"[4.539202082283994, 7.102952232614975, 7.611543354365423]",58.77527189749708,11.67958638714246,"[4.0726731690605575, 7.606913218081904]",25.92235604002386,6.55503869098556,22.92235604002386,4.55503869098556,"[7.018777646143769, 12.21082437019548, 6.692754023684611]","[2.5883425359336174, 3.9666961550519426]","[6.018777646143769, 11.21082437019548, 5.692754023684611]","[1.5883425359336174, 2.9666961550519426]","[15.432763195240433, 28.745703513321743, 14.596805188934898]"
102,0,1202,True,True,1.0,3.99,3,3,True,2,5,21.635424791351696,"[6.9783820520249265, 3.0706385196497075, 11.586404219677062]",11.437815668627161,"[3.7215690002897213, 2.1975490226633863, 5.518697645674054]",41.91245482962805,14.970667948006785,"[3.293717422796525, 11.676950525210259]",19.345857383554936,7.838560499722647,16.34585738355494,5.838560499722647,"[4.431280400121544, 6.302926640806022, 8.611650342627373]","[2.284549794890645, 5.5540107048320015]","[3.4312804001215444, 5.302926640806022, 7.611650342627373]","[1.2845497948906448, 4.5540107048320015]","[8.798154872106524, 13.597247796938516, 19.517052160583006]"
102,0,1203,True,False,,0.0,1,1,,0,1,4.565054367019139,[4.565054367019139],2.780371203137464,[2.780371203137464],8.26607552051424,0.0,[],4.223769453000553,0.0,0.0,0.0,[4.223769453000553],[],[0.0],[],[8.26607552051424]
102,0,1204,True,True,1.0,3.99,7,7,True,3,10,93.10879690923326,"[11.612567751901357, 14.742992404969826, 7.440032273280588, 15.917081564102858, 16.98435022668886, 19.120699330486634, 7.291073357803149]",43.31243079460098,"[5.528901423241529, 6.749767037938232, 3.9016125865794296, 7.207661810000115, 7.623896588408656, 8.457072738889789, 3.8435186095432283]",75.72536114765616,30.185379319153302,"[7.034308169785392, 13.329102327384078, 9.821968821983834]",36.53289084758591,14.77229793446979,29.532890847585904,11.772297934469789,"[3.816129950304727, 5.529172385089389, 7.055276219516466, 5.136848513145493, 7.203676551677399, 4.459185952286708, 3.332601275565726]","[3.743380186216303, 6.19834990767979, 4.830567840573695]","[2.816129950304727, 4.529172385089389, 6.055276219516466, 4.136848513145493, 6.203676551677399, 3.4591859522867074, 2.332601275565726]","[2.743380186216303, 5.19834990767979, 3.8305678405736954]","[7.220846026422376, 11.613262525870226, 15.526349280811452, 10.607303879860238, 15.90686295301897, 8.869707569965916, 5.98102891170699]"
102,0,1205,True,True,1.0,3.99,3,3,,4,7,31.09716523699316,"[13.171141182010093, 7.775130846661227, 10.15089320832184]",15.127894442427333,"[6.1367450609839365, 4.032301030197878, 4.958848351245518]",31.509280843657038,17.47966446516439,"[2.890411317319688, 2.6299855258992193, 6.710595166005096, 5.248672455940389]",15.288619529026246,10.817069141414112,12.288619529026246,6.817069141414113,"[3.0738329725133533, 7.35269624460605, 4.862090311906842]","[2.1272604137546782, 2.0256943551006956, 3.6171321147419877, 3.046982257816752]","[2.0738329725133533, 6.35269624460605, 3.862090311906842]","[1.1272604137546784, 1.0256943551006956, 2.6171321147419877, 2.046982257816752]","[5.317520442341931, 16.2889647297591, 9.902795671556005]"
102,0,1206,True,False,,0.0,2,2,,0,2,25.434255282447165,"[16.11395719401909, 9.320298088428075]",11.919359560154394,"[7.284443305667446, 4.634916254486949]",14.032154210140355,0.0,[],7.472540141954739,0.0,0.0,0.0,"[3.2862154826288617, 4.186324659325877]",[],"[0.0, 0.0]",[],"[5.862090981099645, 8.17006322904071]"
102,0,1207,True,True,1.0,3.99,4,4,True,1,5,44.30129292656588,"[15.446871957790274, 3.656287053879188, 9.25780329951049, 15.940330615385925]",21.277504241360695,"[7.024280063538207, 2.425951951012883, 4.610543286809092, 7.216728940000511]",33.51053572399998,4.926647911910442,[4.926647911910442],17.069108932359992,2.9213926856450723,13.069108932359992,1.9213926856450725,"[5.557727329218871, 2.6613997997752232, 2.8572934323360837, 5.992688371029814]",[2.9213926856450723],"[4.557727329218871, 1.6613997997752235, 1.8572934323360835, 4.992688371029814]",[1.9213926856450725],"[11.686480331330438, 4.259999486603137, 4.762290852143804, 12.801765053922601]"
102,0,1208,True,True,1.0,3.99,3,3,True,1,4,47.64301105102886,"[10.486307925317048, 23.34711509225039, 13.809588033461418]",21.580774309901255,"[5.0896600908736485, 10.105374885977653, 6.385739333049953]",22.76524820141007,7.380993558038554,[7.380993558038554],11.878446798549927,3.8785874876350364,8.878446798549927,2.8785874876350364,"[6.806138918586332, 2.5624824642358073, 2.5098254157277884]",[3.8785874876350364],"[5.806138918586332, 1.5624824642358075, 1.5098254157277882]",[2.8785874876350364],"[14.887535688682902, 4.006365292912327, 3.871347219814841]"
102,0,1209,True,True,1.0,3.99,5,5,True,0,5,53.87817844396809,"[17.89455456555982, 9.3560705352126, 14.773325483504301, 2.5, 9.354227859691369]",26.01248959314756,"[7.97887628056833, 4.6488675087329145, 6.761596938566678, 1.975, 4.648148865279634]",46.23061606317645,0.0,[],23.029940264638814,0.0,18.029940264638814,0.0,"[3.8197302289450574, 5.3654412821200825, 5.3368015452862325, 1.975, 6.532967208287443]",[],"[2.8197302289450574, 4.3654412821200825, 4.3368015452862325, 0.9750000000000001, 5.532967208287443]",[],"[7.230077510115532, 11.193439184923287, 11.12000396227239, 2.5, 14.187095405865236]"
102,0,1210,True,True,1.0,3.99,4,4,True,1,5,40.32967091458736,"[8.734180397127686, 9.252940664658615, 3.598525031589472, 18.74402482121159]",19.72857165668907,"[4.406330354879797, 4.60864685921686, 2.403424762319894, 8.31016968027252]",24.6423395969236,5.106938667733359,[5.106938667733359],13.610512442800204,2.99170608041601,9.610512442800204,1.99170608041601,"[3.991448824098775, 2.664029894314222, 4.7831402308415445, 2.1718934935456624]",[2.99170608041601],"[2.991448824098775, 1.6640298943142218, 3.783140230841544, 1.1718934935456624]",[1.99170608041601],"[7.670381600253269, 4.266743318754415, 9.700359566260369, 3.0048551116555444]"
102,0,1211,True,False,,0.0,1,1,,0,1,5.836991261993247,[5.836991261993247],3.2764265921773665,[3.2764265921773665],7.938333703659218,0.0,[],4.095950144427095,0.0,0.0,0.0,[4.095950144427095],[],[0.0],[],[7.938333703659218]
102,0,1212,True,True,1.0,3.99,4,4,True,1,5,43.314541738755,"[30.39129225964885, 4.718629836168314, 5.704619642937833, 2.5]",20.89267127811445,"[12.852603981263051, 2.8402656361056424, 3.224801660745755, 1.975]",31.259656845609776,18.676631327699013,[18.676631327699013],16.191266169787813,8.283886217802616,12.191266169787813,7.283886217802616,"[4.113933601074379, 5.803102545962021, 2.944536164633395, 3.3296938581180164]",[8.283886217802616],"[3.1139336010743794, 4.803102545962021, 1.9445361646333954, 2.3296938581180164]",[7.283886217802616],"[7.984445130959947, 12.315647553748773, 4.985990165726655, 5.973573995174401]"
102,0,1213,True,True,1.0,3.99,4,4,True,0,4,21.554004937840276,"[4.4977193027361, 6.9862638842572515, 3.0886137491438013, 6.9814080017031195]",12.406061925757706,"[2.7541105280670792, 3.724642914860328, 2.2045593621660826, 3.7227491206642167]",20.854098154868314,0.0,[],12.133098280398642,0.0,8.133098280398642,0.0,"[3.771234837216932, 3.110892628980633, 3.2759708142010777, 1.975]",[],"[2.771234837216932, 2.110892628980633, 2.2759708142010777, 0.9750000000000001]",[],"[7.105730351838287, 5.412545202514444, 5.835822600515584, 2.5]"
102,0,1214,True,True,1.0,3.99,6,6,True,5,11,50.38798135881554,"[3.740868673508593, 4.435442309953814, 9.19510800049213, 15.418764095567747, 4.903858066079373, 12.693940213213876]",25.65131272993806,"[2.4589387826683513, 2.7298225008819874, 4.586092120191931, 7.013317997271422, 2.912504645770955, 5.950636683153412]",53.01896900955934,44.2853303165127,"[8.861093169819101, 14.046984512994339, 7.373398066801206, 10.235476951051375, 3.7683776158466746]",26.677397913728143,22.27127882343995,20.677397913728147,17.271278823439953,"[5.365464999607505, 2.8790003862872027, 6.24784543365177, 4.204347648668977, 5.1783778463306875, 2.802361599182002]","[4.45582633622945, 6.478323960067792, 3.8756252460524707, 4.991836010910037, 2.469667270180203]","[4.365464999607505, 1.8790003862872025, 5.24784543365177, 3.204347648668976, 4.1783778463306875, 1.8023615991820021]","[3.4558263362294497, 5.478323960067792, 2.8756252460524707, 3.991836010910036, 1.4696672701802032]","[11.193499998993602, 4.817949708428724, 13.456013932440436, 8.216276022228143, 10.713789349565864, 4.621439997902569]"
102,0,1215,True,True,1.0,3.99,5,2,,3,8,16.044096112929118,"[13.544096112929118, 2.5]",8.257197484042356,"[6.2821974840423565, 1.975]",8.648684332631149,20.07428363276178,"[4.28293905912617, 7.299986672387542, 8.491357901248069]",5.372986889726148,10.828970616777095,3.372986889726148,7.828970616777095,"[3.397986889726148, 1.975]","[2.670346233059206, 3.8469948022311415, 4.311629581486747]","[2.397986889726148, 0.9750000000000001]","[1.6703462330592063, 2.8469948022311415, 3.311629581486747]","[6.148684332631148, 2.5]"
102,0,1216,True,True,1.0,3.99,6,6,True,1,7,32.31592567922344,"[11.65641888582061, 2.5817806460031507, 2.5, 3.5084597883790525, 7.279980664925981, 4.789285694094642]",18.60321101489714,"[5.546003365470038, 2.006894451941229, 1.975, 2.3682993174678306, 3.839192459321133, 2.8678214206969104]",63.919312013711505,11.694079172025493,[11.694079172025493],30.928531685347487,5.560690877089942,24.928531685347487,4.560690877089942,"[3.1152268381274038, 1.975, 7.734789726943645, 5.009627350805221, 2.5654783000128276, 10.528409469458389]",[5.560690877089942],"[2.1152268381274038, 0.9750000000000001, 6.734789726943645, 4.009627350805221, 1.5654783000128274, 9.528409469458389]",[4.560690877089942],"[5.423658559301035, 2.5, 17.268691607547808, 10.281095771295439, 4.014046923109814, 24.431819152457408]"
102,0,1217,True,True,1.0,3.99,8,8,True,1,9,71.54232880872365,"[15.738861515126406, 9.265169424785539, 3.897673818876119, 3.6054367589188354, 11.641398231495842, 11.955111634768873, 7.940717939194307, 7.4979594855577405]",35.90150823540223,"[7.138155990899298, 4.61341607566636, 2.5200927893616862, 2.406120335978346, 5.540145310283378, 5.66249353755986, 4.09687999628578, 3.924204199367519]",74.41573549562494,8.922492311878447,[8.922492311878447],37.02213684329373,4.479772001632594,29.02213684329373,3.479772001632594,"[6.86967409705701, 4.656785010599195, 7.187181556471021, 2.4708864617381026, 3.856524170294462, 2.4416859735290073, 6.308028674769614, 3.2313708988353183]",[4.479772001632594],"[5.86967409705701, 3.6567850105991946, 6.187181556471021, 1.4708864617381026, 2.856524170294462, 1.4416859735290075, 5.308028674769614, 2.2313708988353183]",[3.479772001632594],"[15.050446402710282, 9.376371822049217, 15.864568093515437, 3.771503748046417, 7.324420949472979, 3.6966307013564292, 13.610329935306702, 5.7214638431674825]"
102,0,1218,True,False,,0.0,2,2,,0,2,35.83729097685271,"[17.891274569678, 17.946016407174707]",15.976543480972555,"[7.97759708217442, 7.998946398798136]",22.2586254241452,0.0,[],10.680863915416628,0.0,0.0,0.0,"[4.065528870224355, 6.615335045192273]",[],"[0.0, 0.0]",[],"[7.8603304364727045, 14.398294987672495]"
102,0,1219,True,True,1.0,3.99,3,3,True,0,3,33.401738558455015,"[7.161661791964128, 13.457439130430863, 12.782637636060025]",16.026678037797456,"[3.79304809886601, 6.248401260868037, 5.98522867806341]",44.43697970778448,0.0,[],20.33042208603595,0.0,17.33042208603595,0.0,"[7.86217098362941, 7.30587616660579, 5.162374935800748]",[],"[6.86217098362941, 6.30587616660579, 4.162374935800748]",[],"[17.595310214434384, 16.168913247707152, 10.672756245642942]"
102,0,1220,True,True,1.0,3.99,4,4,True,2,6,39.47398009431308,"[2.5, 9.207071576290714, 13.916282150007959, 13.850626368014401]",19.3948522367821,"[1.975, 4.590757914753379, 6.427350038503104, 6.401744283525617]",28.216180024392347,16.856192954392615,"[11.110887382920039, 5.745305571472575]",15.004310209513015,8.57391525221312,11.004310209513015,6.573915252213119,"[2.606409409212391, 3.6460350672646604, 3.515538872035859, 5.236326861000105]","[5.3332460793388154, 3.2406691728743042]","[1.6064094092123908, 2.6460350672646604, 2.515538872035859, 4.236326861000105]","[4.3332460793388154, 2.2406691728743042]","[4.118998485159977, 6.784705300678616, 6.450099671886818, 10.862376566666935]"
102,0,1221,True,True,1.0,3.99,7,7,True,7,14,98.32568741059828,"[21.517865985283724, 5.955489790924967, 32.667811426429374, 7.731106696786558, 11.81068112893922, 3.410028531898556, 15.23270385033587]",45.34701809013333,"[9.391967734260653, 3.3226410184607373, 13.740446456307456, 4.0151316117467575, 5.606165640286297, 2.329911127440437, 6.940754501630989]",75.69365231067768,69.96634464422777,"[5.168980986021956, 7.167366894442275, 7.6242286198892195, 12.871497487384245, 11.767782341499057, 9.147347047310591, 16.219141267680435]",36.5205244011643,34.28687441124883,29.5205244011643,27.28687441124883,"[1.975, 5.229347891652094, 3.803358233414226, 7.131744215231946, 7.466542344042043, 4.551737133910688, 6.362794582913301]","[3.015902584548563, 3.7952730888324875, 3.9734491617567955, 6.019884020079855, 5.589435113184632, 4.5674653484511305, 7.32546509439537]","[0.9750000000000001, 4.229347891652094, 2.803358233414226, 6.131744215231946, 6.466542344042043, 3.551737133910688, 5.362794582913301]","[2.015902584548563, 2.7952730888324875, 2.9734491617567955, 5.019884020079855, 4.589435113184632, 3.5674653484511305, 6.32546509439537]","[2.5, 10.844481773466908, 7.188098034395451, 15.722421064697299, 16.580877805236007, 9.107018292078687, 13.750755340803336]"
102,0,1222,True,True,1.0,3.99,4,4,True,1,5,42.65556048631346,"[14.336323648388234, 11.676036316687538, 2.660852843613839, 13.982347677623853]",20.635668589662252,"[6.591166222871411, 5.55365416350814, 2.0377326090093972, 6.453115594273303]",38.08309411465201,12.58638973473989,[12.58638973473989],18.852406704714284,5.908691996548558,14.852406704714284,4.908691996548558,"[10.208123854975312, 2.8295902096643895, 1.993328291064587, 3.821364349009996]",[5.908691996548558],"[9.208123854975312, 1.8295902096643895, 0.993328291064587, 2.821364349009996]",[4.908691996548558],"[23.610573987116187, 4.691256947857409, 2.5469956181143254, 7.234267561564092]"
102,0,1223,True,False,,0.0,2,2,,0,2,17.015487095145993,"[6.593806837382738, 10.421680257763253]",8.636039967106937,"[3.571584666579268, 5.064455300527669]",16.222272906692556,0.0,[],8.326686433610096,0.0,0.0,0.0,"[4.0299526901648175, 4.296733743445279]",[],"[0.0, 0.0]",[],"[7.769109461961071, 8.453163444731485]"
102,0,1224,True,True,1.0,3.99,4,4,True,2,6,59.06632239637475,"[18.06569514945255, 15.659585737200914, 20.929380396437377, 4.411661113283908]",27.035865734586153,"[8.045621108286495, 7.107238437508356, 9.162458354610578, 2.7205478341807243]",28.418133472348956,10.462759487731962,"[5.226747139016319, 5.236012348715642]",15.083072054216094,6.080476200215465,11.083072054216093,4.080476200215465,"[3.181093529121954, 5.906686066211063, 2.359958377247869, 3.6353340816352073]","[3.0384313842163646, 3.0420448159991005]","[2.181093529121954, 4.906686066211063, 1.359958377247869, 2.6353340816352073]","[2.0384313842163646, 2.0420448159991005]","[5.592547510569112, 12.58124632361811, 3.487072762174023, 6.75726687598771]"
102,0,1225,True,True,1.0,3.99,4,4,True,0,4,34.8337112888951,"[6.132909259008151, 6.280510490777897, 10.099108015061258, 12.3211835240478]",17.585147402669094,"[3.391834611013179, 3.44939909140338, 4.93865212587389, 5.805261574378642]",44.90224380616138,0.0,[],21.511875084402938,0.0,17.511875084402934,0.0,"[5.826180019655199, 2.8907121808553002, 8.848349632447272, 3.9466332514451645]",[],"[4.826180019655199, 1.8907121808553005, 7.848349632447272, 2.9466332514451645]",[],"[12.37482056321846, 4.847979950911027, 20.123973416531467, 7.555469875500421]"
102,0,1226,True,True,1.0,3.99,4,4,True,1,5,25.411560249435446,"[10.247849333485814, 3.508670524886721, 4.076391318242481, 7.578649072820429]",13.910508497279825,"[4.996661240059467, 2.3683815047058214, 2.5897926141145677, 3.9556731383999675]",16.60536145326478,16.198798600062602,[16.198798600062602],10.476090966773263,7.317531454024415,6.476090966773264,6.317531454024415,"[1.975, 3.2413782720274997, 1.975, 3.2847126947457648]",[7.317531454024415],"[0.9750000000000001, 2.2413782720274997, 0.9750000000000001, 2.2847126947457648]",[6.317531454024415],"[2.5, 5.747123774429486, 2.5, 5.858237678835294]"
102,0,1227,True,True,1.0,3.99,3,3,True,1,4,27.9918337601716,"[10.880724187750776, 10.458567762441504, 6.6525418099793185]",13.916815166466924,"[5.243482433222803, 5.078841427352187, 3.594491305891934]",37.98589728399075,4.9634191517377255,[4.9634191517377255],17.814499940756395,2.935733469177713,14.814499940756395,1.935733469177713,"[7.454383003846189, 6.462701494973507, 3.897415441936699]",[2.935733469177713],"[6.454383003846189, 5.462701494973507, 2.897415441936699]",[1.935733469177713],"[16.549700009862022, 14.006926910188477, 7.429270363940254]"
102,0,1228,True,False,,0.0,2,2,,0,2,22.038307032572884,"[5.843109877422879, 16.195197155150005]",10.594939742703424,"[3.278812852194923, 7.316126890508502]",15.706407235839176,0.0,[],8.12549882197728,0.0,0.0,0.0,"[5.3238118513513575, 2.8016869706259215]",[],"[0.0, 0.0]",[],"[11.08669705474707, 4.619710181092106]"
102,0,1229,True,True,1.0,3.99,5,5,True,0,5,45.96060216129498,"[2.5, 8.371066759881586, 22.41827129481362, 4.6809640562202945, 7.990300050379476]",22.924634842905043,"[1.975, 4.264716036353819, 9.743125804977312, 2.825575981925915, 4.116217019647996]",43.97830841380762,0.0,[],22.15154028138497,0.0,17.15154028138497,0.0,"[4.302497194656259, 3.815562712767778, 5.4203356347758, 4.340334871804057, 4.272809867381078]",[],"[3.302497194656259, 2.815562712767778, 4.4203356347758, 3.3403348718040564, 3.272809867381078]",[],"[8.467941524759638, 7.219391571199431, 11.334193935322563, 8.56496120975399, 8.391820172771995]"
102,0,1230,True,False,,0.0,1,1,,0,1,2.5,[2.5],1.975,[1.975],3.2723531022446455,0.0,[],2.2762177098754117,0.0,0.0,0.0,[2.2762177098754117],[],[0.0],[],[3.2723531022446455]
102,0,1231,True,True,1.0,3.99,4,4,True,1,5,33.763589743999276,"[11.605472402016218, 6.714162368226261, 4.906245760925298, 10.537709212831494]",17.167800000159716,"[5.5261342367863255, 3.6185233236082417, 2.9134358467608665, 5.109706593004283]",52.258862664242955,4.171193223394562,[4.171193223394562],24.380956439054753,2.6267653571238796,20.380956439054753,1.6267653571238794,"[7.228687936286067, 5.685644516244342, 6.496487886783636, 4.9701360997407065]",[2.6267653571238796],"[6.228687936286067, 4.685644516244342, 5.496487886783636, 3.970136099740706]",[1.6267653571238794],"[15.970994708425813, 12.014473118575236, 14.093558684060605, 10.179836153181297]"
102,0,1232,True,False,,0.0,2,2,,0,2,10.471957979370732,"[7.258616844930137, 3.2133411344405935]",6.084063611954585,"[3.830860569522754, 2.2532030424318314]",13.761568403428768,0.0,[],7.36701167733722,0.0,0.0,0.0,"[4.595950626986091, 2.771061050351129]",[],"[0.0, 0.0]",[],"[9.220386223041258, 4.54118218038751]"
102,0,1233,True,True,1.0,3.99,6,6,True,2,8,67.27854014406888,"[8.467694612829666, 18.68106305501607, 11.233214928788568, 8.280681995333419, 12.708984124073972, 7.906901428027189]",32.23863065618687,"[4.30240089900357, 8.285614591456268, 5.380953822227542, 4.229465978180033, 5.956503808388849, 4.083691556930604]",38.31855923531747,22.872977011330235,"[13.051088372410403, 9.82188863891983]",20.944238101773816,10.920461034418791,14.944238101773815,8.920461034418791,"[3.2185674621703453, 4.30050412041797, 1.975, 6.3713658142944345, 1.975, 3.1038007048910643]","[6.089924465240057, 4.830536569178734]","[2.2185674621703453, 3.30050412041797, 0.9750000000000001, 5.3713658142944345, 0.9750000000000001, 2.1038007048910643]","[5.089924465240057, 3.830536569178734]","[5.6886345183855, 8.462831077994794, 2.5, 13.772732857165217, 2.5, 5.39436078177196]"
102,0,1234,True,False,,0.0,2,2,,0,2,37.9256849489542,"[16.383100258492032, 21.542584690462164]",16.791017130092136,"[7.389409100811893, 9.401608029280244]",28.325496835696875,0.0,[],13.046943765921782,0.0,0.0,0.0,"[1.975, 11.071943765921782]",[],"[0.0, 0.0]",[],"[2.5, 25.825496835696875]"
102,0,1235,True,True,1.0,3.99,3,3,True,3,6,11.721333691922801,"[3.2080112016164906, 5.233550478763951, 3.279772011542359]",7.571320139849893,"[2.2511243686304314, 3.041084686717941, 2.27911108450152]",27.6330271750629,44.76553202695801,"[23.6861124975994, 9.656708803421015, 11.422710725937602]",13.77688059827453,20.458557490513627,10.77688059827453,17.458557490513627,"[3.8275357728610797, 4.849049376682073, 5.100295448731379]","[10.237583874063766, 4.766116433334195, 5.4548571831156645]","[2.8275357728610797, 3.8490493766820726, 4.100295448731379]","[9.237583874063766, 3.766116433334196, 4.4548571831156645]","[7.25009172528482, 9.869357376107878, 10.513578073670203]"
102,0,1236,True,True,1.0,3.99,3,3,True,2,5,42.27548832051191,"[23.757960443582164, 9.81806234682025, 8.699465530109498]",19.487440444999645,"[10.265604572997043, 4.829044315259898, 4.392791556742704]",21.91806575940009,21.307187767074666,"[4.576687186400347, 16.730500580674317]",11.548045646166035,10.309803229159119,8.548045646166035,8.309803229159119,"[4.29190555775263, 1.975, 5.281140088413406]","[2.7849080026961355, 7.524895226462983]","[3.2919055577526293, 0.9750000000000001, 4.281140088413406]","[1.7849080026961355, 6.524895226462983]","[8.440783481416998, 2.5, 10.977282277983091]"
102,0,1237,True,False,,0.0,2,2,,0,2,35.66395611701243,"[12.890264264350808, 22.77369185266162]",15.908942885634847,"[6.027203063096815, 9.881739822538032]",12.738740098827702,0.0,[],6.9681086385428035,0.0,0.0,0.0,"[1.9874972999590006, 4.980611338583803]",[],"[0.0, 0.0]",[],"[2.532044358869232, 10.20669573995847]"
102,0,1238,True,True,1.0,3.99,3,3,True,0,3,11.659515240552569,"[3.8751051608448353, 4.873805536144245, 2.9106045435634886]",7.547210943815502,"[2.511291012729486, 2.900784159096256, 2.1351357719897606]",40.24587123442278,0.0,[],18.69588978142488,0.0,15.695889781424881,0.0,"[8.766818694807384, 5.4154508688967775, 4.513620217720721]",[],"[7.766818694807384, 4.4154508688967775, 3.5136202177207214]",[],"[19.914919730275344, 11.321668894607122, 9.00928260954031]"
102,0,1239,True,True,1.0,3.99,4,4,True,1,5,45.74389232387218,"[9.296675328011437, 14.04038987860321, 17.681664008433682, 4.7251631088238595]",21.840118006310156,"[4.625703377924461, 6.4757520526552526, 7.895848963289136, 2.8428136124413053]",22.036836426298155,7.794378022539512,[7.794378022539512],12.594366206256279,4.039807428790409,8.594366206256279,3.0398074287904095,"[4.361318687529671, 2.0379169819299334, 3.736267880757764, 2.4588626560389106]",[4.039807428790409],"[3.3613186875296717, 1.0379169819299334, 2.736267880757764, 1.4588626560389106]",[3.0398074287904095],"[8.618765865460697, 2.661325594692137, 7.016071489122471, 3.7406734770228476]"
102,0,1240,True,True,1.0,3.99,4,4,True,0,4,32.50608963601859,"[10.961290019429587, 6.998369654592722, 5.600098503693768, 8.94633145830251]",16.67737495804725,"[5.274903107577539, 3.7293641652911615, 3.1840384164405693, 4.489069268737978]",32.777095164815215,0.0,[],16.783067114277937,0.0,12.783067114277934,0.0,"[4.281480954097757, 5.43010795334913, 4.445707036145861, 2.625771170685187]",[],"[3.281480954097757, 4.43010795334913, 3.445707036145861, 1.6257711706851874]",[],"[8.414053728455787, 11.359251162433665, 8.835146246527849, 4.168644027397916]"
102,0,1241,True,True,1.0,3.99,3,3,True,2,5,19.51477696498985,"[5.763896451711089, 11.25088051327876, 2.5]",10.610763016346041,"[3.2479196161673247, 5.387843400178717, 1.975]",21.388254271026767,14.60243227552147,"[11.548132631490526, 3.054299644030944]",11.34141916570044,7.694948587453374,8.34141916570044,5.694948587453374,"[4.798766712229284, 4.422900651377002, 2.119751802094153]","[5.503771726281306, 2.1911768611720683]","[3.7987667122292845, 3.422900651377002, 1.1197518020941528]","[4.503771726281306, 1.1911768611720681]","[9.740427467254575, 8.776668336864107, 2.871158466908084]"
102,0,1242,True,True,1.0,3.99,3,3,True,5,8,28.39179420698322,"[9.593869981508313, 8.438723604881707, 10.3592006205932]",14.072799740723458,"[4.741609292788242, 4.291102205903866, 5.040088242031348]",31.521752880911897,67.49274566895892,"[7.828978927152865, 20.52148507777523, 10.767500221470602, 18.21847924139283, 10.156302201167396]",15.29348362355564,31.322170810893983,12.29348362355564,26.322170810893983,"[5.333256608636935, 4.077867262820156, 5.882359752098548]","[4.053301781589617, 9.00337918033234, 5.199325086373535, 8.105206904143206, 4.960957858455284]","[4.333256608636935, 3.0778672628201558, 4.882359752098548]","[3.0533017815896173, 8.00337918033234, 4.199325086373535, 7.105206904143205, 3.9609578584552847]","[11.110914381120347, 7.891967340564502, 12.518871159227047]"
102,0,1243,True,True,1.0,3.99,4,4,True,3,7,61.14932509746208,"[23.170348840327904, 19.144152414848104, 11.754115873663622, 7.0807079686224474]",27.84823678801021,"[10.036436047727882, 8.466219441790761, 5.584105190728812, 3.7614761077627548]",34.14756922621815,27.1586351194574,"[4.139918490712759, 9.069915468909102, 13.948801159835538]",17.31755199822508,13.591867696588384,13.317551998225081,10.591867696588386,"[4.353921004900963, 3.080553373108845, 5.150884981838028, 4.732192638377246]","[2.614568211377976, 4.537267032874549, 6.44003245233586]","[3.3539210049009633, 2.080553373108845, 4.150884981838028, 3.732192638377246]","[1.614568211377976, 3.5372670328745497, 5.44003245233586]","[8.599797448464008, 5.334752238740627, 10.643294825225713, 9.56972471378781]"
102,0,1244,True,True,1.0,3.99,4,4,True,3,7,33.30218248233926,"[6.361235270724263, 12.098487297095984, 9.815946225003623, 5.026513689515393]",16.987851168112314,"[3.480881755582463, 5.718410045867434, 4.8282190277514125, 2.9603403389110032]",36.208585683112645,18.345107006187426,"[3.8759523861427203, 9.526976400559423, 4.942178219485282]",18.12134841641393,10.154591732413097,14.121348416413932,7.154591732413095,"[1.975, 5.535714979844724, 5.666838804753976, 4.943794631815232]","[2.5116214305956612, 4.7155207962181755, 2.92744950559926]","[0.9750000000000001, 4.535714979844724, 4.666838804753976, 3.9437946318152317]","[1.511621430595661, 3.715520796218175, 1.92744950559926]","[2.5, 11.630038409858265, 11.966253345523015, 10.112293927731363]"
102,0,1245,True,True,1.0,3.99,3,3,True,1,4,36.639874353983316,"[11.498879706584253, 11.889274672024005, 13.251719975375062]",17.289550998053496,"[5.484563085567859, 5.636817122089362, 6.168170790396275]",35.605143828957225,6.22341012880466,[6.22341012880466],16.886006093293318,3.4271299502338173,13.886006093293318,2.4271299502338173,"[3.2158314313471084, 9.297451322100205, 4.372723339846004]",[3.4271299502338173],"[2.2158314313471084, 8.297451322100205, 3.3727233398460044]",[2.4271299502338173],"[5.681619054736175, 21.275516210513345, 8.648008563707704]"
102,0,1246,True,False,,0.0,1,1,,0,1,3.2279940349501546,[3.2279940349501546],2.2589176736305605,[2.2589176736305605],17.17284215980123,0.0,[],7.69740844232248,0.0,0.0,0.0,[7.69740844232248],[],[0.0],[],[17.17284215980123]
102,0,1247,True,False,,0.0,1,1,,0,1,3.6364969717275883,[3.6364969717275883],2.4182338189737598,[2.4182338189737598],10.786978674371758,0.0,[],5.206921683004985,0.0,0.0,0.0,[5.206921683004985],[],[0.0],[],[10.786978674371758]
102,0,1248,True,True,1.0,3.99,3,2,,2,5,25.026271284700215,"[3.505258871133103, 21.521012413567114]",11.760245801033085,"[2.3670509597419103, 9.393194841291175]",19.99977671811984,14.919310225699768,"[5.898622531032351, 9.020687694667416]",9.799912920066738,7.818530988022909,7.799912920066737,5.818530988022909,"[2.958929575695704, 6.8409833443710335]","[3.300462787102617, 4.518068200920292]","[1.958929575695704, 5.8409833443710335]","[2.300462787102617, 3.5180682009202924]","[5.022896347937702, 14.976880370182137]"
102,0,1249,True,True,1.0,3.99,7,7,True,2,9,63.99345212603131,"[12.296288101733486, 9.38962476393784, 20.024892712016477, 3.726190011671292, 4.182314374331312, 8.435101158933257, 5.93904100340764]",31.957446329152212,"[5.795552359676059, 4.661953657935758, 8.809708157686426, 2.4532141045518037, 2.6311026059892115, 4.28968945198397, 3.3162259913289795]",46.1507430339276,20.97912426246069,"[17.493920094146915, 3.4852041683137744]",24.998789783231764,10.181858462359669,17.998789783231764,8.181858462359669,"[3.6798754838313013, 4.673759934309558, 4.0774921578127525, 3.090402021182961, 2.287887533634586, 5.095601008007869, 2.0937716444527386]","[7.822628836717297, 2.359229625642372]","[2.6798754838313013, 3.673759934309558, 3.0774921578127525, 2.090402021182961, 1.287887533634586, 4.095601008007869, 1.0937716444527386]","[6.822628836717297, 1.3592296256423722]","[6.871475599567439, 9.419897267460405, 7.891005532853211, 5.360005182520412, 3.3022757272681695, 10.501541046174022, 2.804542678083945]"
102,0,1250,True,True,1.0,3.99,5,5,True,7,12,36.372308201441456,"[2.619318600084258, 14.85428944672065, 9.824042545530512, 6.574657609106033, 2.5]",19.18520019856217,"[2.0215342540328605, 6.793172884221054, 4.8313765927569, 3.564116467551353, 1.975]",38.425096061513436,62.22742959151799,"[9.572732456610877, 11.86359189428678, 7.917746895254285, 6.3355687923020785, 4.029407913728373, 13.51551973042725, 8.992861908908347]",19.98578746399024,31.26869754069202,14.985787463990238,24.268697540692017,"[3.408716608005498, 4.891472705258073, 3.677290837078957, 5.114336600519187, 2.8939707131285237]","[4.733365658078242, 5.626800838771844, 4.087921289149172, 3.4708718289978107, 2.5714690863540657, 6.271052694866628, 4.507216144474255]","[2.408716608005498, 3.8914727052580727, 2.677290837078957, 4.114336600519187, 1.893970713128524]","[3.733365658078242, 4.626800838771844, 3.0879212891491714, 2.4708718289978107, 1.5714690863540655, 5.271052694866628, 3.5072161444742553]","[6.176196430783328, 9.978135141687366, 6.864848300202453, 10.549581026972273, 4.85633516186801]"
102,0,1251,True,True,1.0,3.99,3,3,True,0,3,24.516602542275173,"[9.093638045461626, 8.169707533251925, 7.253256963561622]",12.561474991487318,"[4.546518837730034, 4.186185937968251, 3.828770215789033]",32.159730895293094,0.0,[],15.542295049164307,0.0,12.542295049164307,0.0,"[4.635297150047943, 6.970282362844367, 3.936715536271997]",[],"[3.635297150047943, 5.970282362844367, 2.936715536271997]",[],"[9.321274743712674, 15.308416314985557, 7.530039836594864]"
102,0,1252,True,False,,0.0,2,2,,0,2,47.87437612244355,"[37.83886693506258, 10.03550918738097]",20.671006687752985,"[15.757158104674408, 4.913848583078579]",13.304735493610387,0.0,[],7.188846842508051,0.0,0.0,0.0,"[2.686599825028336, 4.502247017479714]",[],"[0.0, 0.0]",[],"[4.324614935970092, 8.980120557640294]"
102,0,1253,True,True,1.0,3.99,4,4,True,3,7,55.573009391343334,"[9.216264104818402, 6.159272499383705, 35.39519631147555, 4.802276475665676]",25.673473662623902,"[4.594343000879177, 3.4021162747596447, 14.804126561475465, 2.8728878255096135]",33.95002191325637,45.03587377053964,"[13.384569000426243, 9.657720412344933, 21.993584357768462]",17.240508546169988,20.563990770510458,13.240508546169986,17.563990770510458,"[4.074688030734169, 7.280410446662877, 3.91041006877294, 1.975]","[6.219981910166235, 4.766510960814523, 9.5774978995297]","[3.0746880307341686, 6.280410446662877, 2.91041006877294, 0.9750000000000001]","[5.219981910166235, 3.7665109608145237, 8.5774978995297]","[7.8838154634209445, 16.103616529904812, 7.462589919930615, 2.5]"
102,0,1254,True,True,1.0,3.99,4,4,True,0,4,35.11207300171998,"[18.67713170616035, 9.829175774985336, 3.4073585163397926, 3.198407004234501]",17.693708470670792,"[8.284081365402535, 4.833378552244281, 2.3288698213725194, 2.2473787316514553]",27.791867756045427,0.0,[],14.838828424857715,0.0,10.838828424857715,0.0,"[3.700787402842437, 4.949718304549696, 3.7028079583030586, 2.4855147591625237]",[],"[2.700787402842437, 3.9497183045496964, 2.7028079583030586, 1.4855147591625237]",[],"[6.925095904724197, 10.127482832178709, 6.930276816161689, 3.80901220298083]"
102,0,1255,True,True,1.0,3.99,4,4,True,2,6,30.312509181242117,"[7.782561028068345, 3.093267499581348, 11.557156302542253, 7.879524351050169]",15.821878580684425,"[4.035198800946654, 2.206374324836726, 5.507290957991479, 4.0730144969095665]",22.68476177524453,11.778878358884803,"[9.510760065223533, 2.26811829366127]",12.84705709234537,6.593762559965072,8.847057092345368,4.593762559965073,"[1.975, 3.263030326665656, 3.353155021722093, 4.25587174395762]","[4.709196425437177, 1.8845661345278952]","[0.9750000000000001, 2.263030326665656, 2.353155021722093, 3.2558717439576195]","[3.709196425437178, 0.8845661345278952]","[2.5, 5.802641863245271, 6.033730824928444, 8.348389087070819]"
102,0,1256,True,True,1.0,3.99,4,4,True,1,5,51.440672757520204,"[9.616654506436731, 16.531174851106773, 13.815060292159266, 11.47778310781743]",24.061862375432877,"[4.750495257510325, 7.447158191931641, 6.387873513942114, 5.4763354120487975]",35.12390025669393,6.365417123415899,[6.365417123415899],17.698321100110633,3.4825126781322004,13.698321100110634,2.4825126781322004,"[2.3392809110331516, 2.5096258423542293, 4.51948697161306, 8.329927375110193]",[3.4825126781322004],"[1.3392809110331518, 1.5096258423542293, 3.51948697161306, 7.329927375110193]",[2.4825126781322004],"[3.4340536180337224, 3.8708354932159725, 9.024325568238615, 18.794685577205623]"
102,0,1257,True,False,,0.0,1,1,,0,1,6.65213093451265,[6.65213093451265],3.5943310644599338,[3.5943310644599338],11.695914089244766,0.0,[],5.561406494805459,0.0,0.0,0.0,[5.561406494805459],[],[0.0],[],[11.695914089244766]
102,0,1258,True,False,,0.0,2,2,,0,2,23.924839105227605,"[7.297985708034796, 16.62685339719281]",11.330687251038768,"[3.8462144261335705, 7.484472824905197]",18.645335996201606,0.0,[],9.271681038518627,0.0,0.0,0.0,"[1.975, 7.296681038518627]",[],"[0.0, 0.0]",[],"[2.5, 16.145335996201606]"
102,0,1259,True,False,,0.0,2,2,,0,2,15.739882090322277,"[7.900325280645679, 7.839556809676599]",8.138554015225688,"[4.081126859451815, 4.0574271557738735]",27.112564621949115,0.0,[],12.573900202560154,0.0,0.0,0.0,"[4.898756739961323, 7.6751434625988315]",[],"[0.0, 0.0]",[],"[9.996812153746983, 17.115752468202132]"
102,0,1260,True,True,1.0,3.99,4,4,True,4,8,31.594189450843615,"[5.598461611811611, 8.910721708433483, 12.267218337764977, 4.8177877928335455]",16.32173388582901,"[3.183400028606528, 4.475181466289058, 5.784215151728341, 2.878937239205083]",36.83982548446889,42.589115382194294,"[4.81219522103325, 7.057232923873659, 18.597432475235294, 12.122254762052089]",18.367531938942868,20.609754999055774,14.367531938942868,16.609754999055774,"[3.752705504815489, 5.467898342217417, 5.809002267365589, 3.3379258245443717]","[2.8767561362029674, 3.7523208403107273, 8.252998665341764, 5.727679357200315]","[2.752705504815489, 4.467898342217417, 4.809002267365589, 2.3379258245443717]","[1.8767561362029677, 2.7523208403107273, 7.252998665341765, 4.727679357200315]","[7.058219243116639, 11.456149595429274, 12.330775044527151, 5.994681601395825]"
102,0,1261,True,True,1.0,3.99,4,4,True,1,5,38.00219161633227,"[12.365133318343831, 6.34526429433541, 7.490563100920027, 11.801230902733]",18.820854730369582,"[5.822401994154094, 3.47465307479081, 3.9213196093588105, 5.60248005206587]",47.70754628097835,7.923139316666323,[7.923139316666323],22.605943049581555,4.090024333499866,18.605943049581555,3.090024333499866,"[5.552308605324834, 6.44129258640818, 3.932578803610124, 6.6797630542384185]",[4.090024333499866],"[4.552308605324834, 5.44129258640818, 2.932578803610124, 5.6797630542384185]",[3.090024333499866],"[11.672586167499574, 13.952032272841485, 7.519432829769548, 14.56349501086774]"
102,0,1262,True,True,1.0,3.99,6,6,True,2,8,65.31888546310613,"[17.491729374532326, 4.847866935176172, 11.007049234647816, 7.508315604742023, 8.550763573969665, 15.913160740038117]",31.474365330611384,"[7.821774456067607, 2.8906681047187073, 5.292749201512648, 3.928243085849389, 4.334797793848169, 7.206132688614866]",61.638450001024765,19.845889107196943,"[8.614825400765488, 11.231063706431454]",30.03899550039966,9.739896751806807,24.03899550039966,7.739896751806809,"[5.886798509221422, 4.758496953726742, 3.7776401850848114, 7.195338650107912, 5.447352212410404, 2.9733689898483684]","[4.35978190629854, 5.380114845508268]","[4.886798509221422, 3.758496953726742, 2.7776401850848114, 6.195338650107912, 4.447352212410404, 1.9733689898483686]","[3.3597819062985406, 4.380114845508268]","[12.530252587747235, 9.637171676222415, 7.122154320730285, 15.885483718225414, 11.40346721130873, 5.059920486790689]"
102,0,1263,True,False,,0.0,1,1,,0,1,2.5,[2.5],1.975,[1.975],6.279747789898551,0.0,[],3.4491016380604353,0.0,0.0,0.0,[3.4491016380604353],[],[0.0],[],[6.279747789898551]
102,0,1264,True,True,1.0,3.99,5,5,True,1,6,43.02534405677784,"[2.5, 12.312704969267436, 6.812906394815045, 15.24364164756289, 6.156091045132474]",21.77988418214336,"[1.975, 5.8019549380143, 3.6570334939778673, 6.9450202425495275, 3.400875507601665]",50.21202965524042,9.016177294894861,[9.016177294894861],24.58269156554376,4.5163091450089965,19.58269156554376,3.516309145008996,"[8.451703142717616, 2.427306320533306, 5.806712423497992, 4.314081500447095, 3.5828881783477518]",[4.5163091450089965],"[7.451703142717617, 1.4273063205333059, 4.806712423497992, 3.3140815004470956, 2.5828881783477518]",[3.516309145008996],"[19.106931135173376, 3.659759796239246, 12.324903649994852, 8.49764487294127, 6.6227902008916715]"
102,0,1265,True,True,1.0,3.99,4,4,True,4,8,31.30902240833943,"[9.95352994244432, 3.874206477215962, 8.30697907135762, 9.174306917321532]",16.21051873925238,"[4.881876677553285, 2.5109405261142252, 4.239721837829472, 4.5779796977553975]",33.165345188456556,33.92319962942937,"[18.80983336838397, 7.349716749509627, 4.776426989701023, 2.987222521834752]",16.934484623498058,17.230047855477455,12.934484623498056,13.230047855477455,"[4.957760515819668, 4.937458479224285, 3.2281593213250392, 3.811106307129064]","[8.335835013669747, 3.8663895323087547, 2.862806525983399, 2.1650167835155534]","[3.9577605158196687, 3.9374584792242846, 2.2281593213250392, 2.811106307129064]","[7.335835013669748, 2.8663895323087547, 1.862806525983399, 1.1650167835155534]","[10.148103886717099, 10.09604738262637, 5.713229029038562, 7.207964890074523]"
102,0,1266,True,True,1.0,3.99,3,3,True,0,3,17.681273902806453,"[8.75890398420884, 4.125473339333229, 4.7968965792643825]",9.895696822094514,"[4.415972553841447, 2.608934602339959, 2.870789665913109]",41.20117108589572,0.0,[],19.068456723499335,0.0,16.068456723499335,0.0,"[4.125651760453996, 9.61136508168756, 5.331439881357777]",[],"[3.125651760453996, 8.61136508168756, 4.331439881357777]",[],"[8.014491693471784, 22.080423286378362, 11.106256106045581]"
102,0,1267,True,False,,0.0,1,1,,0,1,4.611879140754439,[4.611879140754439],2.7986328648942314,[2.7986328648942314],3.5756728950425414,0.0,[],2.394512429066591,0.0,0.0,0.0,[2.394512429066591],[],[0.0],[],[3.5756728950425414]
102,0,1268,True,False,,0.0,2,2,,0,2,5.630215039925655,"[2.5, 3.130215039925655]",4.195783865571006,"[1.975, 2.2207838655710055]",23.469537478395267,0.0,[],11.153119616574154,0.0,0.0,0.0,"[3.989869865986608, 7.163249750587546]",[],"[0.0, 0.0]",[],"[7.66633298970925, 15.803204488686015]"
102,0,1269,True,True,1.0,3.99,9,9,True,2,11,87.01034394628567,"[4.5562353270825655, 15.460917974602609, 7.329806586205186, 12.460594582977002, 6.910158255491573, 9.889638565500595, 10.953528575291394, 13.437759327697883, 6.011704751436868]",42.93403413905141,"[2.7769317775622007, 7.029758010095017, 3.858624568620023, 5.859631887361031, 3.6949617196417135, 4.856959040545233, 5.2718761443636435, 6.2407261378021746, 3.344564853060379]",109.47717096442837,11.812878843678737,"[5.338653881332599, 6.474224962346138]",51.696096676127056,6.607022749034707,42.69609667612707,4.607022749034707,"[6.403617860674014, 3.8097422047553016, 1.975, 5.8999328565436935, 6.324512634056335, 8.225703409557227, 6.709700945825895, 8.763865724224921, 3.584021040489676]","[3.0820750137197135, 3.524947735314994]","[5.403617860674014, 2.8097422047553016, 0.9750000000000001, 4.8999328565436935, 5.324512634056335, 7.2257034095572275, 5.709700945825895, 7.763865724224922, 2.584021040489676]","[2.0820750137197135, 2.524947735314994]","[13.855430411984651, 7.20446719168026, 2.5, 12.563930401394085, 13.652596497580346, 18.527444639890327, 14.64025883545101, 19.907348010833132, 6.625694975614554]"
102,0,1270,True,True,1.0,3.99,3,3,True,0,3,33.27298907866236,"[3.1580130735089726, 19.912761410285952, 10.202214594867435]",15.976465740678321,"[2.2316250986684993, 8.765976950011522, 4.978863691998299]",12.786774041691162,0.0,[],7.986841876259554,0.0,4.986841876259554,0.0,"[2.7654740016492885, 2.883995262521807, 2.3373726120884584]",[],"[1.7654740016492885, 1.883995262521807, 1.3373726120884581]",[],"[4.526856414485355, 4.830757083389249, 3.4291605438165593]"
102,0,1271,True,True,1.0,3.99,4,4,True,1,5,37.3729377038527,"[8.163495358115645, 14.837279601264143, 9.790530202982286, 4.58163254149062]",18.575445704502553,"[4.183763189665102, 6.786539044493016, 4.818306779163091, 2.786836691181342]",49.73918356266381,19.31048254325384,[19.31048254325384],23.398281589438888,8.531088191869,19.398281589438888,7.5310881918689985,"[1.975, 6.931294665653013, 6.232322656587595, 8.25966426719828]",[8.531088191869],"[0.9750000000000001, 5.931294665653013, 5.232322656587595, 7.25966426719828]",[7.5310881918689985],"[2.5, 15.20844786064875, 13.416211939968191, 18.614523762046872]"
102,0,1272,True,True,1.0,3.99,4,4,True,0,4,38.43969510307812,"[13.042406726146382, 17.281379348878307, 4.006701609729238, 4.109207418324197]",18.99148109020047,"[6.0865386231970895, 7.73973794606254, 2.562613627794403, 2.602590893146437]",52.99987876357275,0.0,[],24.66995271779337,0.0,20.66995271779337,0.0,"[6.82062438239608, 4.375194042448097, 6.030890233630683, 7.4432440593185145]",[],"[5.82062438239608, 3.3751940424480975, 5.030890233630683, 6.4432440593185145]",[],"[14.924677903579692, 8.654343698584865, 12.899718547770982, 16.521138613637216]"
102,0,1273,True,False,,0.0,1,1,,0,1,23.109265359293843,[23.109265359293843],10.012613490124599,[10.012613490124599],10.550058737689923,0.0,[],5.114522907699071,0.0,0.0,0.0,[5.114522907699071],[],[0.0],[],[10.550058737689923]
102,0,1274,True,True,1.0,3.99,5,5,True,1,6,34.41996474572671,"[6.7340560800135965, 6.664905622373041, 13.615280354670265, 3.187686057142917, 4.2180366315268865]",18.423786250833416,"[3.6262818712053027, 3.599313192725486, 6.309959338321404, 2.2431975622857374, 2.645034286295486]",56.33554376345832,13.64862337172322,[13.64862337172322],26.970862067748744,6.3229631149720555,21.970862067748744,5.3229631149720555,"[4.634994729145547, 2.617862975835548, 4.109188138624642, 5.71477854308246, 9.894037681060546]",[6.3229631149720555],"[3.6349947291455473, 1.617862975835548, 3.109188138624642, 4.71477854308246, 8.894037681060546]",[5.3229631149720555],"[9.320499305501404, 4.148366604706533, 7.972277278524723, 12.089175751493487, 22.80522482323217]"
102,0,1275,True,True,1.0,3.99,6,6,True,3,9,47.951745543508125,"[5.4386370689594985, 10.124988501962477, 9.219059913460958, 7.408455281551728, 2.5, 13.260604777573462]",24.701180761968168,"[3.1210684568942044, 4.948745515765366, 4.5954333662497735, 3.8892975598051738, 1.975, 6.17163586325365]",51.84972438845635,33.226421183563495,"[10.633151357278608, 13.431827479996254, 9.16144234628863]",26.22139251149798,15.958304261589763,20.22139251149798,12.958304261589763,"[3.6694780051062894, 5.622101880095221, 9.401223509347407, 3.0509219162123093, 1.975, 2.502667200736754]","[5.146929029338657, 6.238412717198539, 4.572962515052566]","[2.6694780051062894, 4.622101880095221, 8.401223509347407, 2.0509219162123093, 0.9750000000000001, 1.502667200736754]","[4.146929029338657, 5.238412717198539, 3.572962515052566]","[6.844815397708434, 11.851543282295438, 21.541598741916427, 5.258774144134126, 2.5, 3.852992822401933]"
102,0,1276,True,True,1.0,3.99,6,6,True,2,8,52.72912106087476,"[8.901719802549446, 12.084368540234417, 9.22387335128541, 2.5, 15.887311112382704, 4.131848254422781]",26.564357213741157,"[4.4716707229942845, 5.712903730691423, 4.59731060700131, 1.975, 7.196051333829255, 2.6114208192248847]",51.19138291776928,11.860764456581208,"[6.002944652820103, 5.857819803761104]",25.964639337930024,6.625698138066671,19.964639337930024,4.625698138066671,"[2.5468988262057444, 8.416556206022662, 3.2023091450622125, 2.7472563180832843, 3.6666475154441702, 5.384971327111948]","[3.3411484145998402, 3.2845497234668306]","[1.5468988262057446, 7.416556206022662, 2.2023091450622125, 1.747256318083284, 2.6666475154441702, 4.384971327111948]","[2.3411484145998402, 2.2845497234668306]","[3.9664072466813964, 19.016810784673492, 5.646946525800544, 4.480144405341754, 6.837557731908129, 11.24351622336397]"
102,0,1277,True,True,1.0,3.99,3,3,True,2,5,27.545497322362678,"[13.574754966300993, 3.1949166989910402, 10.775825657070644]",13.742743955721444,"[6.294154436857387, 2.246017512606506, 5.202572006257552]",30.523801388685,18.3828832438904,"[4.486756556706399, 13.896126687184003]",14.904282541587149,9.169324465117256,11.90428254158715,7.169324465117257,"[5.789465951628256, 4.164632491871281, 4.950184098087613]","[2.7498350571154955, 6.419489408001762]","[4.789465951628256, 3.164632491871281, 3.9501840980876133]","[1.7498350571154957, 5.419489408001762]","[12.280681927251939, 8.114442286849439, 10.128677174583624]"
102,0,1278,True,True,1.0,3.99,6,1,,0,6,23.213105232438288,[23.213105232438288],10.053111040650933,[10.053111040650933],16.21134006726576,0.0,[],7.322422626233646,0.0,6.322422626233646,0.0,[7.322422626233646],[],[6.322422626233646],[],[16.21134006726576]
102,0,1279,True,True,1.0,3.99,4,4,True,1,5,30.297083164303615,"[7.863523038486391, 8.04843162981175, 6.409892724164064, 7.9752357718414135]",15.815862434078412,"[4.066773985009693, 4.138888335626582, 3.499858162423985, 4.110341951018151]",41.536607065087786,5.733774197694662,[5.733774197694662],20.199276755384236,3.2361719371009183,16.199276755384236,2.2361719371009183,"[3.409880690926517, 7.250652996356673, 6.10601461419644, 3.432728453904607]",[3.2361719371009183],"[2.409880690926517, 6.250652996356673, 5.10601461419644, 2.432728453904607]",[2.2361719371009183],"[6.179181258785941, 16.02731537527352, 13.092345164606257, 6.237765266422069]"
102,0,1280,True,True,1.0,3.99,8,8,True,0,8,89.76597088581103,"[20.862097614257717, 5.015642461490536, 9.692701512997958, 10.140238386659826, 2.5, 6.458439008387761, 5.4891507195852105, 29.607701182432027]",43.008728645466306,"[9.13621806956051, 2.9561005599813095, 4.7801535900692045, 4.954692970797332, 1.975, 3.5187912132712267, 3.1407687806382323, 12.54700346114849]",73.29062139083982,0.0,[],36.583342342427535,0.0,28.583342342427535,0.0,"[4.349501163982659, 7.896363434331033, 2.562272361197106, 2.828048838660406, 6.638522628580819, 2.2449470309963786, 3.2620244102625904, 6.801662474416542]",[],"[3.349501163982659, 6.896363434331033, 1.5622723611971063, 1.8280488386604057, 5.638522628580819, 1.2449470309963784, 2.2620244102625904, 5.801662474416542]",[],"[8.588464523032458, 17.682983164951366, 4.005826567172067, 4.687304714513861, 14.45775032969441, 3.192171874349688, 5.800062590416898, 14.876057626709082]"
102,0,1281,True,True,1.0,3.99,8,8,True,1,9,107.62296905092337,"[15.295852183614642, 4.865261768568958, 13.496037127163016, 8.664811688669591, 6.989556591313754, 6.013504518585575, 32.61681278689191, 19.681132386115934]",49.972957929860115,"[6.96538235160971, 2.8974520897418934, 6.263454479593576, 4.37927655858114, 3.725927070612364, 3.3452667622483743, 13.720556986887846, 8.675641630585215]",67.3328684773782,4.191591246544387,[4.191591246544387],34.2598187061775,2.6347205861523113,26.259818706177498,1.634720586152311,"[4.141277181089925, 4.7838660370605535, 5.73064638741904, 3.7570295009895016, 4.892350410968692, 3.8727040375985475, 3.6143672830763762, 3.467577867974864]",[2.6347205861523113],"[3.141277181089925, 3.783866037060553, 4.73064638741904, 2.7570295009895016, 3.892350410968692, 2.8727040375985475, 2.6143672830763762, 2.467577867974864]",[1.634720586152311],"[8.05455687458955, 9.702220607847572, 12.129862531843692, 7.069306412793594, 9.980385669150492, 7.365907788714225, 6.70350585404199, 6.327122738397087]"
102,0,1282,True,True,1.0,3.99,4,4,True,3,7,22.433187007214524,"[5.512909403560617, 6.26374436190675, 6.809812747729983, 3.846720494017174]",12.748942932813666,"[3.150034667388641, 3.4428603011436327, 3.6558269716146934, 2.500220992666698]",38.1181291749662,20.688888558627397,"[2.9739588678091167, 7.106892121850544, 10.608037568967736]",18.86607037823682,11.068666537864685,14.866070378236818,8.068666537864686,"[5.757845499825982, 5.220113185441559, 4.945860135939872, 2.9422515570294054]","[2.1598439584455553, 3.7716879275217123, 5.1371346518974175]","[4.757845499825982, 4.220113185441559, 3.945860135939873, 1.9422515570294052]","[1.1598439584455555, 2.7716879275217123, 4.1371346518974175]","[12.199603845707646, 10.82080303959374, 10.11759009215352, 4.9801321975112955]"
102,0,1283,True,False,,0.0,1,1,,0,1,7.604722458521014,[7.604722458521014],3.9658417588231956,[3.9658417588231956],6.348192674166041,0.0,[],3.475795142924756,0.0,0.0,0.0,[3.475795142924756],[],[0.0],[],[6.348192674166041]
102,0,1284,True,False,,0.0,2,2,,0,2,20.89735244153335,"[8.79195242582274, 12.105400015710611]",10.149967452198007,"[4.428861446070869, 5.721106006127139]",25.591294351171424,0.0,[],11.980604796956856,0.0,0.0,0.0,"[6.852215851471741, 5.128388945485114]",[],"[0.0, 0.0]",[],"[15.005681670440362, 10.585612680731062]"
102,0,1285,True,False,,0.0,2,2,,0,2,15.640204320728925,"[10.220870752302558, 5.419333568426367]",8.099679685084281,"[4.986139593397997, 3.1135400916862834]",21.418572104085214,0.0,[],10.353243120593234,0.0,0.0,0.0,"[6.128709849399035, 4.224533271194199]",[],"[0.0, 0.0]",[],"[13.150538075382142, 8.268034028703074]"
102,0,1286,True,True,1.0,3.99,4,4,True,2,6,39.966153599896465,"[19.13532114268811, 4.501564890450662, 6.524107317899186, 9.805160248858506]",19.58679990395962,"[8.462775245648363, 2.755610307275758, 3.5444018539806827, 4.8240124970548175]",46.870241204568124,31.923084170141415,"[18.542311127057896, 13.380773043083519]",22.279394069781567,14.450002826355153,18.279394069781567,12.450002826355153,"[4.7654972808489475, 9.680781030047925, 2.6189113434584526, 5.214204415426242]","[8.23150133955258, 6.218501486802572]","[3.765497280848947, 8.680781030047925, 1.6189113434584523, 4.214204415426242]","[7.23150133955258, 5.218501486802572]","[9.655121232946017, 22.25841289755878, 4.151054726816544, 10.805652347246776]"
102,0,1287,True,True,1.0,3.99,8,8,True,2,10,68.65567803611289,"[8.69081218182042, 7.543201994906747, 15.32367139554574, 10.092439470504509, 8.463414221411087, 6.587898586109744, 2.8144073089103503, 9.139832876904299]",34.77571443408403,"[4.389416750909964, 3.9418487780136315, 6.976231844262839, 4.936051393496759, 4.300731546350324, 3.5692804485828002, 2.097618850475037, 4.564534821992677]",89.27285032788602,15.024004101349586,"[10.106835794910477, 4.917168306439109]",42.81641162787555,7.8593615995263395,34.81641162787555,5.859361599526339,"[2.204767545096245, 8.166070939769988, 3.7901432881725468, 3.947502506315377, 7.664733568901663, 3.243977553026699, 8.643815219417874, 5.155401007175156]","[4.9416659600150865, 2.9176956395112525]","[1.2047675450962447, 7.1660709397699875, 2.7901432881725468, 2.947502506315377, 6.664733568901663, 2.243977553026699, 7.643815219417875, 4.155401007175156]","[3.941665960015086, 1.9176956395112525]","[3.0891475515288325, 18.374540871205095, 7.154213559416786, 7.557698734141991, 17.089060433081187, 5.753788597504357, 19.599526203635577, 10.654874377372193]"
102,0,1288,True,True,1.0,3.99,4,4,True,1,5,43.07800689301283,"[8.811046127950553, 5.335900390942957, 14.698709409016054, 14.232350965103269]",20.800422688275006,"[4.436307989900715, 3.081001152467753, 6.732496669516261, 6.550616876390275]",37.5041902548023,3.7170058769204295,[3.7170058769204295],18.6266341993729,2.4496322919989675,14.6266341993729,1.4496322919989675,"[3.5573088173606537, 6.974506482588543, 2.763345730695333, 5.331473168728369]",[2.4496322919989675],"[2.5573088173606537, 5.974506482588543, 1.7633457306953328, 4.331473168728369]",[1.4496322919989675],"[6.557202095796548, 15.319247391252674, 4.521399309475212, 11.106341458277868]"
102,0,1289,True,True,1.0,3.99,4,4,True,1,5,32.020890540766,"[10.502984347910076, 6.4212835466650535, 9.669467638481054, 5.427155007709814]",16.48814731089874,"[5.09616389568493, 3.5043005831993708, 4.7710923790076105, 3.1165904530068276]",53.542137042178425,8.010305586299548,[8.010305586299548],24.881433446449584,4.124019178656824,20.881433446449584,3.124019178656824,"[5.696079579809351, 8.983752703686054, 8.130327223393929, 2.07127393956025]",[4.124019178656824],"[4.696079579809351, 7.983752703686054, 7.1303272233939285, 1.0712739395602502]",[3.124019178656824],"[12.041229691818849, 20.47116077868219, 18.28289031639469, 2.7468562552826925]"
102,0,1290,True,True,1.0,3.99,3,3,,3,6,19.914792147740222,"[7.558229733566131, 4.439600674827725, 7.916961739346366]",10.766768937618686,"[3.947709596090791, 2.7314442631828126, 4.087615078345083]",12.605979229834148,43.199747183995704,"[16.80807481536357, 8.337858398538257, 18.053813970093877]",7.916331899635319,19.847901401758325,4.916331899635319,16.847901401758325,"[3.0348945003874648, 2.9064373992478534, 1.975]","[7.555149177991793, 4.251764775429921, 8.040987448336612]","[2.0348945003874648, 1.9064373992478534, 0.9750000000000001]","[6.555149177991793, 3.2517647754299204, 7.040987448336613]","[5.217678206121704, 4.888301023712445, 2.5]"
102,0,1291,True,True,1.0,3.99,5,5,True,1,6,44.214757545638946,"[10.266951370754697, 9.892308001180387, 12.747405295889129, 7.542629883496196, 3.7654629943185314]",22.24375544279919,"[5.004111034594332, 4.858000120460352, 5.971488065396761, 3.9416256545635164, 2.468530567784227]",85.5655335802418,5.4089399643593135,[5.4089399643593135],38.3705580962943,3.1094865861001324,33.3705580962943,2.1094865861001324,"[3.3040066551327936, 11.667575423943777, 5.240701057281184, 10.867015656516978, 7.291259303419572]",[3.1094865861001324],"[2.3040066551327936, 10.667575423943777, 4.240701057281184, 9.867015656516978, 6.291259303419572]",[2.1094865861001324],"[5.907709372135368, 27.352757497291737, 10.873592454567138, 25.300040144915325, 16.131434111332236]"
102,0,1292,True,False,,0.0,2,2,,0,2,28.002473920587022,"[24.25490309969953, 3.7475708208874936]",12.92096482902894,"[10.459412208882817, 2.4615526201461226]",15.600770853001501,0.0,[],8.084300632670585,0.0,0.0,0.0,"[3.919274227308342, 4.1650264053622434]",[],"[0.0, 0.0]",[],"[7.485318531559852, 8.11545232144165]"
102,0,1293,True,True,1.0,3.99,4,3,,0,4,23.417369810859718,"[12.847692916331178, 7.115605758781252, 3.454071135747289]",12.132774226235291,"[6.01060023736916, 3.775086245924688, 2.3470877429414427]",25.305540635652225,0.0,[],12.869160847904368,0.0,9.869160847904368,0.0,"[2.4631144371792186, 4.125875424792305, 6.280170985932844]",[],"[1.4631144371792186, 3.125875424792305, 5.280170985932844]",[],"[3.7515754799467143, 8.015065191775141, 13.538899963930369]"
102,0,1294,True,True,1.0,3.99,6,6,True,0,6,68.32751400143545,"[7.617631374503404, 19.218715129620005, 15.499229616884216, 7.7475641751811795, 11.091903708104212, 7.152469997142422]",32.64773046055982,"[3.9708762360563274, 8.495298900551802, 7.044699550584845, 4.02155002832066, 5.325842446160642, 3.789463298885545]",37.39659387673761,0.0,[],20.584671611927668,0.0,14.58467161192767,0.0,"[6.674042883986309, 1.975, 3.0746228046585578, 3.0387745891647358, 2.3378290371934325, 3.4844022969246335]",[],"[5.674042883986309, 0.9750000000000001, 2.0746228046585578, 2.0387745891647358, 1.3378290371934325, 2.4844022969246335]",[],"[14.548827907657202, 2.5, 5.319545652970661, 5.22762715170445, 3.430330864598545, 6.370262299806752]"
102,0,1295,True,False,,0.0,1,1,,0,1,2.5,[2.5],1.975,[1.975],18.394725138778124,0.0,[],8.173942804123469,0.0,0.0,0.0,[8.173942804123469],[],[0.0],[],[18.394725138778124]
102,0,1296,True,True,1.0,3.99,3,3,True,2,5,37.28130727888667,"[5.307581614612478, 15.364064208744342, 16.609661455529853]",17.539709838765802,"[3.0699568296988664, 6.9919850414102935, 7.477767967656643]",25.12632170301047,11.91320584540874,"[4.290440258311957, 7.622765587096783]",12.799265464174084,6.646150279709409,9.799265464174084,4.646150279709409,"[5.754809520079776, 4.063269192037936, 2.981186752056372]","[2.6732717007416635, 3.9728785789677454]","[4.754809520079776, 3.0632691920379354, 1.9811867520563717]","[1.6732717007416633, 2.9728785789677454]","[12.191819282255837, 7.85453638984086, 5.0799660309137735]"
102,0,1297,True,True,1.0,3.99,4,4,True,0,4,37.38662629857438,"[7.933312925438099, 8.320099034469305, 11.818569669705258, 9.314644668961717]",18.58078425644401,"[4.093992040920859, 4.244838623443028, 5.609242171185051, 4.63271142089507]",33.937946427991946,0.0,[],17.23579910691686,0.0,13.235799106916861,0.0,"[5.3712647489557055, 5.659448999475018, 3.2776127605483683, 2.9274725979377685]",[],"[4.3712647489557055, 4.659448999475018, 2.2776127605483683, 1.9274725979377687]",[],"[11.208371151168475, 11.94730512685902, 5.840032719354791, 4.942237430609663]"
102,0,1298,True,False,,0.0,2,2,,0,2,20.534170800736934,"[16.96766647690404, 3.566504323832895]",10.008326612287405,"[7.617389925992575, 2.390936686294829]",14.385209507227227,0.0,[],7.610231707818618,0.0,0.0,0.0,"[2.1266531123854087, 5.483578595433209]",[],"[0.0, 0.0]",[],"[2.8888541343215612, 11.496355372905665]"
102,0,1299,True,False,,0.0,2,2,,0,2,32.01207958033631,"[21.748964974758156, 10.263114605578155]",14.484711036331163,"[9.482096340155682, 5.00261469617548]",26.182764337559583,0.0,[],12.211278091648238,0.0,0.0,0.0,"[6.861621688251462, 5.349656403396776]",[],"[0.0, 0.0]",[],"[15.029799200644772, 11.15296513691481]"
102,0,1300,True,True,1.0,3.99,4,4,True,3,7,39.39065437908805,"[10.553877110894343, 7.7777126627919415, 7.046420340267234, 14.012644265134535]",19.36235520784434,"[5.116012073248794, 4.033307938488857, 3.7481039327042214, 6.464931263402469]",39.11436400011358,23.5936012793284,"[12.13101589396361, 4.567738011037569, 6.894847374327219]",19.254601960044297,12.201504498938077,15.254601960044297,9.201504498938077,"[5.019555399772087, 6.248608388437832, 3.123624585643239, 4.862813586191141]","[5.731096198645808, 2.7814178243046523, 3.6889904759876155]","[4.019555399772087, 5.248608388437832, 2.123624585643239, 3.8628135861911415]","[4.731096198645808, 1.7814178243046521, 2.6889904759876155]","[10.306552307107914, 13.457970226763672, 5.445191245239075, 9.904650221002926]"
102,0,1301,True,True,1.0,3.99,5,5,True,0,5,61.994466629393635,"[10.939148544795058, 18.356805661369147, 15.887118491318624, 12.728182872698042, 4.083211059212767]",29.177841985463516,"[5.266267932470073, 8.159154207933968, 7.195976211614264, 5.963991320352236, 2.592452313092979]",61.984302387452665,0.0,[],29.17387793110654,0.0,24.17387793110654,0.0,"[2.5118861643978843, 2.9407993142346047, 4.973503180936463, 11.659857761372942, 7.087831510164646]",[],"[1.5118861643978843, 1.9407993142346045, 3.9735031809364636, 10.659857761372942, 6.087831510164646]",[],"[3.876631190763806, 4.976408498037447, 10.18846969470888, 27.332968618904978, 15.609824385037554]"
102,0,1302,True,True,1.0,3.99,4,4,True,1,5,45.064696388374344,"[12.332607866170271, 14.282621777146643, 12.875467622294053, 5.573999122763377]",21.575231591465997,"[5.809717067806406, 6.570222493087191, 6.021432372694681, 3.173859657877717]",41.46727380316362,3.5467380963435917,[3.5467380963435917],20.172236783233817,2.383227857574001,16.172236783233814,1.383227857574001,"[3.9305819715344237, 1.975, 6.837952076830361, 7.42870273486903]",[2.383227857574001],"[2.9305819715344237, 0.9750000000000001, 5.837952076830361, 6.42870273486903]",[1.383227857574001],"[7.514312747524163, 2.5, 14.969107889308617, 16.483853166330846]"
102,0,1303,True,True,1.0,3.99,3,3,True,1,4,19.943935532701712,"[11.495550230860594, 2.8210450158358356, 5.627340286005283]",10.778134857753669,"[5.483264590035632, 2.1002075561759757, 3.1946627115420605]",33.98776558778554,13.494901127783882,[13.494901127783882],16.25522857923636,6.263011439835714,13.255228579236359,5.263011439835714,"[8.008470377971584, 5.350662697090879, 2.896095504173897]",[6.263011439835714],"[7.008470377971583, 4.350662697090879, 1.8960955041738972]",[5.263011439835714],"[17.9704368665938, 11.1555453771561, 4.861783344035634]"
102,0,1304,True,True,1.0,3.99,3,3,True,1,4,15.93789054175463,"[2.5, 5.513382687706204, 7.924507854048425]",9.215777311284306,"[1.975, 3.1502192482054197, 4.090558063078886]",23.73781193419746,11.922280892722906,[11.922280892722906],12.25774665433701,5.649689548161933,9.25774665433701,4.649689548161933,"[3.3580726308670976, 4.7440085033900985, 4.155665520079815]",[5.649689548161933],"[2.3580726308670976, 3.7440085033900985, 3.1556655200798143]",[4.649689548161933],"[6.046340079146404, 9.600021803564355, 8.091450051486703]"
102,0,1305,True,False,,0.0,2,2,,0,2,11.422390244426111,"[8.467991012708586, 2.9543992317175256]",6.454732195326184,"[4.302516494956349, 2.152215700369835]",13.920665181554106,0.0,[],7.4290594208061025,0.0,0.0,0.0,"[4.381491389531931, 3.0475680312741718]",[],"[0.0, 0.0]",[],"[8.670490742389564, 5.250174439164542]"
102,0,1306,True,True,1.0,3.99,5,5,True,0,5,56.10745860153669,"[6.235132578052226, 3.3232400219451317, 5.921745785031824, 16.73043759095417, 23.896902625553338]",26.88190885459931,"[3.4317017054403682, 2.2960636085586015, 3.3094808561624114, 7.524870660472127, 10.319792023965801]",58.14828996045651,0.0,[],27.67783308457804,0.0,22.67783308457804,0.0,"[8.311104741897534, 4.010777620826495, 1.975, 5.003935981104194, 8.377014740749818]",[],"[7.311104741897534, 3.0107776208264947, 0.9750000000000001, 4.003935981104194, 7.377014740749819]",[],"[18.74642241512188, 7.719942617503833, 2.5, 10.266502515651778, 18.915422412179023]"
102,0,1307,True,False,,0.0,1,1,,0,1,8.007355216255936,[8.007355216255936],4.1228685343398155,[4.1228685343398155],9.323071569449764,0.0,[],4.635997912085408,0.0,0.0,0.0,[4.635997912085408],[],[0.0],[],[9.323071569449764]
102,0,1308,True,True,1.0,3.99,4,4,True,2,6,29.449108557817116,"[9.739732206429046, 6.790559768898932, 10.41881658248914, 2.5]",15.485152337548676,"[4.7984955605073285, 3.6483183098705836, 5.063338467170764, 1.975]",37.84208391567328,31.363464880270325,"[5.55247633873057, 25.810988541539754]",18.758412727112578,14.231751303305426,14.75841272711258,12.231751303305426,"[7.644252712470633, 4.938017442080675, 2.804709279438871, 3.3714332931224007]","[3.1654657721049224, 11.066285531200505]","[6.644252712470633, 3.938017442080674, 1.8047092794388713, 2.3714332931224007]","[2.1654657721049224, 10.066285531200505]","[17.036545416591366, 10.097480620719677, 4.627459690868901, 6.080598187493335]"
102,0,1309,True,True,1.0,3.99,3,3,True,1,4,28.916780711779275,"[11.254719758105013, 10.895333746617432, 6.766727207056833]",14.277544477593919,"[5.389340705660955, 5.249180161180798, 3.639023610752165]",27.213228525670985,8.971012869834647,[8.971012869834647],13.613159125011686,4.498695019235512,10.613159125011686,3.4986950192355124,"[3.7887005717451627, 2.993763148954497, 6.830695404312026]",[4.498695019235512],"[2.7887005717451627, 1.9937631489544971, 5.830695404312026]",[3.4986950192355124],"[7.150514286526058, 5.112213202447428, 14.950501036697501]"
102,0,1310,True,True,1.0,3.99,5,5,True,1,6,58.28392782514897,"[9.483849267561483, 12.69387321943702, 6.621925615322457, 14.36375628302206, 15.12052343980595]",27.7307318518081,"[4.698701214348979, 5.950610555580438, 3.582550989975758, 6.601864950378603, 6.897004141524321]",58.48975359137821,8.814398998025373,[8.814398998025373],27.811003900637505,4.437615609229896,22.811003900637505,3.4376156092298955,"[3.3248543128085752, 5.878850552098925, 5.823537258865814, 6.168710378337462, 6.615051398526727]",[4.437615609229896],"[2.3248543128085752, 4.878850552098925, 4.823537258865814, 5.168710378337462, 5.615051398526727]",[3.4376156092298955],"[5.961164904637372, 12.509873210510063, 12.368044253502088, 13.253103534198619, 14.397567688530069]"
102,0,1311,True,True,1.0,3.99,4,4,True,0,4,37.17701858212013,"[13.889410471519751, 6.069897842887335, 9.201604054091389, 8.016106213621653]",18.49903724702685,"[6.416870083892703, 3.3672601587260607, 4.588625581095641, 4.126281423312445]",48.99028713492835,0.0,[],23.10621198262206,0.0,19.10621198262206,0.0,"[2.9735672107939046, 8.10111330667025, 4.5645233412368835, 7.467008123921022]",[],"[1.9735672107939046, 7.101113306670249, 3.564523341236884, 6.467008123921022]",[],"[5.060428745625396, 18.207982837616022, 9.139803439068933, 16.582072112618004]"
102,0,1312,True,True,1.0,3.99,6,6,True,2,8,51.07569380516977,"[6.6054690723764455, 19.703174018270154, 6.676447667822661, 10.406025021921858, 5.167606825414653, 2.516971199364006]",25.91952058401621,"[3.576132938226814, 8.684237867125361, 3.603814590450838, 5.058349758549524, 3.015366661911715, 1.9816187677519626]",39.91221974842763,13.466633126583208,"[5.747337701141927, 7.719295425441282]",21.565765701886775,7.251986919367452,15.565765701886775,5.251986919367452,"[3.168540467434759, 4.591320569569467, 2.436673879929776, 3.997553639536766, 3.604470359282287, 3.7672067861337197]","[3.2414617034453514, 4.0105252159221]","[2.168540467434759, 3.591320569569467, 1.436673879929776, 2.997553639536766, 2.604470359282287, 2.7672067861337197]","[2.2414617034453514, 3.0105252159221]","[5.560360172909638, 9.208514280947352, 3.683779179307118, 7.686034973171195, 6.678129126364839, 7.095402015727486]"
102,0,1313,True,True,1.0,3.99,3,3,True,3,6,45.93805616133632,"[15.453429148453285, 5.510338563593016, 24.974288449290015]",20.915841902921166,"[7.026837367896781, 3.149032039801276, 10.739972495223107]",24.298081693441205,17.545690801995537,"[5.776654021829275, 4.375423250637005, 7.393613529529257]",12.476251860442071,9.84281941277826,9.476251860442071,6.84281941277826,"[7.4141072143117475, 3.087144646130323, 1.975]","[3.2528950685134173, 2.706415067748432, 3.8835092765164103]","[6.4141072143117475, 2.087144646130323, 0.9750000000000001]","[2.2528950685134173, 1.706415067748432, 2.8835092765164103]","[16.446428754645506, 5.3516529387956995, 2.5]"
102,0,1314,True,True,1.0,3.99,4,4,True,3,7,41.84529770268296,"[15.206695582409807, 15.191503314852723, 8.947098805420433, 2.5]",20.319666104046355,"[6.930611277139825, 6.924686292792562, 4.489368534113969, 1.975]",35.03216923889682,16.573355188406502,"[6.1568361422875215, 3.3589487030562712, 7.057570343062707]",17.66254600316976,9.463608523478536,13.662546003169759,6.463608523478536,"[4.479839896748493, 4.4179509619087405, 3.3928380532726656, 5.371917091239859]","[3.4011660954921337, 2.3099899941919455, 3.752452433794456]","[3.4798398967484934, 3.417950961908741, 2.3928380532726656, 4.371917091239859]","[2.4011660954921337, 1.3099899941919457, 2.752452433794456]","[8.922666401919214, 8.763976825407028, 6.13548218787863, 11.210043823691946]"
102,0,1315,True,False,,0.0,1,1,,0,1,7.023596081186001,[7.023596081186001],3.7392024716625407,[3.7392024716625407],15.437252724816412,0.0,[],7.020528562678401,0.0,0.0,0.0,[7.020528562678401],[],[0.0],[],[15.437252724816412]
102,0,1316,True,True,1.0,3.99,4,3,,3,7,19.031470560735272,"[2.5, 11.129493984646073, 5.401976576089201]",10.422273518686756,"[1.975, 5.340502654011969, 3.1067708646747882]",26.993050377399896,22.202166256202155,"[4.276295653750414, 10.028000224930082, 7.89787037752166]",13.52728964718596,11.658844839918842,10.52728964718596,8.658844839918842,"[6.345382359751071, 2.79578122791917, 4.386126059515719]","[2.6677553049626614, 4.910920087722732, 4.080169447233448]","[5.345382359751071, 1.79578122791917, 3.386126059515719]","[1.6677553049626614, 3.910920087722732, 3.0801694472334478]","[13.706108614746334, 4.604567251074795, 8.682374511578766]"
102,0,1317,True,True,1.0,3.99,3,2,,2,5,18.817326078141107,"[5.602679597215172, 13.214646480925936]",9.338757170475033,"[3.185045042913917, 6.153712127561115]",15.160985137092378,26.22168598650066,"[9.916271653616795, 16.305414332883863]",7.912784203466028,12.226457534735257,5.912784203466028,10.226457534735257,"[4.761009550273537, 3.1517746531924913]","[4.86734594491055, 7.359111589824707]","[3.7610095502735366, 2.1517746531924913]","[3.86734594491055, 6.359111589824707]","[9.643614231470606, 5.517370905621773]"
102,0,1318,True,True,1.0,3.99,4,4,True,0,4,26.078643944907252,"[6.11141593222681, 2.7031432273577187, 8.014325580510556, 9.249759204812168]",14.17067113851383,"[3.383452213568456, 2.0542258586695104, 4.125586976399117, 4.607406089876745]",49.849231568135615,0.0,[],23.44120031157289,0.0,19.44120031157289,0.0,"[8.000643379304757, 2.812348011193816, 7.3117553577893615, 5.3164535632849566]",[],"[7.000643379304757, 1.8123480111938162, 6.3117553577893615, 4.3164535632849566]",[],"[17.950367639242966, 4.647046182548246, 16.1839880968958, 11.067829649448607]"
102,0,1319,True,True,1.0,3.99,4,4,True,4,8,21.351683039190647,"[2.763634271404951, 3.6817076880238524, 9.292978773719291, 5.61336230604255]",12.327156385284352,"[2.077817365847931, 2.4358659983293025, 4.624261721750523, 3.1892112993565944]",40.19145478775667,34.77447032108376,"[7.082652429562015, 4.139718638397337, 6.580783928659156, 16.971315324465255]",19.6746673672251,17.56204342522267,15.674667367225103,13.562043425222669,"[2.2357707158658084, 4.988860010509448, 5.722982637006944, 6.727054003842902]","[3.762234447529186, 2.6144902689749614, 3.566505732177071, 7.61881297654145]","[1.2357707158658084, 3.9888600105094487, 4.722982637006944, 5.727054003842902]","[2.762234447529186, 1.6144902689749614, 2.566505732177071, 6.61881297654145]","[3.1686428611943804, 10.227846180793458, 12.110211889761395, 14.68475385600744]"
102,0,1320,True,False,,0.0,2,2,,0,2,23.843124029874375,"[5.227844688306199, 18.615279341568176]",11.298818371651008,"[3.0388594284394177, 8.25995894321159]",26.711225379283178,0.0,[],12.41737789792044,0.0,0.0,0.0,"[7.366874368305519, 5.050503529614922]",[],"[0.0, 0.0]",[],"[16.325318893091072, 10.385906486192107]"
102,0,1321,True,False,,0.0,1,1,,0,1,10.472467115108769,[10.472467115108769],5.0842621748924195,[5.0842621748924195],12.789917901707721,0.0,[],5.988067981666012,0.0,0.0,0.0,[5.988067981666012],[],[0.0],[],[12.789917901707721]
102,0,1322,True,True,1.0,3.99,4,4,True,0,4,30.601286517590726,"[13.98427496660246, 6.8763831894898, 2.5443603450430348, 7.196268016455432]",15.934501741860384,"[6.4538672369749595, 3.6817894439010224, 1.9923005345667835, 3.8065445264176185]",47.476554966368205,0.0,[],22.515856436883602,0.0,18.5158564368836,0.0,"[6.113941397530749, 4.629978897234137, 6.473712815454315, 5.2982233266644]",[],"[5.113941397530749, 3.6299788972341367, 5.473712815454315, 4.2982233266644]",[],"[13.112670250078844, 9.307638198036248, 14.035161065267472, 11.02108545298564]"
102,0,1323,True,True,1.0,3.99,3,3,True,5,8,19.19474361516287,"[4.423099468327701, 5.808080310338181, 8.963563836496986]",10.48595000991352,"[2.7250087926478033, 3.2651513210318908, 4.495789896233825]",27.210074560405204,44.840139386480544,"[5.30987285959905, 17.265163511062465, 6.112939205190069, 4.525748303335269, 11.626415507293695]",13.611929078558031,22.48765436072741,10.611929078558031,17.48765436072741,"[3.8079906452570205, 4.041581242091065, 5.7623571912099445]","[3.07085041524363, 7.733413769314361, 3.384046290024127, 2.765041838300755, 5.534302047844541]","[2.8079906452570205, 3.0415812420910653, 4.7623571912099445]","[2.07085041524363, 6.733413769314361, 2.384046290024127, 1.765041838300755, 4.534302047844541]","[7.19997601347954, 7.798926261771962, 12.211172285153703]"
102,0,1324,True,True,1.0,3.99,4,4,True,3,7,26.169641288415374,"[3.3042334366256743, 10.710649419137733, 2.5, 9.654758432651967]",14.206160102481997,"[2.2886510402840132, 5.177153273463716, 1.975, 4.765355788734267]",29.261795980805044,15.911871564813248,"[7.0103641705467705, 4.450753697133239, 4.450753697133239]",15.412100432513968,9.205629910277167,11.412100432513968,6.2056299102771675,"[5.540703379645036, 2.670166324349385, 3.395637605896224, 3.8055931226233226]","[3.7340420265132406, 2.7357939418819632, 2.7357939418819632]","[4.540703379645036, 1.6701663243493852, 2.395637605896224, 2.8055931226233226]","[2.7340420265132406, 1.7357939418819632, 1.7357939418819632]","[11.642829178577015, 4.282477754742013, 6.142660527939036, 7.19382851954698]"
102,0,1325,True,True,1.0,3.99,3,3,True,5,8,28.56959032960091,"[8.778560711394263, 4.790138166523014, 15.000891451683632]",14.142140228544354,"[4.423638677443763, 2.8681538849439754, 6.850347666156616]",26.603577151000025,35.409452563093566,"[6.277146663529492, 5.239785069368698, 17.32314961163059, 2.737048844167723, 3.8323223743970627]",13.37539508889001,18.809686499606492,10.37539508889001,13.809686499606492,"[4.678798233109713, 2.068294792548797, 6.6283020632315]","[3.448087198776502, 3.0435161770537924, 7.7560283485359305, 2.067449049225412, 2.4946057260148544]","[3.678798233109713, 1.0682947925487971, 5.6283020632315]","[2.448087198776502, 2.0435161770537924, 6.7560283485359305, 1.067449049225412, 1.4946057260148544]","[9.432815982332597, 2.7392174167917873, 14.43154375187564]"
102,0,1326,True,False,,0.0,2,2,,0,2,13.515637622272717,"[11.015637622272717, 2.5]",7.27109867268636,"[5.29609867268636, 1.975]",13.132845701692737,0.0,[],7.1218098236601675,0.0,0.0,0.0,"[2.198864217247067, 4.9229456064131005]",[],"[0.0, 0.0]",[],"[3.0740108134540174, 10.058834888238719]"
102,0,1327,True,False,,0.0,2,2,,0,2,15.082474901692702,"[5.673362708689636, 9.409112193003066]",7.882165211660153,"[3.212611456388958, 4.669553755271195]",27.20831537836034,0.0,[],12.611242997560531,0.0,0.0,0.0,"[5.614439752394173, 6.996803245166359]",[],"[0.0, 0.0]",[],"[11.8318968010107, 15.376418577349638]"
102,0,1328,True,True,1.0,3.99,3,3,True,1,4,23.933550632945984,"[5.944468197508699, 5.147794385846974, 12.841288049590311]",12.334084746848934,"[3.3183425970283924, 3.00763981048032, 6.008102339340222]",31.51455922593614,5.4151444661577965,[5.4151444661577965],15.290678098115094,3.1119063418015407,12.290678098115094,2.1119063418015407,"[3.556308147169951, 4.5158660961229495, 7.2185038548221945]",[3.1119063418015407],"[2.556308147169951, 3.5158660961229495, 6.2185038548221945]",[2.1119063418015407],"[6.5546362747947455, 9.015041272110127, 15.944881679031267]"
102,0,1329,True,False,,0.0,2,2,,0,2,9.949992625761386,"[2.9858673236990816, 6.964125302062303]",5.88049712404694,"[2.1644882562426417, 3.716008867804298]",37.138577818082595,0.0,[],16.484045349052213,0.0,0.0,0.0,"[11.916670654898157, 4.567374694154056]",[],"[0.0, 0.0]",[],"[27.99146321768758, 9.147114600395014]"
102,0,1330,True,False,,0.0,1,1,,0,1,8.091559358255957,[8.091559358255957],4.155708149719823,[4.155708149719823],11.527387123223129,0.0,[],5.49568097805702,0.0,0.0,0.0,[5.49568097805702],[],[0.0],[],[11.527387123223129]
102,0,1331,True,True,1.0,3.99,5,5,True,6,11,31.949658521889525,"[2.613767793457391, 6.663735711326197, 4.125594799450295, 13.839035208841393, 4.707525008814251]",17.460366823536916,"[2.0193694394483828, 3.598856927417217, 2.608981971785615, 6.397223731448143, 2.835934753437558]",47.19928288590892,47.64286631286853,"[5.934352604029468, 5.934352604029468, 15.471024318926743, 5.934352604029468, 7.755659689283416, 6.613124492569957]",23.40772032550448,24.580717862018723,18.40772032550448,18.580717862018723,"[2.466172523956412, 9.430643828494823, 4.8540100924467975, 3.844611648405659, 2.81228223220079]","[3.3143975155714926, 3.3143975155714926, 7.03369948438143, 3.3143975155714926, 4.024707278820532, 3.5791185521022832]","[1.4661725239564116, 8.430643828494823, 3.854010092446798, 2.844611648405659, 1.81228223220079]","[2.3143975155714926, 2.3143975155714926, 6.03369948438143, 2.3143975155714926, 3.0247072788205323, 2.5791185521022832]","[3.759416728093363, 21.617035457679034, 9.882077160119994, 7.293876021552972, 4.6468775184635644]"
102,0,1332,True,True,1.0,3.99,4,4,True,4,8,53.6529807165041,"[10.87608076367637, 16.312220031070968, 3.0064152371467094, 23.458264684610054]",24.9246624794366,"[5.241671497833784, 7.361765812117678, 2.1725019424872167, 10.148723226997921]",36.636503839385924,42.128859326129,"[9.451964131359203, 6.0308063345224925, 15.985463485025857, 10.660625375221448]",18.28823649736051,20.430255137190308,14.288236497360511,16.430255137190308,"[3.0666564927676423, 5.491465050226239, 2.353721050732911, 7.376393903633718]","[4.686266011230089, 3.352014470463772, 7.234330759160084, 5.157643896336365]","[2.0666564927676423, 4.491465050226239, 1.353721050732911, 6.376393903633718]","[3.686266011230089, 2.352014470463772, 6.234330759160084, 4.157643896336365]","[5.299119212224723, 11.51657705186215, 3.471079617263874, 16.349727958035174]"
102,0,1333,True,True,1.0,3.99,4,4,True,1,5,20.874584098213617,"[10.674526317773976, 3.4384479011144182, 3.173594287027118, 3.588015592298107]",12.14108779830331,"[5.163065263931851, 2.340994681434623, 2.237701771940576, 2.3993260809962615]",31.201631422408163,3.7563781427803637,[3.7563781427803637],16.168636254739184,2.464987475684342,12.168636254739186,1.464987475684342,"[5.585367943613765, 3.693591642396107, 4.401856624822786, 2.487820043906527]",[2.464987475684342],"[4.585367943613765, 2.693591642396107, 3.4018566248227864, 1.487820043906527]",[1.464987475684342],"[11.757353701573756, 6.906645236913095, 8.7227092944174, 3.814923189503915]"
102,0,1334,True,False,,0.0,2,2,,0,2,13.800882087597275,"[8.097912088405323, 5.702969999191952]",7.382344014162937,"[4.158185714478076, 3.2241582996848615]",20.50752686622687,0.0,[],9.997935477828477,0.0,0.0,0.0,"[4.268710241816702, 5.729225236011776]",[],"[0.0, 0.0]",[],"[8.381308312350518, 12.126218553876349]"
102,0,1335,True,True,1.0,3.99,3,3,True,4,7,20.224948699892913,"[5.668247928557969, 8.872756529120052, 5.683944242214894]",10.887729992958235,"[3.210616692137608, 4.46037504635682, 3.2167382544638086]",25.253064700257525,53.79507051917642,"[8.92096372570674, 9.674812674625429, 12.594787710354044, 22.604506408490202]",12.848695233100432,24.980077502478803,9.848695233100432,20.980077502478803,"[5.110253316078014, 3.588148169748012, 4.150293747274408]","[4.4791758530256285, 4.773176943103918, 5.911967207038077, 9.815757499311179]","[4.110253316078014, 2.588148169748012, 3.150293747274408]","[3.4791758530256285, 3.7731769431039175, 4.911967207038077, 8.815757499311179]","[10.539111066866703, 6.636277358328236, 8.077676275062585]"
102,0,1336,True,True,1.0,3.99,3,3,True,2,5,31.011947122136064,"[9.232270617846549, 13.856015304514194, 7.923661199775319]",15.094659377633064,"[4.600585540960154, 6.403845968760536, 4.0902278679123745]",23.515810847234654,19.487736913251403,"[8.580140131293387, 10.907596781958015]",12.171166230421516,9.600217396168047,9.171166230421514,7.600217396168047,"[7.158453403580021, 2.332011980959021, 2.680700845882473]","[4.346254651204421, 5.2539627449636255]","[6.158453403580021, 1.332011980959021, 1.6807008458824728]","[3.346254651204421, 4.2539627449636255]","[15.790906163025694, 3.4154153357923613, 4.309489348416597]"
102,0,1337,True,False,,0.0,2,2,,0,2,15.824865079833021,"[4.653543843965815, 11.171321235867206]",8.171697381134878,"[2.814882099146668, 5.356815281988211]",18.30001932531137,0.0,[],9.137007536871435,0.0,0.0,0.0,"[3.7903077365484523, 5.346699800322983]",[],"[0.0, 0.0]",[],"[7.154635221919108, 11.145384103392264]"
102,0,1338,True,False,,0.0,1,1,,0,1,10.653159415621147,[10.653159415621147],5.154732172092247,[5.154732172092247],6.585007477991245,0.0,[],3.5681529164165857,0.0,0.0,0.0,[3.5681529164165857],[],[0.0],[],[6.585007477991245]
102,0,1339,True,True,1.0,3.99,4,4,True,2,6,49.43971429298805,"[23.779531168064562, 3.0324930086520703, 17.044558567556432, 5.583131548714978]",23.281488574265335,"[10.27401715554518, 2.1826722733743074, 7.647377841347009, 3.1774213039988415]",43.41819497094183,8.912086054884806,"[4.802401229101047, 4.109684825783758]",20.933096038667315,5.475713561405074,16.933096038667315,3.4757135614050743,"[3.341958301359604, 9.833957480053115, 2.071022346999979, 5.686157910254617]","[2.8729364793494083, 2.602777082055666]","[2.341958301359604, 8.833957480053115, 1.0710223469999791, 4.686157910254617]","[1.8729364793494085, 1.6027770820556657]","[6.005021285537445, 22.65117302577722, 2.7462111461537924, 12.015789513473377]"
102,0,1340,True,True,1.0,3.99,6,6,True,2,8,68.49187737474246,"[19.862518317600458, 6.56346282955755, 11.693394469748435, 6.215796507752604, 20.318681533171542, 3.838023716911861]",32.71183217614956,"[8.746382143864178, 3.559750503527445, 5.56042384320189, 3.4241606380235154, 8.924285797936902, 2.496829249595626]",68.22302602007395,10.24819717266073,"[6.640471212872454, 3.6077259597882763]",32.60698014782884,5.996796897337685,26.60698014782884,3.996796897337685,"[3.5904889582697654, 6.752990741191035, 3.687788572411812, 6.035724148907375, 6.078377858798953, 6.461609868249899]","[3.589783773020257, 2.4070131243174275]","[2.5904889582697654, 5.752990741191035, 2.687788572411812, 5.035724148907375, 5.078377858798953, 5.461609868249899]","[2.589783773020257, 1.4070131243174278]","[6.642279380178886, 14.751258310746245, 6.891765570286697, 12.912113202326603, 13.021481689228086, 14.004127867307432]"
102,0,1341,True,False,,0.0,1,1,,0,1,4.108249750387322,[4.108249750387322],2.6022174026510556,[2.6022174026510556],17.63905157881272,0.0,[],7.87923011573696,0.0,0.0,0.0,[7.87923011573696],[],[0.0],[],[17.63905157881272]
102,0,1342,True,True,1.0,3.99,6,6,True,0,6,42.80403104555486,"[2.5, 5.361475846218185, 9.61401807511218, 12.647891416493954, 5.011445708195076, 7.669199999535465]",22.693572107766396,"[1.975, 3.090975580025092, 4.7494670492937505, 5.932677652432642, 2.95446382619608, 3.9909879998188313]",56.98201049440736,0.0,[],28.22298409281887,0.0,22.22298409281887,0.0,"[4.649230274159043, 3.6293578002200735, 4.382341665067263, 7.4266765426749055, 3.3850835675198043, 4.750294243177781]",[],"[3.649230274159043, 2.6293578002200735, 3.382341665067263, 6.4266765426749055, 2.3850835675198043, 3.7502942431777813]",[],"[9.357000702971906, 6.741943077487368, 8.672670936069904, 16.478657801730527, 6.115598891076421, 9.616139085071234]"
102,0,1343,True,True,1.0,3.99,4,4,True,1,5,32.12550513475958,"[10.422404885596013, 8.72814172676487, 4.20503940264093, 8.769919119757763]",16.528947002556233,"[5.0647379053824455, 4.403975273438299, 2.6399653670299625, 4.420268456705528]",31.684665552660967,13.029213588423483,[13.029213588423483],16.357019565537776,6.081393299485159,12.357019565537778,5.081393299485159,"[3.3491023044150703, 3.952820331867721, 4.182039315858619, 4.873057613396368]",[6.081393299485159],"[2.3491023044150703, 2.952820331867721, 3.1820393158586184, 3.8730576133963672]",[5.081393299485159],"[6.023339242089924, 7.571334184276207, 8.159075168868252, 9.930916957426582]"
102,0,1344,True,True,1.0,3.99,4,3,,0,4,24.59516656576004,"[6.43458824457757, 9.966489098603759, 8.194089222578713]",12.592114960646418,"[3.5094894153852527, 4.886930748455466, 4.195694796805698]",43.969096897204956,0.0,[],20.147947789909935,0.0,17.147947789909935,0.0,"[7.5532188469425865, 5.021857245964697, 7.57287169700265]",[],"[6.5532188469425865, 4.021857245964697, 6.57287169700265]",[],"[16.803125248570733, 10.312454476832556, 16.853517171801666]"
102,0,1345,True,False,,0.0,2,2,,0,2,12.857476838176119,"[6.6195319988459005, 6.237944839330218]",7.014415966888686,"[3.581617479549901, 3.4327984873387853]",18.684250385001352,0.0,[],9.286857650150527,0.0,0.0,0.0,"[3.6265977181571496, 5.6602599319933775]",[],"[0.0, 0.0]",[],"[6.734865943992691, 11.949384441008661]"
102,0,1346,True,False,,0.0,2,2,,0,2,26.96268372252355,"[6.971216482304236, 19.991467240219315]",12.515446651784185,"[3.718774428098652, 8.796672223685533]",18.564492131588995,0.0,[],9.240151931319708,0.0,0.0,0.0,"[5.980745320478033, 3.2594066108416753]",[],"[0.0, 0.0]",[],"[12.771141847379571, 5.793350284209423]"
102,0,1347,True,False,,0.0,2,2,,0,2,15.154989967956695,"[7.26761366170029, 7.887376306256404]",7.910446087503111,"[3.8343693280631133, 4.076076759439998]",19.60644791006676,0.0,[],9.646514684926036,0.0,0.0,0.0,"[3.281970692668307, 6.36454399225773]",[],"[0.0, 0.0]",[],"[5.85120690427771, 13.755241005789049]"
102,0,1348,True,False,,0.0,1,1,,0,1,9.936309994971957,[9.936309994971957],4.875160898039063,[4.875160898039063],6.487236941918457,0.0,[],3.5300224073481985,0.0,0.0,0.0,[3.5300224073481985],[],[0.0],[],[6.487236941918457]
102,0,1349,True,True,1.0,3.99,7,4,,0,7,48.80444593786663,"[8.307398022123108, 7.277898033243438, 5.676929624995697, 27.542220257504393]",23.03373391576799,"[4.239885228628012, 3.838380232964941, 3.214002553748322, 11.741465900426714]",50.576439421761236,0.0,[],23.724811374486883,0.0,19.724811374486883,0.0,"[3.5970062797288227, 7.1702428474922355, 5.811301147479104, 7.14626109978672]",[],"[2.5970062797288227, 6.1702428474922355, 4.811301147479104, 6.14626109978672]",[],"[6.6589904608431345, 15.821135506390346, 12.33666960892078, 15.759643845606973]"
102,0,1350,True,False,,0.0,1,1,,0,1,13.075911736301173,[13.075911736301173],6.099605577157457,[6.099605577157457],13.523910081805674,0.0,[],6.274324931904213,0.0,0.0,0.0,[6.274324931904213],[],[0.0],[],[13.523910081805674]
102,0,1351,True,True,1.0,3.99,3,3,True,1,4,21.26939598732217,"[2.5, 8.309842584688447, 10.459553402633722]",11.295064435055647,"[1.975, 4.240838608028494, 5.079225827027152]",27.253163534392737,13.829559231729409,[13.829559231729409],13.628733778413167,6.3935281003744695,10.628733778413167,5.3935281003744695,"[8.090223823986719, 3.5635099544264492, 1.975]",[6.3935281003744695],"[7.090223823986719, 2.5635099544264492, 0.9750000000000001]",[5.3935281003744695],"[18.180061087145432, 6.573102447247305, 2.5]"
102,0,1352,True,False,,0.0,1,1,,0,1,11.358808434100883,[11.358808434100883],5.429935289299345,[5.429935289299345],13.033448989399046,0.0,[],6.0830451058656285,0.0,0.0,0.0,[6.0830451058656285],[],[0.0],[],[13.033448989399046]
102,0,1353,True,False,,0.0,2,2,,0,2,35.16789696558815,"[27.85062381994699, 7.3172731456411615]",15.715479816579379,"[11.861743289779326, 3.853736526800053]",19.46139781193122,0.0,[],9.589945146653175,0.0,0.0,0.0,"[2.952310594643703, 6.637634552009473]",[],"[0.0, 0.0]",[],"[5.00592460165052, 14.455473210280699]"
102,0,1354,True,False,,0.0,1,1,,0,1,7.973715192316309,[7.973715192316309],4.109748925003361,[4.109748925003361],7.963349625265515,0.0,[],4.1057063538535505,0.0,0.0,0.0,[4.1057063538535505],[],[0.0],[],[7.963349625265515]
102,0,1355,True,True,1.0,3.99,3,3,True,2,5,32.69326334446044,"[13.323972216844044, 9.82102016906822, 9.548270958548178]",15.750372704339574,"[6.1963491645691775, 4.830197865936606, 4.72382567383379]",18.82719656948543,13.480114599083723,"[3.910398813909012, 9.569715785174711]",10.342606662099318,7.257244693642652,7.342606662099318,5.257244693642653,"[1.975, 4.508172142694825, 3.8594345194044926]","[2.5250555374245147, 4.732189156218137]","[0.9750000000000001, 3.5081721426948254, 2.8594345194044926]","[1.5250555374245147, 3.7321891562181375]","[2.5, 8.995313186396988, 7.331883383088442]"
102,0,1356,True,False,,0.0,2,2,,0,2,6.509771013939925,"[4.009771013939925, 2.5]",4.53881069543657,"[2.5638106954365707, 1.975]",22.645446458660643,0.0,[],10.831724118877652,0.0,0.0,0.0,"[3.4789318140190675, 7.352792304858585]",[],"[0.0, 0.0]",[],"[6.3562354205617115, 16.289211038098934]"
102,0,1357,True,True,1.0,3.99,7,6,,1,8,46.77068364949604,"[13.139430460643082, 5.831951561867494, 4.309920807729468, 10.892362422730073, 9.010328742701786, 3.586689653824136]",24.240566623303454,"[6.124377879650802, 3.274461109128323, 2.6808691150144925, 5.248021344864728, 4.514028209653697, 2.398808964991413]",63.982328826461824,12.308651629131896,[12.308651629131896],30.95310824232011,5.80037413536144,24.95310824232011,4.80037413536144,"[3.126202849238833, 3.6041209657107722, 3.6236713647174326, 6.434650990229751, 10.421661454908017, 3.742800617515304]",[5.80037413536144],"[2.126202849238833, 2.6041209657107722, 2.6236713647174326, 5.434650990229751, 9.421661454908017, 2.742800617515304]",[4.80037413536144],"[5.45180217753547, 6.6772332454122365, 6.727362473634442, 13.935002539050643, 24.15810629463594, 7.032822096193087]"
102,0,1358,True,False,,0.0,2,2,,0,2,15.121100621237627,"[8.755809932691319, 6.365290688546307]",7.897229242282673,"[4.414765873749614, 3.4824633685330597]",23.38191153989393,0.0,[],11.118945500558635,0.0,0.0,0.0,"[6.769056144102835, 4.349889356455798]",[],"[0.0, 0.0]",[],"[14.792451651545731, 8.5894598883482]"
102,0,1359,True,False,,0.0,2,2,,0,2,8.358098063841158,"[2.912481488812247, 5.445616575028912]",5.259658244898052,"[2.1358677806367767, 3.1237904642612757]",8.734920076537698,0.0,[],5.406618829849702,0.0,0.0,0.0,"[3.382227143983222, 2.0243916858664797]",[],"[0.0, 0.0]",[],"[6.108274728162108, 2.6266453483755896]"
102,0,1360,True,False,,0.0,1,1,,0,1,9.454680142380399,[9.454680142380399],4.687325255528355,[4.687325255528355],5.073505716856312,0.0,[],2.978667229573962,0.0,0.0,0.0,[2.978667229573962],[],[0.0],[],[5.073505716856312]
102,0,1361,True,False,,0.0,1,1,,0,1,6.35483045901843,[6.35483045901843],3.478383879017188,[3.478383879017188],8.959158624735576,0.0,[],4.494071863646875,0.0,0.0,0.0,[4.494071863646875],[],[0.0],[],[8.959158624735576]
102,0,1362,True,True,1.0,3.99,3,3,True,5,8,29.472447728874123,"[13.124703632945959, 10.096922096985978, 6.250821998942184]",14.494254614260907,"[6.118634416848924, 4.937799617824531, 3.437820579587452]",40.0650991369495,37.20359075939032,"[4.206379363006154, 6.519849724200608, 6.258973096280305, 9.166599392611474, 11.051789183291785]",18.625388663410305,19.509400396162228,15.625388663410305,14.509400396162228,"[3.7639676284207124, 11.802406290588253, 3.0590147444013396]","[2.6404879515724002, 3.542741392438237, 3.4409995075493187, 4.574973763118475, 5.310197781483796]","[2.7639676284207124, 10.802406290588253, 2.0590147444013396]","[1.6404879515724002, 2.542741392438237, 2.4409995075493187, 3.574973763118475, 4.310197781483796]","[7.087096483130032, 27.69847766817501, 5.279524985644461]"
102,0,1363,True,False,,0.0,2,2,,0,2,10.754447389863635,"[7.310242688621459, 3.4442047012421755]",6.194234482046817,"[3.850994648562369, 2.343239833484448]",13.878226057402488,0.0,[],7.41250816238697,0.0,0.0,0.0,"[5.437508162386971, 1.975]",[],"[0.0, 0.0]",[],"[11.378226057402488, 2.5]"
102,0,1364,True,False,,0.0,2,2,,0,2,21.939387129885052,"[19.439387129885052, 2.5]",10.55636098065517,"[8.58136098065517, 1.975]",12.932811739395024,0.0,[],7.04379657836406,0.0,0.0,0.0,"[4.462388344081585, 2.581408234282475]",[],"[0.0, 0.0]",[],"[8.877918830978423, 4.054892908416602]"
102,0,1365,True,True,1.0,3.99,3,3,True,1,4,17.344522270707373,"[3.0536662007838125, 9.148190371685946, 5.1426656982376135]",9.764363685575875,"[2.190929818305687, 4.567794244957518, 3.0056396223126693]",27.080347234827876,15.494901098175962,[15.494901098175962],13.561335421582871,7.043011428288626,10.561335421582871,6.043011428288626,"[5.938724778056387, 1.975, 5.647610643526485]",[7.043011428288626],"[4.938724778056387, 0.9750000000000001, 4.647610643526485]",[6.043011428288626],"[12.663396866811249, 2.5, 11.916950368016627]"
102,0,1366,True,True,1.0,3.99,6,6,True,1,7,55.9719345907354,"[10.523624325220716, 12.244979544719998, 8.125740740962492, 8.25649783956647, 6.53043013014475, 10.290662010120972]",27.829054490386806,"[5.10421348683608, 5.775542022440799, 4.169038888975372, 4.2200341574309235, 3.5468677507564528, 5.0133581839471795]",56.510417750019,4.593266650319812,[4.593266650319812],28.03906292250742,2.7913739936247266,22.039062922507412,1.7913739936247268,"[2.5351451268564524, 4.643393775034801, 8.43387809313447, 2.715410725757918, 3.533932501731135, 6.1773026999926355]",[2.7913739936247266],"[1.5351451268564527, 3.6433937750348013, 7.43387809313447, 1.7154107257579179, 2.533932501731135, 5.1773026999926355]",[1.7913739936247268],"[3.9362695560421863, 9.342035320602054, 19.061225879831973, 4.398489040404917, 6.497262824951628, 13.275135128186244]"
102,0,1367,True,False,,0.0,1,1,,0,1,14.807064081095513,[14.807064081095513],6.77475499162725,[6.77475499162725],10.995265347568694,0.0,[],5.288153485551791,0.0,0.0,0.0,[5.288153485551791],[],[0.0],[],[10.995265347568694]
102,0,1368,True,True,1.0,3.99,4,4,True,1,5,32.28975867593032,"[4.450872096245319, 4.934710816299219, 9.854502682870454, 13.049673080515332]",16.593005883612825,"[2.735840117535674, 2.9245372183566953, 4.8432560463194765, 6.089372501400979]",43.98407438529475,9.82561772637518,[9.82561772637518],21.153789010264948,4.831990913286321,17.153789010264948,3.83199091328632,"[5.24199507463821, 5.18347073503235, 5.024832345436548, 5.703490855157843]",[4.831990913286321],"[4.24199507463821, 4.18347073503235, 4.024832345436548, 4.703490855157843]",[3.83199091328632],"[10.87691044779028, 10.726848038544487, 10.320082937016789, 12.060232961943186]"
102,0,1369,True,True,1.0,3.99,5,5,True,1,6,46.63114404205244,"[10.39816773525758, 7.649839727918224, 14.180803682330911, 10.037389199279495, 4.364943697266237]",23.186146176400456,"[5.055285416750456, 3.9834374938881076, 6.5305134361090555, 4.914581787719003, 2.7023280419338325]",46.681868446494995,9.243187882498395,[9.243187882498395],23.20592869413305,4.604843274174375,18.20592869413305,3.604843274174374,"[3.0116932562997616, 1.975, 6.28266011644057, 7.378843379007888, 4.557731942384829]",[4.604843274174375],"[2.0116932562997616, 0.9750000000000001, 5.28266011644057, 6.378843379007888, 3.5577319423848293]",[3.604843274174374],"[5.158187836666055, 2.5, 13.545282349847614, 16.35600866412279, 9.122389595858536]"
102,0,1370,True,False,,0.0,2,2,,0,2,13.922526511985831,"[9.734547396382233, 4.187979115603598]",7.429785339674474,"[4.796473484589071, 2.6333118550854033]",21.266393288046903,0.0,[],10.293893382338293,0.0,0.0,0.0,"[2.973218377603832, 7.32067500473446]",[],"[0.0, 0.0]",[],"[5.059534301548286, 16.206858986498617]"
102,0,1371,True,True,1.0,3.99,4,4,True,0,4,42.064190021891065,"[3.6901012675020652, 4.722042875744534, 17.860908610398315, 15.791137268246153]",20.405034108537517,"[2.4391394943258056, 2.8415967215403684, 7.965754358055343, 7.158543534616]",53.368418183834706,0.0,[],24.813683091695538,0.0,20.813683091695538,0.0,"[6.364775692779828, 3.104489369212168, 7.9958755384910845, 7.348542491212456]",[],"[5.364775692779828, 2.104489369212168, 6.9958755384910845, 6.348542491212456]",[],"[13.755835109691866, 5.396126587723508, 17.938142406387396, 16.278314080031937]"
102,0,1372,True,False,,0.0,2,2,,0,2,19.481313598573763,"[4.58199014271856, 14.899323455855205]",9.597712303443767,"[2.7869761556602386, 6.81073614778353]",22.777444585321525,0.0,[],10.883203388275396,0.0,0.0,0.0,"[6.633837432471672, 4.249365955803724]",[],"[0.0, 0.0]",[],"[14.445737006337618, 8.331707578983908]"
102,0,1373,True,True,1.0,3.99,9,2,,4,13,25.222656774568122,"[18.386894281289017, 6.8357624932791055]",11.83683614208157,"[8.170888769702717, 3.6659473723788514]",9.525424705236613,20.935661256502552,"[8.780698141710765, 4.5811036196849075, 4.218127541047172, 3.35573195405971]",5.71491563504228,12.164907890035998,3.7149156350422796,8.164907890035996,"[2.772387071258489, 2.9425285637837906]","[4.424472275267199, 2.786630411677114, 2.645069741008397, 2.3087354620832867]","[1.772387071258489, 1.9425285637837906]","[3.4244722752671986, 1.786630411677114, 1.6450697410083972, 1.308735462083287]","[4.544582233996126, 4.980842471240488]"
102,0,1374,True,False,,0.0,1,1,,0,1,7.638457784363723,[7.638457784363723],3.978998535901852,[3.978998535901852],3.0574999919623003,0.0,[],2.192424996865297,0.0,0.0,0.0,[2.192424996865297],[],[0.0],[],[3.0574999919623003]
102,0,1375,True,True,1.0,3.99,4,4,True,2,6,55.6935666929361,"[18.715611936633703, 11.654789818790821, 7.559306357890333, 17.763858579621242]",25.72049101024508,"[8.299088655287145, 5.54536802932842, 3.9481294795772297, 7.927904846052285]",27.997047065172666,15.851340410813613,"[5.277517261199991, 10.573823149613622]",14.91884835541734,8.18202276021731,10.91884835541734,6.1820227602173095,"[3.8289563725790874, 3.615459902432025, 4.1956305500139734, 3.278801530392254]","[3.0582317318679966, 5.123791028349313]","[2.8289563725790874, 2.615459902432025, 3.1956305500139734, 2.278801530392254]","[2.0582317318679966, 4.123791028349313]","[7.253734288664326, 6.706307442133397, 8.193924487215316, 5.843080847159626]"
102,0,1376,True,True,1.0,3.99,3,3,True,3,6,79.5540295853774,"[22.601073242831838, 35.20486517618979, 21.74809116635577]",34.02607153829719,"[9.814418564704416, 14.72989741871402, 9.48175555487875]",24.91858696350683,19.097718711034993,"[4.179116149778567, 4.631466377928386, 10.28713618332804]",12.718248915767663,10.448110297303646,9.718248915767663,7.448110297303647,"[2.436304709966358, 1.975, 8.306944205801306]","[2.6298552984136414, 2.8062718873920707, 5.011983111497935]","[1.436304709966358, 0.9750000000000001, 7.306944205801306]","[1.6298552984136412, 1.8062718873920707, 4.011983111497935]","[3.6828325896573277, 2.5, 18.735754373849502]"
102,0,1377,True,True,1.0,3.99,4,4,True,0,4,15.030150367184785,"[2.8805820796530663, 4.524074481023715, 2.5, 5.125493806508005]",9.861758643202068,"[2.1234270110646962, 2.7643890475992485, 1.975, 2.998942584538122]",33.20021754869719,0.0,[],16.948084843991907,0.0,12.948084843991905,0.0,"[3.1426402021419713, 2.916366032939413, 5.351388456107826, 5.5376901528026945]",[],"[2.1426402021419713, 1.9163660329394128, 4.351388456107826, 4.5376901528026945]",[],"[5.493949236261464, 4.913759058819007, 11.157406297712374, 11.635102955904344]"
102,0,1378,True,True,1.0,3.99,4,4,True,0,4,33.812646713746304,"[3.5784597835689205, 17.102248969289203, 8.486588439243722, 4.64534952164446]",17.186932218361058,"[2.395599315591879, 7.6698770980227895, 4.309769491305051, 2.8116863134413395]",29.69746453509344,0.0,[],15.582011168686442,0.0,11.582011168686442,0.0,"[6.346079689158739, 3.41177774750187, 3.457952169104042, 2.3662015629217916]",[],"[5.346079689158739, 2.41177774750187, 2.457952169104042, 1.3662015629217916]",[],"[13.707896638868561, 6.184045506415051, 6.302441459241133, 3.503080930568696]"
102,0,1379,True,False,,0.0,2,2,,0,2,27.470616736094048,"[20.35290648172793, 7.1177102543661155]",12.71354052707668,"[8.937633527873894, 3.775906999202785]",21.230393509627962,0.0,[],10.279853468754906,0.0,0.0,0.0,"[3.472039012488833, 6.8078144562660725]",[],"[0.0, 0.0]",[],"[6.338561570484187, 14.891831939143774]"
102,0,1380,True,True,1.0,3.99,3,3,True,0,3,38.56804700732869,"[17.31738400240519, 3.1537348133050496, 18.096928191618442]",18.041538332858188,"[7.753779760938025, 2.229956577188969, 8.057801994731193]",26.32585145601676,0.0,[],13.267082067846538,0.0,10.267082067846538,0.0,"[6.293669196730378, 3.222035824291676, 3.751377046824483]",[],"[5.293669196730378, 2.222035824291676, 2.751377046824483]",[],"[13.573510760847123, 5.697527754594041, 7.054812940575598]"
102,0,1381,True,False,,0.0,1,1,,0,1,14.893741944461574,[14.893741944461574],6.808559358340014,[6.808559358340014],21.970257301920498,0.0,[],9.568400347748995,0.0,0.0,0.0,[9.568400347748995],[],[0.0],[],[21.970257301920498]
102,0,1382,True,False,,0.0,2,2,,0,2,7.69531736664437,"[4.455082474860181, 3.2402348917841888]",5.001173772991304,"[2.7374821651954706, 2.263691607795834]",7.5596165183333985,0.0,[],4.948250442150025,0.0,0.0,0.0,"[1.975, 2.973250442150025]",[],"[0.0, 0.0]",[],"[2.5, 5.0596165183333985]"
102,0,1383,True,False,,0.0,1,1,,0,1,2.5,[2.5],1.975,[1.975],8.020243947245195,0.0,[],4.127895139425626,0.0,0.0,0.0,[4.127895139425626],[],[0.0],[],[8.020243947245195]
102,0,1384,True,True,1.0,3.99,7,7,True,3,10,64.39704414522497,"[3.044593424291808, 2.899467925276012, 6.377064491364684, 5.171434995946727, 6.74062615936737, 4.893955815577738, 35.26990133340063]",32.11484721663774,"[2.1873914354738053, 2.1307924908576448, 3.487055151632227, 3.016859648419224, 3.628844202153274, 2.9086427680753175, 14.755261520026247]",70.33368727687687,30.997508132775067,"[4.7022890839081946, 16.70243229109622, 9.592786757770655]",34.43013803798198,15.089028171782278,27.430138037981983,12.089028171782278,"[2.0946551668071614, 5.120548906597653, 10.459229834175293, 3.565080668965966, 5.902870755667521, 4.087852893207657, 3.1998998125607283]","[2.833892742724196, 7.513948593527526, 4.741186835530556]","[1.0946551668071616, 4.120548906597653, 9.459229834175293, 2.565080668965966, 4.902870755667521, 3.0878528932076565, 2.1998998125607283]","[1.833892742724196, 6.513948593527526, 3.7411868355305558]","[2.806808120018363, 10.56551001691706, 24.25443547224434, 6.577129920425555, 12.571463476070566, 7.917571521045272, 5.640768750155713]"
102,0,1385,True,True,1.0,3.99,5,5,True,4,9,45.32484590669542,"[5.889376589797377, 2.5, 16.51423655455612, 3.120305147692722, 17.300927614649204]",22.676689903611216,"[3.296856870020977, 1.975, 7.440552256276887, 2.2169190076001617, 7.74736176971319]",44.97340121399639,35.460189274059736,"[4.222631185816598, 6.672848144180269, 5.676931410656095, 18.887778533406774]",22.53962647345859,17.829473816883297,17.539626473458593,13.829473816883297,"[1.975, 6.6774834810336445, 5.8923555708274025, 5.37179924803384, 2.622988173563707]","[2.6468261624684732, 3.602410776230305, 3.214003250155877, 8.366233628028642]","[0.9750000000000001, 5.6774834810336445, 4.8923555708274025, 4.37179924803384, 1.6229881735637066]","[1.6468261624684735, 2.602410776230305, 2.214003250155877, 7.366233628028642]","[2.5, 14.557649951368319, 12.544501463660005, 11.20974166162523, 4.161508137342837]"
102,0,1386,True,True,1.0,3.99,4,4,,1,5,35.281763795204505,"[5.521230990780909, 6.156074612775895, 12.044576062986557, 11.559882128661144]",17.75988788012976,"[3.1532800864045547, 3.400869098982599, 5.6973846645647575, 5.508354030177847]",60.99016360152425,11.463126413863387,[11.463126413863387],27.78616380459446,5.470619301406721,23.78616380459446,4.470619301406721,"[4.535964739980422, 7.944840841937176, 7.432818971708389, 7.872539250968473]",[5.470619301406721],"[3.535964739980422, 6.944840841937176, 6.432818971708389, 6.872539250968473]",[4.470619301406721],"[9.066576256360056, 17.80728421009532, 16.4944076197651, 17.621895515303777]"
102,0,1387,True,True,1.0,3.99,4,4,True,5,9,37.02685407797052,"[9.192683968187968, 12.045754586786188, 8.214346990188442, 7.57406853280792]",18.440473090408503,"[4.585146747593308, 5.697844288846613, 4.203595326173493, 3.953886727795089]",42.33584506322556,32.309633365823494,"[6.781888896720394, 2.1187433393872106, 8.129843845677978, 10.606314507213556, 4.672842776824351]",20.510979574657966,17.600757012671163,16.510979574657966,12.600757012671162,"[2.942374929431946, 10.14521725954802, 3.832038110013968, 3.5913492756640335]","[3.6449366697209538, 1.8263099023610123, 4.170639099814412, 5.136462657813287, 2.822408682961497]","[1.9423749294319461, 9.14521725954802, 2.832038110013968, 2.5913492756640335]","[2.6449366697209538, 0.8263099023610122, 3.170639099814412, 4.136462657813287, 1.822408682961497]","[4.98044853700499, 23.4492750244821, 7.261636179522995, 6.644485322215471]"
102,0,1388,True,True,1.0,3.99,3,3,True,1,4,40.09249247457228,"[16.318582646966586, 13.120723867690428, 10.65318595991527]",18.63607206508319,"[7.364247232316969, 6.117082308399267, 5.154742524366955]",27.32714204610774,4.093847858663134,[4.093847858663134],13.657585397982018,2.596600664878622,10.657585397982018,1.5966006648786222,"[6.277470803362844, 2.4298914446783595, 4.950223149940816]",[2.596600664878622],"[5.277470803362844, 1.4298914446783593, 3.9502231499408156]",[1.5966006648786222],"[13.531976418879086, 3.6663883196881004, 10.128777307540552]"
102,0,1389,True,True,1.0,3.99,3,3,True,3,6,32.85973172008946,"[16.675570783982618, 11.237893317599829, 4.94626761850701]",15.815295370834889,"[7.503472605753221, 5.3827783938639335, 2.929044371217734]",29.36828788027213,16.660203569183093,"[2.387749364710322, 7.782404467406453, 6.490049737066318]",14.45363227330613,9.497479391981406,11.45363227330613,6.497479391981406,"[6.059007168978343, 4.033226193111224, 4.361398911216565]","[1.9312222522370255, 4.035137742288517, 3.531119397455864]","[5.059007168978343, 3.033226193111224, 3.361398911216565]","[0.9312222522370256, 3.0351377422885166, 2.531119397455864]","[12.971813253790621, 7.777503059259548, 8.618971567221962]"
102,0,1390,True,False,,0.0,2,2,,0,2,14.357774522893544,"[3.1083954715815754, 11.24937905131197]",7.599532063928483,"[2.2122742339168147, 5.387257830011668]",14.667344098126904,0.0,[],7.7202641982694935,0.0,0.0,0.0,"[3.712355048201767, 4.007909150067726]",[],"[0.0, 0.0]",[],"[6.954756533850684, 7.71258756427622]"
102,0,1391,True,True,1.0,3.99,4,4,True,2,6,42.95703279933437,"[9.936247034086662, 3.3968897760256027, 21.58972856453834, 8.034167424683762]",20.753242791740405,"[4.875136343293798, 2.3247870126499848, 9.419994140169953, 4.133325295626667]",55.289289553066865,14.578021517830061,"[10.568869215982806, 4.009152301847255]",25.56282292569608,7.685428391953724,21.56282292569608,5.685428391953724,"[7.533141185722298, 5.502876933818824, 5.518641952232921, 7.008162853922035]","[5.121858994233294, 2.5635693977204292]","[6.533141185722298, 4.502876933818824, 4.518641952232921, 6.008162853922035]","[4.121858994233294, 1.5635693977204295]","[16.751644065954608, 11.545838291843138, 11.586261415981847, 15.40554577928727]"
102,0,1392,True,False,,0.0,2,2,,0,2,14.772274757602336,"[9.30815995449977, 5.464114803102567]",7.761187155464912,"[4.63018238225491, 3.1310047732100013]",16.11577818153632,0.0,[],8.285153490799164,0.0,0.0,0.0,"[3.367000968985289, 4.918152521813876]",[],"[0.0, 0.0]",[],"[6.069233253808433, 10.046544927727886]"
102,0,1393,True,True,1.0,3.99,4,4,True,1,5,29.342468538217883,"[2.5, 12.981498866510274, 6.883092873513289, 6.977876798194321]",15.443562729904974,"[1.975, 6.062784557939007, 3.6844062206701826, 3.7213719512957852]",51.27522689389667,11.635271579915049,[11.635271579915049],23.997338488619697,5.537755916166869,19.9973384886197,4.537755916166869,"[6.793943803713288, 4.374479679238759, 7.723726407949817, 5.105188597717836]",[5.537755916166869],"[5.793943803713288, 3.374479679238758, 6.723726407949817, 4.105188597717836]",[4.537755916166869],"[14.856266163367406, 8.652511998048098, 17.24032412294825, 10.526124609532912]"
102,0,1394,True,False,,0.0,2,2,,0,2,10.920383917646104,"[8.420383917646104, 2.5]",6.25894972788198,"[4.28394972788198, 1.975]",13.90925213792709,0.0,[],7.424608333791566,0.0,0.0,0.0,"[2.6704066173613548, 4.754201716430211]",[],"[0.0, 0.0]",[],"[4.28309389067014, 9.626158247256951]"
102,0,1395,True,False,,0.0,2,2,,0,2,19.07195799447653,"[7.587805154951976, 11.484152839524555]",9.438063617845847,"[3.959244010431271, 5.478819607414576]",10.024371073177594,0.0,[],5.909504718539262,0.0,0.0,0.0,"[3.9345047185392623, 1.975]",[],"[0.0, 0.0]",[],"[7.524371073177595, 2.5]"
102,0,1396,True,True,1.0,3.99,7,7,True,3,10,77.66292914850361,"[16.00368953571404, 7.040059592906528, 18.54522651897555, 10.487910967916612, 16.22170058797001, 3.476222729379846, 5.888119215641025]",37.288542367916406,"[7.241438918928476, 3.7456232412335457, 8.232638342400465, 5.090285277487479, 7.326463229308303, 2.3557268644581404, 3.2963664940999995]",56.94699404497181,24.091722636088786,"[5.2604231323739, 5.743404673841044, 13.087894829873843]",29.209327677539008,12.395771828074627,22.209327677539008,9.395771828074627,"[2.0308656961818965, 3.3564632658732343, 3.6401301916264783, 2.0752711500161816, 8.988054254549713, 3.4146517234173324, 5.703891395874172]","[3.0515650216258208, 3.2399278227980073, 6.104278983650799]","[1.0308656961818963, 2.3564632658732343, 2.6401301916264783, 1.0752711500161813, 7.988054254549712, 2.4146517234173324, 4.703891395874172]","[2.0515650216258208, 2.2399278227980073, 5.104278983650799]","[2.643245374825375, 6.042213502239062, 6.769564593914047, 2.7571055128620032, 20.48219039628131, 6.191414675429057, 12.061259989420954]"
102,0,1397,True,False,,0.0,1,1,,0,1,4.726883160373801,[4.726883160373801],2.8434844325457824,[2.8434844325457824],7.112636773737925,0.0,[],3.7739283417577907,0.0,0.0,0.0,[3.7739283417577907],[],[0.0],[],[7.112636773737925]
102,0,1398,True,True,1.0,3.99,3,3,True,2,5,20.000861357636303,"[5.429805988668807, 9.24943434672572, 5.321621022241775]",10.800335929478157,"[3.117624335580835, 4.60727939522303, 3.0754321986742923]",18.799126774513432,13.273733394025179,"[6.898247549459873, 6.375485844565305]",10.33165944206024,7.176756023669819,7.331659442060239,5.176756023669819,"[3.7085022939923284, 1.975, 4.64815714806791]","[3.6903165442893506, 3.486439479380469]","[2.7085022939923284, 0.9750000000000001, 3.6481571480679102]","[2.6903165442893506, 2.486439479380469]","[6.944877676903406, 2.5, 9.354249097610026]"
102,0,1399,True,True,1.0,3.99,3,3,True,0,3,21.398943576521006,"[9.91229065080093, 3.0092916669778593, 8.477361258742215]",11.345587994843193,"[4.8657933538123626, 2.173623750121365, 4.306170890909464]",25.51249140314755,0.0,[],12.949871647227544,0.0,9.949871647227544,0.0,"[3.845276523618388, 4.0815025488397545, 5.023092574769402]",[],"[2.845276523618388, 3.0815025488397545, 4.023092574769402]",[],"[7.2955808297907385, 7.901288586768601, 10.31562198658821]"
102,0,1400,True,True,1.0,3.99,7,7,True,0,7,55.69334043492758,"[4.255948661192008, 13.882718780033173, 7.051333162501897, 5.875565428654378, 12.798024381881271, 5.702945822699377, 6.1268041979654795]",28.720402769621757,"[2.659819977864883, 6.414260324212938, 3.75001993337574, 3.2914705171752074, 5.991229508933696, 3.224148870852757, 3.389453637206537]",58.92387107511658,0.0,[],29.98030971929547,0.0,22.980309719295466,0.0,"[9.421070760989616, 1.975, 4.910288522697812, 4.353595774997386, 3.86851320772464, 2.011999019266928, 3.4398424336190874]",[],"[8.421070760989616, 0.9750000000000001, 3.910288522697812, 3.3535957749973853, 2.86851320772464, 1.0119990192669277, 2.4398424336190874]",[],"[21.592489130742607, 2.5, 10.026380827430287, 8.598963525634321, 7.35516207108882, 2.5948692801716096, 6.256006240048942]"
102,0,1401,True,True,1.0,3.99,3,3,,2,5,29.91037065477239,"[3.9945485791550173, 5.996235800264161, 19.91958627535321]",14.665044555361233,"[2.5578739458704565, 3.3385319621030227, 8.768638647387753]",40.60696002623925,13.461750057307455,"[7.402931198358743, 6.058818858948711]",18.836714410233306,7.250082522349907,15.836714410233308,5.250082522349907,"[7.707761789003013, 3.7221925789888735, 7.406760042241421]","[3.88714316735991, 3.3629393549899973]","[6.707761789003013, 2.7221925789888735, 6.406760042241421]","[2.88714316735991, 2.3629393549899973]","[17.199389202571826, 6.979980971766342, 16.42758985190108]"
102,0,1402,True,False,,0.0,2,2,,0,2,28.560629613344826,"[8.547186082594518, 20.01344353075031]",13.138645549204481,"[4.333402572211861, 8.80524297699262]",17.367896870720354,0.0,[],8.773479779580938,0.0,0.0,0.0,"[4.827593881921695, 3.945885897659244]",[],"[0.0, 0.0]",[],"[9.814343286978705, 7.5535535837416505]"
102,0,1403,True,True,1.0,3.99,6,6,True,1,7,57.279704891524105,"[7.985374025204216, 7.389662592660878, 6.280538508187127, 2.5, 25.780711408367267, 7.343418357104617]",28.3390849076944,"[4.114295869829644, 3.8819684111377426, 3.4494100181929794, 1.975, 11.054477449263235, 3.863933159270801]",73.69203209937744,4.3846327210839595,[4.3846327210839595],34.7398925187572,2.7100067612227443,28.739892518757202,1.7100067612227443,"[4.11284391156793, 4.3008339866038305, 10.398317684033847, 3.591211063656246, 6.356711044598009, 5.97997482829734]",[2.7100067612227443],"[3.1128439115679303, 3.3008339866038305, 9.398317684033847, 2.591211063656246, 5.356711044598009, 4.97997482829734]",[1.7100067612227443],"[7.981651055302385, 8.46367688872777, 24.098250471881656, 6.644130932451913, 13.735156524610279, 12.769166226403437]"
102,0,1404,True,False,,0.0,2,2,,0,2,16.23447746671145,"[12.22542216492893, 4.009055301782521]",8.331446212017466,"[5.767914644322283, 2.563531567695183]",20.24820542693428,0.0,[],9.89680011650437,0.0,0.0,0.0,"[6.420679803953073, 3.4761203125512963]",[],"[0.0, 0.0]",[],"[13.899178984495059, 6.3490264424392215]"
102,0,1405,True,True,1.0,3.99,5,5,True,2,7,32.6920267612135,"[2.8640408463711426, 7.236714346589119, 10.157317973928153, 3.928339644180095, 8.505613950144989]",17.749890436873265,"[2.1169759300847457, 3.8223185951697567, 4.96135400983198, 2.5320524612302373, 4.317189440556546]",53.87482357651737,23.5209495136853,"[17.529981904869363, 5.990967608815936]",26.011181194841775,11.173170310337266,21.011181194841775,9.173170310337266,"[3.76937595938521, 4.813073431818118, 6.68277392349863, 6.090857925817756, 4.65509995432206]","[7.8366929428990515, 3.336477367438215]","[2.76937595938521, 3.8130734318181183, 5.68277392349863, 5.090857925817756, 3.6550999543220604]","[6.8366929428990515, 2.336477367438215]","[7.100963998423616, 9.7771113636362, 14.571215188458025, 13.05348186107117, 9.37205116492836]"
102,0,1406,True,False,,0.0,1,1,,0,1,2.5,[2.5],1.975,[1.975],2.5,0.0,[],1.975,0.0,0.0,0.0,[1.975],[],[0.0],[],[2.5]
102,0,1407,True,True,1.0,3.99,3,3,True,2,5,19.46136101408819,"[8.70541673822952, 7.118706073409922, 3.6372382024487493]",10.589930795494393,"[4.395112527909513, 3.77629536862987, 2.418522898955012]",26.41995284428889,23.939828315279588,"[17.995382671883526, 5.944445643396062]",13.303781609272667,11.33653304295904,10.303781609272667,9.33653304295904,"[6.752597499051509, 3.633775523233887, 2.9174085869872712]","[8.018199242034576, 3.318333800924464]","[5.752597499051509, 2.633775523233887, 1.9174085869872712]","[7.018199242034576, 2.318333800924464]","[14.750249997567972, 6.753270572394581, 4.916432274326336]"
102,0,1408,True,False,,0.0,2,2,,0,2,22.647202358607952,"[16.26092830926823, 6.386274049339722]",10.832408919857102,"[7.3417620406146105, 3.4906468792424916]",19.4865214780881,0.0,[],9.59974337645436,0.0,0.0,0.0,"[2.733080290866633, 6.866663085587726]",[],"[0.0, 0.0]",[],"[4.443795617606752, 15.04272586048135]"
102,0,1409,True,True,1.0,3.99,3,3,True,1,4,21.489103842791174,"[2.5, 11.127134124085437, 7.861969718705737]",11.38075049868856,"[1.975, 5.339582308393321, 4.066168190295238]",38.2236896863532,9.688980753619113,[9.688980753619113],17.907238977677743,4.778702493911454,14.907238977677745,3.778702493911454,"[5.87628098113352, 7.1731872970251835, 4.857770699519042]",[4.778702493911454],"[4.87628098113352, 6.1731872970251835, 3.857770699519042]",[3.778702493911454],"[12.503284567009025, 15.82868537698765, 9.891719742356518]"
102,0,1410,True,True,1.0,3.99,4,4,True,0,4,29.13427549975397,"[12.245058214072078, 6.926626091314993, 2.5, 7.462591194366897]",15.362367444904049,"[5.775572703488111, 3.7013841756128474, 1.975, 3.9104105658030903]",38.530940712220065,0.0,[],19.027066877765826,0.0,15.027066877765826,0.0,"[5.438959843632708, 2.9793228944449046, 5.459185949088241, 5.149598190599972]",[],"[4.438959843632708, 1.9793228944449048, 4.459185949088241, 4.149598190599972]",[],"[11.381948317006945, 5.075186908833089, 11.433810125867282, 10.63999536051275]"
102,0,1411,True,True,1.0,3.99,5,5,True,2,7,46.04837404819293,"[18.961937277287138, 3.0929255391683927, 8.714994987450897, 8.24046596890001, 7.038050275386498]",22.958865878795244,"[8.395155538141985, 2.2062409602756734, 4.39884804510585, 4.2137817278710035, 3.7448396074007344]",43.05369526416469,11.897441696765696,"[4.115752498845032, 7.781689197920665]",21.79094115302423,6.640002261738622,16.790941153024228,4.640002261738622,"[4.636657618497768, 6.258642288223183, 6.323115673926322, 1.975, 2.5975255723769557]","[2.6051434745495623, 4.0348587871890595]","[3.6366576184977686, 5.258642288223183, 5.323115673926322, 0.9750000000000001, 1.5975255723769557]","[1.6051434745495623, 3.0348587871890595]","[9.324763124353252, 13.483698174931238, 13.649014548529031, 2.5, 4.096219416351168]"
102,0,1412,True,True,1.0,3.99,4,4,True,0,4,30.495564473934166,"[5.389836253062531, 3.3750936851248343, 12.515587829324263, 9.21504670642254]",15.893270144834325,"[3.102036138694387, 2.3162865371986854, 5.881079253436463, 4.5938682155047905]",37.00937261212537,0.0,[],18.433655318728896,0.0,14.433655318728896,0.0,"[3.936442445744777, 7.0699048438133225, 4.064393987988641, 3.3629140411821536]",[],"[2.936442445744777, 6.0699048438133225, 3.064393987988641, 2.3629140411821536]",[],"[7.529339604473788, 15.563858573880314, 7.857420482022157, 6.058753951749112]"
102,0,1413,True,False,,0.0,1,1,,0,1,8.027134916332797,[8.027134916332797],4.130582617369791,[4.130582617369791],17.83682018738394,0.0,[],7.9563598730797365,0.0,0.0,0.0,[7.9563598730797365],[],[0.0],[],[17.83682018738394]
102,0,1414,True,False,,0.0,1,1,,0,1,6.852789413151868,[6.852789413151868],3.6725878711292284,[3.6725878711292284],2.868815836180426,0.0,[],2.118838176110366,0.0,0.0,0.0,[2.118838176110366],[],[0.0],[],[2.868815836180426]
102,0,1415,True,True,1.0,3.99,5,1,,2,7,8.041865759087575,[8.041865759087575],4.136327646044155,[4.136327646044155],11.242426304485932,23.06098571315836,"[16.66543752529327, 6.3955481878650895]",5.384546258749514,10.993784428131761,4.384546258749514,8.993784428131761,[5.384546258749514],"[7.499520634864376, 3.494263793267385]",[4.384546258749514],"[6.499520634864376, 2.494263793267385]",[11.242426304485932]
102,0,1416,True,True,1.0,3.99,4,4,,2,6,31.80237615232142,"[11.107569487097251, 9.648471492804957, 2.983629173878288, 8.06270599854092]",16.402926699405352,"[5.331952099967928, 4.762903882193934, 2.1636153778125324, 4.144455339430959]",45.73017325923882,24.43639477970445,"[10.742591664107925, 13.693803115596523]",21.834767571103143,11.530193964084734,17.834767571103143,9.530193964084734,"[4.7800709840218465, 9.046284464997514, 6.03341212208378, 1.975]","[5.189610749002091, 6.340583215082645]","[3.7800709840218465, 8.046284464997514, 5.03341212208378, 0.9750000000000001]","[4.189610749002091, 5.340583215082645]","[9.692489702620119, 20.631498628198752, 12.906184928419947, 2.5]"
102,0,1417,True,True,1.0,3.99,4,4,True,2,6,32.48057910076892,"[12.809096537966091, 6.35653051243505, 10.814952050367777, 2.5]",16.667425849299878,"[5.995547649806776, 3.4790468998496697, 5.217831299643433, 1.975]",36.406780668330576,39.287705143867925,"[12.852456730531719, 26.435248413336204]",18.19864446064893,17.32220500610849,14.198644460648927,15.32220500610849,"[3.5551015366009966, 3.8533346093917107, 7.3230999829447345, 3.467108331711485]","[6.01245812490737, 11.30974688120112]","[2.5551015366009966, 2.8533346093917107, 6.3230999829447345, 2.467108331711485]","[5.01245812490737, 10.30974688120112]","[6.551542401541017, 7.316242588183873, 16.213076879345472, 6.325918799260218]"
102,0,1418,True,False,,0.0,2,2,,0,2,19.36436365314284,"[7.5759318517950796, 11.78843180134776]",9.552101824725707,"[3.9546134222000813, 5.597488402525626]",18.76604810359848,0.0,[],9.318758760403409,0.0,0.0,0.0,"[2.6960466170000563, 6.622712143403351]",[],"[0.0, 0.0]",[],"[4.348837479487324, 14.417210624111156]"
102,0,1419,True,True,1.0,3.99,3,3,True,5,8,36.61495650577059,"[7.101252215228328, 10.426893387126814, 19.086810903415454]",17.279833037250533,"[3.769488363939048, 5.066488420979457, 8.443856252332028]",30.171638147560586,62.87577625227821,"[7.812000408689125, 15.27829636090431, 11.933314224438472, 25.330948825538005, 2.5212164327082953]",14.766938877548629,29.521552738388497,11.766938877548629,24.5215527383885,"[2.377823255830548, 4.480577375076008, 7.908538246642072]","[4.0466801593887585, 6.958535580752681, 5.653992547531004, 10.879070041959823, 1.9832744087562353]","[1.377823255830548, 3.480577375076008, 6.908538246642072]","[3.046680159388759, 5.958535580752681, 4.653992547531004, 9.879070041959823, 0.9832744087562352]","[3.5328801431552517, 8.924557371989764, 17.71420063241557]"
102,0,1420,True,False,,0.0,1,1,,0,1,6.997092619105179,[6.997092619105179],3.72886612145102,[3.72886612145102],5.962210704060846,0.0,[],3.32526217458373,0.0,0.0,0.0,[3.32526217458373],[],[0.0],[],[5.962210704060846]
102,0,1421,True,True,1.0,3.99,3,3,True,0,3,27.895020213096814,"[6.699310014638704, 9.868234047538303, 11.327476150919805]",13.879057883107755,"[3.612730905709095, 4.848611278539938, 5.417715698858724]",34.30919200856781,0.0,[],16.380584883341445,0.0,13.380584883341445,0.0,"[2.5434351819880514, 6.099234507684035, 7.73791519366936]",[],"[1.5434351819880514, 5.099234507684035, 6.73791519366936]",[],"[3.95752610766167, 13.074960276112911, 17.27670562479323]"
102,0,1422,True,True,1.0,3.99,6,6,True,1,7,69.80332750000002,"[13.03660707731832, 9.846067033290781, 21.02104210649466, 5.630013553594504, 6.25020433915209, 14.019393390149668]",33.22329772500001,"[6.084276760154145, 4.839966142983405, 9.198206421532918, 3.1957052859018567, 3.437579692269315, 6.467563422158371]",54.78180375607903,5.900801325748075,[5.900801325748075],27.36490346487082,3.301312517041749,21.36490346487082,2.301312517041749,"[4.327334987350435, 5.172133225830462, 2.849800038243699, 4.124689343670585, 6.6529156023878935, 4.238030267387746]",[3.301312517041749],"[3.3273349873504348, 4.172133225830462, 1.849800038243699, 3.124689343670585, 5.6529156023878935, 3.2380302673877464]",[2.301312517041749],"[8.531628172693422, 10.69777750212939, 4.743077021137689, 8.012023958129705, 14.494655390738188, 8.302641711250631]"
102,0,1423,True,True,1.0,3.99,3,3,True,2,5,28.32222900540382,"[12.640703924718473, 6.114366425196308, 9.567158655489036]",14.045669312107488,"[5.9298745306402045, 3.38460290582656, 4.731191875640724]",25.556167863475565,16.35480448467313,"[4.3991757883587, 11.955628696314433]",12.96690546675547,8.378373749022522,9.96690546675547,6.378373749022522,"[4.818648723199899, 5.201568223475305, 2.946688520080266]","[2.715678557459893, 5.662695191562629]","[3.8186487231998987, 4.201568223475305, 1.9466885200802662]","[1.715678557459893, 4.662695191562629]","[9.791406982563842, 10.773251855064885, 4.991509025846836]"
102,0,1424,True,True,1.0,3.99,3,3,True,0,3,37.515614017871926,"[21.062804210084135, 13.24960302633522, 3.2032067814525753]",17.631089466970053,"[9.214493641932814, 6.167345180270736, 2.249250644766504]",14.019594550601473,0.0,[],8.467641874734573,0.0,5.467641874734575,0.0,"[2.2963174170404828, 4.196324457694091, 1.975]",[],"[1.2963174170404828, 3.1963244576940917, 0.9750000000000001]",[],"[3.3238908129243145, 8.195703737677158, 2.5]"
102,0,1425,True,True,1.0,3.99,3,3,True,1,4,24.244093354242036,"[3.5172157368905967, 15.484064564456364, 5.242813052895078]",12.455196408154395,"[2.3717141373873325, 7.038785180137983, 3.0446970906290804]",25.103497234431593,7.0403829531478985,[7.0403829531478985],12.79036392142832,3.7457493517276803,9.79036392142832,2.7457493517276803,"[3.2186003668607137, 3.3096797490476337, 6.262083805519973]",[3.7457493517276803],"[2.2186003668607137, 2.3096797490476337, 5.262083805519973]",[2.7457493517276803],"[5.688718889386445, 5.922255766788805, 13.492522578256342]"
102,0,1426,True,True,1.0,3.99,3,3,True,2,5,23.534119581919505,"[2.98596994353607, 14.96913767491786, 5.579011963465576]",12.178306636948609,"[2.164528277979067, 6.837963693217966, 3.1758146657515747]",35.15506248505723,13.491297477379135,"[5.829554624632205, 7.66174285274693]",16.710474369172317,7.261606016177863,13.71047436917232,5.261606016177863,"[4.462921221478636, 5.086459017112282, 7.161094130581401]","[3.2735263036065603, 3.988079712571303]","[3.4629212214786365, 4.086459017112282, 6.161094130581401]","[2.2735263036065603, 2.988079712571303]","[8.879285183278554, 10.478100043877646, 15.797677257901029]"
102,0,1427,True,False,,0.0,2,2,,0,2,29.36158127675201,"[21.945077536103422, 7.416503740648586]",13.451016697933284,"[9.558580239080335, 3.8924364588529485]",19.79411531978836,0.0,[],9.719704974717462,0.0,0.0,0.0,"[5.161767058446731, 4.55793791627073]",[],"[0.0, 0.0]",[],"[10.671197585760849, 9.122917734027514]"
102,0,1428,True,True,1.0,3.99,4,4,True,1,5,31.258449337129527,"[4.659539070252007, 5.1833249116547515, 11.450786288103792, 9.964799067118973]",16.190795241480515,"[2.817220237398283, 3.021496715545353, 5.465806652360479, 4.886271636176399]",24.368049073532777,8.841927691624297,[8.841927691624297],13.503539138677782,4.4483517997334765,9.503539138677782,3.448351799733476,"[2.50067096039617, 3.306459872607074, 5.535685423853159, 2.16072288182138]",[4.4483517997334765],"[1.5006709603961703, 2.306459872607074, 4.535685423853159, 1.1607228818213804]",[3.448351799733476],"[3.847874257426078, 5.913999673351471, 11.62996262526451, 2.976212517490719]"
102,0,1429,True,True,1.0,3.99,4,6,,1,5,52.2558393848747,"[14.125916032172459, 4.479536814468091, 3.5842494910294507, 7.1640631225055245, 7.708665082310114, 15.19340884238906]",26.379777360101134,"[6.509107252547259, 2.7470193576425554, 2.397857301501486, 3.793984617777155, 4.006379382100945, 6.925429448531734]",79.80931766686258,6.196727218901859,[6.196727218901859],37.12563389007641,3.4167236153717253,31.125633890076408,2.4167236153717253,"[2.429084704905007, 12.757126434512312, 5.103681142116664, 6.3683172617976975, 8.452999524610995, 2.0144248221337353]",[3.4167236153717253],"[1.429084704905007, 11.757126434512312, 4.103681142116664, 5.3683172617976975, 7.452999524610994, 1.014424822133735]",[2.4167236153717253],"[3.6643197561666847, 30.146478037211054, 10.522259338760676, 13.764916055891533, 19.11025519131024, 2.6010892875223974]"
102,0,1430,True,True,1.0,3.99,3,3,True,2,5,24.370059916608845,"[9.915348272959925, 2.5, 11.954711643648919]",12.50432336747745,"[4.866985826454371, 1.975, 5.662337541023079]",31.644059932836655,16.854849471508185,"[6.200473075995603, 10.654376395512582]",15.341183373806295,8.573391293888193,12.341183373806295,6.573391293888193,"[4.0920896095584425, 7.657273584149342, 3.5918201800985106]","[3.4181844996382855, 5.155206794249907]","[3.092089609558443, 6.657273584149342, 2.5918201800985106]","[2.4181844996382855, 4.155206794249907]","[7.928434896303699, 17.069932267049595, 6.64569276948336]"
102,0,1431,True,True,1.0,3.99,3,3,True,3,6,29.100778688419027,"[7.094583735466933, 10.73649503162674, 11.269699921325357]",14.34930368848342,"[3.766887656832104, 5.187233062334429, 5.395182969316889]",16.5836896714204,30.703447757128632,"[13.78056184302217, 8.669592358422339, 8.253293555684124]",9.467638971853956,14.974344625280166,6.467638971853956,11.974344625280166,"[2.8258778536007743, 2.8957716498334127, 3.7459894684197694]","[6.374419118778646, 4.381141019784712, 4.2187844867168085]","[1.8258778536007745, 1.8957716498334127, 2.7459894684197694]","[5.374419118778646, 3.381141019784712, 3.2187844867168085]","[4.681738086155832, 4.860952948290802, 7.040998636973768]"
102,0,1432,True,True,1.0,3.99,3,3,True,4,7,15.21465243831907,"[2.5, 8.72759286976757, 3.987059568551501]",8.933714450944438,"[1.975, 4.403761219209352, 2.5549532317350856]",27.078663170525882,35.605293529940354,"[10.528831180444485, 6.0774528627841224, 12.921556623927625, 6.0774528627841224]",13.560678636505095,17.886064476676736,10.560678636505095,13.886064476676738,"[2.9022922984104387, 4.468423344121177, 6.189962993973478]","[5.1062441603733495, 3.3702066164858078, 6.039407083331774, 3.3702066164858078]","[1.9022922984104385, 3.4684233441211774, 5.189962993973478]","[4.1062441603733495, 2.3702066164858078, 5.039407083331774, 2.3702066164858078]","[4.877672560026765, 8.8933931900543, 13.307597420444816]"
102,0,1433,True,False,,0.0,1,1,,0,1,4.419004229931542,[4.419004229931542],2.7234116496733014,[2.7234116496733014],7.671004325138643,0.0,[],3.991691686804071,0.0,0.0,0.0,[3.991691686804071],[],[0.0],[],[7.671004325138643]
102,0,1434,True,True,1.0,3.99,4,4,True,1,5,24.991778398387876,"[3.445917245626901, 10.244973573968737, 8.298370559148832, 3.0025170196434026]",13.746793575371271,"[2.343907725794492, 4.995539693847808, 4.236364518068045, 2.170981637660927]",37.976975180608385,4.100223478988198,[4.100223478988198],18.811020320437272,2.599087156805397,14.81102032043727,1.5990871568053973,"[9.576771441953552, 2.7676974916223243, 4.491551386861396, 1.975]",[2.599087156805397],"[8.576771441953552, 1.7676974916223243, 3.491551386861395, 0.9750000000000001]",[1.5990871568053973],"[21.991721646034748, 4.532557670826472, 8.952695863747167, 2.5]"
102,0,1435,True,False,,0.0,1,1,,0,1,7.1465074957248,[7.1465074957248],3.787137923332672,[3.787137923332672],4.754749440031428,0.0,[],2.8543522816122566,0.0,0.0,0.0,[2.8543522816122566],[],[0.0],[],[4.754749440031428]
102,0,1436,True,False,,0.0,1,1,,0,1,4.0791391580092595,[4.0791391580092595],2.5908642716236114,[2.5908642716236114],6.893518272627093,0.0,[],3.6884721263245663,0.0,0.0,0.0,[3.6884721263245663],[],[0.0],[],[6.893518272627093]
102,0,1437,True,True,1.0,3.99,5,5,True,2,7,45.027432398659606,"[19.568312012361073, 8.263137287560879, 4.650595593029719, 7.200910242582811, 5.3444772631251185]",22.560698635477245,"[8.631641684820819, 4.222623542148742, 2.8137322812815904, 3.8083549946072965, 3.0843461326187964]",89.14591454026396,11.426103005781115,"[3.6230078790125257, 7.80309512676859]",39.76690667070294,6.456180172254635,34.76690667070294,4.456180172254635,"[13.109719675889494, 5.787473761214529, 7.8666529323169465, 5.149265586476618, 7.8537947148053515]","[2.412973072814885, 4.04320709943975]","[12.109719675889494, 4.787473761214529, 6.8666529323169465, 4.149265586476618, 6.8537947148053515]","[1.412973072814885, 3.0432070994397504]","[31.05056327151152, 12.27557374670392, 17.606802390556272, 10.639142529427225, 17.573832602065004]"
102,0,1438,True,False,,0.0,2,2,,0,2,20.61826307430487,"[12.278585551101271, 8.339677523203601]",10.041122598978902,"[5.788648364929496, 4.252474234049405]",14.034205268259486,0.0,[],7.473340054621199,0.0,0.0,0.0,"[3.060612345803153, 4.412727708818046]",[],"[0.0, 0.0]",[],"[5.283621399495264, 8.750583868764222]"
102,0,1439,True,False,,0.0,1,1,,0,1,10.198125493598395,[10.198125493598395],4.977268942503374,[4.977268942503374],4.0547621579664055,0.0,[],2.581357241606898,0.0,0.0,0.0,[2.581357241606898],[],[0.0],[],[4.0547621579664055]
102,0,1440,True,False,,0.0,1,1,,0,1,7.323990592659275,[7.323990592659275],3.856356331137117,[3.856356331137117],19.820096644667725,0.0,[],8.729837691420414,0.0,0.0,0.0,[8.729837691420414],[],[0.0],[],[19.820096644667725]
102,0,1441,True,True,1.0,3.99,4,4,True,1,5,27.86185636110202,"[9.058643705144815, 9.332490838123496, 4.472091269659919, 4.998630548173788]",14.866123980829787,"[4.532871045006479, 4.639671426868164, 2.7441155951673686, 2.949465913787777]",24.78457908583119,9.75135706197089,[9.75135706197089],13.665985843474164,4.8030292541686475,9.665985843474164,3.803029254168647,"[2.5344153009532704, 3.096224085096365, 5.83649185576754, 2.19885460165699]",[4.8030292541686475],"[1.5344153009532706, 2.096224085096365, 4.83649185576754, 1.1988546016569896]",[3.803029254168647],"[3.9343982075724884, 5.374933551529141, 12.401261168634717, 3.0739861580948453]"
102,0,1442,True,True,1.0,3.99,3,3,True,3,6,22.489943862462763,"[10.778498974324965, 3.705942672397539, 8.00550221574026]",11.771078106360479,"[5.203614599986737, 2.4453176422350404, 4.122145864138702]",34.377510494357814,30.72083636974788,"[8.639813660639057, 15.686240787078594, 6.394781922030226]",16.407229092799547,14.981126184201672,13.407229092799547,11.981126184201672,"[5.824389600942553, 6.380724491679837, 4.202115000177158]","[4.369527327649232, 7.117633906960652, 3.4939649495917884]","[4.824389600942553, 5.380724491679837, 3.202115000177158]","[3.3695273276492324, 6.117633906960652, 2.4939649495917884]","[12.370229746006544, 13.796729465845736, 8.210551282505532]"
102,0,1443,True,False,,0.0,2,2,,0,2,20.25166534780773,"[15.26396687198502, 4.987698475822709]",9.898149485645014,"[6.952947080074158, 2.9452024055708566]",20.99299907865655,0.0,[],10.187269640676053,0.0,0.0,0.0,"[7.857323401378118, 2.3299462392979358]",[],"[0.0, 0.0]",[],"[17.582880516354148, 3.4101185623023995]"
102,0,1444,True,True,1.0,3.99,3,1,,1,4,11.533056635266362,[11.533056635266362],5.497892087753882,[5.497892087753882],6.8738628704147136,9.2650030086692,[9.2650030086692],3.6808065194617385,4.613351173380988,2.6808065194617385,3.6133511733809884,[3.6808065194617385],[4.613351173380988],[2.6808065194617385],[3.6133511733809884],[6.8738628704147136]
102,0,1445,True,True,1.0,3.99,5,5,True,2,7,45.825743353698634,"[5.806630571684105, 7.135100629147863, 8.392465856066059, 12.323314599138584, 12.168231697662023]",22.87203990794247,"[3.264585922956801, 3.7826892453676666, 4.2730616838657625, 5.806092693664048, 5.745610362088189]",43.38523052073849,6.518005496118209,"[2.218218974634989, 4.29978652148322]",21.920239903088014,4.5420221434861014,16.920239903088014,2.5420221434861014,"[4.311070706288335, 3.7991249457750564, 7.396295458543254, 3.3417834085273634, 3.071965383954004]","[1.8651054001076457, 2.676916743378456]","[3.311070706288335, 2.7991249457750564, 6.396295458543254, 2.3417834085273634, 2.071965383954004]","[0.8651054001076457, 1.676916743378456]","[8.489924887918807, 7.177243450705273, 16.400757586008343, 6.004572842377855, 5.312731753728216]"
102,0,1446,True,True,1.0,3.99,5,5,True,6,11,52.846920373764625,"[18.235539288230328, 8.390280345622099, 8.317339877087514, 8.613686235733889, 9.290074627090794]",25.610298945768207,"[8.111860322409829, 4.272209334792619, 4.243762552064131, 4.359337631936217, 4.623129104565409]",47.13894662908556,30.664800816685045,"[5.483885567380161, 1.3765882251495207, 5.3219284579701736, 4.255880444595634, 2.3028273210412005, 11.923690800548359]",23.384189185343367,17.959272318507168,18.384189185343367,11.95927231850717,"[2.1849711479576897, 7.734477569100355, 6.924801164943401, 2.4269550655615655, 4.112984237780357]","[3.138715371278263, 1.5368694078083132, 3.0755520986083678, 2.659793373392297, 1.8981026552060682, 5.65023941221386]","[1.1849711479576897, 6.734477569100355, 5.924801164943401, 1.4269550655615653, 3.112984237780357]","[2.138715371278263, 0.536869407808313, 2.0755520986083678, 1.6597933733922974, 0.8981026552060682, 4.65023941221386]","[3.0383875588658706, 17.267891202821424, 15.191797858829233, 3.658859142465552, 7.982010866103479]"
102,0,1447,True,False,,0.0,2,2,,0,2,13.29262553830803,"[10.05263286398565, 3.239992674322381]",7.184123959940132,"[4.920526816954403, 2.263597142985729]",26.011605472541337,0.0,[],12.144526134291123,0.0,0.0,0.0,"[5.0081697564951435, 7.136356377795979]",[],"[0.0, 0.0]",[],"[10.277358349987546, 15.734247122553791]"
102,0,1448,True,False,,0.0,2,2,,0,2,28.25895577969995,"[10.836818748765744, 17.422137030934206]",13.02099275408298,"[5.22635931201864, 7.794633442064341]",19.173903427632766,0.0,[],9.477822336776779,0.0,0.0,0.0,"[3.881169816196017, 5.596652520580762]",[],"[0.0, 0.0]",[],"[7.3876149133231195, 11.786288514309646]"
102,0,1449,True,True,1.0,3.99,4,4,True,0,4,13.290543543722569,"[3.953068026256321, 2.5, 4.325274211314711, 2.5122013061515376]",9.183311982051801,"[2.5416965302399652, 1.975, 2.6868569424127373, 1.9797585093990997]",29.307505840796633,0.0,[],15.429927277910688,0.0,11.429927277910688,0.0,"[1.9750014864510057, 3.788774761913114, 4.434744339999127, 5.231406689547441]",[],"[0.9750014864510057, 2.788774761913114, 3.434744339999127, 4.231406689547441]",[],"[2.500003811412835, 7.150704517725933, 8.80703676922853, 10.849760742429336]"
102,0,1450,True,True,1.0,3.99,4,4,True,0,4,38.55229502782623,"[13.407150145520141, 9.433728067176535, 11.766849610894077, 3.9445672042354816]",19.03539506085223,"[6.228788556752855, 4.6791539461988485, 5.58907134824869, 2.538381209651838]",41.17977247388653,0.0,[],20.060111264815745,0.0,16.060111264815745,0.0,"[2.9681128602598283, 6.3633202821697905, 2.1739165467060766, 8.554761575680052]",[],"[1.9681128602598286, 5.3633202821697905, 1.1739165467060766, 7.554761575680052]",[],"[5.0464432314354575, 13.752103287614847, 3.010042427451478, 19.371183527384748]"
102,0,1451,True,True,1.0,3.99,4,4,True,5,9,45.027565751723046,"[13.363036311259822, 2.5, 25.11041654279118, 4.054112897672041]",21.56075064317199,"[6.211584161391331, 1.975, 10.793062451688561, 2.5811040300920958]",46.36722951890629,44.43701057215818,"[8.374816610723478, 7.829122769339085, 3.3129908822217624, 9.284439621710225, 15.635640688163628]",22.083219512373454,22.330434123141693,18.083219512373454,17.330434123141693,"[3.5769709652219053, 9.75374662267214, 4.191572452529872, 4.560929471949537]","[4.266178478182157, 4.053357880042244, 2.2920664440664873, 4.620931452466988, 7.0978998683838155]","[2.5769709652219053, 8.75374662267214, 3.191572452529872, 3.5609294719495366]","[3.2661784781821566, 3.053357880042243, 1.2920664440664873, 3.620931452466988, 6.0978998683838155]","[6.607617859543346, 22.445504160697794, 8.183519109050954, 9.130588389614196]"
102,0,1452,True,False,,0.0,1,1,,0,1,10.824179561649983,[10.824179561649983],5.221430029043494,[5.221430029043494],12.138836368599314,0.0,[],5.734146183753733,0.0,0.0,0.0,[5.734146183753733],[],[0.0],[],[12.138836368599314]
102,0,1453,True,False,,0.0,1,1,,0,1,7.227570728262274,[7.227570728262274],3.818752584022287,[3.818752584022287],7.950120826103943,0.0,[],4.100547122180538,0.0,0.0,0.0,[4.100547122180538],[],[0.0],[],[7.950120826103943]
102,0,1454,True,True,1.0,3.99,3,3,True,4,7,27.40544939383977,"[12.218884527506921, 7.377421442851585, 7.809143423481264]",13.688125263597511,"[5.7653649657276995, 3.8771943627121184, 4.045565935157693]",14.214547326936835,20.158497508931546,"[6.787739412441462, 2.427572721236986, 9.02738882078139, 1.9157965544717064]",8.543673457505365,11.861814028483302,5.543673457505365,7.861814028483303,"[2.294602705074647, 4.274070752430719, 1.975]","[3.64721837085217, 1.9467533612824246, 4.520681640104742, 1.7471606562439654]","[1.294602705074647, 3.274070752430718, 0.9750000000000001]","[2.64721837085217, 0.9467533612824246, 3.5206816401047423, 0.7471606562439655]","[3.319494115576018, 8.395053211360816, 2.5]"
102,0,1455,True,True,1.0,3.99,5,5,True,0,5,43.8048227204163,"[8.478789335162679, 11.332154481924029, 2.729235627341159, 13.910859087312012, 7.353784188676416]",22.083880860962356,"[4.306727840713445, 5.419540247950371, 2.0644018946630522, 6.425235044051685, 3.8679758335838024]",54.2784819662491,0.0,[],26.16860796683715,0.0,21.16860796683715,0.0,"[4.6287266608302975, 8.249465773650012, 3.0738847076203903, 5.702488567205586, 4.514042257530866]",[],"[3.628726660830298, 7.249465773650011, 2.0738847076203903, 4.702488567205586, 3.514042257530866]",[],"[9.304427335462302, 18.588373778589773, 5.317653096462539, 12.057662992834835, 9.010364762899655]"
102,0,1456,True,False,,0.0,2,2,,0,2,22.55786105117864,"[16.716346170104398, 5.841514881074242]",10.79756580995967,"[7.519375006340716, 3.2781908036189544]",11.879307141123316,0.0,[],6.632929785038094,0.0,0.0,0.0,"[3.738543098312024, 2.8943866867260697]",[],"[0.0, 0.0]",[],"[7.02190538028724, 4.857401760836076]"
102,0,1457,True,True,1.0,3.99,3,3,True,1,4,32.23841076769094,"[6.482988657422354, 7.341855322033133, 18.413566788235453]",15.572980199399467,"[3.528365576394718, 3.863323575592922, 8.181291047411827]",40.51423785015683,7.035386871612424,[7.035386871612424],18.800552761561164,3.7438008799288456,15.800552761561168,2.7438008799288456,"[6.348567200897544, 3.242615526146773, 9.20937003451685]",[3.7438008799288456],"[5.348567200897544, 2.242615526146773, 8.20937003451685]",[2.7438008799288456],"[13.714274874096265, 5.750296220889162, 21.04966675517141]"
102,0,1458,True,True,1.0,3.99,4,4,True,1,5,28.581168080626398,"[6.021566937291011, 2.5, 10.733174426633692, 9.326426716701695]",15.146655551444296,"[3.3484111055434944, 1.975, 5.18593802638714, 4.637306419513662]",22.467465855349296,9.817385524156768,[9.817385524156768],12.762311683586226,4.82878035442114,8.762311683586226,3.8287803544211396,"[6.801050028760628, 2.0112616548255984, 1.975, 1.975]",[4.82878035442114],"[5.801050028760628, 1.0112616548255986, 0.9750000000000001, 0.9750000000000001]",[3.8287803544211396],"[14.874487253232378, 2.5929786021169194, 2.5, 2.5]"
102,0,1459,True,True,1.0,3.99,5,5,,1,6,55.45999048406656,"[6.771242725295557, 10.835665352174756, 3.3228612111315883, 12.299202352506708, 22.23101884295795]",26.62939628878596,"[3.640784662865267, 5.225909487348155, 2.2959158723413196, 5.796688917477616, 9.6700973487536]",48.756128781411554,6.96852809416198,[6.96852809416198],24.014890224750506,3.717725956723172,19.01489022475051,2.717725956723172,"[7.269537086399141, 5.319405234934565, 4.046521888118939, 4.566647743395274, 2.812778271902591]",[3.717725956723172],"[6.269537086399141, 4.319405234934565, 3.046521888118939, 3.5666477433952735, 1.8127782719025907]",[2.717725956723172],"[16.075736118972156, 11.075398038293756, 7.811594584920356, 9.145250624090444, 4.6481494151348475]"
102,0,1460,True,False,,0.0,1,1,,0,1,10.804115707893803,[10.804115707893803],5.213605126078583,[5.213605126078583],14.882367363153577,0.0,[],6.804123271629895,0.0,0.0,0.0,[6.804123271629895],[],[0.0],[],[14.882367363153577]
102,0,1461,True,False,,0.0,1,1,,0,1,4.85100085519952,[4.85100085519952],2.891890333527813,[2.891890333527813],12.353143160639656,0.0,[],5.817725832649466,0.0,0.0,0.0,[5.817725832649466],[],[0.0],[],[12.353143160639656]
102,0,1462,True,True,1.0,3.99,3,3,True,1,4,17.833542269075245,"[7.686801320651866, 7.6467409484233775, 2.5]",9.955081484939345,"[3.9978525150542277, 3.982228969885117, 1.975]",53.9653802612473,9.522181895887725,[9.522181895887725],24.046498301886448,4.713650939396213,21.046498301886448,3.7136509393962127,"[15.611290991504486, 3.3118306392707044, 5.123376671111256]",[4.713650939396213],"[14.611290991504486, 2.3118306392707044, 4.123376671111256]",[3.7136509393962127],"[37.46484869616535, 5.927770869924883, 10.572760695157065]"
102,0,1463,True,False,,0.0,2,2,,0,2,13.366926970132804,"[8.488691013351165, 4.878235956781639]",7.2131015183517935,"[4.310589495206955, 2.902512023144839]",17.20587717900718,0.0,[],8.7102920998128,0.0,0.0,0.0,"[6.735292099812801, 1.975]",[],"[0.0, 0.0]",[],"[14.705877179007182, 2.5]"
102,0,1464,True,False,,0.0,2,2,,0,2,18.414018020905083,"[7.895405861867426, 10.518612159037659]",9.181467028152984,"[4.079208286128296, 5.102258742024687]",13.393637577708757,0.0,[],7.223518655306416,0.0,0.0,0.0,"[4.273192764462163, 2.9503258908442525]",[],"[0.0, 0.0]",[],"[8.392801960159392, 5.000835617549365]"
102,0,1465,True,True,1.0,3.99,4,4,True,0,4,21.36979541346607,"[7.617742324039707, 6.564797938462917, 2.5, 4.687255150963444]",12.334220211251768,"[3.970919506375486, 3.5602711960005378, 1.975, 2.8280295088757432]",51.4365987608706,0.0,[],24.06027351673954,0.0,20.06027351673954,0.0,"[7.691478916574207, 7.897922609848407, 6.495871990316924, 1.975]",[],"[6.691478916574207, 6.897922609848407, 5.495871990316924, 0.9750000000000001]",[],"[17.15763824762617, 17.68698105089335, 14.091979462351086, 2.5]"
102,0,1466,True,True,1.0,3.99,6,6,True,4,10,54.87069754479802,"[7.979226006852969, 10.214411211164249, 3.4529666164286326, 5.026800499822212, 14.294470967626006, 13.90282224290395]",27.399572042471227,"[4.111898142672658, 4.983620372354057, 2.3466569804071664, 2.960452194930663, 6.574843677374143, 6.42210067473254]",38.66935347013794,41.66652985595342,"[8.509787969279964, 16.512664193359104, 8.960218330738932, 7.683859362575419]",21.081047853353798,20.249946643821833,15.081047853353798,16.249946643821833,"[2.813476619010053, 3.938923182047188, 2.529850672970576, 2.900536557561466, 4.828192470612985, 4.07006835115153]","[4.318817308019186, 7.439939035410051, 4.494485148988184, 3.9967051514044134]","[1.813476619010053, 2.938923182047188, 1.5298506729705759, 1.9005365575614663, 3.828192470612985, 3.0700683511515305]","[3.3188173080191863, 6.439939035410051, 3.4944851489881836, 2.9967051514044134]","[4.6499400487437255, 7.535700466787661, 3.9226940332578866, 4.873170660414016, 9.815878129776884, 7.87197013115777]"
102,0,1467,True,False,,0.0,2,2,,0,2,28.310986411622856,"[6.654969390145375, 21.65601702147748]",13.041284700532913,"[3.5954380621566964, 9.445846638376217]",21.93186082413669,0.0,[],10.55342572141331,0.0,0.0,0.0,"[7.028583601108338, 3.5248421203049727]",[],"[0.0, 0.0]",[],"[15.457906669508558, 6.473954154628135]"
102,0,1468,True,True,1.0,3.99,5,1,,4,9,4.704130461157286,[4.704130461157286],2.8346108798513416,[2.8346108798513416],9.507524474573149,20.231162834282472,"[3.4435627462593867, 5.874860384244952, 3.478304248974421, 7.43443545480371]",4.707934545083528,11.890153505370165,3.7079345450835284,7.890153505370163,[4.707934545083528],"[2.342989471041161, 3.2911955498555314, 2.356538657100024, 3.899429827373447]",[3.7079345450835284],"[1.342989471041161, 2.2911955498555314, 1.3565386571000242, 2.899429827373447]",[9.507524474573149]
102,0,1469,True,True,1.0,3.99,3,3,True,1,4,21.653125959446704,"[4.620091633770165, 6.723856469270444, 10.309177856406095]",11.444719124184214,"[2.8018357371703644, 3.6223040230154733, 5.020579363998377]",21.823760806790705,12.259045685653875,[12.259045685653875],11.511266714648375,5.781027817405011,8.511266714648375,4.781027817405011,"[1.9926993522549963, 7.543567362393379, 1.975]",[5.781027817405011],"[0.9926993522549964, 6.543567362393379, 0.9750000000000001]",[4.781027817405011],"[2.5453829544999906, 16.778377852290713, 2.5]"
102,0,1470,True,True,1.0,3.99,3,3,True,0,3,53.63234474715135,"[17.58653542277823, 20.862947163109382, 15.182862161263746]",23.91661445138903,"[7.85874881488351, 9.13654939361266, 6.921316242892861]",30.10780768233319,0.0,[],14.742044996109943,0.0,11.742044996109943,0.0,"[4.339244718947265, 5.389218076516686, 5.013582200645992]",[],"[3.3392447189472656, 4.389218076516686, 4.013582200645992]",[],"[8.562165946018629, 11.254405324401759, 10.291236411912799]"
102,0,1471,True,True,1.0,3.99,4,4,True,0,4,30.92254986816193,"[9.995498430747354, 3.0470514464555047, 9.482173033599159, 8.397826957359909]",16.05979444858315,"[4.898244387991468, 2.188350064117647, 4.698047483103672, 4.275152513370365]",26.02173518342936,0.0,[],14.148476721537453,0.0,10.148476721537453,0.0,"[3.556110506285872, 6.297150256758051, 1.975, 2.3202159584935282]",[],"[2.556110506285872, 5.297150256758051, 0.9750000000000001, 1.3202159584935282]",[],"[6.5541295032971085, 13.582436555789872, 2.5, 3.3851691243423803]"
102,0,1472,True,True,1.0,3.99,5,5,True,4,9,46.76998130082592,"[8.851302795148502, 8.915170089163713, 3.3044883799645244, 6.853459750202553, 18.845560286346625]",23.24029270732211,"[4.452008090107916, 4.476916334773848, 2.288750468186165, 3.672849302578996, 8.349768511675183]",38.59661648224287,44.089683260054564,"[14.789580198225263, 3.030983510451427, 10.786262518019154, 15.48285703335872]",20.052680428074723,21.19497647142128,15.052680428074721,17.19497647142128,"[3.0939423569899827, 3.459223324903848, 6.21929932815089, 4.493866843989424, 2.786348574040579]","[6.767936277307853, 2.1820835690760565, 5.20664238202747, 7.038314243009901]","[2.0939423569899827, 2.459223324903848, 5.21929932815089, 3.493866843989424, 1.7863485740405787]","[5.767936277307853, 1.1820835690760565, 4.20664238202747, 6.038314243009901]","[5.369082966640981, 6.30570083308679, 13.382818790130486, 8.958632933306214, 4.580380959078407]"
102,0,1473,True,False,,0.0,1,1,,0,1,5.6727246747935745,[5.6727246747935745],3.212362623169494,[3.212362623169494],17.832879974490876,0.0,[],7.9548231900514415,0.0,0.0,0.0,[7.9548231900514415],[],[0.0],[],[17.832879974490876]
102,0,1474,True,True,1.0,3.99,7,7,True,3,10,54.226467273380784,"[12.773392124691672, 9.608506750078048, 17.779184510697867, 2.667538394794698, 4.178473921449214, 4.719371571669295, 2.5]",28.14832223661851,"[5.981622928629752, 4.747317632530439, 7.933881959172169, 2.040339973969932, 2.6296048293651935, 2.840554912951025, 1.975]",93.85325458783984,30.894147609628426,"[7.046810441260173, 8.62350440069624, 15.223832767672016]",43.60276928925754,15.048717567755087,36.60276928925754,12.048717567755087,"[6.39611510033855, 4.216677206909654, 5.10653094377875, 10.305141817241802, 5.289139730518722, 6.992013632926748, 5.297150857543317]","[3.7482560720914675, 4.363166716271533, 6.9372947793920865]","[5.39611510033855, 3.2166772069096536, 4.10653094377875, 9.305141817241802, 4.289139730518722, 5.992013632926748, 4.297150857543317]","[2.7482560720914675, 3.3631667162715333, 5.9372947793920865]","[13.83619256497064, 8.247890274127316, 10.529566522509613, 23.859337992927696, 10.997794180817236, 15.364137520324995, 11.01833553216235]"
102,0,1475,True,True,1.0,3.99,6,6,True,2,8,63.27583116515345,"[16.54507137697665, 7.657663101672634, 2.5, 7.860991053795477, 11.252348639502257, 17.459756993206422]",30.67757415440984,"[7.452577837020894, 3.9864886096523273, 1.975, 4.065786510980236, 5.38841596940588, 7.809305227350505]",70.04521094806458,13.026598274932052,"[8.461333602231758, 4.565264672700294]",33.31763226974519,7.0803733272235,27.31763226974519,5.0803733272235,"[8.375941666704161, 4.951042119859212, 5.751695780687583, 5.528879806041874, 4.716610402126062, 3.9934624943262986]","[4.2999201048703855, 2.7804532223531147]","[7.37594166670416, 3.951042119859211, 4.751695780687583, 4.528879806041874, 3.7166104021260624, 2.9934624943262986]","[3.2999201048703855, 1.7804532223531147]","[18.912670940267077, 10.130877230408233, 12.183835335096365, 11.612512323184292, 9.529770261861698, 7.675544857246919]"
102,0,1476,True,True,1.0,3.99,3,3,True,4,7,36.17144775284815,"[13.123062190955881, 15.54881602975942, 7.499569532132856]",17.106864623610782,"[6.117994254472794, 7.064038251606174, 3.924832117531814]",25.965957422789575,35.437518215418194,"[7.220201348324318, 12.713415131544272, 8.679974753268493, 6.823926982281112]",13.126723394887934,17.820632104013097,10.126723394887934,13.820632104013097,"[3.383455796556257, 2.4960879995814773, 7.2471795987502]","[3.8158785258464842, 5.958231901302266, 4.385190153774712, 3.6613315230896335]","[2.383455796556257, 1.4960879995814775, 6.2471795987502]","[2.8158785258464842, 4.958231901302266, 3.385190153774712, 2.6613315230896335]","[6.111425119375018, 3.836123075849942, 16.018409227564614]"
102,0,1477,True,True,1.0,3.99,5,5,True,1,6,45.84327299963362,"[5.128467748937164, 12.246371721898695, 16.66545577469615, 8.295190374930957, 3.5077873791706597]",22.878876469857115,"[3.000102422085494, 5.776084971540492, 7.499527752131498, 4.235124246223073, 2.3680370778765574]",44.814552339532824,6.915002335804166,[6.915002335804166],22.477675412417803,3.696850910963625,17.477675412417803,2.696850910963625,"[4.501506909765355, 5.581895012874454, 4.543918212538013, 3.0438344828921644, 4.806520794347816]",[3.696850910963625],"[3.5015069097653546, 4.581895012874454, 3.5439182125380126, 2.0438344828921644, 3.806520794347816]",[2.696850910963625],"[8.97822284555219, 11.748448750960137, 9.086969775738494, 5.240601238185037, 9.760309729096964]"
102,0,1478,True,True,1.0,3.99,3,3,True,1,4,35.522365980205386,"[16.780324247615166, 9.50674200949008, 9.235299723100141]",16.853722732280104,"[7.544326456569915, 4.707629383701132, 4.601766892009055]",32.81540968079399,8.457820832280571,[8.457820832280571],15.798009775509659,4.298550124589423,12.798009775509659,3.298550124589423,"[2.113342896112405, 7.342266040296376, 6.342400839100876]",[4.298550124589423],"[1.1133428961124052, 6.342266040296376, 5.342400839100876]",[3.298550124589423],"[2.854725374647193, 16.262220616144553, 13.698463690002246]"
102,0,1479,True,False,,0.0,1,1,,0,1,17.196134350609963,[17.196134350609963],7.706492396737886,[7.706492396737886],15.336470991722212,0.0,[],6.981223686771663,0.0,0.0,0.0,[6.981223686771663],[],[0.0],[],[15.336470991722212]
102,0,1480,True,False,,0.0,2,2,,0,2,22.438410412770825,"[11.044213611173532, 11.394196801597293]",10.750980060980622,"[5.307243308357678, 5.443736752622944]",17.80029489489059,0.0,[],8.94211500900733,0.0,0.0,0.0,"[4.07702516598204, 4.86508984302529]",[],"[0.0, 0.0]",[],"[7.889808117902667, 9.910486776987923]"
102,0,1481,True,False,,0.0,2,2,,0,2,12.446624042636543,"[6.9878128084852, 5.458811234151344]",6.854183376628252,"[3.7252469953092278, 3.1289363813190243]",31.30546126515283,0.0,[],14.209129893409603,0.0,0.0,0.0,"[4.684608069627396, 9.524521823782207]",[],"[0.0, 0.0]",[],"[9.447712999044606, 21.85774826610822]"
102,0,1482,True,False,,0.0,1,1,,0,1,15.505885621273046,[15.505885621273046],7.047295392296489,[7.047295392296489],10.625419940258459,0.0,[],5.143913776700799,0.0,0.0,0.0,[5.143913776700799],[],[0.0],[],[10.625419940258459]
102,0,1483,True,False,,0.0,1,1,,0,1,5.280468838970643,[5.280468838970643],3.0593828471985507,[3.0593828471985507],3.1929272131191606,0.0,[],2.2452416131164727,0.0,0.0,0.0,[2.2452416131164727],[],[0.0],[],[3.1929272131191606]
102,0,1484,True,True,1.0,3.99,3,3,True,1,4,41.29762668068644,"[26.09637093190426, 7.587732594650291, 7.613523154131892]",19.106074405467712,"[11.177584663442662, 3.9592157119136133, 3.9692740301114378]",27.780428126929202,4.22835837669726,[4.22835837669726],13.83436696950239,2.6490597669119316,10.83436696950239,1.6490597669119316,"[5.919439332734314, 2.8515184622138348, 5.063409174554241]",[2.6490597669119316],"[4.919439332734314, 1.8515184622138345, 4.063409174554241]",[1.6490597669119316],"[12.613947007011062, 4.74748323644573, 10.418997883472413]"
102,0,1485,True,True,1.0,3.99,4,4,True,2,6,31.5936774179116,"[7.687815687834153, 2.6149135085340336, 9.114487939232943, 12.176460282310472]",16.321534192985524,"[3.9982481182553196, 2.019816268328273, 4.5546502963008475, 5.748819510101084]",32.82796447128035,16.571492762990275,"[7.17096543023479, 9.400527332755486]",16.802906143799337,8.462882177566208,12.802906143799337,6.4628821775662075,"[3.7207325484234914, 3.02800473111315, 6.160533257065465, 3.893635607197232]","[3.796676517791568, 4.66620565977464]","[2.7207325484234914, 2.02800473111315, 5.160533257065465, 2.893635607197232]","[2.796676517791568, 3.6662056597746395]","[6.976237303649977, 5.200012131059359, 13.232136556578116, 7.419578479992902]"
102,0,1486,True,True,1.0,3.99,5,5,True,0,5,38.14463810220334,"[10.590174039236942, 2.5, 4.0338169612835975, 6.232689973183781, 14.787957128499015]",19.876408859859303,"[5.130167875302408, 1.975, 2.5731886149006034, 3.4307490895416746, 6.767303280114616]",31.935452202243013,0.0,[],17.454826358874776,0.0,12.454826358874778,0.0,"[5.018478164657535, 3.328083780069403, 2.596007896773112, 3.5596001346807906, 2.952656382693936]",[],"[4.018478164657535, 2.328083780069403, 1.596007896773112, 2.5596001346807906, 1.9526563826939358]",[],"[10.30379016578855, 5.969445589921547, 4.092327940443877, 6.563077268412283, 5.006811237676758]"
102,0,1487,True,False,,0.0,2,2,,0,2,20.885338279243783,"[7.1010566886235935, 13.784281590620191]",10.145281928905076,"[3.7694121085632015, 6.375869820341875]",14.107317390441334,0.0,[],7.5018537822721205,0.0,0.0,0.0,"[4.554553984922328, 2.9472997973497925]",[],"[0.0, 0.0]",[],"[9.114240986980327, 4.993076403461007]"
102,0,1488,True,False,,0.0,2,2,,0,2,20.509590570215444,"[7.744348546290421, 12.765242023925024]",9.998740322384023,"[4.020295933053264, 5.978444389330759]",31.596371187076596,0.0,[],14.322584762959874,0.0,0.0,0.0,"[7.535810919171708, 6.786773843788165]",[],"[0.0, 0.0]",[],"[16.758489536337713, 14.837881650738883]"
102,0,1489,True,False,,0.0,2,2,,0,2,14.8261236495113,"[4.4134985878820885, 10.412625061629212]",7.782188223309408,"[2.7212644492740146, 5.060923774035393]",25.03978802297052,0.0,[],11.765517328958502,0.0,0.0,0.0,"[5.463981659712681, 6.301535669245822]",[],"[0.0, 0.0]",[],"[11.446106819776105, 13.593681203194414]"
102,0,1490,True,True,1.0,3.99,3,3,True,2,5,41.909921811687255,"[10.647490973517009, 19.038455551601988, 12.223975286568255]",19.344869506558027,"[5.152521479671633, 8.424997665124776, 5.767350361761619]",38.45325416508285,19.182255112521563,"[12.128469964724609, 7.053785147796954]",17.996769124382315,9.48107949388341,14.996769124382315,7.48107949388341,"[3.8633877911540146, 7.183124582380402, 6.950256750847898]","[5.730103286242597, 3.750976207640812]","[2.8633877911540146, 6.183124582380402, 5.950256750847898]","[4.730103286242597, 2.750976207640812]","[7.342019977317986, 15.854165595847185, 15.257068591917687]"
102,0,1491,True,True,1.0,3.99,6,6,True,2,8,53.834412632824765,"[10.494145656200363, 4.127569382377792, 5.514513386321434, 15.24859701815831, 8.37881681089084, 10.070770378876023]",26.995420926801657,"[5.092716805918141, 2.609752059127339, 3.1506602206653596, 6.946952837081741, 4.267738556247427, 4.927600447761649]",72.10183441737998,22.101338939061346,"[4.566814059393091, 17.534524879668254]",34.11971542277819,10.619522186233926,28.119715422778196,8.619522186233926,"[5.160983488009602, 2.896942146868473, 8.342902021719308, 11.891886887847363, 1.975, 3.8520008783334445]","[2.7810574831633055, 7.83846470307062]","[4.160983488009602, 1.896942146868473, 7.342902021719309, 10.891886887847363, 0.9750000000000001, 2.8520008783334445]","[1.7810574831633057, 6.83846470307062]","[10.669188430793852, 4.863954222739674, 18.82795390184438, 27.92791509704452, 2.5, 7.3128227649575495]"
102,0,1492,True,True,1.0,3.99,3,3,True,2,5,42.25337058212064,"[12.877823809951423, 4.851515146255592, 24.524031625913622]",19.478814527027048,"[6.022351285881055, 2.8920909070396807, 10.564372334106313]",18.822366876496204,18.857953054797242,"[8.02072825930363, 10.837224795493611]",10.34072308183352,9.354601691370924,7.34072308183352,7.354601691370924,"[3.3197939064280306, 5.045929175405489, 1.975]","[4.128084021128416, 5.226517670242509]","[2.3197939064280306, 4.045929175405489, 0.9750000000000001]","[3.1280840211284153, 4.226517670242509]","[5.948189503661617, 10.374177372834588, 2.5]"
102,0,1493,True,True,1.0,3.99,3,3,True,2,5,23.52020904714191,"[5.453203550751401, 7.124931358293236, 10.942074138097276]",12.172881528385346,"[3.1267493847930465, 3.778723229734362, 5.267408913857937]",33.830774111907715,26.666917444319743,"[20.057149674396673, 6.60976776992307]",16.194001903644008,12.400097803284702,13.194001903644008,10.4000978032847,"[6.878441425786815, 7.340560477857193, 1.975]","[8.822288373014704, 3.577809430269997]","[5.878441425786815, 6.340560477857193, 0.9750000000000001]","[7.822288373014703, 2.577809430269997]","[15.072926732786705, 16.257847379121007, 2.5]"
102,0,1494,True,True,1.0,3.99,3,3,True,4,7,30.956319668974857,"[17.529244689484678, 4.0060496070568865, 9.42102537243329]",15.072964670900195,"[7.836405428899025, 2.562359346752186, 4.674199895248983]",28.92510127187286,45.08041652780217,"[15.85754037357658, 4.603977485081627, 4.603977485081627, 20.01492118406234]",14.280789496030415,21.58136244584285,11.280789496030415,17.58136244584285,"[3.546977768646539, 4.017735970508665, 6.716075756875212]","[7.184440745694866, 2.7955512191818346, 2.7955512191818346, 8.805819261784315]","[2.546977768646539, 3.0177359705086646, 5.716075756875212]","[6.184440745694866, 1.7955512191818346, 1.7955512191818346, 7.805819261784314]","[6.530712227298817, 7.737784539765807, 14.656604504808236]"
102,0,1495,True,True,1.0,3.99,3,5,,1,4,50.00117591321967,"[7.873337639618041, 13.910765739402258, 10.704348151297134, 5.750834176168553, 11.761890206733685]",24.50045860615567,"[4.070601679451036, 6.425198638366881, 5.174695779005883, 3.242825328705736, 5.587137180626137]",52.31717995671934,12.826372472996738,[12.826372472996738],25.40370018312054,6.002285264468728,20.40370018312054,5.002285264468728,"[3.016708594882521, 6.4085194017810965, 6.173727811212533, 3.5206650511941215, 6.284079324050271]",[6.002285264468728],"[2.016708594882521, 5.4085194017810965, 5.173727811212533, 2.5206650511941215, 5.284079324050271]",[5.002285264468728],"[5.171047679185951, 13.867998466105375, 13.265968746698803, 6.463243721010568, 13.548921343718645]"
102,0,1496,True,False,,0.0,2,2,,0,2,24.141522760427126,"[10.282443579646696, 13.85907918078043]",11.41519387656658,"[5.010152996062211, 6.405040880504368]",18.030503547163192,0.0,[],9.031896383393645,0.0,0.0,0.0,"[3.4219108942817003, 5.609985489111945]",[],"[0.0, 0.0]",[],"[6.210027934055641, 11.82047561310755]"
102,0,1497,True,False,,0.0,2,2,,0,2,34.726265691066146,"[9.828212641217622, 24.898053049848528]",15.543243619515799,"[4.833002930074873, 10.710240689440926]",42.615141894460294,0.0,[],18.619905338839516,0.0,0.0,0.0,"[10.128660972043312, 8.491244366796202]",[],"[0.0, 0.0]",[],"[23.40682300523926, 19.208318889221033]"
102,0,1498,True,True,1.0,3.99,3,3,True,2,5,31.849522971862775,"[10.580001077605246, 10.90818580687367, 10.36133608738386]",15.421313959026481,"[5.126200420266046, 5.254192464680731, 5.040921074079705]",48.500787225558,8.890878328882827,"[5.260683658479448, 3.6301946704033794]",21.915307017967624,5.467442548264303,18.915307017967624,3.467442548264303,"[7.246910453012094, 8.881261112429986, 5.7871354525255425]","[3.051666626806985, 2.415775921457318]","[6.246910453012094, 7.881261112429986, 4.7871354525255425]","[2.051666626806985, 1.415775921457318]","[16.01771911028742, 20.208361826743552, 12.274706288527032]"
102,0,1499,True,True,1.0,3.99,6,6,True,3,9,47.188310101005854,"[2.5501071039418806, 6.754062433314431, 5.654370277967027, 8.943803552516835, 16.028395295098786, 7.257571438166888]",24.40344093939228,"[1.9945417705373334, 3.634084348992628, 3.2052044084071407, 4.488083385481566, 7.251074165088527, 3.8304528608850865]",59.43232770596679,25.3699645205701,"[6.586913284333615, 6.9382983287822375, 11.844752907454248]",29.17860780532705,12.89428616302234,23.17860780532705,9.89428616302234,"[4.5428345001289205, 6.195207042124356, 4.1704057967543315, 8.716116108419541, 3.5790443578998996, 1.975]","[3.56889618089011, 3.7059363482250727, 5.619453633907157]","[3.542834500128921, 5.195207042124356, 3.1704057967543315, 7.71611610841954, 2.5790443578998996, 0.9750000000000001]","[2.56889618089011, 2.7059363482250727, 4.619453633907157]","[9.084191025971592, 13.32104369775476, 8.129245632703414, 19.78491309851164, 6.612934251025384, 2.5]"
102,0,1500,True,True,1.0,3.99,3,3,True,0,3,24.818602678841003,"[6.9100055823370585, 6.999212110511464, 10.909384985992483]",12.679255044747993,"[3.694902177111453, 3.729692723099471, 5.254660144537069]",22.27153417287053,0.0,[],11.685898327419505,0.0,8.685898327419507,0.0,"[2.565203800616422, 4.479163336664225, 4.641531190138859]",[],"[1.565203800616422, 3.4791633366642256, 3.641531190138859]",[],"[4.013343078503646, 8.920931632472373, 9.33725946189451]"
102,0,1501,True,True,1.0,3.99,4,4,True,1,5,29.919434523497948,"[6.701603367229277, 7.100595615188069, 9.463013486576015, 6.654222054504586]",15.668579464164198,"[3.613625313219418, 3.769232289923347, 4.690575259764646, 3.5951466012567885]",42.61280694766597,6.786528766537852,[6.786528766537852],20.618994709589728,3.6467462189497626,16.618994709589728,2.6467462189497626,"[6.536319449898443, 3.085687428989218, 3.193012240751032, 7.803975589951037]",[3.6467462189497626],"[5.536319449898443, 2.085687428989218, 2.193012240751032, 6.803975589951037]",[2.6467462189497626],"[14.195690897175494, 5.3479164845877385, 5.62310830961803, 17.44609125628471]"
102,0,1502,True,False,,0.0,2,2,,0,2,17.438374353458585,"[4.086211062487563, 13.35216329097102]",8.800965997848849,"[2.59362231437015, 6.207343683478698]",17.842119501045634,0.0,[],8.958426605407798,0.0,0.0,0.0,"[4.347539341324358, 4.6108872640834395]",[],"[0.0, 0.0]",[],"[8.583434208523995, 9.258685292521639]"
102,0,1503,True,False,,0.0,2,2,,0,2,19.365916837979345,"[3.2976898841720628, 16.068226953807283]",9.552707566811947,"[2.2860990548271047, 7.266608511984841]",21.69692441906438,0.0,[],10.461800523435109,0.0,0.0,0.0,"[6.254579864714402, 4.207220658720706]",[],"[0.0, 0.0]",[],"[13.473281704395902, 8.223642714668477]"
102,0,1504,True,True,1.0,3.99,7,7,True,1,8,68.84016819506097,"[16.00474113760269, 12.209537694631436, 8.955765088015136, 16.47602510387797, 9.185899605075159, 3.508199565858586, 2.5]",33.84766559607378,"[7.241849043665049, 5.76171970090626, 4.492748384325903, 7.425649790512408, 4.582500845979312, 2.3681978306848483, 1.975]",65.00320513424744,5.420720322105092,[5.420720322105092],32.35125000235651,3.114080925620986,25.351250002356505,2.114080925620986,"[3.3848661511265505, 8.43050522001079, 4.692543515676212, 5.746017608794027, 5.490706559629438, 1.975, 2.6316109471194875]",[3.114080925620986],"[2.3848661511265505, 7.430505220010789, 3.6925435156762116, 4.746017608794027, 4.490706559629438, 0.9750000000000001, 1.6316109471194875]",[2.114080925620986],"[6.115041413145001, 19.052577487207152, 9.468060296605671, 12.169275919984685, 11.514632204178046, 2.5, 4.183617813126891]"
102,0,1505,True,False,,0.0,2,2,,0,2,26.228249104437335,"[7.7366192928546695, 18.491629811582666]",12.22901715073056,"[4.017281524213321, 8.211735626517239]",33.10135991423782,0.0,[],14.90953036655275,0.0,0.0,0.0,"[5.452476559392961, 9.457053807159788]",[],"[0.0, 0.0]",[],"[11.416606562546054, 21.684753351691764]"
102,0,1506,True,False,,0.0,2,2,,0,2,9.376216303648441,"[6.87621630364844, 2.5]",5.656724358422892,"[3.681724358422892, 1.975]",5.653014244764174,0.0,[],4.204675555458028,0.0,0.0,0.0,"[2.2296755554580283, 1.975]",[],"[0.0, 0.0]",[],"[3.1530142447641745, 2.5]"
102,0,1507,True,True,1.0,3.99,3,3,True,0,3,19.004301762965476,"[4.6505256421661745, 4.8312525701656455, 9.522523550633654]",10.411677687556535,"[2.8137050004448083, 2.884188502364602, 4.713784184747125]",39.40840933662773,0.0,[],18.369279641284816,0.0,15.369279641284816,0.0,"[5.182506839985838, 6.302067253463705, 6.884705547835272]",[],"[4.182506839985838, 5.302067253463705, 5.884705547835272]",[],"[10.7243765127842, 13.595044239650527, 15.088988584193004]"
102,0,1508,True,True,1.0,3.99,5,5,True,0,5,45.887854440737605,"[10.615533629941169, 17.551991848647425, 2.7625270972191265, 10.854396344226515, 4.1034055207033715]",22.896263231887666,"[5.140058115677056, 7.845276820972496, 2.077385567915459, 5.233214574248341, 2.600328153074315]",44.718975528720755,0.0,[],22.44040045620109,0.0,17.44040045620109,0.0,"[6.995152972898614, 3.289312575616065, 2.372477715306502, 4.022190919395585, 5.761266272984328]",[],"[5.995152972898614, 2.289312575616065, 1.3724777153065018, 3.0221909193955847, 4.761266272984328]",[],"[15.372187109996446, 5.870032245169397, 3.51917362899103, 7.749207485629704, 12.208375058934173]"
102,0,1509,True,True,1.0,3.99,3,3,True,1,4,20.264949957925047,"[11.87356504882991, 2.9419583783263095, 5.4494265307688305]",10.90333048359077,"[5.630690369043665, 2.1473637675472608, 3.125276346999844]",31.419638269401272,5.499373625716443,[5.499373625716443],15.253658925066496,3.144755714029413,12.253658925066496,2.144755714029413,"[5.2002689974798795, 4.991952512129151, 5.0614374154574655]",[3.144755714029413],"[4.2002689974798795, 3.991952512129151, 4.0614374154574655]",[2.144755714029413],"[10.769920506358666, 10.235775672126028, 10.413942090916578]"
102,0,1510,True,False,,0.0,1,1,,0,1,10.345348144408238,[10.345348144408238],5.034685776319213,[5.034685776319213],14.467111198748839,0.0,[],6.642173367512047,0.0,0.0,0.0,[6.642173367512047],[],[0.0],[],[14.467111198748839]
102,0,1511,True,True,1.0,3.99,6,6,True,0,6,62.71007914112802,"[17.03605729291703, 8.8993487592355, 7.039719310115157, 10.670833534371909, 13.521146864599965, 5.5429733798884575]",30.456930865039926,"[7.644062344237642, 4.470746016101845, 3.7454905309449114, 5.161625078405044, 6.2732472771939864, 3.1617596181564984]",40.238761481615896,0.0,[],21.693116977830204,0.0,15.693116977830202,0.0,"[4.213765177447636, 2.6246053864238745, 3.3850357185002142, 4.519370930046572, 3.9269911138347506, 3.023348651577155]",[],"[3.213765177447636, 1.6246053864238745, 2.3850357185002142, 3.519370930046571, 2.9269911138347506, 2.023348651577155]",[],"[8.240423531917015, 4.165654836984293, 6.1154762012826005, 9.024028025760439, 7.505105420089103, 5.188073465582448]"
102,0,1512,True,False,,0.0,2,2,,0,2,21.23507653336489,"[16.561669306645566, 4.673407226719324]",10.281679848012308,"[7.459051029591771, 2.8226288184205366]",32.24390467712514,0.0,[],14.575122824078804,0.0,0.0,0.0,"[7.514277004779582, 7.060845819299222]",[],"[0.0, 0.0]",[],"[16.703274371229696, 15.54063030589544]"
102,0,1513,True,True,1.0,3.99,5,5,True,2,7,45.03275840086878,"[11.30105408778866, 10.94333422181287, 5.553287351018108, 10.03169841169031, 7.203384328558832]",22.562775776338828,"[5.4074110942375775, 5.2679003465070195, 3.165782066897062, 4.912362380559221, 3.809319888137945]",50.86788801979809,25.966578140597424,"[16.878652478212988, 9.087925662384436]",24.838476327721256,12.126965474832996,19.838476327721256,10.126965474832996,"[5.238286062854301, 3.5869699823161976, 4.49020077919432, 3.0921414888311203, 8.430878014525316]","[7.582674466503065, 4.54429100832993]","[4.238286062854301, 2.5869699823161976, 3.4902007791943204, 2.0921414888311203, 7.430878014525316]","[6.582674466503065, 3.54429100832993]","[10.867400161164873, 6.6332563649133265, 8.949232767164924, 5.364465355977232, 19.053533370577732]"
102,0,1514,True,True,1.0,3.99,5,5,True,2,7,77.08887344767815,"[14.89221115601245, 16.71142582322347, 16.616597664327852, 5.052074368447741, 23.81656443566664]",35.06466064459448,"[6.807962350844856, 7.517456071057153, 7.480473089087862, 2.970309003694619, 10.28846012990999]",72.68428461179441,17.540167647466067,"[14.569175241421112, 2.970992406044954]",33.34687099859982,8.840665382511766,28.346870998599822,6.840665382511766,"[6.7869449493704055, 11.865080324043968, 4.410207612879747, 5.917238480630226, 4.367399631675475]","[6.681978344154234, 2.158687038357532]","[5.7869449493704055, 10.865080324043968, 3.410207612879747, 4.917238480630226, 3.3673996316754757]","[5.681978344154234, 1.158687038357532]","[14.83832038300104, 27.859180318061455, 8.744122084307044, 12.608303796487759, 8.634358029937117]"
102,0,1515,True,True,1.0,3.99,5,5,True,2,7,32.6872662065901,"[8.122647488335998, 7.563632659764273, 6.026147962306509, 6.124381142363432, 4.85045695381989]",17.74803382057014,"[4.167832520451039, 3.9498167373080664, 3.3501977052995384, 3.3885086455217386, 2.891678211989757]",64.38657782883001,12.025088482284362,"[4.886306369481232, 7.13878211280313]",30.110765353243707,6.689784508090901,25.110765353243707,4.689784508090901,"[4.342134912122916, 3.7709334347313255, 5.759215057634331, 8.471215139379169, 7.767266809375965]","[2.90565948409768, 3.784125023993221]","[3.342134912122915, 2.7709334347313255, 4.759215057634331, 7.4712151393791695, 6.767266809375965]","[1.9056594840976804, 2.784125023993221]","[8.569576697751064, 7.104957524952116, 12.20311553239572, 19.156961895844024, 17.35196617788709]"
102,0,1516,True,False,,0.0,1,1,,0,1,7.911588670741256,[7.911588670741256],4.0855195815890895,[4.0855195815890895],13.431477679133742,0.0,[],6.2382762948621595,0.0,0.0,0.0,[6.2382762948621595],[],[0.0],[],[13.431477679133742]
102,0,1517,True,True,1.0,3.99,3,3,True,1,4,20.326041401415292,"[5.8234749498172995, 5.312727625258402, 9.18983882633959]",10.927156146551965,"[3.271155230428747, 3.071963773850777, 4.58403714227244]",25.242892708719925,5.5381530143173,[5.5381530143173],12.844728156400773,3.159879675583747,9.844728156400773,2.159879675583747,"[5.147810885512896, 4.663231740851707, 3.033685530036169]",[3.159879675583747],"[4.147810885512896, 3.663231740851707, 2.033685530036169]",[2.159879675583747],"[10.635412526956141, 9.392901899619762, 5.214578282144022]"
102,0,1518,True,False,,0.0,2,2,,0,2,9.180507516442347,"[6.680507516442346, 2.5]",5.580397931412515,"[3.605397931412515, 1.975]",38.82341812709378,0.0,[],17.141133069566575,0.0,0.0,0.0,"[9.720882034226657, 7.420251035339919]",[],"[0.0, 0.0]",[],"[22.361235985196554, 16.462182141897227]"
102,0,1519,True,False,,0.0,2,2,,0,2,30.374096998236055,"[15.106434903302336, 15.26766209493372]",13.845897829312062,"[6.891509612287911, 6.95438821702415]",12.126573042933884,0.0,[],6.729363486744216,0.0,0.0,0.0,"[4.754363486744215, 1.975]",[],"[0.0, 0.0]",[],"[9.626573042933884, 2.5]"
102,0,1520,True,True,1.0,3.99,6,6,True,0,6,53.37366150169991,"[6.317776385497119, 8.49092037837319, 2.8439299503613746, 11.043548353259851, 20.64193935632605, 4.03554707788232]",26.815727985662964,"[3.4639327903438764, 4.311458947565544, 2.1091326806409363, 5.306983857771342, 9.05035634896716, 2.573863360374105]",67.96394641677117,0.0,[],32.50593910254075,0.0,26.50593910254075,0.0,"[8.316423855489514, 1.975, 3.4650781286717014, 5.577088336495681, 8.550289324459886, 4.622059457423969]",[],"[7.316423855489515, 0.9750000000000001, 2.4650781286717014, 4.577088336495681, 7.550289324459885, 3.6220594574239695]",[],"[18.760061167921833, 2.5, 6.32071315044026, 11.736123939732515, 19.359716216563807, 9.287331942112742]"
102,0,1521,True,False,,0.0,1,1,,0,1,26.198579370438093,[26.198579370438093],11.217445954470856,[11.217445954470856],7.443456652991793,0.0,[],3.9029480946667996,0.0,0.0,0.0,[3.9029480946667996],[],[0.0],[],[7.443456652991793]
102,0,1522,True,True,1.0,3.99,6,6,True,2,8,84.04712706509747,"[15.929684375528034, 22.560682438151108, 3.784880386851019, 8.57945062428385, 9.731901808489418, 23.460527431794038]",38.778379555388014,"[7.212576906455933, 9.798666150878933, 2.4761033508718975, 4.3459857434707025, 4.795441705310873, 10.149605698399675]",49.60613570870417,33.90522117036483,"[13.622441388276568, 20.282779782088266]",25.346392926394632,15.223036256442285,19.346392926394632,13.223036256442285,"[2.718828220945035, 4.73871062533704, 2.954187142688742, 4.069392815189371, 5.601897696022595, 5.263376426211848]","[6.312752141427862, 8.910284115014424]","[1.7188282209450347, 3.7387106253370397, 1.954187142688742, 3.0693928151893712, 4.601897696022595, 4.263376426211848]","[5.312752141427862, 7.910284115014424]","[4.407251848577012, 9.586437500864204, 5.010736263304467, 7.870237987665054, 11.79973768210922, 10.931734426184224]"
102,0,1523,True,True,1.0,3.99,4,4,True,2,6,26.50400052282308,"[8.611016599498319, 7.199918362904424, 7.003858087215765, 3.6892074732045717]",14.336560203901001,"[4.358296473804344, 3.8079681615327257, 3.7315046540141488, 2.438790914549783]",54.108178431145085,14.61081080687613,"[6.784411396412718, 7.826399410463411]",25.102189588146583,7.6982162146816915,21.102189588146583,5.698216214681691,"[3.6065527504820203, 3.0611582609194237, 12.758514555767656, 5.675964020977485]","[3.6459204446009603, 4.052295770080731]","[2.6065527504820203, 2.0611582609194237, 11.758514555767656, 4.675964020977485]","[2.6459204446009603, 3.0522957700807303]","[6.683468590979539, 5.285021181844676, 30.150037322481168, 11.989651335839705]"
102,0,1524,True,False,,0.0,1,1,,0,1,4.549381487002263,[4.549381487002263],2.7742587799308827,[2.7742587799308827],12.381600414585911,0.0,[],5.828824161688505,0.0,0.0,0.0,[5.828824161688505],[],[0.0],[],[12.381600414585911]
102,0,1525,True,False,,0.0,1,1,,0,1,18.18990150063062,[18.18990150063062],8.094061585245942,[8.094061585245942],9.806670170844255,0.0,[],4.82460136662926,0.0,0.0,0.0,[4.82460136662926],[],[0.0],[],[9.806670170844255]
102,0,1526,True,False,,0.0,1,1,,0,1,2.8971833679692347,[2.8971833679692347],2.1299015135080017,[2.1299015135080017],8.074595905274387,0.0,[],4.149092403057011,0.0,0.0,0.0,[4.149092403057011],[],[0.0],[],[8.074595905274387]
102,0,1527,True,True,1.0,3.99,3,3,True,2,5,38.53977256377087,"[5.027344784262197, 18.88047241547871, 14.631955364029958]",18.03051129987064,"[2.9606644658622567, 8.363384242036698, 6.706462591971683]",35.012248881284854,14.513495753392323,"[8.600704106070053, 5.91279164732227]",16.654777063701093,7.660263343823006,13.654777063701093,5.660263343823006,"[8.344256387694946, 4.28218734893094, 4.028333327075207]","[4.354274601367321, 3.3059887424556855]","[7.344256387694946, 3.28218734893094, 3.028333327075207]","[3.3542746013673206, 2.3059887424556855]","[18.831426635115246, 8.41586499725882, 7.764957248910787]"
102,0,1528,True,True,1.0,3.99,4,4,True,1,5,45.543303874227476,"[15.39256302844126, 7.569943494575667, 12.558378573632822, 10.022418777577725]",21.761888510948715,"[7.0030995810920915, 3.9522779628845104, 5.897767643716801, 4.9087433232553135]",24.763893912837762,8.450552568378631,[8.450552568378631],13.657918626006728,4.295715501667667,9.657918626006728,3.2957155016676665,"[2.7758590076642227, 3.6282032624011262, 3.107985880101779, 4.145870475839599]",[4.295715501667667],"[1.7758590076642227, 2.6282032624011262, 2.107985880101779, 3.1458704758395997]",[3.2957155016676665],"[4.553484635036468, 6.738982724105452, 5.4050920002609715, 8.06633455343487]"
102,0,1529,True,True,1.0,3.99,5,5,True,2,7,45.0806342777537,"[5.624209687220854, 4.402165302171088, 16.187248693001997, 6.25490554105238, 12.612105054307383]",22.581447368323946,"[3.1934417780161333, 2.7168444678467245, 7.313026990270779, 3.439413161010428, 5.918720971179879]",41.19481838874534,18.542051103029735,"[12.838286044695549, 5.703765058334185]",21.065979171610685,9.231399930181597,16.065979171610685,7.231399930181597,"[1.975, 1.975, 4.436183441619671, 4.340562546912632, 8.339233183078381]","[6.0069315574312645, 3.2244683727503323]","[0.9750000000000001, 0.9750000000000001, 3.4361834416196713, 3.340562546912632, 7.33923318307838]","[5.0069315574312645, 2.2244683727503323]","[2.5, 2.5, 8.810726773383772, 8.565544992083671, 18.818546623277896]"
102,0,1530,True,True,1.0,3.99,3,3,True,0,3,23.155055464187654,"[8.269518786246694, 6.067428754238055, 8.818107923702907]",12.030471631033187,"[4.225112326636211, 3.3662972141528416, 4.439062090244134]",16.160984567333845,0.0,[],9.3027839812602,0.0,6.3027839812602,0.0,"[1.975, 3.669119920833407, 3.6586640604267924]",[],"[0.9750000000000001, 2.669119920833407, 2.6586640604267924]",[],"[2.5, 6.843897232906172, 6.817087334427673]"
102,0,1531,True,True,1.0,3.99,4,4,True,3,7,36.35605337728046,"[7.314374589259228, 11.452950512713889, 2.5, 15.088728275307346]",18.17886081713938,"[3.852606089811099, 5.466650699958417, 1.975, 6.884604027369865]",35.81727394133148,24.99034755285372,"[3.9306511460865714, 12.898200023101243, 8.161496383665906]",17.96873683711928,12.74623554561295,13.968736837119279,9.74623554561295,"[3.179270777672284, 4.581505840117305, 5.7197620777609846, 4.488198141568704]","[2.532953946973763, 6.030298009009485, 4.182983589629703]","[2.179270777672284, 3.5815058401173054, 4.7197620777609846, 3.4881981415687036]","[1.532953946973763, 5.030298009009485, 3.1829835896297034]","[5.587873788903293, 9.183348307993091, 12.101954045540985, 8.944097798894111]"
102,0,1532,True,False,,0.0,2,2,,0,2,15.519247624371983,"[10.657819431989136, 4.8614281923828475]",8.052506573505074,"[5.156549578475763, 2.8959569950293105]",13.382147106598715,0.0,[],7.219037371573499,0.0,0.0,0.0,"[3.9851620296278627, 3.233875341945636]",[],"[0.0, 0.0]",[],"[7.654261614430417, 5.727885492168298]"
102,0,1533,True,False,,0.0,2,2,,0,2,18.984462862978287,"[12.960842700434993, 6.023620162543295]",9.403940516561532,"[6.054728653169647, 3.349211863391885]",18.59162310362773,0.0,[],9.250733010414814,0.0,0.0,0.0,"[5.6101529299853485, 3.6405800804294657]",[],"[0.0, 0.0]",[],"[11.820904948680381, 6.770718154947348]"
102,0,1534,True,True,1.0,3.99,5,5,True,2,7,45.9003365964619,"[11.706325214233267, 7.025929817704976, 13.383895067595706, 11.284186496927942, 2.5]",22.90113127262014,"[5.565466833550975, 3.740112628904941, 6.219719076362326, 5.400832733801898, 1.975]",59.88350661496065,22.419341141741135,"[10.234166301115915, 12.185174840625223]",28.354567579834654,10.743543045279043,23.354567579834654,8.743543045279043,"[2.9067317155407126, 5.161079101072121, 8.20470484117019, 8.063701182717189, 4.018350739334441]","[4.991324857435207, 5.752218187843837]","[1.9067317155407129, 4.161079101072121, 7.204704841170191, 7.063701182717188, 3.0183507393344406]","[3.991324857435207, 4.752218187843837]","[4.889055680873622, 10.669433592492618, 18.473602156846642, 18.112054314659456, 7.7393608700883085]"
102,0,1535,True,True,1.0,3.99,5,5,True,4,9,39.56007704023133,"[8.233518286410417, 10.550279536639586, 10.85053878469783, 3.517811971868261, 6.4079284606152305]",20.428430045690213,"[4.211072131700063, 5.114609019289438, 5.231710126032154, 2.371946669028622, 3.49909209963994]",54.19886201101177,31.543439811136267,"[5.124635302264958, 6.31726145354727, 9.193312069966419, 10.908230985357617]",26.137556184294596,16.301941526343146,21.137556184294592,12.301941526343143,"[4.458371809689902, 6.55334294250173, 6.221909312656933, 4.672213812683779, 4.231718306762248]","[2.9986077678833336, 3.4637319668834357, 4.585391707286904, 5.254210084289471]","[3.4583718096899023, 5.55334294250173, 5.221909312656933, 3.6722138126837787, 3.231718306762248]","[1.9986077678833336, 2.4637319668834357, 3.5853917072869037, 4.254210084289471]","[8.867620024845904, 14.239340878209564, 13.389511058094701, 9.41593285303533, 8.286457196826277]"
102,0,1536,True,False,,0.0,2,2,,0,2,23.03645979466218,"[2.5, 20.53645979466218]",10.98421931991825,"[1.975, 9.00921931991825]",29.54531893713003,0.0,[],13.522674385480713,0.0,0.0,0.0,"[5.900571420238126, 7.622102965242586]",[],"[0.0, 0.0]",[],"[12.565567744200322, 16.979751192929708]"
102,0,1537,True,True,1.0,3.99,3,3,True,3,6,42.01531980518533,"[7.218286082423555, 27.53355123424666, 7.263482488515115]",19.385974724022276,"[3.8151315721451864, 11.738084981356197, 3.832758170520895]",40.20063007696246,15.506841876677235,"[3.83191982054505, 8.707048550131418, 2.9678735060007684]",18.678245730015362,9.047668331904124,15.67824573001536,6.047668331904123,"[4.6121120671038245, 3.62505205183426, 10.441081611077276]","[2.4944487300125697, 4.3957489345512535, 2.1574706673402995]","[3.6121120671038245, 2.62505205183426, 9.441081611077276]","[1.4944487300125697, 3.395748934551253, 1.1574706673402997]","[9.261825813086729, 6.730902697010923, 24.20790156686481]"
102,0,1538,True,False,,0.0,2,2,,0,2,13.367357634455393,"[4.726252077715822, 8.641105556739571]",7.213269477437604,"[2.8432383103091707, 4.370031167128433]",16.740126340846125,0.0,[],8.52864927292999,0.0,0.0,0.0,"[2.603895368417195, 5.924753904512794]",[],"[0.0, 0.0]",[],"[4.112552226710756, 12.62757411413537]"
102,0,1539,True,False,,0.0,1,1,,0,1,4.4263058487432145,[4.4263058487432145],2.726259281009854,[2.726259281009854],12.142071305742391,0.0,[],5.735407809239533,0.0,0.0,0.0,[5.735407809239533],[],[0.0],[],[12.142071305742391]
102,0,1540,True,False,,0.0,1,1,,0,1,8.547430299282299,[8.547430299282299],4.333497816720097,[4.333497816720097],4.3824371228358645,0.0,[],2.709150477905987,0.0,0.0,0.0,[2.709150477905987],[],[0.0],[],[4.3824371228358645]
102,0,1541,True,True,1.0,3.99,5,5,True,4,9,43.22026972174423,"[9.32117489627948, 14.714581291788988, 10.636317642711, 5.9101452761939655, 2.6380506147707963]",21.85590519148025,"[4.635258209548997, 6.738686703797706, 5.1481638806572905, 3.3049566577156466, 2.0288397397606106]",38.64800041538021,39.7477408994856,"[10.175694576288564, 8.186024286064887, 5.473149256737605, 15.912872780394544]",20.072720161998284,19.501618950799383,15.072720161998282,15.501618950799385,"[3.1910751279606133, 4.853132557805532, 3.1462300057211943, 5.441626694884511, 3.4406557756264307]","[4.9685208847525395, 4.1925494715653056, 3.134528210127666, 7.206020384353872]","[2.1910751279606133, 3.853132557805532, 2.1462300057211943, 4.441626694884511, 2.4406557756264307]","[3.96852088475254, 3.192549471565306, 2.134528210127666, 6.206020384353872]","[5.6181413537451625, 9.879827071296235, 5.503153860823575, 11.388786397139771, 6.258091732375463]"
102,0,1542,True,False,,0.0,2,2,,0,2,25.01089020547998,"[15.251290356899847, 9.759599848580134]",11.754247180137193,"[6.948003239190941, 4.806243940946253]",17.30594246123631,0.0,[],8.749317559882162,0.0,0.0,0.0,"[4.123595655019864, 4.6257219048622975]",[],"[0.0, 0.0]",[],"[8.00921962825606, 9.29672283298025]"
102,0,1543,True,True,1.0,3.99,4,4,True,2,6,38.13910365396024,"[13.01440858628515, 2.7192752663289386, 14.947764873703333, 7.457654927642818]",18.874250425044494,"[6.075619348651209, 2.060517353868286, 6.8296283007443, 3.9084854217806995]",28.205150559552127,17.754003817238804,"[5.886628282213614, 11.867375535025188]",15.000008718225331,8.924061488723133,11.000008718225331,6.924061488723133,"[1.975, 6.464056275994216, 3.694156602550891, 2.866795839680223]","[3.2957850300633096, 5.6282764586598235]","[0.9750000000000001, 5.464056275994216, 2.694156602550891, 1.8667958396802231]","[2.2957850300633096, 4.6282764586598235]","[2.5, 14.010400707677476, 6.908093852694591, 4.786655999180059]"
102,0,1544,True,False,,0.0,2,2,,0,2,16.146995275400442,"[8.289972240826721, 7.857023034573723]",8.297328157406174,"[4.233089173922421, 4.064238983483753]",14.402783014556197,0.0,[],7.617085375676917,0.0,0.0,0.0,"[5.642085375676917, 1.975]",[],"[0.0, 0.0]",[],"[11.902783014556197, 2.5]"
102,0,1545,True,True,1.0,3.99,6,6,True,1,7,52.79712235972425,"[9.097068709032127, 3.5415581771684703, 11.095041504682209, 11.747181216503364, 8.64075393787019, 8.675518814467884]",26.590877720292454,"[4.547856796522529, 2.3812076890957035, 5.327066186826062, 5.5814006744363125, 4.3698940357693745, 4.383452337642474]",59.65195098194735,3.5679569717883632,[3.5679569717883632],29.26426088295947,2.3915032189974617,23.26426088295947,1.3915032189974617,"[6.2013706886388755, 2.6961660051911016, 3.9415229886737375, 3.234133732637557, 10.704337334468361, 2.4867301333498366]",[2.3915032189974617],"[5.2013706886388755, 1.6961660051911018, 2.9415229886737375, 2.234133732637557, 9.704337334468361, 1.4867301333498366]",[1.3915032189974617],"[13.336847919586859, 4.349143603054107, 7.542366637624967, 5.728548032403992, 24.882916242226568, 3.8121285470508632]"
102,0,1546,True,True,1.0,3.99,6,6,True,2,8,71.7562010078399,"[7.548966046056738, 3.089951224876741, 12.958971301112541, 11.665327184017737, 14.424326464135772, 22.06865878764037]",33.98491839305756,"[3.9440967579621278, 2.205080977701929, 6.053998807433891, 5.549477601766918, 6.625487321012951, 9.606776927179745]",47.46476294071763,21.39531890287552,"[5.047160030285646, 16.348158872589874]",24.511257546879875,10.344174372121453,18.511257546879875,8.344174372121453,"[3.370310390698235, 6.2654296426073355, 4.132590133251033, 3.0034553151599086, 2.5178913221816996, 5.221580742981664]","[2.968392411811402, 7.375781960310051]","[2.370310390698235, 5.2654296426073355, 3.132590133251033, 2.0034553151599086, 1.5178913221816999, 4.221580742981664]","[1.968392411811402, 6.375781960310051]","[6.077718950508295, 13.501101647711117, 8.032282392951366, 5.137064910666432, 3.892029031235128, 10.824566007645293]"
102,0,1547,True,True,1.0,3.99,3,3,True,2,5,18.150105783818162,"[2.5, 5.040351656924103, 10.60975412689406]",10.078541255689084,"[1.975, 2.9657371462004, 5.137804109488684]",36.765197446046024,15.77526747445233,"[8.107052651954207, 7.668214822498122]",17.33842700395795,8.152354315036408,14.33842700395795,6.152354315036408,"[4.413926945419754, 4.46137156311983, 8.463128495418367]","[4.161750534262141, 3.9906037807742676]","[3.413926945419754, 3.4613715631198296, 7.463128495418366]","[3.161750534262141, 2.9906037807742676]","[8.753658834409626, 8.875311700307256, 19.136226911329143]"
102,0,1548,True,True,1.0,3.99,3,3,True,2,5,24.904851179057523,"[11.914152241595923, 10.4906989374616, 2.5]",12.712891959832435,"[5.64651937422241, 5.091372585610024, 1.975]",11.990298343140854,33.35968110203829,"[4.810490532407761, 28.54919056963053]",7.676216353824933,15.010275629794933,4.676216353824933,13.010275629794933,"[2.6511431623805835, 1.975, 3.0500731914443495]","[2.876091307639027, 12.134184322155907]","[1.6511431623805835, 0.9750000000000001, 2.0500731914443495]","[1.8760913076390269, 11.134184322155907]","[4.23370041636047, 2.5, 5.256597926780383]"
102,0,1549,True,False,,0.0,1,1,,0,1,7.770726446987249,[7.770726446987249],4.0305833143250265,[4.0305833143250265],10.251069127324849,0.0,[],4.997916959656691,0.0,0.0,0.0,[4.997916959656691],[],[0.0],[],[10.251069127324849]
102,0,1550,True,False,,0.0,2,2,,0,2,21.718505523583346,"[3.591656527893262, 18.126848995690086]",10.470217154197506,"[2.400746045878372, 8.069471108319133]",20.918516752371147,0.0,[],10.158221533424747,0.0,0.0,0.0,"[5.956853610726828, 4.20136792269792]",[],"[0.0, 0.0]",[],"[12.709881053145711, 8.208635699225436]"
102,0,1551,True,True,1.0,3.99,4,4,True,3,7,70.44583643222397,"[9.582649600572807, 11.979740783234687, 12.133746505323002, 36.74969954309347]",31.473876208567347,"[4.7372333442233945, 5.672098905461528, 5.732161137075971, 15.332382821806453]",28.64177134970525,16.013851544196243,"[4.510262770238412, 6.083106981838566, 5.420481792119265]",15.170290826385049,9.245402102236536,11.170290826385049,6.245402102236535,"[3.4659944219056733, 5.349966555052411, 3.285670278728559, 3.068659570698405]","[2.7590024803929807, 3.372411722917041, 3.1139878989265135]","[2.4659944219056733, 4.349966555052411, 2.285670278728559, 2.068659570698405]","[1.7590024803929807, 2.372411722917041, 2.1139878989265135]","[6.323062620270957, 11.153760397570286, 5.860693022380921, 5.304255309483089]"
102,0,1552,True,True,1.0,3.99,5,5,True,1,6,46.499162532922334,"[3.4024393308993504, 11.69538756358727, 11.545025136630608, 5.820304094802934, 14.03600640700217]",23.134673387839708,"[2.326951339050747, 5.561201149799035, 5.502559803285937, 3.2699185969731444, 6.474042498730846]",50.64090656968962,12.071880578982093,[12.071880578982093],24.74995356217895,5.708033425803016,19.749953562178952,4.708033425803016,"[7.779968052280885, 3.2092956265957415, 3.7446312635633503, 3.9303265346138616, 6.085732085125112]",[5.708033425803016],"[6.779968052280885, 2.2092956265957415, 2.7446312635633503, 2.9303265346138616, 5.085732085125112]",[4.708033425803016],"[17.384533467386884, 5.664860581014722, 7.037516060418847, 7.513657781061183, 13.04033867980798]"
102,0,1553,True,True,1.0,3.99,5,5,True,1,6,73.94147599250138,"[9.928605660998427, 30.51940610297302, 10.363810270678258, 9.822199475492399, 13.307454482359288]",33.837175637075546,"[4.872156207789386, 12.902568380159478, 5.04188600556452, 4.830657795442036, 6.1899072481201225]",57.32784590667518,7.04724624877251,[7.04724624877251],27.357859903603323,3.7484260370212787,22.357859903603323,2.7484260370212787,"[3.0000094579488286, 11.006846771582206, 3.9189585471845487, 6.481551235668994, 2.9504938912187457]",[3.7484260370212787],"[2.0000094579488286, 10.006846771582206, 2.9189585471845487, 5.481551235668994, 1.9504938912187457]",[2.7484260370212787],"[5.128229379355971, 25.6585814655954, 7.484509095344996, 14.055259578638445, 5.001266387740373]"
102,0,1554,True,True,1.0,3.99,3,3,True,4,7,20.36719333948028,"[9.616896830826864, 3.6213355079829053, 7.128961000670511]",10.94320540239731,"[4.750589764022477, 2.412320848113333, 3.7802947902614994]",31.88153954742252,47.225564240310774,"[3.0794990977468464, 8.057296157839652, 15.075688081259608, 21.01308090346467]",15.433800423494782,22.417970053721206,12.433800423494784,18.417970053721206,"[7.904721597605239, 2.472857331438412, 5.0562214944511314]","[2.20100464812127, 4.142345501557465, 6.879518351691248, 9.195101552351222]","[6.904721597605239, 1.4728573314384124, 4.0562214944511314]","[1.2010046481212702, 3.142345501557464, 5.879518351691248, 8.195101552351222]","[17.704414352833947, 3.7765572600984934, 10.40056793449008]"
102,0,1555,True,True,1.0,3.99,4,5,,0,4,43.492546403596975,"[8.512338128923219, 24.007108076642638, 3.780957436610099, 3.734823477017464, 3.457319284403554]",21.96209309740282,"[4.319811870280056, 10.36277214989063, 2.4745734002779387, 2.456581156036811, 2.348354520917386]",37.459495813653774,0.0,[],19.609203367324973,0.0,14.609203367324973,0.0,"[1.975, 5.709626471398815, 4.114924844982931, 1.975, 5.8346520509432285]",[],"[0.9750000000000001, 4.709626471398815, 3.114924844982931, 0.9750000000000001, 4.8346520509432285]",[],"[2.5, 12.075965311279013, 7.986986782007515, 2.5, 12.396543720367251]"
102,0,1556,True,True,1.0,3.99,3,3,True,2,5,35.16859766965893,"[11.54120658615171, 12.049117917611415, 11.578273165895807]",16.715753091166984,"[5.501070568599166, 5.699155987868452, 5.515526534699365]",46.58671502529418,14.052006160527556,"[4.85488546785148, 9.197120692676076]",21.168818859864736,7.480282402605747,18.168818859864732,5.480282402605747,"[11.912275241256593, 5.937191983536998, 3.319351635071142]","[2.893405332462077, 4.58687707014367]","[10.912275241256593, 4.937191983536998, 2.319351635071142]","[1.8934053324620772, 3.58687707014367]","[27.980192926298955, 12.65946662445384, 5.94705547454139]"
102,0,1557,True,True,1.0,3.99,3,3,True,4,7,36.68516063211493,"[9.610478045870508, 2.619262693730282, 24.45541989251414]",17.30721264652482,"[4.748086437889498, 2.02151245055481, 10.537613758080514]",26.417252918525854,26.598245191650594,"[2.062993884638491, 4.807899008385873, 6.659193040358272, 13.068159258267958]",13.302728638225084,14.373315624743732,10.302728638225084,10.373315624743732,"[3.496057078753371, 3.6365121854393965, 6.170159374032316]","[1.8045676150090115, 2.875080613270491, 3.5970852857397264, 6.096582110724504]","[2.496057078753371, 2.6365121854393965, 5.170159374032316]","[0.8045676150090115, 1.8750806132704907, 2.5970852857397264, 5.096582110724504]","[6.400146355777874, 6.760287654972811, 13.25681890777517]"
102,0,1558,True,True,1.0,3.99,3,3,True,1,4,37.7757032959312,"[15.513822266933449, 7.799928724923191, 14.461952304074561]",17.73252428541317,"[7.050390684104046, 4.041972202720045, 6.640161398589079]",35.20841109936998,17.933752246449107,[17.933752246449107],16.731280328754295,7.994163376115152,13.731280328754295,6.994163376115152,"[7.286765431504928, 5.908297685574884, 3.536217211674483]",[7.994163376115152],"[6.286765431504928, 4.908297685574884, 2.536217211674483]",[6.994163376115152],"[16.119911362833147, 12.58537868096124, 6.503121055575597]"
102,0,1559,True,True,1.0,3.99,3,3,True,2,5,32.192219358066936,"[11.522884571339349, 12.123063222713611, 8.546271564013976]",15.554965549646106,"[5.493924982822346, 5.727994656858309, 4.333045909965451]",36.972738008058755,15.91330718251714,"[10.315687995852246, 5.597619186664895]",17.419367823142913,8.206189801181685,14.419367823142913,6.206189801181685,"[7.448045576368419, 3.503844858510949, 6.467477388263545]","[5.023118318382376, 3.183071482799309]","[6.448045576368419, 2.503844858510949, 5.467477388263545]","[4.023118318382376, 2.183071482799309]","[16.53345019581646, 6.420115021822946, 14.019172790419345]"
102,0,1560,True,True,1.0,3.99,3,3,,3,6,33.472798771361326,"[7.918371304907383, 19.881070084936013, 5.673357381517935]",16.054391520830922,"[4.08816480891388, 8.753617333125046, 3.2126093787919947]",34.86336206659824,47.387340434408515,"[15.64805423332702, 15.373216978420512, 16.366069222660983]",16.596711205973314,21.48106276941932,13.596711205973314,18.48106276941932,"[5.1153422874089385, 4.465230826556938, 7.016138092007438]","[7.102741150997538, 6.995554621584, 7.382766996837783]","[4.1153422874089385, 3.4652308265569376, 6.016138092007438]","[6.102741150997538, 5.995554621584, 6.382766996837783]","[10.55215971130497, 8.88520724758189, 15.42599510771138]"
102,0,1561,True,False,,0.0,2,2,,0,2,17.838404636428393,"[15.338404636428393, 2.5]",8.956977808207073,"[6.981977808207073, 1.975]",14.180185268375196,0.0,[],7.530272254666325,0.0,0.0,0.0,"[4.260831016158681, 3.269441238507645]",[],"[0.0, 0.0]",[],"[8.361105169637645, 5.819080098737551]"
102,0,1562,True,True,1.0,3.99,4,4,True,2,6,37.05812754676646,"[10.922212714598624, 6.182870333382432, 12.567802461167403, 7.385242037617997]",18.45266974323892,"[5.259662958693464, 3.4113194300191485, 5.901442959855287, 3.880244394671019]",43.892383889783325,22.252603664254124,"[8.789668117483444, 13.46293554677068]",21.1180297170155,10.678515429059109,17.1180297170155,8.678515429059109,"[5.224810158774568, 3.935810815582098, 5.902750281243816, 6.054658461415016]","[4.427970565818543, 6.250544863240566]","[4.224810158774568, 2.935810815582098, 4.902750281243816, 5.054658461415016]","[3.4279705658185433, 5.250544863240566]","[10.832846560960432, 7.527720039954096, 12.571154567291835, 12.960662721576965]"
102,0,1563,True,True,1.0,3.99,5,5,True,3,8,51.50309828973002,"[7.73302682508446, 17.81923857142969, 4.206797610334609, 10.908122300679208, 10.83591298220205]",25.08620833299471,"[4.01588046178294, 7.949503042857579, 2.6406510680304978, 5.254167697264891, 5.2260060630588]",45.3331900953567,33.31641227170767,"[23.19109353569148, 5.194739528310651, 4.930579207705541]",22.679944137189118,15.993400785965992,17.679944137189118,12.993400785965992,"[5.098645059627622, 2.8473201269747492, 5.933651358223679, 3.7339888046979173, 5.066338787665147]","[10.044526478919677, 3.025948416041154, 2.922925891005161]","[4.098645059627622, 1.8473201269747492, 4.933651358223679, 2.7339888046979173, 4.066338787665147]","[9.044526478919677, 2.025948416041154, 1.922925891005161]","[10.509346306737493, 4.736718274294229, 12.650388098009433, 7.010227704353634, 10.426509711961916]"
102,0,1564,True,True,1.0,3.99,5,5,True,1,6,83.70666625390959,"[19.603298208521007, 14.958962973526344, 18.31894026173748, 9.214099086779994, 21.61136572334477]",37.64559983902474,"[8.645286301323193, 6.833995559675274, 8.144386702077618, 4.593498643844198, 9.42843263210446]",49.30313650426764,8.342589404977119,[8.342589404977119],24.228223236664377,4.253609867941076,19.228223236664377,3.2536098679410763,"[4.262245397019651, 4.328154415164087, 3.3398133296763435, 4.42040136075281, 7.877608734051487]",[4.253609867941076],"[3.2622453970196514, 3.3281544151640867, 2.3398133296763435, 3.42040136075281, 6.877608734051487]",[3.2536098679410763],"[8.364731787229875, 8.533729269651504, 5.99952135814447, 8.77025989936618, 17.634894189875606]"
102,0,1565,True,False,,0.0,2,2,,0,2,18.612312390898325,"[5.111917539132597, 13.500394851765728]",9.258801832450347,"[2.993647840261713, 6.265153992188634]",12.896197520733613,0.0,[],7.029517033086109,0.0,0.0,0.0,"[2.6230631610510207, 4.4064538720350885]",[],"[0.0, 0.0]",[],"[4.161700412951335, 8.734497107782278]"
102,0,1566,True,True,1.0,3.99,5,5,True,3,8,31.098181960256124,"[5.46613076796357, 4.779495798636291, 3.053839799436012, 3.0709726209647177, 14.727742973255534]",17.12829096449989,"[3.1317909995057924, 2.8640033614681535, 2.190997521780045, 2.19767932217624, 6.743819759569658]",31.938111266543828,24.308569917149665,"[3.1808602463078572, 6.3845833034774815, 14.743126367364326]",17.455863393952093,12.48034226768837,12.455863393952095,9.48034226768837,"[4.2720668403202815, 3.6811607783476865, 4.142372708966308, 2.4980454000414833, 2.862217666276335]","[2.2405354960600645, 3.489987488356218, 6.749819283272087]","[3.272066840320281, 2.6811607783476865, 3.1423727089663083, 1.4980454000414833, 1.8622176662763346]","[1.2405354960600643, 2.489987488356218, 5.749819283272087]","[8.389914975180208, 6.87477122653253, 8.057365920426431, 3.8411420513884185, 4.774917093016242]"
102,0,1567,True,True,1.0,3.99,4,4,True,3,7,28.4882861474769,"[7.1505017136933775, 4.769434207287488, 5.809154737816218, 10.759195488679815]",15.11043159751599,"[3.7886956683404174, 2.8600793408421206, 3.265570347748325, 5.196086240585128]",29.36544279042144,20.101338683630516,"[4.987316072377915, 7.250356735591984, 7.863665875660618]",15.452522688264363,10.8395220866159,11.452522688264363,7.8395220866159026,"[4.589822002021702, 4.616303385658646, 4.271397300584015, 1.975]","[2.9450532682273867, 3.827639126880874, 4.066829691507641]","[3.589822002021702, 3.6163033856586457, 3.2713973005840145, 0.9750000000000001]","[1.9450532682273869, 2.827639126880874, 3.066829691507641]","[9.204671800055646, 9.272572783740117, 8.388198206625677, 2.5]"
102,0,1568,True,False,,0.0,1,1,,0,1,14.186973080981435,[14.186973080981435],6.53291950158276,[6.53291950158276],3.651236906982721,0.0,[],2.423982393723261,0.0,0.0,0.0,[2.423982393723261],[],[0.0],[],[3.651236906982721]
102,0,1569,True,False,,0.0,2,2,,0,2,24.503560930174288,"[17.565026100696507, 6.938534829477783]",11.556388762767973,"[7.850360179271638, 3.7060285834963356]",11.410944904725422,0.0,[],6.450268512842915,0.0,0.0,0.0,"[3.31334079019875, 3.136927722644165]",[],"[0.0, 0.0]",[],"[5.931643051791667, 5.479301852933756]"
102,0,1570,True,True,1.0,3.99,3,3,True,1,4,50.093942140001985,"[21.860701251953454, 9.088371763770535, 19.144869124277996]",22.536637434600777,"[9.525673488261848, 4.544464987870509, 8.466498958468419]",18.574894334826634,7.1301331976038,[7.1301331976038],10.244208790582388,3.780751947065482,7.244208790582387,2.780751947065482,"[2.929936929122669, 3.8278148275058466, 3.4864570339538714]",[3.780751947065482],"[1.9299369291226691, 2.8278148275058466, 2.4864570339538714]",[2.780751947065482],"[4.9485562285196645, 7.250807250014991, 6.375530856291978]"
102,0,1571,True,True,1.0,3.99,3,2,,2,5,6.73677946158301,"[3.0356767513037988, 3.7011027102792116]",4.6273439900173745,"[2.1839139330084816, 2.4434300570088925]",9.183572312839633,15.540003835690104,"[9.879097713564063, 5.660906122126041]",5.581593202007458,8.06060149591914,3.5815932020074572,6.0606014959191405,"[2.5214787287102682, 3.060114473297189]","[4.852848108289985, 3.2077533876291557]","[1.5214787287102682, 2.060114473297189]","[3.852848108289985, 2.2077533876291557]","[3.9012275095135083, 5.282344803326126]"
102,0,1572,True,True,1.0,3.99,5,5,True,2,7,31.810748187759046,"[2.7755594111334236, 3.5999977742793505, 11.108279416980283, 4.713596470005911, 9.613315115360082]",17.40619179322603,"[2.082468170342035, 2.4039991319689467, 5.33222897262231, 2.8383026233023054, 4.749192894990433]",87.9125408505596,29.14880712735406,"[10.795439604158064, 18.353367523195995]",39.28589093171824,13.368034779668083,34.28589093171824,11.368034779668083,"[7.987451618834931, 15.629217116183076, 2.1204011667477403, 3.8512505976305245, 9.69757043232197]","[5.210221445621645, 8.157813334046438]","[6.987451618834931, 14.629217116183076, 1.1204011667477403, 2.8512505976305245, 8.69757043232197]","[4.210221445621645, 7.1578133340464385]","[17.916542612397258, 37.51081311841814, 2.872823504481385, 7.310898968283396, 22.30146264697941]"
102,0,1573,True,True,1.0,3.99,3,3,True,5,8,34.34773981442318,"[18.74108921993813, 10.918972817434067, 4.687677777050979]",16.39561852762504,"[8.30902479577587, 5.258399398799287, 2.8281943330498818]",24.690615994503666,47.13562964997936,"[16.33016615397614, 8.614912554810072, 3.313509990426917, 5.314414910653387, 13.562626040112837]",12.62934023785643,23.382895563491946,9.629340237856429,18.382895563491946,"[5.951954761466842, 2.4124997666873265, 4.264885709702261]","[7.368764800050695, 4.359815896375928, 2.2922688962664974, 3.072621815154821, 6.2894241556440065]","[4.951954761466842, 1.4124997666873267, 3.264885709702261]","[6.368764800050695, 3.3598158963759284, 1.2922688962664977, 2.072621815154821, 5.2894241556440065]","[12.697319901197032, 3.621794273557248, 8.371501819749387]"
102,0,1574,True,False,,0.0,2,2,,0,2,25.087440852949207,"[5.6265232264103, 19.460917626538908]",11.78410193265019,"[3.194344058300017, 8.589757874350173]",15.597345535516666,0.0,[],8.0829647588515,0.0,0.0,0.0,"[4.449854029301649, 3.6331107295498506]",[],"[0.0, 0.0]",[],"[8.845779562311922, 6.751565973204745]"
102,0,1575,True,True,1.0,3.99,3,3,True,1,4,40.208446245466675,"[9.617454501611824, 13.918485554942784, 16.672506188912063]",18.681294035732,"[4.750807255628612, 6.428209366427686, 7.502277413675705]",41.20807575636912,8.617876718923918,[8.617876718923918],19.07114954498396,4.360971920380328,16.07114954498396,3.360971920380328,"[7.273089731918928, 5.166188495571465, 6.631871317493566]",[4.360971920380328],"[6.273089731918928, 4.166188495571465, 5.631871317493566]",[3.360971920380328],"[16.084845466458788, 10.682534604029396, 14.440695685880938]"
102,0,1576,True,False,,0.0,2,2,,0,2,19.971105287727852,"[14.76833387638984, 5.202771411338013]",9.788731062213863,"[6.759650211792038, 3.029080850421825]",16.51496488063815,0.0,[],8.44083630344888,0.0,0.0,0.0,"[5.03428900618981, 3.4065472972590687]",[],"[0.0, 0.0]",[],"[10.344330785102075, 6.170634095536074]"
102,0,1577,True,True,1.0,3.99,5,5,True,2,7,35.76829849847017,"[3.964859483545184, 6.19342532111015, 4.923767912236184, 11.088395640967446, 9.597850140611206]",18.949636414403365,"[2.546295198582622, 3.4154358752329586, 2.9202694857721117, 5.324474299977305, 4.74316155483837]",74.72259788112635,18.770229706194904,"[4.575822544700754, 14.19440716149415]",34.14181317363928,9.320389585416013,29.141813173639278,7.320389585416013,"[11.997641334649767, 11.076948502084587, 4.240401135348776, 3.2278591901959035, 3.5989630113602438]","[2.7845707924332945, 6.5358187929827185]","[10.997641334649767, 10.076948502084587, 3.2404011353487765, 2.2278591901959035, 2.5989630113602438]","[1.7845707924332943, 5.5358187929827185]","[28.199080345255812, 25.838329492524583, 8.308720859868657, 5.712459462040778, 6.664007721436523]"
102,0,1578,True,True,1.0,3.99,3,3,True,2,5,35.05749450151543,"[8.308893601155962, 15.62573514565402, 11.122865754705447]",16.672422855591016,"[4.240468504450825, 7.094036706805068, 5.337917644335125]",26.944856590161635,15.359245296993123,"[6.302783390427942, 9.05646190656518]",13.508494070163039,7.990105665827318,10.508494070163039,5.990105665827318,"[5.829127058665329, 4.7182239491492535, 2.961143062348455]","[3.4580855222668974, 4.532020143560421]","[4.829127058665329, 3.718223949149254, 1.9611430623484551]","[2.4580855222668974, 3.5320201435604206]","[12.382377073500843, 9.533907561921163, 5.028571954739628]"
102,0,1579,True,True,1.0,3.99,6,3,,3,9,40.867086714395214,"[12.832676409438598, 18.80907323125792, 9.2253370736987]",18.938163818614136,"[6.004743799681053, 8.335538560190589, 4.597881458742493]",23.564738495432984,20.337368169136486,"[8.103983639939685, 7.837825853176975, 4.395558676019827]",12.190248013218865,10.93157358596323,9.190248013218865,7.93157358596323,"[2.6514414177916086, 2.359196563605342, 7.179610031821914]","[4.160553619576477, 4.05675208273902, 2.7142678836477323]","[1.6514414177916086, 1.3591965636053416, 6.179610031821914]","[3.160553619576477, 3.0567520827390204, 1.7142678836477325]","[4.2344651738246375, 3.48511939385985, 15.845153927748497]"
102,0,1580,True,False,,0.0,1,1,,0,1,8.42036397142912,[8.42036397142912],4.283941948857358,[4.283941948857358],4.236081897070441,0.0,[],2.652071939857472,0.0,0.0,0.0,[2.652071939857472],[],[0.0],[],[4.236081897070441]
102,0,1581,True,True,1.0,3.99,7,7,True,2,9,67.39174389275102,"[11.908462497470905, 4.60731812960288, 15.494917186908072, 3.524617500006744, 12.801778979992811, 15.253204100567942, 3.8014454982016703]",33.282780118172894,"[5.644300374013653, 2.7968540705451232, 7.043017702894148, 2.3746008250026303, 5.992693802197197, 6.948749599221498, 2.4825637442986515]",78.74667426640214,16.924911464872018,"[8.753908931410711, 8.171002533461307]",37.71120296389684,8.600715471300088,30.711202963896838,6.600715471300088,"[7.52266615892734, 2.0665977034728313, 4.110144170208557, 2.8739641572578325, 2.881851512102702, 10.321572525034101, 7.934406736893471]","[4.414024483250177, 4.18669098804991]","[6.52266615892734, 1.0665977034728313, 3.110144170208557, 1.8739641572578327, 1.8818515121027022, 9.321572525034101, 6.934406736893471]","[3.4140244832501776, 3.18669098804991]","[16.724785022890615, 2.734865906340593, 7.974728641560403, 4.80503630066111, 4.825260287442826, 23.90146801290795, 17.780530094598642]"
102,0,1582,True,True,1.0,3.99,3,3,True,0,3,29.55011610735663,"[5.9096879671701075, 12.633799674961788, 11.006628465224734]",14.524545281869086,"[3.304778307196342, 5.927181873235098, 5.292585101437647]",20.172403519790187,0.0,[],10.867237372718174,0.0,7.867237372718174,0.0,"[4.356144906712254, 3.2345920936209076, 3.2765003723850126]",[],"[3.356144906712254, 2.2345920936209076, 2.2765003723850126]",[],"[8.605499760800651, 5.729723316976686, 5.837180442012853]"
102,0,1583,True,False,,0.0,2,2,,0,2,15.103959410847247,"[5.771158624989518, 9.33280078585773]",7.8905441702304255,"[3.250751863745912, 4.639792306484514]",23.286909425765757,0.0,[],11.081894676048645,0.0,0.0,0.0,"[4.088229407669667, 6.993665268378979]",[],"[0.0, 0.0]",[],"[7.918536942742737, 15.368372483023022]"
102,0,1584,True,True,1.0,3.99,4,4,True,5,9,36.653316893302275,"[2.84287350134262, 18.47387409793187, 6.377643317157659, 8.958925976870127]",18.29479358838789,"[2.108720665523622, 8.20481089819343, 3.487280893691487, 4.49398113097935]",27.19701782478127,52.91332825584496,"[18.77374071059572, 9.910617248978207, 5.378229269015715, 13.05551102730704, 5.795229999948274]",14.606836951664695,25.636198019779535,10.606836951664695,20.636198019779535,"[2.514779774558504, 3.7242736619406323, 3.5141857580001976, 4.853597757165362]","[8.321758877132332, 4.865140727101501, 3.0975094149161286, 6.091649300649745, 3.260139699979827]","[1.5147797745585039, 2.7242736619406323, 2.5141857580001976, 3.8535977571653617]","[7.321758877132331, 3.865140727101501, 2.0975094149161286, 5.091649300649745, 2.260139699979827]","[3.884050703996164, 6.985317081899057, 6.446630148718455, 9.881019890167593]"
102,0,1585,True,False,,0.0,1,1,,0,1,8.049588220823537,[8.049588220823537],4.139339406121179,[4.139339406121179],5.277568249331294,0.0,[],3.0582516172392045,0.0,0.0,0.0,[3.0582516172392045],[],[0.0],[],[5.277568249331294]
102,0,1586,True,True,1.0,3.99,3,3,True,3,6,48.010128363876724,"[34.31706053937054, 8.220489423327919, 5.47257840117827]",21.723950061911925,"[14.38365361035451, 4.205990875097889, 3.1343055764595253]",37.73244165516676,13.86314825224261,"[3.536009771838247, 6.882043454825795, 3.445095025578568]",17.715652245515038,8.406627818374618,14.715652245515038,5.406627818374618,"[4.7315759914269115, 6.128117237326302, 6.855959016761824]","[2.379043811016916, 3.6839969473820604, 2.3435870599756417]","[3.7315759914269115, 5.128117237326302, 5.855959016761824]","[1.3790438110169163, 2.6839969473820604, 1.3435870599756417]","[9.568143567761311, 13.149018557246928, 15.015279530158523]"
102,0,1587,True,False,,0.0,1,1,,0,1,15.987305726332373,[15.987305726332373],7.235049233269626,[7.235049233269626],9.200439851599882,0.0,[],4.588171542123954,0.0,0.0,0.0,[4.588171542123954],[],[0.0],[],[9.200439851599882]
102,0,1588,True,True,1.0,3.99,5,5,True,0,5,44.42594522919116,"[12.587317315888887, 5.4809359674210505, 14.944156792872356, 7.371893402245866, 4.041641750763001]",22.326118639384553,"[5.909053753196666, 3.13756502729421, 6.828221149220219, 3.875038426875888, 2.5762402827975706]",55.339784396150364,0.0,[],26.582515914498643,0.0,21.582515914498643,0.0,"[4.389087459858805, 8.69320799851474, 2.39305506443051, 6.5440719673510905, 4.563093424343495]",[],"[3.3890874598588057, 7.693207998514741, 1.39305506443051, 5.5440719673510905, 3.563093424343495]",[],"[8.68996784579181, 19.726174355166002, 3.571936062642333, 14.215569147054078, 9.13613698549614]"
102,0,1589,True,True,1.0,3.99,5,5,True,2,7,43.025520082269864,"[11.475574860650159, 4.17912920772436, 6.403046211691602, 10.886912754953617, 10.080857047250129]",21.779952832085247,"[5.475474195653562, 2.6298603910125005, 3.4971880225597247, 5.24589597443191, 4.931534248427551]",36.730436639958725,10.574532403782941,"[6.818589916709078, 3.7559424870738636]",19.324870289583906,6.124067637475347,14.324870289583904,4.124067637475347,"[2.599644975529193, 3.0447820756948927, 4.4608345770734745, 5.084326535983564, 4.13528212530278]","[3.6592500675165405, 2.464817569958807]","[1.5996449755291933, 2.0447820756948927, 3.4608345770734745, 4.084326535983564, 3.1352821253027803]","[2.6592500675165405, 1.4648175699588069]","[4.101653783408188, 5.243030963320238, 8.873934813008908, 10.4726321435476, 8.039184936673795]"
102,0,1590,True,True,1.0,3.99,3,3,True,3,6,18.917944668261274,"[4.664134143903591, 7.175936523275418, 7.0778740010822645]",10.377998420621896,"[2.8190123161224006, 3.798615244077413, 3.7603708604220834]",26.280355578277437,34.421805146106045,"[17.30211636490399, 12.169159332546005, 4.9505294486560505]",13.2493386755282,16.42450400698136,10.2493386755282,13.424504006981358,"[4.017877479911345, 3.3643448671893856, 5.867116328427469]","[7.7478253823125565, 5.745972139692943, 2.9307064849758597]","[3.0178774799113453, 2.3643448671893856, 4.867116328427469]","[6.7478253823125565, 4.745972139692943, 1.9307064849758597]","[7.738147384388064, 6.06242273638304, 12.479785457506331]"
102,0,1591,True,False,,0.0,1,1,,0,1,6.754398290788159,[6.754398290788159],3.634215333407382,[3.634215333407382],14.319907729604148,0.0,[],6.584764014545618,0.0,0.0,0.0,[6.584764014545618],[],[0.0],[],[14.319907729604148]
102,0,1592,True,False,,0.0,1,1,,0,1,5.8588089209723115,[5.8588089209723115],3.2849354791792016,[3.2849354791792016],11.709468981947536,0.0,[],5.566692902959539,0.0,0.0,0.0,[5.566692902959539],[],[0.0],[],[11.709468981947536]
102,0,1593,True,True,1.0,3.99,4,4,True,1,5,33.39476864365602,"[10.495922001427894, 9.158920397677122, 7.100299462039965, 6.639626782511041]",17.02395977102585,"[5.093409580556879, 4.571978955094078, 3.7691167901955867, 3.589454445179306]",29.87936240330916,23.18352699745658,[23.18352699745658],15.65295133729057,10.041575529008066,11.65295133729057,9.041575529008066,"[5.480642771151815, 3.1968327178314384, 4.8173790828471885, 2.15809676546013]",[10.041575529008066],"[4.480642771151815, 2.1968327178314384, 3.8173790828471885, 1.15809676546013]",[9.041575529008066],"[11.488827618337986, 5.632904404695996, 9.78815149447997, 2.969478885795205]"
102,0,1594,True,True,1.0,3.99,3,3,True,1,4,23.08310295847879,"[5.1521758617017195, 12.504746948114082, 5.426180148662986]",12.002410153806728,"[3.0093485860636706, 5.8768513097644925, 3.116210257978565]",19.84245468458947,7.552974421940079,[7.552974421940079],10.738557326989893,3.945660024556631,7.738557326989893,2.945660024556631,"[2.8062922102590777, 4.637198269008009, 3.2950668477228064]",[3.945660024556631],"[1.806292210259078, 3.6371982690080094, 2.2950668477228064]",[2.945660024556631],"[4.631518487843789, 9.326149407712844, 5.884786789032837]"
102,0,1595,True,False,,0.0,1,1,,0,1,11.57282910621785,[11.57282910621785],5.513403351424961,[5.513403351424961],14.708957470566219,0.0,[],6.736493413520826,0.0,0.0,0.0,[6.736493413520826],[],[0.0],[],[14.708957470566219]
102,0,1596,True,False,,0.0,1,1,,0,1,2.731045726849618,[2.731045726849618],2.065107833471351,[2.065107833471351],8.358871105846054,0.0,[],4.259959731279961,0.0,0.0,0.0,[4.259959731279961],[],[0.0],[],[8.358871105846054]
102,0,1597,True,False,,0.0,1,1,,0,1,6.899368583103051,[6.899368583103051],3.69075374741019,[3.69075374741019],9.37349783247075,0.0,[],4.655664154663593,0.0,0.0,0.0,[4.655664154663593],[],[0.0],[],[9.37349783247075]
102,0,1598,True,False,,0.0,1,1,,0,1,14.429099383091831,[14.429099383091831],6.627348759405814,[6.627348759405814],12.440601429310291,0.0,[],5.8518345574310136,0.0,0.0,0.0,[5.8518345574310136],[],[0.0],[],[12.440601429310291]
102,0,1599,True,False,,0.0,2,2,,0,2,11.392666067897391,"[7.275984826617199, 4.116681241280193]",6.443139766479983,"[3.8376340823807076, 2.6055056840992754]",12.459121965050361,0.0,[],6.859057566369641,0.0,0.0,0.0,"[2.889980045128316, 3.969077521241325]",[],"[0.0, 0.0]",[],"[4.8461026798161955, 7.6130192852341665]"
102,0,1600,True,False,,0.0,2,2,,0,2,12.985842293854486,"[6.817680854469265, 6.16816143938522]",7.064478494603249,"[3.6588955332430135, 3.4055829613602357]",22.316048382556485,0.0,[],10.703258869197029,0.0,0.0,0.0,"[2.8069233657691486, 7.89633550342788]",[],"[0.0, 0.0]",[],"[4.63313683530551, 17.682911547250974]"
102,0,1601,True,True,1.0,3.99,5,5,True,1,6,41.43783020691132,"[2.5, 12.740196518201216, 11.348020599687207, 7.518287357606588, 7.331325731416311]",21.160753780695416,"[1.975, 5.968676642098474, 5.425728033878011, 3.9321320694665696, 3.8592170352523616]",32.71439238394666,7.82059029348197,[7.82059029348197],17.758613029739198,4.050030214457969,12.758613029739198,3.0500302144579687,"[3.0004100217776872, 4.144418123454805, 2.9557955120732924, 3.4009303314928707, 4.2570590409405415]",[4.050030214457969],"[2.0004100217776872, 3.1444181234548054, 1.9557955120732922, 2.4009303314928707, 3.257059040940542]",[3.0500302144579687],"[5.129256466096634, 8.06261057296104, 5.014860287367416, 6.156231619212489, 8.351433438309082]"
102,0,1602,True,False,,0.0,1,1,,0,1,5.843261981629978,[5.843261981629978],3.2788721728356918,[3.2788721728356918],8.643018007291692,0.0,[],4.37077702284376,0.0,0.0,0.0,[4.37077702284376],[],[0.0],[],[8.643018007291692]
102,0,1603,True,False,,0.0,1,1,,0,1,12.686213545953649,[12.686213545953649],5.947623282921923,[5.947623282921923],9.241593057185794,0.0,[],4.60422129230246,0.0,0.0,0.0,[4.60422129230246],[],[0.0],[],[9.241593057185794]
102,0,1604,True,False,,0.0,1,1,,0,1,3.0113747065848493,[3.0113747065848493],2.174436135568091,[2.174436135568091],8.726914644252835,0.0,[],4.403496711258606,0.0,0.0,0.0,[4.403496711258606],[],[0.0],[],[8.726914644252835]
102,0,1605,True,False,,0.0,2,2,,0,2,38.017016325741686,"[10.785234501928038, 27.231781823813648]",16.82663636703926,"[5.206241455751935, 11.620394911287324]",19.501959171341717,0.0,[],9.60576407682327,0.0,0.0,0.0,"[4.646891323562345, 4.958872753260924]",[],"[0.0, 0.0]",[],"[9.351003393749604, 10.150955777592113]"
102,0,1606,True,False,,0.0,1,1,,0,1,26.77139737356242,[26.77139737356242],11.440844975689343,[11.440844975689343],8.039767350818913,0.0,[],4.135509266819376,0.0,0.0,0.0,[4.135509266819376],[],[0.0],[],[8.039767350818913]
102,0,1607,True,False,,0.0,2,2,,0,2,6.914676191070323,"[2.5, 4.414676191070323]",4.696723714517426,"[1.975, 2.721723714517426]",21.634964224775484,0.0,[],10.437636047662439,0.0,0.0,0.0,"[7.8329869103873655, 2.604649137275073]",[],"[0.0, 0.0]",[],"[17.5204792574035, 4.114484967371982]"
102,0,1608,True,False,,0.0,1,1,,0,1,4.370394341885308,[4.370394341885308],2.7044537933352704,[2.7044537933352704],4.356693685672796,0.0,[],2.6991105374123903,0.0,0.0,0.0,[2.6991105374123903],[],[0.0],[],[4.356693685672796]
102,0,1609,True,False,,0.0,2,2,,0,2,19.47823890874556,"[14.966263680196612, 4.511975228548947]",9.596513174410768,"[6.836842835276679, 2.7596703391340895]",13.998292249760253,0.0,[],7.459333977406499,0.0,0.0,0.0,"[3.551458448526591, 3.9078755288799076]",[],"[0.0, 0.0]",[],"[6.542201150068182, 7.45609109969207]"
102,0,1610,True,False,,0.0,2,2,,0,2,10.974132570572992,"[8.474132570572992, 2.5]",6.279911702523467,"[4.3049117025234676, 1.975]",30.04102219916307,0.0,[],13.715998657673598,0.0,0.0,0.0,"[1.975, 11.740998657673599]",[],"[0.0, 0.0]",[],"[2.5, 27.54102219916307]"
102,0,1611,True,False,,0.0,2,2,,0,2,20.638038462815345,"[13.209979396552194, 7.428059066263149]",10.048835000497984,"[6.151891964655356, 3.8969430358426282]",11.565395651763895,0.0,[],6.510504304187919,0.0,0.0,0.0,"[2.7658685314742475, 3.744635772713672]",[],"[0.0, 0.0]",[],"[4.527868029421147, 7.037527622342748]"
102,0,1612,True,True,1.0,3.99,5,5,True,2,7,63.08924402087205,"[2.5, 10.410564248585533, 21.03814429229881, 11.293024201995202, 17.84751127799251]",29.604805168140103,"[1.975, 5.060120056948358, 9.204876273996536, 5.404279438778129, 7.960529398417079]",39.3115851075284,19.74235593076179,"[5.905803803351643, 13.836552127410146]",20.331518191936077,9.699518812997098,15.331518191936077,7.699518812997098,"[3.1985899386923786, 3.7220309542454677, 4.463926253559482, 2.979437633289306, 5.967533412149443]","[3.303263483307141, 6.396255329689957]","[2.1985899386923786, 2.7220309542454677, 3.4639262535594817, 1.979437633289306, 4.967533412149443]","[2.303263483307141, 5.396255329689957]","[5.637410099211227, 6.979566549347353, 8.881862188614056, 5.07548111099822, 12.737265159357545]"
102,0,1613,True,True,1.0,3.99,3,3,True,2,5,30.331834859907325,"[7.271048125909143, 18.351707585187008, 4.709079148811175]",14.829415595363857,"[3.8357087691045657, 8.157165958222933, 2.836540868036358]",33.55872425355002,20.713841010900595,"[12.265565111958553, 8.44827589894204]",16.087902458884507,10.078397994251231,13.087902458884507,8.078397994251231,"[5.517231422275874, 5.598059357573057, 4.972611679035577]","[5.783570393663836, 4.2948276005873955]","[4.517231422275874, 4.598059357573057, 3.9726116790355768]","[4.783570393663836, 3.2948276005873955]","[11.58264467250224, 11.789895788648863, 10.186183792398914]"
102,0,1614,True,True,1.0,3.99,4,4,True,2,6,59.55739810852728,"[10.19952771842296, 9.092783120003402, 32.067125494823635, 8.197961775277284]",27.22738526232564,"[4.977815810184954, 4.546185416801327, 13.506178942981219, 4.197205092358141]",59.12641141900735,21.761628738284067,"[4.537321495619818, 17.22430724266425]",27.059300453412867,10.487035207930786,23.059300453412867,8.487035207930786,"[6.937341390637522, 6.129110360876528, 8.476366042759583, 5.516482659139234]","[2.769555383291729, 7.7174798246390575]","[5.937341390637522, 5.129110360876528, 7.476366042759582, 4.516482659139234]","[1.769555383291729, 6.7174798246390575]","[15.223952283685954, 13.151565027888532, 19.170169340409185, 11.580724767023675]"
102,0,1615,True,True,1.0,3.99,3,3,True,0,3,25.660219405561502,"[2.5345735177924316, 15.956858919577764, 7.168786968191305]",13.007485568168985,"[1.9884836719390484, 7.223174978635328, 3.795826917594609]",13.048415932970826,0.0,[],8.088882213858621,0.0,5.088882213858623,0.0,"[2.0064677956754715, 2.6582586872999947, 3.4241557308831565]",[],"[1.0064677956754715, 1.6582586872999947, 2.4241557308831565]",[],"[2.580686655578132, 4.251945352051268, 6.215783925341427]"
102,0,1616,True,False,,0.0,1,1,,0,1,2.5,[2.5],1.975,[1.975],14.567703324083391,0.0,[],6.681404296392523,0.0,0.0,0.0,[6.681404296392523],[],[0.0],[],[14.567703324083391]
102,0,1617,True,True,1.0,3.99,3,3,True,2,5,25.014295938830003,"[10.153259802408336, 6.206222205117664, 8.654813931304004]",12.755575416143701,"[4.95977132293925, 3.420426659995889, 4.375377433208561]",15.325234643010086,25.329001529149245,"[8.549989138477727, 16.779012390671518]",8.976841510773934,11.878310596368205,5.976841510773934,9.878310596368205,"[2.4389022779014353, 2.863861822289479, 3.6740774105830196]","[4.334495764006314, 7.5438148323618925]","[1.4389022779014353, 1.863861822289479, 2.6740774105830196]","[3.3344957640063138, 6.5438148323618925]","[3.6894930202600906, 4.77913287766533, 6.856608745084666]"
102,0,1618,True,False,,0.0,1,1,,0,1,21.5168402512623,[21.5168402512623],9.391567697992297,[9.391567697992297],5.367981213906103,0.0,[],3.09351267342338,0.0,0.0,0.0,[3.09351267342338],[],[0.0],[],[5.367981213906103]
102,0,1619,True,True,1.0,3.99,3,3,True,2,5,18.42151610504419,"[3.219163892286554, 11.72795655721916, 3.474395655538475]",10.184391280967233,"[2.255473917991756, 5.573903057315473, 2.3550143056600055]",22.980607676866704,14.3382390447762,"[5.624723722833858, 8.713515321942342]",11.962436993978015,7.591913227462719,8.962436993978015,5.591913227462719,"[5.676372452184315, 3.7578205651896073, 2.5282439766040934]","[3.193642251905205, 4.398270975557514]","[4.676372452184315, 2.7578205651896073, 1.5282439766040932]","[2.193642251905205, 3.3982709755575136]","[11.990698595344396, 7.071334782537455, 3.918574298984854]"
102,0,1620,True,True,1.0,3.99,3,3,True,2,5,30.31050170769185,"[14.630644933651812, 9.864754422146778, 5.815102351893257]",14.82109566599982,"[6.705951524124207, 4.847254224637243, 3.2678899172383704]",39.260205039950485,19.890744554278005,"[7.078271037860598, 12.812473516417407]",18.31147996558069,9.757390376168422,15.311479965580691,7.757390376168422,"[2.1280442169768388, 12.192889134066212, 3.9905466145376396]","[3.7605257047656333, 5.996864671402789]","[1.1280442169768388, 11.192889134066212, 2.9905466145376396]","[2.7605257047656333, 4.996864671402789]","[2.892421069171381, 28.6997157283749, 7.668068242404203]"
102,0,1621,True,True,1.0,3.99,5,5,True,1,6,59.515121857076956,"[6.762292742078611, 20.714131748483705, 11.566810574182826, 6.167635084787169, 14.304251707544646]",28.210897524260012,"[3.6372941694106586, 9.078511381908646, 5.5110561239313025, 3.405377683066996, 6.578658165942412]",52.58159145786404,5.701933870863397,[5.701933870863397],25.506820668566977,3.223754209636725,20.506820668566977,2.223754209636725,"[4.196157608075378, 4.120624000699206, 3.761787905072619, 6.504926816294678, 6.923324338425096]",[3.223754209636725],"[3.1961576080753775, 3.1206240006992063, 2.761787905072619, 5.504926816294678, 5.923324338425096]",[2.223754209636725],"[8.195275918141993, 8.001600001792836, 7.081507448904151, 14.11519696485815, 15.188011124166913]"
102,0,1622,True,False,,0.0,2,2,,0,2,39.7577378151311,"[21.648720681030596, 18.109017134100505]",17.50551774790113,"[9.443001065601933, 8.062516682299197]",8.32227183892415,0.0,[],5.245686017180419,0.0,0.0,0.0,"[2.944546555709521, 2.301139461470898]",[],"[0.0, 0.0]",[],"[4.986016809511591, 3.3362550294125586]"
102,0,1623,True,False,,0.0,2,2,,0,2,15.369750756870362,"[9.775362015010854, 5.5943887418595075]",7.994202795179441,"[4.812391185854233, 3.181811609325208]",18.309265440140525,0.0,[],9.140613521654805,0.0,0.0,0.0,"[2.4571371780548557, 6.683476343599949]",[],"[0.0, 0.0]",[],"[3.73624917449963, 14.573016265640895]"
102,0,1624,True,True,1.0,3.99,5,5,True,1,6,31.750634416605998,"[4.994495326217772, 9.684062996796719, 3.516590090199918, 5.158940712961892, 8.396545290429701]",17.382747422476342,"[2.947853177224931, 4.77678456875072, 2.371470135177968, 3.0119868780551378, 4.274652663267584]",42.66579796480471,27.270144387688735,[27.270144387688735],21.639661206273836,11.635356311198606,16.639661206273836,10.635356311198606,"[3.1154655653508665, 4.02985781097934, 2.107286420254308, 3.1291526834638668, 9.257898726225454]",[11.635356311198606],"[2.1154655653508665, 3.02985781097934, 1.107286420254308, 2.1291526834638668, 8.257898726225454]",[10.635356311198606],"[5.424270680386837, 7.768866181998307, 2.8391959493700205, 5.459365855035556, 21.174099298013985]"
102,0,1625,True,True,1.0,3.99,3,3,True,0,3,35.290457803630105,"[7.046791078694046, 11.414531035051784, 16.82913568988428]",16.763278543415744,"[3.748248520690678, 5.451667103670196, 7.563362919054869]",39.02124417594685,0.0,[],18.218285228619273,0.0,15.218285228619271,0.0,"[9.026164536293711, 4.671141810303341, 4.520978882022218]",[],"[8.026164536293711, 3.671141810303341, 3.5209788820222188]",[],"[20.579909067419774, 9.413184128982925, 9.02815097954415]"
102,0,1626,True,False,,0.0,1,1,,0,1,5.592072837078496,[5.592072837078496],3.1809084064606137,[3.1809084064606137],11.203058569162454,0.0,[],5.369192841973358,0.0,0.0,0.0,[5.369192841973358],[],[0.0],[],[11.203058569162454]
102,0,1627,True,True,1.0,3.99,4,4,True,1,5,45.62928058805105,"[12.50148028190919, 24.586427421061686, 2.5, 6.041372885080176]",21.795419429339912,"[5.8755773099445845, 10.588706694214057, 1.975, 3.356135425181269]",34.20689536203318,12.22140537287725,[12.22140537287725],17.34068919119294,5.766348095422128,13.34068919119294,4.766348095422128,"[5.457806787524704, 2.4374420882554757, 6.752600000658398, 2.6928403147543643]",[5.766348095422128],"[4.457806787524704, 1.437442088255476, 5.752600000658398, 1.692840314754364]",[4.766348095422128],"[11.430273814165908, 3.68574894424481, 14.750256411944608, 4.3406161916778565]"
102,0,1628,True,False,,0.0,2,2,,0,2,13.896223283070409,"[4.921832604080846, 8.974390678989563]",7.41952708039746,"[2.91951471559153, 4.500012364805929]",31.53553402945142,0.0,[],14.298858271486054,0.0,0.0,0.0,"[8.896974220669517, 5.4018840508165376]",[],"[0.0, 0.0]",[],"[20.248651847870555, 11.286882181580866]"
102,0,1629,True,True,1.0,3.99,3,3,True,5,8,24.025259755397244,"[7.919282101675151, 8.608065132904782, 7.4979125208173105]",12.369851304604925,"[4.088520019653309, 4.357145401832865, 3.924185883118751]",34.95624098544622,48.150641524350064,"[7.019469870570891, 4.975785606559714, 16.3097870578403, 8.309340160952166, 11.536258828426996]",16.632933984324026,23.778750194496524,13.632933984324026,18.778750194496524,"[3.645236666612768, 4.418337424289688, 8.56935989342157]","[3.7375932495226474, 2.9405563865582884, 7.360816952557717, 4.240642662771345, 5.499140943086529]","[2.645236666612768, 3.418337424289688, 7.569359893421571]","[2.7375932495226474, 1.9405563865582884, 6.360816952557717, 3.2406426627713447, 4.499140943086529]","[6.782658119519917, 8.764967754588943, 19.40861511133736]"
102,0,1630,True,False,,0.0,2,2,,0,2,9.75685616314033,"[6.576235031505227, 3.180621131635103]",5.805173903624729,"[3.5647316622870386, 2.24044224133769]",25.245034943075854,0.0,[],11.845563627799583,0.0,0.0,0.0,"[4.616515971774372, 7.2290476560252115]",[],"[0.0, 0.0]",[],"[9.273117876344543, 15.971917066731312]"
102,0,1631,True,True,1.0,3.99,10,10,True,1,11,112.78724058870428,"[4.837905939993291, 5.368939455479325, 15.706196166772106, 33.602176816723606, 6.773631662832094, 6.0071972358279915, 11.758356763062686, 16.073967363172812, 4.387207280032524, 8.271661904807841]",53.987023829594676,"[2.8867833165973837, 3.0938863876369367, 7.125416505041121, 14.104848958522206, 3.641716348504517, 3.3428069219729166, 5.585759137594447, 7.268847271637397, 2.7110108392126846, 4.225948142875058]",80.139833772573,5.334372604593827,[5.334372604593827],41.25453517130347,3.0804053157915923,31.25453517130347,2.0804053157915923,"[5.239554127269248, 3.3886412704195235, 7.643976697407098, 3.6338336006301404, 3.9957724765020513, 3.175790051757288, 2.670271473767389, 3.035683300195404, 4.679347421137569, 3.79166475221776]",[3.0804053157915923],"[4.239554127269248, 2.3886412704195235, 6.643976697407098, 2.6338336006301404, 2.9957724765020513, 2.175790051757288, 1.670271473767389, 2.035683300195404, 3.679347421137569, 2.79166475221776]",[2.0804053157915923],"[10.870651608382685, 6.124721206203906, 17.035837685659224, 6.753419488795231, 7.6814678884667975, 5.578948850659713, 4.282747368634331, 5.219700769731805, 9.434224156762998, 7.158114749276307]"
102,0,1632,True,False,,0.0,1,1,,0,1,11.083516923788366,[11.083516923788366],5.322571600277463,[5.322571600277463],4.116553677119438,0.0,[],2.605455934076581,0.0,0.0,0.0,[2.605455934076581],[],[0.0],[],[4.116553677119438]
102,0,1633,True,False,,0.0,2,2,,0,2,23.766525274254537,"[20.10810474302538, 3.658420531229158]",11.26894485695927,"[8.842160849779898, 2.4267840071793714]",17.103878259056607,0.0,[],8.670512521032077,0.0,0.0,0.0,"[5.380116310714341, 3.290396210317737]",[],"[0.0, 0.0]",[],"[11.231067463370103, 5.8728107956865045]"
102,0,1634,True,True,1.0,3.99,5,5,True,1,6,45.75994167909688,"[4.221715415532884, 7.647871460401024, 8.54800013771676, 2.5, 22.842354665446216]",22.846377254847788,"[2.6464690120578247, 3.9826698695564, 4.333720053709537, 1.975, 9.908518319524024]",31.35477291234721,16.494090239894064,[16.494090239894064],17.228361435815412,7.432695193558685,12.228361435815412,6.432695193558685,"[5.469157543044437, 2.0216908846363406, 1.975, 4.259548257680971, 3.5029647504536645]",[7.432695193558685],"[4.469157543044437, 1.0216908846363408, 0.9750000000000001, 3.2595482576809713, 2.5029647504536645]",[6.432695193558685],"[11.459378315498556, 2.6197202170162583, 2.5, 8.357816045335824, 6.417858334496575]"
102,0,1635,True,True,1.0,3.99,6,6,True,3,9,49.29096947052617,"[9.989859841223035, 4.434492886170305, 16.668339786589556, 6.102546755297256, 9.595730201246019, 2.5]",25.223478093505207,"[4.896045338076984, 2.729452225606419, 7.500652516769927, 3.37999323456593, 4.742334778485947, 1.975]",61.768859738586876,25.03105349046851,"[9.298573419193565, 7.001720719191733, 8.730759352083213]",30.08985529804888,12.762110861282718,24.08985529804888,9.76211086128272,"[4.67404445045705, 7.5059828506925115, 3.040362187461011, 2.252053408574548, 7.921269490730522, 4.69614291013324]","[4.62644363348549, 3.730671080484776, 4.4049961473124535]","[3.67404445045705, 6.5059828506925115, 2.040362187461011, 1.252053408574548, 6.921269490730522, 3.69614291013324]","[3.6264436334854904, 2.730671080484776, 3.4049961473124535]","[9.420626796043718, 16.682007309467977, 5.231697916566695, 3.2103933553193538, 17.746844848026978, 9.477289513162154]"
102,0,1636,True,False,,0.0,2,2,,0,2,21.04626799373807,"[9.596803111025, 11.44946488271307]",10.208044517557848,"[4.74275321329975, 5.4652913042580975]",16.03247852035009,0.0,[],8.252666622936536,0.0,0.0,0.0,"[4.655396753485116, 3.5972698694514196]",[],"[0.0, 0.0]",[],"[9.372812188423373, 6.659666331926717]"
102,0,1637,True,True,1.0,3.99,3,3,True,3,6,50.60937699669249,"[17.25269906855277, 12.630958736864013, 20.725719191275704]",22.73765702871007,"[7.72855263673558, 5.926073907376965, 9.083030484597526]",26.376610060553894,37.05945336876336,"[9.536281631381682, 13.381649083119404, 14.141522654262271]",13.286877923616018,17.45318681381771,10.286877923616018,14.45318681381771,"[5.543336087311458, 4.833004690937697, 2.910537145366863]","[4.719149836238856, 6.218843142416568, 6.515193835162286]","[4.543336087311458, 3.8330046909376976, 1.9105371453668634]","[3.719149836238856, 5.218843142416568, 5.515193835162286]","[11.64957971105502, 9.828217156250506, 4.898813193248367]"
102,0,1638,True,False,,0.0,1,1,,0,1,7.561415527074274,[7.561415527074274],3.948952055558967,[3.948952055558967],13.315422495207327,0.0,[],6.193014773130858,0.0,0.0,0.0,[6.193014773130858],[],[0.0],[],[13.315422495207327]
102,0,1639,True,False,,0.0,1,1,,0,1,11.24456247137276,[11.24456247137276],5.385379363835376,[5.385379363835376],16.409607730577456,0.0,[],7.399747014925208,0.0,0.0,0.0,[7.399747014925208],[],[0.0],[],[16.409607730577456]
102,0,1640,True,False,,0.0,2,2,,0,2,14.878088443808583,"[8.224748725228073, 6.653339718580509]",7.802454493085347,"[4.207652002838948, 3.5948024902463986]",25.488919551303738,0.0,[],11.94067862500846,0.0,0.0,0.0,"[5.111713012274845, 6.828965612733613]",[],"[0.0, 0.0]",[],"[10.542853877627808, 14.94606567367593]"
102,0,1641,True,True,1.0,3.99,4,4,True,6,10,37.921897723147445,"[10.905369179387916, 3.5544756639500323, 8.652205132495121, 14.809847747314377]",18.789540112027503,"[5.253093979961288, 2.3862455089405126, 4.3743600016730975, 6.775840621452607]",43.03970191614963,44.45019357766618,"[3.861422869618973, 7.305290597049237, 7.065166159800298, 14.609740172594218, 7.781662729511558, 3.8269110490918887]",20.785483747298354,23.33557549528981,16.785483747298358,17.33557549528981,"[5.194520779109697, 3.812141631664974, 8.06642427641701, 3.7123970601066754]","[2.5059549191513995, 3.8490633328492025, 3.7554148023221163, 6.697798667311745, 4.0348484645095075, 2.492495309145837]","[4.194520779109697, 2.812141631664974, 7.066424276417011, 2.7123970601066754]","[1.5059549191513995, 2.8490633328492025, 2.7554148023221163, 5.697798667311745, 3.0348484645095075, 1.4924953091458366]","[10.755181484896656, 7.210619568371728, 18.11903660619746, 6.954864256683783]"
102,0,1642,True,False,,0.0,2,2,,0,2,8.873455140727808,"[3.5157757252817534, 5.3576794154460545]",5.460647504883845,"[2.3711525328598837, 3.0894949720239615]",7.930569468728889,0.0,[],5.092922092804267,0.0,0.0,0.0,"[1.975, 3.1179220928042666]",[],"[0.0, 0.0]",[],"[2.5, 5.430569468728889]"
102,0,1643,True,True,1.0,3.99,6,2,,0,6,12.133280223804944,"[6.666274122394253, 5.46700610141069]",6.731979287283928,"[3.5998469077337587, 3.1321323795501694]",14.01618965488618,0.0,[],7.46631396540561,0.0,5.46631396540561,0.0,"[3.6838535768965452, 3.782460388509065]",[],"[2.6838535768965452, 2.782460388509065]",[],"[6.881675838196269, 7.13451381668991]"
102,0,1644,True,False,,0.0,2,2,,0,2,17.338879270284508,"[4.818596823737543, 12.520282446546965]",8.762162915410958,"[2.879252761257642, 5.882910154153317]",11.642982264352405,0.0,[],6.5407630830974375,0.0,0.0,0.0,"[4.146644273049732, 2.394118810047705]",[],"[0.0, 0.0]",[],"[8.068318648845468, 3.5746636155069362]"
102,0,1645,True,True,1.0,3.99,4,4,True,2,6,55.923903314471325,"[13.37104430031655, 4.44611171329488, 11.479319051657562, 26.62742824920233]",25.810322292643818,"[6.214707277123455, 2.7339835681850033, 5.476934430146449, 11.384697017188909]",27.81844005409705,25.58025581253247,"[10.801696071575302, 14.778559740957167]",14.84919162109785,11.976299766887664,10.84919162109785,9.976299766887664,"[2.5054237880447117, 4.741481763002508, 4.2301867268873385, 3.372099343163292]","[5.2126614679143675, 6.763638298973295]","[1.5054237880447114, 3.741481763002508, 3.2301867268873385, 2.372099343163292]","[4.2126614679143675, 5.763638298973295]","[3.8600609949864393, 9.593542982057713, 8.282530068941893, 6.082306008111005]"
102,0,1646,True,False,,0.0,1,1,,0,1,2.5,[2.5],1.975,[1.975],24.327332292820657,0.0,[],10.487659594200057,0.0,0.0,0.0,[10.487659594200057],[],[0.0],[],[24.327332292820657]
102,0,1647,True,True,1.0,3.99,4,4,True,1,5,50.06619801411933,"[8.67182046927587, 16.858403691015702, 14.613612463060058, 9.9223613907677]",23.52581722550654,"[4.382009983017589, 7.574777439496124, 6.699308860593423, 4.869720942399403]",27.207673411586462,9.525439027926819,[9.525439027926819],14.610992630518721,4.714921220891459,10.610992630518721,3.7149212208914593,"[2.5600918242754513, 5.634923312352529, 2.58094871245295, 3.83502878143779]",[4.714921220891459],"[1.5600918242754511, 4.634923312352529, 1.5809487124529502, 2.83502878143779]",[3.7149212208914593],"[4.000235446860131, 11.88441874962187, 4.053714647315257, 7.269304567789205]"
102,0,1648,True,False,,0.0,1,1,,0,1,6.855450687783156,[6.855450687783156],3.6736257682354307,[3.6736257682354307],10.095742910209493,0.0,[],4.937339734981702,0.0,0.0,0.0,[4.937339734981702],[],[0.0],[],[10.095742910209493]
102,0,1649,True,True,1.0,3.99,3,3,True,3,6,48.46631461628306,"[7.313508790542167, 16.969062005085767, 24.18374382065512]",21.901862700350392,"[3.8522684283114454, 7.61793418198345, 10.431660090055498]",16.510935944675467,22.157157216544448,"[11.624823986325529, 4.48917952812648, 6.0431537020924395]",9.439265018423432,11.641291314452335,6.439265018423432,8.641291314452335,"[2.637855996256998, 3.315398598127271, 3.4860104240391636]","[5.533681354666957, 2.7507800159693274, 3.3568299438160514]","[1.6378559962569976, 2.315398598127271, 2.4860104240391636]","[4.533681354666957, 1.7507800159693274, 2.3568299438160514]","[4.199630759633327, 5.9369194823776175, 6.374385702664522]"
102,0,1650,True,True,1.0,3.99,6,6,True,2,8,44.55757154474873,"[5.534934078286805, 13.455630172892814, 7.497515217750588, 2.5, 7.582519653460683, 7.986972422357836]",23.377452902452003,"[3.1586242905318542, 6.247695767428198, 3.9240309349227296, 1.975, 3.9571826648496664, 4.114919244719556]",56.92115719507757,7.563661131910884,"[3.3894441237717703, 4.174217008139114]",28.19925130608025,4.949827841445245,22.19925130608025,2.949827841445245,"[7.7740654663813675, 4.679975682484976, 5.049764398082562, 2.3159157408050897, 2.662273942536822, 5.717256075789434]","[2.3218832082709904, 2.6279446331742546]","[6.7740654663813675, 3.679975682484976, 4.049764398082562, 1.3159157408050894, 1.6622739425368216, 4.717256075789434]","[1.3218832082709904, 1.6279446331742544]","[17.369398631747096, 9.43583508329481, 10.384011277134775, 3.374142925141255, 4.262240878299543, 12.095528399460086]"
102,0,1651,True,True,1.0,3.99,3,3,True,1,4,42.60651365215095,"[12.88526706527781, 8.71819341310557, 21.003053173767572]",19.61654032433887,"[6.025254155458346, 4.400095431111172, 9.191190737769354]",13.952585441656375,9.589233978752386,[9.589233978752386],8.441508322245987,4.7398012517134305,5.441508322245986,3.7398012517134305,"[1.975, 2.227819972564994, 4.238688349680992]",[4.7398012517134305],"[0.9750000000000001, 1.2278199725649939, 3.2386883496809924]",[3.7398012517134305],"[2.5, 3.148256339910241, 8.304329101746134]"
102,0,1652,True,True,1.0,3.99,4,4,True,1,5,60.25184206091217,"[12.333972702673545, 4.795873265216728, 20.362838358117145, 22.759157734904747]",27.49821840375575,"[5.810249354042683, 2.870390573434524, 8.941506959665688, 9.876071516612852]",42.38207562288504,8.220938952279901,[8.220938952279901],20.529009492925166,4.206166191389162,16.52900949292517,3.2061661913891615,"[6.559744705002576, 6.2295508976171865, 2.3521599537167974, 5.387553936588607]",[4.206166191389162],"[5.559744705002576, 5.2295508976171865, 1.3521599537167976, 4.387553936588607]",[3.2061661913891615],"[14.255755653852757, 13.409104865685093, 3.467076804402045, 11.250138298945146]"
102,0,1653,True,False,,0.0,1,1,,0,1,16.347366925953313,[16.347366925953313],7.375473101121792,[7.375473101121792],10.118215066607043,0.0,[],4.946103875976746,0.0,0.0,0.0,[4.946103875976746],[],[0.0],[],[10.118215066607043]
102,0,1654,True,False,,0.0,1,1,,0,1,8.13347570701237,[8.13347570701237],4.172055525734824,[4.172055525734824],16.497198671821987,0.0,[],7.433907482010575,0.0,0.0,0.0,[7.433907482010575],[],[0.0],[],[16.497198671821987]
102,0,1655,True,True,1.0,3.99,4,4,True,0,4,39.15999161835799,"[6.755660920002874, 15.114180544783252, 8.28317421918449, 9.00697593438738]",19.272396731159617,"[3.6347077588011207, 6.8945304124654685, 4.230437945481951, 4.512720614411078]",36.525683272169104,0.0,[],18.24501647614595,0.0,14.245016476145949,0.0,"[4.266116698745785, 5.6597561952471676, 3.026276275794553, 5.292867306358445]",[],"[3.2661166987457855, 4.6597561952471676, 2.026276275794553, 4.292867306358445]",[],"[8.37465820191227, 11.94809280832607, 5.195580194345008, 11.007352067585755]"
102,0,1656,True,False,,0.0,1,1,,0,1,3.7128637657259675,[3.7128637657259675],2.448016868633127,[2.448016868633127],2.5,0.0,[],1.975,0.0,0.0,0.0,[1.975],[],[0.0],[],[2.5]
102,0,1657,True,True,1.0,3.99,3,3,True,0,3,22.961962420941447,"[11.617712313529104, 3.7923299105389066, 7.551920196873434]",11.955165344167163,"[5.530907802276351, 2.4790086651101735, 3.9452488767806395]",36.615718119652584,0.0,[],17.28013006666451,0.0,14.280130066664508,0.0,"[5.653010238186334, 5.356167810175306, 6.270952018302867]",[],"[4.653010238186334, 4.356167810175306, 5.270952018302867]",[],"[11.930795482529062, 11.169661051731552, 13.515261585391967]"
102,0,1658,True,True,1.0,3.99,3,3,True,3,6,21.129741726807623,"[10.02230669090545, 2.5, 8.607435035902174]",11.240599273454974,"[4.908699609453126, 1.975, 4.356899664001848]",23.172773263606246,32.50395803040041,"[8.510871092380222, 13.642960611782009, 10.350126326238186]",12.037381572806437,15.676543631856163,9.037381572806437,12.676543631856163,"[6.621604982501413, 2.0893748726534294, 3.3264017176515934]","[4.319239726028287, 6.320754638594983, 5.036549267232893]","[5.621604982501413, 1.0893748726534294, 2.3264017176515934]","[3.319239726028287, 5.320754638594983, 4.036549267232893]","[14.414371750003623, 2.7932689042395626, 5.96513260936306]"
102,0,1659,True,True,1.0,3.99,3,3,True,1,4,27.878560657616944,"[13.061013073849587, 9.070956815298306, 5.746590768469052]",13.87263865647061,"[6.093795098801339, 4.537673157966339, 3.2411703997029306]",26.770621045105358,14.833856709306925,[14.833856709306925],13.440542207591092,6.785204116629701,10.440542207591092,5.785204116629701,"[4.187583837763449, 4.7451041855193115, 4.50785418430833]",[6.785204116629701],"[3.187583837763449, 3.745104185519312, 3.50785418430833]",[5.785204116629701],"[8.173291891701151, 9.602831244921312, 8.994497908482897]"
102,0,1660,True,False,,0.0,2,2,,0,2,14.001615468126815,"[8.483831722741918, 5.517783745384896]",7.460630032569458,"[4.308694371869349, 3.151935660700109]",14.078480813937244,0.0,[],7.490607517435525,0.0,0.0,0.0,"[5.049270546222965, 2.4413369712125608]",[],"[0.0, 0.0]",[],"[10.382744990315294, 3.6957358236219506]"
102,0,1661,True,False,,0.0,2,2,,0,2,22.767896362093378,"[13.273714607885712, 9.494181754207666]",10.879479581216419,"[6.1767486970754275, 4.7027308841409905]",19.61611867169607,0.0,[],9.650286281961469,0.0,0.0,0.0,"[5.666863490813605, 3.9834227911478632]",[],"[0.0, 0.0]",[],"[11.966316643111808, 7.649802028584265]"
102,0,1662,True,True,1.0,3.99,3,3,True,3,6,38.14290919465155,"[4.4854446728845865, 12.037251660115357, 21.620212861651606]",17.875734585914103,"[2.7493234224249887, 5.69452814744499, 9.431883016044127]",25.0604577885373,31.62280623225893,"[5.9822587601907635, 14.900859976619195, 10.739687495448974]",12.773578537529545,15.332894430580986,9.773578537529545,12.332894430580986,"[6.065723698510633, 2.1883495510166266, 4.519505288002286]","[3.333080916474398, 6.811335390881486, 5.1884781232251]","[5.065723698510633, 1.1883495510166269, 3.519505288002286]","[2.333080916474398, 5.811335390881486, 4.1884781232251]","[12.989035124386238, 3.0470501308118636, 9.024372533339195]"
102,0,1663,True,True,1.0,3.99,4,4,True,2,6,38.56946816443987,"[4.3748817781737515, 4.859277910898258, 11.59502324469976, 17.7402852306681]",19.04209258413155,"[2.7062038934877632, 2.8951183852503206, 5.522059065432907, 7.918711239960559]",40.38053913223279,16.8807006286126,"[9.02071834614025, 7.859982282472351]",19.74841026157079,8.583473245158913,15.74841026157079,6.583473245158914,"[4.931348407023586, 2.6753465277157797, 5.2247842697538465, 6.916931057077576]","[4.518080154994697, 4.065393090164217]","[3.9313484070235867, 1.6753465277157795, 4.2247842697538465, 5.916931057077576]","[3.5180801549946974, 3.065393090164217]","[10.080380530829709, 4.295760327476358, 10.832780178856016, 15.171618095070707]"
102,0,1664,True,True,1.0,3.99,5,5,True,1,6,46.512302803695356,"[2.5, 15.62993899793955, 4.2354791834552055, 7.993012467630706, 16.153872154669894]",23.13979809344119,"[1.975, 7.095676209196425, 2.6518368815475304, 4.117274862375975, 7.300010140321259]",49.98943599160214,9.154262689867549,[9.154262689867549],24.49588003672484,4.570162449048344,19.495880036724838,3.570162449048344,"[8.086723958400704, 3.0359901055976453, 6.151949241943682, 1.975, 5.246216730782807]",[4.570162449048344],"[7.086723958400703, 2.0359901055976453, 5.151949241943682, 0.9750000000000001, 4.246216730782807]",[3.570162449048344],"[18.171087072822314, 5.220487450250372, 13.210126261394056, 2.5, 10.887735207135401]"
102,0,1665,True,True,1.0,3.99,4,4,True,1,5,38.220664864039804,"[12.024641262781593, 4.383706719294339, 5.3211830979818195, 16.491133783982054]",18.906059296975524,"[5.689610092484822, 2.7096456205247925, 3.0752614082129095, 7.431542175753001]",39.01754770199615,2.735637252500542,[2.735637252500542],19.2168436037785,2.0668985284752113,15.2168436037785,1.0668985284752113,"[7.04780821387731, 5.331436133769813, 2.290932490642351, 4.546666765489025]",[2.0668985284752113],"[6.04780821387731, 4.331436133769813, 1.290932490642351, 3.546666765489025]",[1.0668985284752113],"[15.50720054840336, 11.106246496845674, 3.3100833093393613, 9.094017347407757]"
102,0,1666,True,False,,0.0,1,1,,0,1,11.463505182344417,[11.463505182344417],5.470767021114322,[5.470767021114322],7.921702706638133,0.0,[],4.089464055588872,0.0,0.0,0.0,[4.089464055588872],[],[0.0],[],[7.921702706638133]
102,0,1667,True,True,1.0,3.99,3,3,True,1,4,49.894021945836016,"[20.624281463349742, 4.449573692035395, 24.820166790450873]",22.458668558876045,"[9.0434697707064, 2.7353337398938042, 10.679865048275841]",26.051271366129903,4.9753920460937335,[4.9753920460937335],13.159995832790662,2.940402897976556,10.159995832790662,1.9404028979765562,"[3.5919794259762607, 4.106194052647246, 5.461822354167155]",[2.940402897976556],"[2.5919794259762607, 3.106194052647246, 4.461822354167155]",[1.9404028979765562],"[6.646101092246822, 7.9646001349929385, 11.440570138890141]"
102,0,1668,True,True,1.0,3.99,3,3,,3,6,13.982095266357554,"[7.0429400525015895, 4.4391552138559645, 2.5]",8.453017153879447,"[3.74674662047562, 2.7312705334038263, 1.975]",26.671631800086782,28.323110422203932,"[4.898729666067324, 9.525060595523994, 13.899320160612614]",13.401936402033845,14.046013064659535,10.401936402033845,11.046013064659533,"[3.4377471938739967, 6.62828205153921, 3.335907156620639]","[2.910504569766257, 4.714773632254358, 6.42073486263892]","[2.4377471938739967, 5.62828205153921, 2.335907156620639]","[1.9105045697662566, 3.714773632254358, 5.42073486263892]","[6.250633830446145, 14.431492439844128, 5.98950552979651]"
102,0,1669,True,True,1.0,3.99,6,6,True,0,6,67.58587342388381,"[4.289924273819305, 16.801981122570496, 7.104611891672159, 7.210610533692277, 20.36442997760668, 11.814315624522898]",32.35849063531469,"[2.673070466789529, 7.5527726378024935, 3.770798637752142, 3.812138108139988, 8.942127691266606, 5.60758309356393]",49.76696314553833,0.0,[],25.40911562675995,0.0,19.40911562675995,0.0,"[3.390872709792412, 2.9310127518992823, 3.6514901067843124, 3.9705950262990473, 3.5769464463832765, 7.888198585601616]",[],"[2.390872709792412, 1.9310127518992826, 2.6514901067843124, 2.9705950262990473, 2.5769464463832765, 6.888198585601616]",[],"[6.130442845621569, 4.951314748459699, 6.798692581498236, 7.616910323843711, 6.607554990726349, 17.662047655388758]"
102,0,1670,True,True,1.0,3.99,4,4,True,0,4,28.913263616705343,"[3.8822911863606784, 6.309148331197629, 9.675972941730626, 9.045851157416408]",15.276172810515082,"[2.5140935626806646, 3.4605678491670755, 4.773629447274944, 4.527881951392399]",38.89292667837126,0.0,[],19.168241404564792,0.0,15.168241404564792,0.0,"[4.483148783436006, 4.568104913129853, 3.8068282950876746, 6.310159412911259]",[],"[3.483148783436006, 3.5681049131298526, 2.8068282950876746, 5.310159412911259]",[],"[8.93115072675899, 9.148986956743212, 7.196995628429935, 13.615793366439124]"
102,0,1671,True,True,1.0,3.99,5,7,,0,5,48.948614322006286,"[2.5, 7.073617558633898, 8.087558782640874, 7.496302172977024, 6.927221633878123, 7.2807476306177215, 9.583166543258633]",26.089959585582445,"[1.975, 3.75871084786722, 4.154147925229941, 3.9235578474610393, 3.701616437212468, 3.8394915759409116, 4.737434951870867]",77.3286900693132,0.0,[],37.15818912703215,0.0,30.15818912703215,0.0,"[3.9871052699417917, 5.55425645027684, 7.184779589797545, 3.590590407204281, 4.669535679006006, 4.4297342835837075, 7.742187447221977]",[],"[2.9871052699417917, 4.55425645027684, 6.184779589797545, 2.590590407204281, 3.669535679006006, 3.429734283583708, 6.742187447221977]",[],"[7.65924428190203, 11.677580641735487, 15.858409204609089, 6.642539505652002, 9.409065843605143, 8.794190470727456, 17.28766012108199]"
102,0,1672,True,False,,0.0,2,2,,0,2,25.061508002695263,"[8.703337201404597, 16.358170801290665]",11.773988121051152,"[4.394301508547793, 7.3796866125033596]",26.155892440844667,0.0,[],12.200798051929421,0.0,0.0,0.0,"[8.726192178992608, 3.474605872936813]",[],"[0.0, 0.0]",[],"[19.81074917690412, 6.345143263940546]"
102,0,1673,True,False,,0.0,2,2,,0,2,22.250128250822346,"[17.373691703957252, 4.8764365468650945]",10.677550017820716,"[7.775739764543329, 2.901810253277387]",20.797359142946114,0.0,[],10.110970065748983,0.0,0.0,0.0,"[4.186529543306412, 5.9244405224425725]",[],"[0.0, 0.0]",[],"[8.170588572580543, 12.62677057036557]"
102,0,1674,True,True,1.0,3.99,5,5,True,1,6,58.80618598434243,"[6.348671544214676, 16.463585172145432, 16.271575125052888, 3.8444103316138225, 15.877943811315602]",27.934412533893543,"[3.4759819022437237, 7.420798217136719, 7.3459142987706265, 2.499320029329391, 7.1923980864130845]",66.00156032624898,2.893172841045654,[2.893172841045654],30.740608527237104,2.128337408007805,25.740608527237104,1.128337408007805,"[5.591456974585235, 5.894307018530381, 2.603276771456688, 7.972594521737578, 8.678973240927224]",[2.128337408007805],"[4.591456974585235, 4.894307018530381, 1.6032767714566882, 6.972594521737578, 7.678973240927223]",[1.128337408007805],"[11.7729666015006, 12.549505175718926, 4.110966080658175, 17.878447491634816, 19.68967497673647]"
102,0,1675,True,False,,0.0,1,1,,0,1,9.016279749239027,[9.016279749239027],4.516349102203221,[4.516349102203221],6.0337067519732885,0.0,[],3.3531456332695826,0.0,0.0,0.0,[3.3531456332695826],[],[0.0],[],[6.0337067519732885]
102,0,1676,True,True,1.0,3.99,9,9,True,5,14,101.18750940314206,"[4.402735704129571, 19.822441806872977, 9.37173921029114, 15.50917427084421, 8.539655028845802, 8.889390166396849, 10.190047315577008, 5.342228951507853, 19.12009694867665]",48.463128667225405,"[2.717066924610533, 8.730752304680461, 4.654978292013546, 7.048577965629242, 4.330465461249863, 4.466862164894771, 4.974118453075033, 3.083469291088063, 8.456837809983893]",109.5472258516799,59.54598194778197,"[14.810694524284608, 14.372656103523747, 11.779669510804652, 8.578360193937268, 10.004601615231689]",51.72341808215516,28.22293295963497,42.72341808215516,23.222932959634967,"[6.380292554624327, 1.975, 9.997783566902072, 6.229209848950089, 9.456452336827708, 1.975, 3.82444512059997, 5.791171881562862, 6.0940627726881305]","[6.7761708644709975, 6.605335880374262, 5.5940711092138145, 4.345560475635535, 4.901794629940358]","[5.380292554624327, 0.9750000000000001, 8.997783566902072, 5.229209848950089, 8.456452336827708, 0.9750000000000001, 2.82444512059997, 4.791171881562862, 5.0940627726881305]","[5.7761708644709975, 5.605335880374262, 4.5940711092138145, 3.345560475635535, 3.9017946299403587]","[13.79562193493417, 2.5, 23.071239915133518, 13.408230381923303, 21.683211120071046, 2.5, 7.242166975897359, 12.28505610657144, 13.061699417149052]"
102,0,1677,True,True,1.0,3.99,3,3,True,4,7,38.813665628835935,"[14.9582982146001, 9.09051547590243, 14.764851938333402]",18.137329595246015,"[6.83373630369404, 4.545301035601948, 6.758292255950027]",10.694643723687161,29.378514586556186,"[8.158656084717672, 9.007548205612792, 2.4879767051349164, 9.724333591090806]",7.170911052237994,15.457620688756913,4.170911052237994,11.457620688756913,"[1.975, 2.558874463635463, 2.63703658860253]","[4.181875873039893, 4.512943800188989, 1.9703109150026175, 4.792490100525415]","[0.9750000000000001, 1.558874463635463, 1.63703658860253]","[3.181875873039892, 3.512943800188989, 0.9703109150026175, 3.7924901005254146]","[2.5, 3.9971140093216997, 4.197529714365461]"
102,0,1678,True,True,1.0,3.99,5,5,True,2,7,47.72521198480896,"[8.216354901980552, 13.856372264314672, 8.257322594733104, 8.017824853080231, 9.377337370700394]",23.61283267407549,"[4.2043784117724154, 6.403985183082722, 4.220355811945911, 4.12695169270129, 4.657161574573154]",67.1994436615185,14.140287199691425,"[8.237077588504144, 5.903209611187281]",31.207783027992217,7.514712007879655,26.207783027992217,5.514712007879655,"[3.6210973162012414, 6.366297560467851, 5.411927005421, 5.033524028229819, 10.774937117672305]","[4.212460259516616, 3.3022517483630396]","[2.6210973162012414, 5.366297560467851, 4.411927005421, 4.033524028229819, 9.774937117672305]","[3.2124602595166163, 2.3022517483630396]","[6.7207623492339525, 13.75973733453295, 11.312633347233334, 10.342369303153383, 25.063941327364883]"
102,0,1679,True,False,,0.0,2,2,,0,2,24.164106579385134,"[12.406610478182628, 11.757496101202504]",11.424001565960202,"[5.838578086491225, 5.585423479468977]",26.536272622563494,0.0,[],12.349146322799763,0.0,0.0,0.0,"[6.177060128790603, 6.17208619400916]",[],"[0.0, 0.0]",[],"[13.274513150745136, 13.261759471818358]"
102,0,1680,True,False,,0.0,2,2,,0,2,21.661357069269492,"[10.992306301968604, 10.66905076730089]",10.447929257015103,"[5.286999457767756, 5.160929799247347]",16.8445002336108,0.0,[],8.569355091108212,0.0,0.0,0.0,"[4.818535862032055, 3.750819229076157]",[],"[0.0, 0.0]",[],"[9.791117594953986, 7.053382638656813]"
102,0,1681,True,False,,0.0,1,1,,0,1,5.679213681525572,[5.679213681525572],3.214893335794973,[3.214893335794973],10.86541842887991,0.0,[],5.237513187263165,0.0,0.0,0.0,[5.237513187263165],[],[0.0],[],[10.86541842887991]
102,0,1682,True,True,1.0,3.99,3,3,True,4,7,30.625338512077064,"[12.245922229075521, 2.5, 15.879416283001541]",14.943882019710054,"[5.775909669339454, 1.975, 7.192972350370601]",65.85450862379304,39.95543957373816,"[6.795910586241367, 9.692518816148286, 12.875631777845602, 10.59137839350291]",28.683258363279283,19.582621433757886,25.683258363279283,15.582621433757884,"[8.673341212689277, 2.6805526914314695, 17.329364459158537]","[3.6504051286341332, 4.780082338297832, 6.021496393359785, 5.130637573466135]","[7.673341212689277, 1.6805526914314695, 16.329364459158537]","[2.6504051286341332, 3.7800823382978317, 5.021496393359785, 4.130637573466135]","[19.675233878690452, 4.309109465208896, 41.87016527989368]"
102,0,1683,True,True,1.0,3.99,6,6,True,3,9,101.52389526275813,"[15.348620616854086, 18.176432167513877, 16.102742097767074, 27.895299978721074, 11.254440725245054, 12.746359676656983]",45.59431915247568,"[6.985962040573094, 8.088808545330412, 7.280069418129159, 11.879166991701219, 5.389231882845571, 5.971080273896224]",43.92572645915439,24.961788945011406,"[3.394178276430169, 14.419928457870792, 7.147682210710446]",23.131033319070212,12.73509768855445,17.131033319070212,9.73509768855445,"[3.9191706282572083, 3.1843370610896287, 5.248344870466451, 3.6905693091711824, 3.5107878348071564, 3.577823615278585]","[2.323729527807766, 6.623772098569609, 3.787596062177074]","[2.9191706282572083, 2.1843370610896287, 4.248344870466451, 2.6905693091711824, 2.5107878348071564, 2.577823615278585]","[1.323729527807766, 5.623772098569609, 2.787596062177074]","[7.4850528929672, 5.600864259204176, 10.893191975555002, 6.898895664541493, 6.437917525146554, 6.609804141739961]"
102,0,1684,True,True,1.0,3.99,6,4,,0,6,62.00862102163081,"[37.03039916056872, 11.067986612594673, 8.559281361668821, 5.350953886798594]",28.18336219843602,"[15.441855672621802, 5.316514778911922, 4.33811973105084, 3.0868720158514518]",30.62014011071308,0.0,[],15.941854643178102,0.0,11.941854643178102,0.0,"[4.648359226543066, 3.3933914700797274, 3.4248516845572974, 4.47525226199801]",[],"[3.648359226543066, 2.3933914700797274, 2.4248516845572974, 3.4752522619980106]",[],"[9.354767247546324, 6.136901205332634, 6.217568421941788, 8.910903235892334]"
102,0,1685,True,True,1.0,3.99,3,3,True,0,3,30.60264206981784,"[9.02220074825378, 5.655028650032009, 15.925412671532053]",14.93503040722896,"[4.518658291818975, 3.2054611735124836, 7.210910941897501]",24.205368803862363,0.0,[],12.440093833506323,0.0,9.440093833506323,0.0,"[2.294316435164567, 5.778522146159712, 4.367255252182044]",[],"[1.2943164351645668, 4.778522146159712, 3.367255252182044]",[],"[3.318760090165556, 12.252620887589003, 8.633987826107804]"
102,0,1686,True,True,1.0,3.99,5,5,True,4,9,47.70220048689258,"[14.89728939875492, 8.519604116628122, 7.626819892464468, 2.7580397082219834, 13.900447370823086]",23.603858189888108,"[6.809942865514419, 4.322645605484968, 3.9744597580611427, 2.075635486206574, 6.4211744746210035]",61.819680437278606,22.650144377466646,"[6.979497942776427, 6.250305356454569, 5.754877753057612, 3.6654633251780377]",29.109675370538653,12.833556307211992,24.109675370538653,8.833556307211992,"[8.013856046434658, 6.043553724146967, 7.6551060000194475, 3.919024141308508, 3.4781354586290743]","[3.7220041976828067, 3.437619089017282, 3.244402323692469, 2.429530696819435]","[7.013856046434658, 5.043553724146967, 6.6551060000194475, 2.919024141308508, 2.4781354586290743]","[2.7220041976828067, 2.437619089017282, 2.244402323692469, 1.4295306968194348]","[17.98424627290938, 12.932189036274274, 17.064374359024225, 7.4846772854064305, 6.354193483664293]"
102,0,1687,True,True,1.0,3.99,3,3,True,0,3,33.63367007522054,"[19.552482563082133, 9.919338300688507, 4.161849211449903]",16.11713132933601,"[8.625468199602032, 4.8685419372685175, 2.6231211924654625]",33.01980667432556,0.0,[],15.877724602986968,0.0,12.877724602986968,0.0,"[9.298043743868762, 2.0374504904985526, 4.542230368619654]",[],"[8.298043743868762, 1.0374504904985526, 3.5422303686196535]",[],"[21.27703524068913, 2.6601294628168013, 9.082641970819624]"
102,0,1688,True,True,1.0,3.99,3,3,True,1,4,19.403215913974254,"[8.98875891206807, 3.586555833804084, 6.827901168102101]",10.56725420644996,"[4.505615975706547, 2.3987567751835925, 3.6628814555598193]",20.212908278097284,13.989700663047294,[13.989700663047294],10.88303422845794,6.455983258588445,7.883034228457942,5.455983258588445,"[6.264387219879978, 2.130882285376728, 2.487764723201235]",[6.455983258588445],"[5.264387219879978, 1.1308822853767282, 1.4877647232012352]",[5.455983258588445],"[13.49842876892302, 2.899698167632636, 3.8147813415416287]"
102,0,1689,True,True,1.0,3.99,6,6,True,1,7,53.24087652181079,"[15.342551529281833, 11.584233979456087, 2.5, 4.50374250758189, 10.723478135694918, 8.586870369796056]",26.763941843506206,"[6.983595096419915, 5.517851251987874, 1.975, 2.756459577956937, 5.182156472921019, 4.3488794442204615]",62.6069608643571,6.180136943550454,[6.180136943550454],30.41671473709927,3.410253407984677,24.41671473709927,2.410253407984677,"[3.0052177373590396, 2.89460168032375, 12.729911700150652, 3.6358329840010115, 5.783400776285511, 2.367749858979307]",[3.410253407984677],"[2.0052177373590396, 1.8946016803237502, 11.729911700150652, 2.6358329840010115, 4.783400776285511, 1.367749858979307]",[2.410253407984677],"[5.141583941946255, 4.857953026471154, 30.07669666705295, 6.758546112823106, 12.265130195603874, 3.5070509204597613]"
102,0,1690,True,False,,0.0,1,1,,0,1,17.491128119935762,[17.491128119935762],7.821539966774948,[7.821539966774948],24.366848048219307,0.0,[],10.50307073880553,0.0,0.0,0.0,[10.50307073880553],[],[0.0],[],[24.366848048219307]
102,0,1691,True,True,1.0,3.99,4,4,True,2,6,27.735988047997026,"[5.2183663302147085, 5.034045876249716, 9.979398238162549, 7.504177603370055]",14.817035338718842,"[3.035162868783736, 2.9632778917373894, 4.891965312883395, 3.9266292653143213]",34.23161110796382,17.872122958330138,"[3.8680708717158927, 14.004052086614246]",17.350328332105896,8.970127953748754,13.350328332105892,6.970127953748754,"[2.324425656254303, 6.599221222219816, 4.446418881946322, 3.9802625716854525]","[2.508547639969198, 6.461580313779556]","[1.324425656254303, 5.599221222219816, 3.4464188819463213, 2.9802625716854525]","[1.5085476399691982, 5.461580313779556]","[3.39596322116488, 14.356977492871321, 8.836971492170054, 7.641698901757571]"
102,0,1692,True,False,,0.0,2,2,,0,2,15.226852494082152,"[9.940778175859789, 5.286074318222363]",7.93847247269204,"[4.876903488585318, 3.0615689841067217]",15.051416572267723,0.0,[],7.870052463184412,0.0,0.0,0.0,"[3.8021012852648104, 4.067951177919602]",[],"[0.0, 0.0]",[],"[7.18487509042259, 7.8665414818451325]"
102,0,1693,True,True,1.0,3.99,3,3,True,1,4,35.204320851397725,"[8.913271386863375, 8.535759330114294, 17.75529013442006]",16.729685132045113,"[4.476175840876716, 4.328946138744575, 7.924563152423824]",20.150909078923135,8.08498697081492,[8.08498697081492],10.858854540780023,4.153144918617819,7.858854540780023,3.1531449186178193,"[3.8829707404071083, 4.448889191028648, 2.526994609344267]",[4.153144918617819],"[2.8829707404071083, 3.4488891910286483, 1.526994609344267]",[3.1531449186178193],"[7.392232667710534, 8.843305618022175, 3.9153707931904282]"
102,0,1694,True,False,,0.0,1,1,,0,1,12.32876481527712,[12.32876481527712],5.808218277958077,[5.808218277958077],5.83429139912535,0.0,[],3.2753736456588864,0.0,0.0,0.0,[3.2753736456588864],[],[0.0],[],[5.83429139912535]
102,0,1695,True,True,1.0,3.99,4,2,,1,5,34.50574197378722,"[23.583464140352604, 10.922277833434613]",15.457239369777014,"[10.197551014737515, 5.259688355039499]",13.9347070776242,2.61035996599117,[2.61035996599117],7.434535760273437,2.0180403867365566,5.434535760273438,1.0180403867365564,"[2.7462080268171043, 4.688327733456333]",[2.0180403867365566],"[1.7462080268171045, 3.6883277334563336]",[1.0180403867365564],"[4.477456479018216, 9.457250598605983]"
102,0,1696,True,True,1.0,3.99,5,5,True,2,7,42.4959825594176,"[5.3343405534782065, 10.470489923205612, 5.617392090493665, 6.090057653763617, 14.9837023384765]",21.573433198172864,"[3.0803928158565004, 5.083491070050189, 3.1907829152925293, 3.375122484967811, 6.8436439120058346]",57.27675133138713,23.03261219053651,"[14.732910149543386, 8.299702040993125]",27.33793301924098,10.98271875430924,22.33793301924098,8.98271875430924,"[4.327464499184782, 6.945822822297958, 5.384713349846667, 5.055101029546082, 5.624831318365491]","[6.745834958321921, 4.236883795987319]","[3.3274644991847824, 5.945822822297958, 4.384713349846667, 4.055101029546082, 4.624831318365491]","[5.745834958321921, 3.236883795987319]","[8.531960254319955, 15.245699544353739, 11.242854743196581, 10.397694947554056, 11.858541841962797]"
102,0,1697,True,True,1.0,3.99,4,4,True,0,4,32.41968921582155,"[2.5, 3.6073834501065853, 7.574826831144904, 18.73747893457006]",16.643678794170405,"[1.975, 2.4068795455415684, 3.9541824641465126, 8.307616784482324]",35.089307568664495,0.0,[],17.68482995177915,0.0,13.68482995177915,0.0,"[8.721684879286165, 2.480266626042739, 3.097879999657014, 3.384998446793234]",[],"[7.721684879286165, 1.4802666260427386, 2.097879999657014, 2.384998446793234]",[],"[19.799191998169654, 3.7955554513916376, 5.3791794863000355, 6.115380632803164]"
102,0,1698,True,True,1.0,3.99,6,6,True,1,7,59.07272715389475,"[8.222014580223448, 8.86432620846274, 3.4741002786589235, 15.57152305428083, 10.073949635387411, 12.866813396881406]",29.038363590018957,"[4.206585686287145, 4.457087221300469, 2.35489910867698, 7.072893991169524, 4.92884035780109, 6.018057224783749]",44.26993780782409,16.29482262428606,[16.29482262428606],23.265275745051397,7.354980823471563,17.265275745051397,6.354980823471563,"[3.721861852229067, 2.6451570807497014, 3.976496801648337, 3.717883065163806, 3.4952134951392497, 5.708663450121238]",[7.354980823471563],"[2.721861852229067, 1.6451570807497011, 2.976496801648337, 2.717883065163806, 2.4952134951392497, 4.708663450121238]",[6.354980823471563],"[6.979132954433505, 4.2183514891017975, 7.632043081149582, 6.9689309363174505, 6.397983320869871, 12.073496025951892]"
102,0,1699,True,False,,0.0,1,1,,0,1,9.99113788442786,[9.99113788442786],4.896543774926865,[4.896543774926865],14.811037296150145,0.0,[],6.776304545498557,0.0,0.0,0.0,[6.776304545498557],[],[0.0],[],[14.811037296150145]
102,0,1700,True,True,1.0,3.99,3,3,True,1,4,24.8142865396423,"[14.478436732539024, 6.338282138316861, 3.9975676687864152]",12.677571750460498,"[6.6465903256902195, 3.471930033943576, 2.559051390826702]",30.233613602687004,4.639767120348025,[4.639767120348025],14.79110930504793,2.8095091769357294,11.791109305047932,1.8095091769357297,"[4.6880191502746005, 3.6600226689125717, 6.443067485860759]",[2.8095091769357294],"[3.688019150274601, 2.6600226689125717, 5.443067485860759]",[1.8095091769357297],"[9.456459359678464, 6.820570945929671, 13.956583297078868]"
102,0,1701,True,True,1.0,3.99,3,3,True,2,5,34.08305377496469,"[22.939574016599856, 8.643479758364833, 2.5]",16.29239097223623,"[9.946433866473944, 4.370957105762285, 1.975]",31.78348974552541,13.322982616338727,"[3.9507311925077984, 9.372251423830928]",15.39556100075491,7.195963220372104,12.39556100075491,5.195963220372104,"[2.9174046742860646, 4.975445319574317, 7.502711006894529]","[2.5407851650780415, 4.655178055294062]","[1.9174046742860644, 3.975445319574317, 6.502711006894529]","[1.5407851650780413, 3.655178055294062]","[4.91642224175914, 10.193449537370043, 16.67361796639623]"
102,0,1702,True,False,,0.0,1,1,,0,1,2.6225907697197606,[2.6225907697197606],2.0228104001907066,[2.0228104001907066],4.1665117360254404,0.0,[],2.624939577049922,0.0,0.0,0.0,[2.624939577049922],[],[0.0],[],[4.1665117360254404]
102,0,1703,True,True,1.0,3.99,5,5,True,0,5,43.375490561742076,"[8.499257983857516, 4.498581264444745, 11.409987932178892, 12.180750878998596, 6.786912502262325]",21.91644131907941,"[4.314710613704431, 2.754446693133451, 5.449895293549768, 5.750492842809453, 3.646895875882307]",46.956128113648504,0.0,[],23.312889964322913,0.0,18.312889964322913,0.0,"[3.426533345013112, 6.160250134524095, 4.221556407754737, 3.8919500403826652, 5.612600036648304]",[],"[2.426533345013112, 5.160250134524095, 3.221556407754737, 2.8919500403826652, 4.612600036648304]",[],"[6.221880371828492, 13.231410601343834, 8.260401045524967, 7.4152565138017055, 11.827179581149498]"
102,0,1704,True,True,1.0,3.99,4,4,True,3,7,24.729793670844757,"[2.530608754142553, 4.188533507465353, 8.515075799151115, 9.495575610085737]",13.644619531629456,"[1.9869374141155958, 2.6335280679114876, 4.320879561668935, 4.703274487933438]",26.853155896943267,33.42342527890026,"[9.989398540363212, 20.973283192344184, 2.460743546192865]",14.472730799807874,16.035135858771103,10.472730799807875,13.0351358587711,"[2.723763925090217, 5.629027786249416, 3.483504448919852, 2.6364346395483897]","[4.895865430741653, 9.179580445014231, 1.9596899830152172]","[1.7237639250902168, 4.629027786249416, 2.483504448919852, 1.63643463954839]","[3.8958654307416527, 8.179580445014231, 0.9596899830152174]","[4.419907500231325, 11.869302016024143, 6.367960125435517, 4.195986255252282]"
102,0,1705,True,True,1.0,3.99,4,4,True,3,7,29.225950115840664,"[7.428821474780111, 9.289025320389047, 6.645679086167798, 5.8624242345037105]",15.39812054517786,"[3.8972403751642437, 4.622719874951729, 3.5918148436054413, 3.286345451456447]",45.862400014684056,38.030372284039395,"[15.494766233620936, 12.708931354242637, 9.826674696175822]",21.88633600572678,17.831845190775365,17.88633600572678,14.831845190775365,"[7.823730061631831, 5.430638263467612, 4.660212136655121, 3.971755543972218]","[7.042958831112165, 5.956483228154629, 4.8324031315085705]","[6.823730061631831, 4.430638263467612, 3.6602121366551206, 2.971755543972218]","[6.042958831112165, 4.956483228154629, 3.8324031315085705]","[17.496743747773923, 11.360610931968237, 9.385159324756719, 7.619886010185174]"
102,0,1706,True,False,,0.0,2,2,,0,2,14.895861284410623,"[11.422266374752361, 3.4735949096582623]",7.809385900920144,"[5.454683886153421, 2.3547020147667226]",19.095931821501708,0.0,[],9.447413410385666,0.0,0.0,0.0,"[6.768634609409966, 2.6787788009757003]",[],"[0.0, 0.0]",[],"[14.791370793358887, 4.304561028142821]"
102,0,1707,True,False,,0.0,2,2,,0,2,19.140623935896702,"[8.562590656043962, 10.57803327985274]",9.464843334999713,"[4.3394103558571455, 5.125432979142569]",10.974704719903682,0.0,[],6.280134840762436,0.0,0.0,0.0,"[2.9064472473334932, 3.3736875934289428]",[],"[0.0, 0.0]",[],"[4.8883262752140855, 6.086378444689597]"
102,0,1708,True,True,1.0,3.99,4,4,True,1,5,35.2876781032333,"[11.610151981800378, 15.972710315467536, 3.767197415950106, 3.9376183900152726]",17.762194460260986,"[5.527959272902147, 7.229357023032339, 2.469206992220541, 2.5356711721059564]",52.69990731021528,9.321514343294256,[9.321514343294256],24.55296385098396,4.635390593884759,20.55296385098396,3.6353905938847597,"[6.660170178224257, 4.754879895980132, 7.882247005889539, 5.255666770890034]",[4.635390593884759],"[5.660170178224257, 3.7548798959801317, 6.882247005889539, 4.255666770890034]",[3.6353905938847597],"[14.513256867241683, 9.627897169179825, 17.646787194588562, 10.911966079205214]"
102,0,1709,True,True,1.0,3.99,4,4,True,2,6,37.675995685413895,"[2.5, 14.145459502792555, 12.120359343481525, 8.910176839139815]",18.693638317311418,"[1.975, 6.516729206089097, 5.726940143957795, 4.4749689672645285]",52.084163238976544,16.424462147324313,"[8.726931436972448, 7.697530710351863]",24.312823663200852,8.405540237456481,20.312823663200852,6.405540237456481,"[5.940287792341813, 6.099007786637571, 8.445769938098337, 3.8277581461231303]","[4.403503260419255, 4.002036977037227]","[4.940287792341813, 5.099007786637571, 7.445769938098336, 2.8277581461231303]","[3.4035032604192548, 3.0020369770372266]","[12.667404595748238, 13.074378940096336, 19.091717789995734, 7.250661913136231]"
102,0,1710,True,True,1.0,3.99,3,3,True,3,6,26.220755526760396,"[16.183198395688297, 3.956890624826005, 6.080666506246093]",13.226094655436555,"[7.311447374318436, 2.543187343682142, 3.371459937435976]",39.01502118310571,18.61075922046572,"[2.6881662207333954, 9.966032474468975, 5.956560525263351]",18.215858261411228,10.258196095981631,15.215858261411228,7.258196095981631,"[3.8451499333358368, 5.344744223544168, 9.025964104531223]","[2.048384826086024, 4.8867526650429, 3.3230586048527067]","[2.8451499333358368, 4.344744223544168, 8.025964104531223]","[1.0483848260860242, 3.8867526650429003, 2.3230586048527067]","[7.295256239322658, 11.140369803959404, 20.579395139823646]"
102,0,1711,True,True,1.0,3.99,6,6,True,2,8,50.12348004280094,"[3.2996924302099986, 15.916722304696314, 4.493358002428353, 7.955862324779289, 6.096904571129225, 12.360940409557765]",25.548157216692367,"[2.2868800477818993, 7.207521698831563, 2.752409620947058, 4.102786306663923, 3.3777927827403977, 5.820766759727529]",53.73054556613342,23.38365908430129,"[2.8106586705267373, 20.57300041377455]",26.95491277079204,11.119627042877502,20.95491277079204,9.119627042877502,"[3.464694769485611, 3.398458549778761, 6.4268178878010325, 2.627217217911058, 7.3892965692961425, 3.6484277765194326]","[2.0961568815054274, 9.023470161372074]","[2.464694769485611, 2.398458549778761, 5.4268178878010325, 1.627217217911058, 6.3892965692961425, 2.6484277765194326]","[1.0961568815054277, 8.023470161372074]","[6.319730178168233, 6.149893717381438, 13.914917661028287, 4.172351840797584, 16.382811716143955, 6.79084045261393]"
102,0,1712,True,True,1.0,3.99,4,4,True,5,9,36.13558943096643,"[16.904795067016693, 12.637775566764446, 4.0930187971852865, 2.5]",18.092879878076907,"[7.59287007613651, 5.928732471038134, 2.5962773309022618, 1.975]",28.775117639414503,34.25728731096242,"[1.7727704018819728, 8.630477929083483, 9.971111638922212, 3.2481918989750187, 10.63473544209973]",15.222295879371657,18.360342051275342,11.222295879371657,13.360342051275342,"[4.126326053297313, 1.975, 6.357665232810146, 2.7633045932641975]","[1.6913804567339694, 4.365886392342558, 4.888733539179663, 2.2667948406002574, 5.147546822418895]","[3.126326053297313, 0.9750000000000001, 5.357665232810146, 1.7633045932641978]","[0.6913804567339694, 3.3658863923425586, 3.8887335391796625, 1.2667948406002574, 4.147546822418895]","[8.016220649480289, 2.5, 13.737603161051656, 4.521293828882558]"
102,0,1713,True,True,1.0,3.99,4,4,True,2,6,30.236783842015594,"[5.756655236627061, 3.481251662199759, 13.512874241959071, 7.486002701229705]",15.792345698386082,"[3.245095542284554, 2.357688148257906, 6.270020954364038, 3.919541053479585]",29.344256408835395,7.142000666029558,"[3.571000333014779, 3.571000333014779]",15.444259999445805,4.785380259751528,11.444259999445805,2.785380259751528,"[3.5635160350440054, 3.373939024310709, 4.47244924808869, 4.0343556920024]","[2.392690129875764, 2.392690129875764]","[2.5635160350440054, 2.373939024310709, 3.4724492480886897, 3.0343556920023995]","[1.392690129875764, 1.392690129875764]","[6.573118038574373, 6.087023139258228, 8.90371602074023, 7.780399210262562]"
102,0,1714,True,False,,0.0,2,2,,0,2,18.110122138881202,"[5.18193298112294, 12.928189157758263]",9.06294763416367,"[3.020953862637947, 6.041993771525723]",15.086028483647805,0.0,[],7.883551108622644,0.0,0.0,0.0,"[3.220684083216188, 4.662867025406456]",[],"[0.0, 0.0]",[],"[5.694061751836379, 9.391966731811426]"
102,0,1715,True,True,1.0,3.99,3,3,True,3,6,44.54328891148786,"[6.285323771820837, 26.906680794942474, 11.35128434472455]",20.371882675480265,"[3.4512762710101264, 11.493605510027566, 5.427000894442575]",41.727769901105546,16.554629583753687,"[5.343454719591274, 7.627803031665771, 3.583371832496642]",19.273830261431165,9.456305537663937,16.273830261431165,6.456305537663938,"[6.977923498016254, 6.688164328216507, 5.607742435198403]","[3.083947340640597, 3.974843182349651, 2.39751501467369]","[5.977923498016254, 5.688164328216507, 4.607742435198403]","[2.083947340640597, 2.974843182349651, 1.3975150146736903]","[15.328008969272444, 14.585036739016685, 11.814724192816417]"
102,0,1716,True,True,1.0,3.99,3,3,True,1,4,39.365652616537616,"[10.454703671473235, 6.64712597874491, 22.26382296631947]",18.35260452044967,"[5.0773344318745615, 3.592379131710515, 9.682890956864593]",33.88390323054722,2.671945884649339,[2.671945884649339],16.214722259913415,2.042058895013242,13.214722259913415,1.0420588950132423,"[5.13145284937795, 3.351275300300676, 7.7319941102347896]",[2.042058895013242],"[4.13145284937795, 2.351275300300676, 6.7319941102347896]",[1.0420588950132423],"[10.593468844558846, 6.02891102641199, 17.261523359576383]"
102,0,1717,True,True,1.0,3.99,5,5,True,2,7,65.76613207990025,"[17.119329010113248, 14.359464879254203, 16.892383266928928, 6.870180100663339, 10.524774822940516]",30.648791511161093,"[7.6765383139441665, 6.600191302909139, 7.588029474102282, 3.6793702392587027, 5.104662180946802]",37.45395127642199,35.46519206334624,"[8.952072731208817, 26.51311933213742]",19.607040997804575,15.831424904705035,14.607040997804575,13.831424904705035,"[3.2231394806861613, 4.284043418159856, 5.22697363721111, 1.975, 4.8978844617474495]","[4.491308365171439, 11.340116539533595]","[2.2231394806861613, 3.2840434181598552, 4.22697363721111, 0.9750000000000001, 3.8978844617474495]","[3.491308365171439, 10.340116539533595]","[5.700357642785029, 8.420624149127834, 10.838393941566949, 2.5, 9.994575542942178]"
102,0,1718,True,True,1.0,3.99,3,3,True,1,4,16.98333861680278,"[3.8103097137506214, 5.812250074851511, 7.360778828200648]",9.623502060553085,"[2.486020788362742, 3.2667775291920895, 3.870703742998253]",24.4590980987271,4.979653421662639,[4.979653421662639],12.53904825850357,2.9420648344484293,9.53904825850357,1.9420648344484293,"[3.570062191747495, 2.6355595947509256, 6.333426472005149]",[2.9420648344484293],"[2.570062191747495, 1.6355595947509258, 5.333426472005149]",[1.9420648344484293],"[6.589903055762807, 4.1937425506434, 13.675452492320893]"
102,0,1719,True,True,1.0,3.99,3,3,True,1,4,48.83248066931585,"[9.90667135525014, 12.781171621467417, 26.144637692598295]",22.044667461033185,"[4.863601828547555, 5.9846569323722925, 11.196408700113336]",29.951891539162617,25.045115451797862,[25.045115451797862],14.681237700273421,10.767595026201167,11.681237700273421,9.767595026201167,"[4.278879896848309, 5.4802770138311505, 4.922080789593961]",[10.767595026201167],"[3.2788798968483097, 4.4802770138311505, 3.922080789593961]",[9.767595026201167],"[8.407384350893102, 11.487889779054232, 10.056617409215285]"
102,0,1720,True,True,1.0,3.99,7,7,True,4,11,81.05617346726656,"[7.715380349775043, 2.5, 19.441274862460467, 16.182453600503013, 11.25073444974587, 12.642848161957549, 11.323482042824617]",38.61190765223396,"[4.008998336412267, 1.975, 8.582097196359584, 7.311156904196175, 5.38778643540089, 5.930710783163444, 5.4161579967016005]",43.20116549633147,22.54627563714515,"[6.449217229254533, 6.8008845808033005, 3.5713701292493027, 5.724803697838011]",23.84845454356927,12.793047498486608,16.848454543569275,8.793047498486608,"[5.667081998031662, 1.975, 3.833847034606178, 1.975, 3.363014187520919, 3.8721312210681815, 3.162380102342333]","[3.515194719409268, 3.6523449865132873, 2.3928343504072282, 3.232673442156824]","[4.667081998031662, 0.9750000000000001, 2.833847034606178, 0.9750000000000001, 2.363014187520919, 2.8721312210681815, 2.162380102342333]","[2.515194719409268, 2.6523449865132873, 1.392834350407228, 2.232673442156824]","[11.966876918029904, 2.5, 7.266274447708148, 2.5, 6.059010737233125, 7.364439028379953, 5.54456436498034]"
102,0,1721,True,False,,0.0,1,1,,0,1,2.5,[2.5],1.975,[1.975],9.381123882734082,0.0,[],4.658638314266292,0.0,0.0,0.0,[4.658638314266292],[],[0.0],[],[9.381123882734082]
102,0,1722,True,True,1.0,3.99,3,3,True,1,4,31.946477337572937,"[4.847161264510972, 14.24252009627285, 12.856795976789115]",15.459126161653447,"[2.8903928931592793, 6.554582837546412, 6.014150430947756]",33.38299291351433,5.757700851175886,[5.757700851175886],16.019367236270586,3.2455033319585955,13.019367236270586,2.2455033319585955,"[6.602985975707944, 7.058478750900243, 2.357902509662399]",[3.2455033319585955],"[5.602985975707944, 6.058478750900243, 1.3579025096623991]",[2.2455033319585955],"[14.366630706943447, 15.534560899744214, 3.4818013068266644]"
102,0,1723,True,True,1.0,3.99,8,8,True,1,9,56.58297031801881,"[8.384815247505662, 6.344277486901413, 10.043606719011862, 2.5, 4.426089187929832, 8.127888449801274, 4.643195669147264, 12.113097557721508]",30.06735842402734,"[4.270077946527208, 3.474268219891551, 4.917006620414627, 1.975, 2.7261747832926346, 4.169876495422497, 2.810846310967433, 5.724108047511388]",88.56924257706137,12.402437315947378,[12.402437315947378],42.54200460505393,5.836950553219477,34.54200460505393,4.836950553219477,"[2.9237191783455225, 5.395411696729789, 3.313069549923298, 3.6164295678219194, 9.454751266928376, 10.270395186116756, 5.352174178972542, 2.2160539802157286]",[5.836950553219477],"[1.9237191783455225, 4.395411696729789, 2.313069549923298, 2.6164295678219194, 8.454751266928376, 9.270395186116756, 4.352174178972542, 1.2160539802157284]",[4.836950553219477],"[4.932613277809032, 11.270286401871253, 5.930947563905892, 6.7087937636459465, 21.67884940238045, 23.770244066966043, 11.159420971724467, 3.118087128758278]"
102,0,1724,True,True,1.0,3.99,4,4,True,0,4,44.13921286713516,"[5.4889149404007505, 14.779958970507032, 17.076946724569495, 6.793392231657878]",21.21429301818271,"[3.140676826756293, 6.764183998497742, 7.6600092225821035, 3.6494229703465724]",33.92916912166138,0.0,[],17.23237595744794,0.0,13.232375957447939,0.0,"[3.2629580265514972, 5.355009960491908, 4.674835005314968, 3.939572965089565]",[],"[2.2629580265514972, 4.355009960491908, 3.674835005314968, 2.939572965089565]",[],"[5.802456478337172, 11.166692206389508, 9.422653859781969, 7.5373665771527305]"
102,0,1725,True,True,1.0,3.99,4,4,True,2,6,41.45814961671853,"[10.712361421490552, 13.575434011305976, 10.468066535597162, 6.702287648324845]",20.16867835052023,"[5.177820954381316, 6.294419264409331, 5.082545948882893, 3.6138921828466897]",59.012163152463685,21.842502352191868,"[4.711896024797947, 17.13060632739392]",27.014743629460842,10.518575917354827,23.014743629460842,8.518575917354829,"[8.84287430945958, 8.475623170532081, 3.727181555766192, 5.969064593702984]","[2.837639449671199, 7.680936467683629]","[7.84287430945958, 7.475623170532082, 2.727181555766192, 4.969064593702984]","[1.8376394496711994, 6.680936467683629]","[20.109934126819436, 19.168264539825852, 6.992773219913312, 12.741191265905087]"
102,0,1726,True,True,1.0,3.99,3,3,True,2,5,37.62542350489313,"[20.708776609496045, 7.204708285732341, 9.71193860966474]",17.67391516690832,"[9.076422877703457, 3.809836231435613, 4.787656057769249]",16.404262441441325,16.555185706170956,"[8.150835783718934, 8.404349922452022]",9.397662352162119,8.456522425406673,6.397662352162117,6.456522425406673,"[3.108625627472869, 1.975, 4.314036724689248]","[4.178825955650384, 4.277696469756289]","[2.108625627472869, 0.9750000000000001, 3.314036724689248]","[3.1788259556503844, 3.2776964697562887]","[5.406732378135562, 2.5, 8.497530063305764]"
102,0,1727,True,False,,0.0,1,1,,0,1,8.54463582288695,[8.54463582288695],4.33240797092591,[4.33240797092591],5.17400962476542,0.0,[],3.0178637536585136,0.0,0.0,0.0,[3.0178637536585136],[],[0.0],[],[5.17400962476542]
102,0,1728,True,True,1.0,3.99,6,4,,1,7,50.011248588992615,"[5.788627773692558, 11.878448371486906, 25.35609909511345, 6.9880733486997]",23.504386949707122,"[3.2575648317400976, 5.632594864879893, 10.888878647094247, 3.7253486059928833]",41.389997376821725,4.59924366528633,[4.59924366528633],20.142098976960472,2.7937050294616688,16.142098976960476,1.793705029461669,"[4.8595738443059675, 4.357327596566783, 6.162628944594571, 4.762568591493151]",[2.7937050294616688],"[3.8595738443059675, 3.3573275965667833, 5.162628944594571, 3.7625685914931513]",[1.793705029461669],"[9.896343190528121, 8.608532298889187, 13.237510114345055, 9.647611773059362]"
102,0,1729,True,True,1.0,3.99,4,4,True,1,5,40.12360951202121,"[9.479576025329697, 7.496539071901589, 11.044541860184616, 12.102952554605308]",19.648207709688272,"[4.6970346498785815, 3.9236502380416196, 5.307371325472, 5.7201514962960704]",36.34952368215124,16.306343404263295,[16.306343404263295],18.176314236038987,7.359473927662685,14.176314236038987,6.359473927662685,"[2.7471602388823992, 9.152253138834554, 3.6602405440170243, 2.616660314305009]",[7.359473927662685],"[1.7471602388823992, 8.152253138834554, 2.6602405440170243, 1.616660314305009]",[6.359473927662685],"[4.479898048416408, 20.903213176498856, 6.821129600043652, 4.14528285719233]"
102,0,1730,True,True,1.0,3.99,3,3,True,2,5,15.497563495691798,"[2.5, 6.332561755927845, 6.665001739763953]",9.044049763319801,"[1.975, 3.4696990848118596, 3.599350678507942]",22.88403994276192,19.675538400899445,"[3.8483935247051693, 15.827144876194275]",11.92477557767715,9.673459976350784,8.92477557767715,7.673459976350784,"[3.259154305431082, 3.307902388789758, 5.357718883456309]","[2.500873474635016, 7.1725865017157675]","[2.259154305431082, 2.307902388789758, 4.357718883456309]","[1.500873474635016, 6.1725865017157675]","[5.792703347259184, 5.917698432794252, 11.173638162708485]"
102,0,1731,True,False,,0.0,2,2,,0,2,20.603343861518407,"[15.888391744825302, 4.714952116693104]",10.035304105992179,"[7.1964727804818684, 2.838831325510311]",26.134019574568107,0.0,[],12.192267634081563,0.0,0.0,0.0,"[4.913303478198706, 7.278964155882856]",[],"[0.0, 0.0]",[],"[10.034111482560784, 16.099908092007322]"
102,0,1732,True,True,1.0,3.99,3,3,True,1,4,17.134306130982218,"[8.325825651689488, 3.8106710124639633, 4.997809466828765]",9.682379391083064,"[4.2470720041589, 2.4861616948609457, 2.9491456920632184]",45.818327472675826,2.952032160655381,[2.952032160655381],20.869147714343573,2.1512925426555984,17.869147714343573,1.1512925426555987,"[3.4717483766424992, 11.529883376687529, 5.867515961013545]",[2.1512925426555984],"[2.4717483766424992, 10.529883376687529, 4.867515961013545]",[1.1512925426555987],"[6.337816350365382, 26.999700965865458, 12.480810156444987]"
102,0,1733,True,True,1.0,3.99,4,4,True,3,7,50.218548024835584,"[11.277021914193845, 18.231656662515555, 13.206776036881024, 7.5030934112451595]",23.58523372968588,"[5.3980385465356, 8.110346098381067, 6.150642654383599, 3.926206430385612]",32.04346703094644,12.949519641047143,"[3.2442973564939757, 4.225338156796311, 5.479884127756856]",16.496952142069112,8.050312660008386,12.496952142069112,5.050312660008386,"[2.395347452816809, 2.0258435669553982, 2.3054432407038457, 9.770317881593058]","[2.2652759690326505, 2.6478818811505613, 3.137154809825174]","[1.3953474528168088, 1.0258435669553985, 1.3054432407038457, 8.770317881593058]","[1.2652759690326505, 1.6478818811505613, 2.137154809825174]","[3.577813981581561, 2.6303681203984572, 3.347290360779091, 22.48799456818733]"
102,0,1734,True,False,,0.0,2,2,,0,2,22.248565535434345,"[8.727721792860201, 13.520843742574144]",10.676940558819396,"[4.403811499215479, 6.273129059603916]",17.658902629535973,0.0,[],8.886972025519029,0.0,0.0,0.0,"[4.0377083206494975, 4.849263704869532]",[],"[0.0, 0.0]",[],"[7.78899569397307, 9.869906935562902]"
102,0,1735,True,True,1.0,3.99,4,4,True,2,6,46.75694048408838,"[13.534622480511935, 6.5989417881158845, 13.932704059070785, 12.690672156389779]",22.23520678879447,"[6.2785027673996545, 3.573587297365195, 6.433754583037606, 5.949362140992013]",40.10375217463114,7.08756022297538,"[4.426695213921946, 2.6608650090534334]",19.640463348106145,4.764148486960398,15.640463348106145,2.764148486960398,"[2.2038865456616477, 5.090920816646314, 6.717301357464697, 5.6283546283334855]","[2.726411133429559, 2.037737353530839]","[1.2038865456616477, 4.090920816646314, 5.717301357464697, 4.6283546283334855]","[1.726411133429559, 1.037737353530839]","[3.086888578619609, 10.48954055550337, 14.659747070422299, 11.867575970085861]"
102,0,1736,True,False,,0.0,1,1,,0,1,17.16967647092741,[17.16967647092741],7.69617382366169,[7.69617382366169],13.30314818054049,0.0,[],6.188227790410791,0.0,0.0,0.0,[6.188227790410791],[],[0.0],[],[13.30314818054049]
102,0,1737,True,True,1.0,3.99,3,3,True,3,6,31.519872640796365,"[11.97985597941532, 12.85211412277692, 6.687902538604127]",15.292750329910582,"[5.672143831971975, 6.012324507882999, 3.60828199005561]",39.749386244304866,29.450922020040778,"[13.622712230338555, 6.792876688050187, 9.035333101652034]",18.502260635278898,14.485859587815902,15.5022606352789,11.485859587815902,"[10.667540175518072, 4.442288573335151, 3.3924318864256757]","[6.3128577698320365, 3.649221908339573, 4.523779909644293]","[9.667540175518072, 3.4422885733351514, 2.3924318864256757]","[5.3128577698320365, 2.649221908339573, 3.5237799096442934]","[24.78856455261044, 8.826380957269619, 6.1344407344248095]"
102,0,1738,True,True,1.0,3.99,3,3,True,0,3,31.720326313699235,"[5.6733150547303195, 19.357398242897016, 6.6896130160719]",15.370927262342702,"[3.2125928713448246, 8.549385314729836, 3.608949076268041]",26.801985333412816,0.0,[],13.452774280030997,0.0,10.452774280030997,0.0,"[3.2291400293680668, 2.881353162256495, 7.342281088406437]",[],"[2.2291400293680668, 1.8813531622564952, 6.342281088406437]",[],"[5.7157436650463245, 4.823982467324346, 16.262259201042145]"
102,0,1739,True,False,,0.0,1,1,,0,1,13.744590185683814,[13.744590185683814],6.360390172416688,[6.360390172416688],3.715440933769086,0.0,[],2.4490219641699436,0.0,0.0,0.0,[2.4490219641699436],[],[0.0],[],[3.715440933769086]
102,0,1740,True,False,,0.0,2,2,,0,2,19.359804699283245,"[15.606048974727324, 3.7537557245559214]",9.550323832720466,"[7.086359100143657, 2.4639647325768097]",25.170217194038337,0.0,[],11.816384705674952,0.0,0.0,0.0,"[6.022320972263593, 5.794063733411359]",[],"[0.0, 0.0]",[],"[12.87774608272716, 12.292471111311176]"
102,0,1741,True,False,,0.0,2,2,,0,2,17.357269400101632,"[10.167603504665529, 7.189665895436104]",8.769335066039638,"[4.965365366819556, 3.8039696992200804]",16.887113768054096,0.0,[],8.585974369541098,0.0,0.0,0.0,"[5.620188271613945, 2.9657860979271526]",[],"[0.0, 0.0]",[],"[11.846636593881911, 5.040477174172186]"
102,0,1742,True,False,,0.0,2,2,,0,2,16.915341754179934,"[14.21206821452315, 2.703273539656785]",8.596983284130175,"[6.542706603664029, 2.0542766804661463]",12.936732595921665,0.0,[],7.045325712409449,0.0,0.0,0.0,"[2.8881361632135234, 4.157189549195926]",[],"[0.0, 0.0]",[],"[4.841374777470572, 8.095357818451092]"
102,0,1743,True,False,,0.0,2,2,,0,2,18.156928255114575,"[14.27437933946786, 3.8825489156467166]",9.081202019494686,"[6.567007942392466, 2.5141940771022195]",11.667387931420036,0.0,[],6.550281293253814,0.0,0.0,0.0,"[3.829202096216462, 2.7210791970373522]",[],"[0.0, 0.0]",[],"[7.254364349272979, 4.413023582147057]"
102,0,1744,True,True,1.0,3.99,3,3,True,2,5,28.496251067245037,"[4.7158775901088745, 16.667658670253356, 7.112714806882806]",14.113537916225564,"[2.839192260142461, 7.500386881398809, 3.7739587746842944]",27.57157238555125,27.91676543584105,"[15.09021717396924, 12.82654826187181]",13.752913230364987,12.88753851997801,10.752913230364987,10.88753851997801,"[5.417901959814684, 2.921940853405988, 5.413070417144315]","[6.885184697848004, 6.002353822130006]","[4.417901959814684, 1.921940853405988, 4.413070417144315]","[5.885184697848004, 5.002353822130006]","[11.327953743114575, 4.928053470271764, 11.31556517216491]"
102,0,1745,True,True,1.0,3.99,4,1,,3,7,11.139879480718717,[11.139879480718717],5.344552997480299,[5.344552997480299],16.429399164602803,23.757505385508836,"[11.126159254283952, 8.182712527734461, 4.448633603490423]",7.407465674195093,12.265427100348447,6.407465674195093,9.265427100348447,[7.407465674195093],"[5.339202109170741, 4.19125788581644, 2.7349671053612647]",[6.407465674195093],"[4.339202109170741, 3.19125788581644, 1.734967105361265]",[16.429399164602803]
102,0,1746,True,False,,0.0,1,1,,0,1,7.333281970459341,[7.333281970459341],3.859979968479143,[3.859979968479143],5.365329969921998,0.0,[],3.0924786882695794,0.0,0.0,0.0,[3.0924786882695794],[],[0.0],[],[5.365329969921998]
102,0,1747,True,False,,0.0,2,2,,0,2,23.56082994482919,"[20.129189849325172, 3.4316400955040196]",11.188723678483386,"[8.850384041236818, 2.338339637246568]",15.321003051754042,0.0,[],7.975191190184077,0.0,0.0,0.0,"[6.0001911901840765, 1.975]",[],"[0.0, 0.0]",[],"[12.821003051754042, 2.5]"
102,0,1748,True,False,,0.0,2,2,,0,2,25.656884028596643,"[7.760774240799089, 17.896109787797553]",12.00618477115269,"[4.026701953911645, 7.9794828172410455]",15.252602362884023,0.0,[],7.948514921524769,0.0,0.0,0.0,"[4.32329244540911, 3.625222476115659]",[],"[0.0, 0.0]",[],"[8.521262680536179, 6.731339682347843]"
102,0,1749,True,True,1.0,3.99,3,3,,1,4,18.68204601765536,"[2.5, 5.087955634975774, 11.094090382679585]",10.28599794688559,"[1.975, 2.984302697640552, 5.326695249245039]",36.08365968305752,10.86263809634708,[10.86263809634708],17.07262727639243,5.236428857575361,14.072627276392433,4.236428857575361,"[7.587366668074738, 2.2740194587958267, 7.211241149521868]",[5.236428857575361],"[6.587366668074738, 1.2740194587958267, 6.211241149521868]",[4.236428857575361],"[16.8906837642942, 3.26671656101494, 15.926259357748378]"
102,0,1750,True,True,1.0,3.99,5,5,True,1,6,53.46734782303158,"[12.021475696943641, 11.880424753387203, 4.593895218359243, 6.8884893579236905, 18.083062796417806]",25.852265650982318,"[5.6883755218080205, 5.633365653821009, 2.791619135160105, 3.6865108495902392, 8.052394490602945]",52.67384706107641,19.286502089111142,[19.286502089111142],25.542800353819803,8.521735814753345,20.5428003538198,7.521735814753345,"[6.340643036443642, 4.339231265523077, 4.039393221860986, 3.5839271765133156, 7.239605653478779]",[8.521735814753345],"[5.340643036443642, 3.3392312655230776, 3.039393221860986, 2.5839271765133156, 6.239605653478779]",[7.521735814753345],"[13.693956503701646, 8.562131450059173, 7.793315953489707, 6.625454298752091, 15.99898885507379]"
102,0,1751,True,False,,0.0,2,2,,0,2,29.008921077563446,"[23.705285448649285, 5.303635628914161]",13.313479220249745,"[10.245061324973221, 3.068417895276523]",18.170519625973593,0.0,[],9.086502654129701,0.0,0.0,0.0,"[7.07335331592095, 2.013149338208751]",[],"[0.0, 0.0]",[],"[15.572700810053718, 2.5978188159198745]"
102,0,1752,True,True,1.0,3.99,6,6,True,3,9,76.63613720123273,"[30.959079304627664, 13.023518220726642, 2.6943649586142304, 6.856334512784859, 9.402534501414404, 13.700305703064931]",35.888093508480765,"[13.07404092880479, 6.079172106083391, 2.05080233385955, 3.673970459986095, 4.666988455551618, 6.343119224195323]",52.548665321909375,27.461740092761808,"[9.216681028318707, 13.532524907371512, 4.712534157071588]",26.493979475544656,13.710078636177105,20.493979475544656,10.710078636177105,"[1.975, 4.002220251809393, 1.975, 4.4250804728398805, 9.312781684794885, 4.8038970661004985]","[4.594505601044296, 6.27768471387489, 2.8378883212579193]","[0.9750000000000001, 3.0022202518093932, 0.9750000000000001, 3.42508047283988, 8.312781684794885, 3.8038970661004985]","[3.594505601044296, 5.27768471387489, 1.8378883212579196]","[2.5, 7.69800064566511, 2.5, 8.782257622666359, 21.314824832807396, 9.75358222077051]"
102,0,1753,True,False,,0.0,2,2,,0,2,17.61546798163149,"[8.638240894332286, 8.977227087299203]",8.870032512836282,"[4.368913948789592, 4.501118564046689]",13.064375106969607,0.0,[],7.095106291718146,0.0,0.0,0.0,"[3.00450486147617, 4.090601430241977]",[],"[0.0, 0.0]",[],"[5.139756055067102, 7.924619051902505]"
102,0,1754,True,False,,0.0,2,2,,0,2,40.073265012339114,"[18.105736141991553, 21.96752887034756]",17.628573354812254,"[8.061237095376706, 9.56733625943555]",15.557046355733007,0.0,[],8.067248078735872,0.0,0.0,0.0,"[5.1272928337365, 2.939955244999373]",[],"[0.0, 0.0]",[],"[10.582802137785897, 4.97424421794711]"
102,0,1755,True,False,,0.0,2,2,,0,2,14.325125799695412,"[2.5, 11.825125799695412]",7.5867990618812104,"[1.975, 5.611799061881211]",20.339151008963558,0.0,[],9.932268893495788,0.0,0.0,0.0,"[6.723038338681659, 3.20923055481413]",[],"[0.0, 0.0]",[],"[14.674457278670918, 5.66469373029264]"
102,0,1756,True,False,,0.0,1,1,,0,1,3.7305833898498615,[3.7305833898498615],2.454927522041446,[2.454927522041446],7.833460432893159,0.0,[],4.055049568828332,0.0,0.0,0.0,[4.055049568828332],[],[0.0],[],[7.833460432893159]
102,0,1757,True,True,1.0,3.99,3,3,True,2,5,26.89964469704629,"[7.2616831316461266, 5.511381496612465, 14.126580068787698]",13.490861431848053,"[3.8320564213419894, 3.1494387836788613, 6.509366226827202]",23.230447445352926,8.508335672219742,"[4.887995406811651, 3.620340265408091]",12.059874503687643,5.3182509121657,9.059874503687643,3.3182509121656993,"[4.630212187019683, 3.8564781205089056, 3.5731841961590542]","[2.906318208656544, 2.4119327035091556]","[3.6302121870196826, 2.8564781205089056, 2.5731841961590542]","[1.906318208656544, 1.4119327035091556]","[9.308236376973545, 7.324302873099757, 6.597908195279627]"
102,0,1758,True,True,1.0,3.99,3,3,True,1,4,29.274680426368164,"[8.846119271011906, 8.902212680572521, 11.526348474783738]",14.417125366283585,"[4.449986515694643, 4.471862945423283, 5.495275905165658]",26.99661450141707,13.828657758845832,[13.828657758845832],13.528679655552658,6.393176525949874,10.528679655552658,5.393176525949874,"[4.4649620557141585, 7.0887175998385, 1.975]",[6.393176525949874],"[3.464962055714158, 6.0887175998385, 0.9750000000000001]",[5.393176525949874],"[8.884518091574764, 15.612096409842307, 2.5]"
102,0,1759,True,True,1.0,3.99,5,5,True,2,7,44.59795021934502,"[3.454415039842665, 7.2174728673254895, 16.234287625816908, 11.88978651201496, 5.801988174344996]",22.393200585544555,"[2.347221865538639, 3.8148144182569412, 7.331372174068594, 5.637016739685834, 3.2627753879945485]",43.3077288290785,9.567561566771792,"[5.345912111364536, 4.221649455407256]",21.890014243340616,5.731349011040999,16.890014243340616,3.731349011040999,"[3.5402157484564, 7.046558863570766, 4.226131108879027, 4.496673707885336, 2.580434814549087]","[3.084905723432169, 2.6464432876088297]","[2.5402157484564, 6.046558863570766, 3.226131108879027, 3.4966737078853356, 1.580434814549087]","[2.084905723432169, 1.64644328760883]","[6.513373713990768, 15.503997086078886, 8.272131048407761, 8.965830020218808, 4.052396960382274]"
102,0,1760,True,True,1.0,3.99,3,3,True,1,4,28.040891821459123,"[14.368198677408323, 4.921839085934963, 8.750854058115838]",13.935947810369058,"[6.603597484189246, 2.919517243514636, 4.412833082665177]",14.024058525579969,8.143339163580489,[8.143339163580489],8.469382824976188,4.175902273796391,5.469382824976188,3.1759022737963907,"[2.2594146853820494, 1.9877031191025836, 4.222265020491555]",[4.175902273796391],"[1.2594146853820491, 0.9877031191025836, 3.2222650204915557]",[3.1759022737963907],"[3.229268424056536, 2.532572100263035, 8.262218001260399]"
102,0,1761,True,True,1.0,3.99,5,5,True,3,8,69.80366447406699,"[6.214706785304669, 10.116309720940304, 25.338131721234078, 19.93835189668451, 8.196164349903434]",32.223429144886126,"[3.423735646268821, 4.945360791166719, 10.88187137128129, 8.775957239706958, 4.1965040964623395]",50.616547276767236,17.845147106613695,"[6.295467548812605, 5.2901709699177495, 6.259508587883341]",24.740453437939227,9.959607371579342,19.740453437939223,6.959607371579342,"[3.9908100721960595, 4.611456580590543, 5.409668695323562, 4.096143395322753, 6.632374694506306]","[3.455232344036916, 3.0631666782679225, 3.441208349274503]","[2.9908100721960595, 3.611456580590543, 4.409668695323562, 3.096143395322753, 5.632374694506306]","[2.455232344036916, 2.0631666782679225, 2.441208349274503]","[7.6687437748616905, 9.26014507843729, 11.306842808521953, 7.938829218776289, 14.441986396170016]"
102,0,1762,True,True,1.0,3.99,3,3,True,3,6,31.262099716668917,"[8.20769726125995, 17.40021226075468, 5.654190194654287]",15.192218889500877,"[4.201001931891381, 7.786082781694326, 3.205134175915172]",23.50285759067544,30.998122556605306,"[8.968163367954944, 7.36977056129569, 14.660188627354675]",12.166114460363422,15.089267797076072,9.166114460363422,12.089267797076072,"[2.5783257808252493, 6.9812025655188545, 2.6065861140193185]","[4.4975837135024275, 3.8742105189053193, 6.717473564668324]","[1.578325780825249, 5.9812025655188545, 1.6065861140193183]","[3.497583713502428, 2.8742105189053193, 5.717473564668324]","[4.046989181603203, 15.33641683466373, 4.119451574408508]"
102,0,1763,True,False,,0.0,2,2,,0,2,30.451694254815962,"[25.53808198372268, 4.913612271093281]",13.876160759378227,"[10.959851973651846, 2.91630878572638]",10.631763327423222,0.0,[],6.146387697695056,0.0,0.0,0.0,"[3.3367224909396027, 2.809665206755454]",[],"[0.0, 0.0]",[],"[5.991596130614366, 4.640167196808856]"
102,0,1764,True,True,1.0,3.99,5,5,True,3,8,52.53915301865803,"[15.185955459161192, 2.7579601633989035, 22.773520700478635, 3.2945197430867723, 8.52719695253253]",25.490269677276636,"[6.922522629072866, 2.0756044637255724, 9.881673073186668, 2.284862699803841, 4.325606811487686]",34.17391958261321,43.67651407177279,"[17.49167475625346, 15.260001214566332, 10.924838100953005]",18.327828637219152,20.03384048799139,13.327828637219152,17.03384048799139,"[3.8190877354475212, 2.628591144858185, 3.3163751858833512, 2.590922011279551, 5.972852559750543]","[7.8217531549388495, 6.951400473680869, 5.260686859371672]","[2.8190877354475212, 1.628591144858185, 2.3163751858833512, 1.590922011279551, 4.972852559750543]","[6.8217531549388495, 5.951400473680869, 4.260686859371672]","[7.22843009089108, 4.175874730405602, 5.939423553547054, 4.079287208409105, 12.750903999360368]"
102,0,1765,True,False,,0.0,2,2,,0,2,12.209642930836027,"[4.343732984037432, 7.865909946798595]",6.76176074302605,"[2.6940558637745986, 4.067704879251452]",27.554238553891004,0.0,[],12.746153036017493,0.0,0.0,0.0,"[9.45027100348716, 3.2958820325303333]",[],"[0.0, 0.0]",[],"[21.667361547402972, 5.886877006488033]"
102,0,1766,True,False,,0.0,1,1,,0,1,11.076866368494628,[11.076866368494628],5.319977883712905,[5.319977883712905],31.02568132608754,0.0,[],13.100015717174141,0.0,0.0,0.0,[13.100015717174141],[],[0.0],[],[31.02568132608754]
102,0,1767,True,True,1.0,3.99,4,4,True,2,6,33.39962281803784,"[5.376253520084761, 3.3875592656740254, 12.46841700897086, 12.167393023308193]",17.025852899034756,"[3.096738872833057, 2.32114811361287, 5.862682633498635, 5.745283279090196]",44.99005943506063,15.585218754036188,"[6.386955983063704, 9.198262770972484]",21.546123179673646,8.078235314074114,17.546123179673646,6.078235314074114,"[7.290804593894109, 4.302989799638537, 5.510792505564693, 4.441536280576308]","[3.4909128333948445, 4.587322480679269]","[6.290804593894109, 3.3029897996385365, 4.510792505564693, 3.441536280576308]","[2.4909128333948445, 3.5873224806792687]","[16.130268189472073, 8.469204614457785, 11.566134629653057, 8.824452001477713]"
102,0,1768,True,True,1.0,3.99,5,5,True,3,8,35.27301937422644,"[12.430997797294967, 2.5, 5.749089827571934, 8.8960615000665, 5.696870249293041]",18.756477555948315,"[5.848089140945038, 1.975, 3.2421450327530543, 4.469463985025936, 3.221779397224286]",52.00520428623508,24.404412737600634,"[6.406925368471046, 14.181681036426049, 3.8158063327035388]",25.28202967163168,12.517720967664248,20.28202967163168,9.517720967664248,"[2.947553346717775, 5.703608388474284, 5.3574666521119605, 8.995811498799458, 2.2775897855282023]","[3.498700893703708, 6.53085560420616, 2.48816446975438]","[1.947553346717775, 4.703608388474284, 4.3574666521119605, 7.995811498799459, 1.2775897855282023]","[2.498700893703708, 5.53085560420616, 1.48816446975438]","[4.993726530045577, 12.060534329421241, 11.172991415671694, 20.50208076615246, 3.2758712449441085]"
102,0,1769,True,True,1.0,3.99,5,5,True,1,6,55.90089913507604,"[21.3396034155752, 5.647490895690105, 13.679407196000865, 10.132101012635639, 5.102296615174235]",26.80135066267966,"[9.322445332074329, 3.202521449319141, 6.3349688064403376, 4.9515193949278995, 2.989895679917952]",37.08476386985081,5.161043901872715,[5.161043901872715],19.46305790924182,3.0128071217303587,14.463057909241817,2.0128071217303587,"[3.8304430284597757, 3.696171823117332, 2.8578417026983405, 4.956023031763179, 4.122578323203189]",[3.0128071217303587],"[2.8304430284597757, 2.696171823117332, 1.8578417026983405, 3.9560230317631784, 3.1225783232031894]",[2.0128071217303587],"[7.2575462268199376, 6.913261084916236, 4.763696673585488, 10.143648799392764, 8.006611085136383]"
102,0,1770,True,True,1.0,3.99,3,3,True,5,8,18.992016909620773,"[9.200680136221521, 3.832712397477272, 5.958624375921981]",10.406886594752102,"[4.588265253126393, 2.494757835016136, 3.3238635066095727]",28.694514116046342,37.5568833608729,"[8.114551748883915, 3.7962489522971317, 11.022755691296375, 5.39111434624021, 9.232212622155275]",14.190860505258073,19.64718451074043,11.190860505258073,14.647184510740434,"[8.087160239687206, 3.368276165476177, 2.7354241000946904]","[4.164675182064727, 2.480537091395881, 5.298874719605586, 3.102534595033682, 4.600562922640558]","[7.087160239687206, 2.368276165476177, 1.7354241000946904]","[3.164675182064727, 1.4805370913958813, 4.298874719605586, 2.102534595033682, 3.6005629226405573]","[18.172205742787707, 6.072502988400454, 4.4498053848581804]"
102,0,1771,True,True,1.0,3.99,4,4,True,0,4,30.499206629653614,"[8.660178075390867, 9.742769270438547, 7.926706514200433, 4.169552769623766]",15.89469058556491,"[4.377469449402438, 4.799680015471033, 4.0914155405381685, 2.6261255801532686]",38.38764759115797,0.0,[],18.97118256055161,0.0,14.971182560551611,0.0,"[4.621574042566576, 9.380652739995734, 1.975, 2.993955777989301]",[],"[3.621574042566576, 8.380652739995734, 0.9750000000000001, 1.993955777989301]",[],"[9.286087288632245, 21.488853179476237, 2.5, 5.112707123049489]"
102,0,1772,True,True,1.0,3.99,3,3,True,2,5,16.287725504891682,"[6.650499191910382, 5.321660373630836, 4.315565939350464]",9.352212946907756,"[3.593694684845049, 3.075447545716026, 2.6830707163466814]",27.169879410557318,32.56385312381105,"[5.924417593075829, 26.639435530735224]",13.596252970117355,14.69990271828631,10.596252970117355,12.69990271828631,"[5.248118988821139, 4.56267372568902, 3.785460255607196]","[3.3105228612995736, 11.389379856986737]","[4.248118988821139, 3.5626737256890206, 2.785460255607196]","[2.3105228612995736, 10.389379856986737]","[10.892612791849073, 9.135060835100052, 7.142205783608194]"
102,0,1773,True,True,1.0,3.99,3,6,,2,5,56.90636427502721,"[21.386848035013124, 6.194264799996337, 4.08676834598711, 2.510768348781071, 13.665025385950669, 9.062689359298895]",28.19348206726061,"[9.340870733655118, 3.4157632719985718, 2.593839654934973, 1.9791996560246177, 6.329359900520761, 4.534448850126569]",65.60198411991895,26.214432005606497,"[21.279488092758363, 4.934943912848135]",31.58477380676839,12.223628482186534,25.584773806768393,10.223628482186536,"[4.089421395983074, 3.1034751442052686, 7.683288101568197, 7.953844813339062, 4.754465516972264, 4.000278834700527]","[9.299000356175762, 2.9246281260107727]","[3.089421395983074, 2.1034751442052686, 6.683288101568197, 6.953844813339062, 3.7544655169722643, 3.0002788347005267]","[8.299000356175762, 1.924628126010773]","[7.921593323033523, 5.39352601078274, 17.13663615786717, 17.830371316254006, 9.626834658903242, 7.693022653078273]"
102,0,1774,True,False,,0.0,2,2,,0,2,26.896920695681096,"[11.171763154300297, 15.7251575413808]",12.489799071315627,"[5.356987630177116, 7.132811441138512]",24.197314271154347,0.0,[],11.436952565750195,0.0,0.0,0.0,"[6.327563750212511, 5.109388815537684]",[],"[0.0, 0.0]",[],"[13.660419872339773, 10.536894398814573]"
102,0,1775,True,True,1.0,3.99,4,4,True,3,7,28.943138997986733,"[11.244566440068414, 8.378372875018796, 4.450719128073969, 4.869480554825555]",15.287824209214829,"[5.385380911626682, 4.267565421257331, 2.735780459948848, 2.8990974163819665]",27.402652487074988,16.458692327215356,"[5.210782095539556, 5.5694937317413, 5.6784164999344995]",14.687034469959245,9.418890007613989,10.687034469959245,6.418890007613989,"[1.975, 5.012602726291896, 3.879558644072904, 3.819873099594444]","[3.0322050172604267, 3.172102555379107, 3.2145824349744547]","[0.9750000000000001, 4.012602726291896, 2.879558644072904, 2.819873099594444]","[2.0322050172604267, 2.172102555379107, 2.2145824349744547]","[2.5, 10.28872493920999, 7.383483702751036, 7.230443845113959]"
102,0,1776,True,True,1.0,3.99,6,6,True,2,8,56.80208397652291,"[21.76020624293837, 4.679506269535609, 20.53672675591982, 2.627331494211353, 2.5, 4.69831321391776]",28.15281275084394,"[9.486480434745964, 2.825007445118888, 9.00932343480873, 2.0246592827424275, 1.975, 2.832342153427926]",59.82106694128502,12.3718814596666,"[7.149135616700866, 5.222745842965735]",29.33021610710116,6.825033769269974,23.33021610710116,4.825033769269974,"[3.9933209844560227, 5.730653321647739, 6.153839133302332, 1.975, 6.777660329457636, 4.69974233823743]","[3.7881628905133375, 3.0368708787566367]","[2.9933209844560227, 4.730653321647739, 5.153839133302332, 0.9750000000000001, 5.777660329457636, 3.6997423382374293]","[2.7881628905133375, 2.0368708787566367]","[7.675182011425699, 12.129880311917278, 13.214972136672646, 2.5, 14.81451366527599, 9.486518815993408]"
102,0,1777,True,True,1.0,3.99,3,3,True,2,5,30.86139109997946,"[6.125653435402854, 19.122952942591738, 5.61278472198487]",15.035942528991988,"[3.389004839807113, 8.457951647610777, 3.188986041574099]",36.37519965110202,16.427722626463048,"[13.138212196722101, 3.2895104297409477]",17.18632786392979,8.40681182432059,14.186327863929789,6.40681182432059,"[9.042741473885261, 4.518802803829033, 3.624783586215495]","[6.12390275672162, 2.2829090675989696]","[8.042741473885261, 3.518802803829033, 2.624783586215495]","[5.12390275672162, 1.2829090675989696]","[20.622414035603235, 9.022571291869316, 6.7302143236294745]"
102,0,1778,True,False,,0.0,1,1,,0,1,5.1426407133198495,[5.1426407133198495],3.0056298781947413,[3.0056298781947413],4.337838585723325,0.0,[],2.6917570484320965,0.0,0.0,0.0,[2.6917570484320965],[],[0.0],[],[4.337838585723325]
102,0,1779,True,True,1.0,3.99,4,4,True,0,4,45.02077589521835,"[4.562135787630567, 2.6388221403077092, 15.065901660574069, 22.753916306706003]",21.558102599135154,"[2.779232957175921, 2.0291406347200067, 6.875701647623887, 9.874027359615342]",32.45580099051766,0.0,[],16.65776238630189,0.0,12.65776238630189,0.0,"[4.683059233313133, 1.975, 6.404488979133444, 3.595214173855311]",[],"[3.6830592333131333, 0.9750000000000001, 5.404488979133444, 2.595214173855311]",[],"[9.443741623879829, 2.5, 13.857664049060112, 6.65439531757772]"
102,0,1780,True,True,1.0,3.99,6,6,True,3,9,50.0949706333267,"[2.5, 6.32266867554181, 4.588319477910106, 18.528650270299618, 10.674671614822026, 7.480660594753144]",25.537038546997415,"[1.975, 3.465840783461306, 2.7894445963849415, 8.22617360541685, 5.163121929780591, 3.9174576319537264]",33.733803425226924,33.24358493565816,"[13.575457959721167, 13.833453629984456, 5.834673345952541]",19.156183335838502,15.964998124906685,13.156183335838499,12.964998124906685,"[2.6772545773419507, 3.580017060499721, 2.5097655107427523, 2.5178945021922132, 4.6824079565116214, 3.1888437285502413]","[6.294428604291255, 6.395046915693938, 3.275522604921491]","[1.6772545773419505, 2.580017060499721, 1.5097655107427523, 1.517894502192213, 3.682407956511621, 2.1888437285502413]","[5.294428604291255, 5.395046915693938, 2.275522604921491]","[4.3006527624152575, 6.615428360255695, 3.8711936172891086, 3.8920371851082383, 9.44207168336313, 5.612419816795491]"
102,0,1781,True,False,,0.0,2,2,,0,2,27.000922389833498,"[12.881863626493676, 14.119058763339822]",12.530359732035064,"[6.023926814332533, 6.506432917702531]",16.566103856226377,0.0,[],8.460780503928287,0.0,0.0,0.0,"[4.535113877903288, 3.925666626025]",[],"[0.0, 0.0]",[],"[9.064394558726379, 7.5017092975]"
102,0,1782,True,False,,0.0,1,1,,0,1,16.93027613935443,[16.93027613935443],7.602807694348228,[7.602807694348228],14.298309101495272,0.0,[],6.576340549583157,0.0,0.0,0.0,[6.576340549583157],[],[0.0],[],[14.298309101495272]
102,0,1783,True,True,1.0,3.99,3,3,True,2,5,22.250696182018345,"[13.353303581909167, 4.627224797674526, 4.270167802434654]",11.677771510987155,"[6.207788396944575, 2.8046176710930655, 2.665365442949515]",21.11712138141069,10.279976474634832,"[8.204232959679752, 2.0757435149550805]",11.23567733875017,6.009190825107584,8.235677338750168,4.009190825107584,"[2.5970085123223337, 5.457913176959886, 3.1807556494679488]","[4.199650854275103, 1.8095399708324815]","[1.5970085123223337, 4.457913176959886, 2.1807556494679488]","[3.199650854275103, 0.8095399708324814]","[4.094893621339317, 11.430546607589452, 5.59168115248192]"
102,0,1784,True,True,1.0,3.99,5,5,True,2,7,44.152278767909735,"[2.5, 6.8759154659094, 10.29937083076462, 12.71773167827075, 11.759260792964968]",22.219388719484797,"[1.975, 3.681607031704666, 5.016754623998202, 5.9599153545255925, 5.586111709256338]",43.539727808789394,14.235285903041973,"[10.479740595847552, 3.755545307194421]",21.980493845427866,7.55176150218637,16.980493845427866,5.55176150218637,"[6.196409075963321, 2.7066951044805156, 4.441400307463882, 4.625718317480569, 4.010271040039578]","[5.087098832380546, 2.4646626698058243]","[5.196409075963321, 1.7066951044805154, 3.441400307463882, 3.625718317480569, 3.010271040039578]","[4.087098832380546, 1.4646626698058243]","[13.324125835803386, 4.376141293539783, 8.824103352471493, 9.296713634565561, 7.718643692409174]"
102,0,1785,True,True,1.0,3.99,7,7,True,1,8,93.30072566517578,"[11.001474594032452, 9.009853901047446, 16.006576226062585, 7.360804498841003, 22.14711017827096, 17.954074263596727, 9.820832003324604]",43.38728300941855,"[5.290575091672657, 4.513843021408504, 7.2425647281644085, 3.8707137545479915, 9.637372969525675, 8.002088962802723, 4.830124481296595]",56.28977338923337,17.155191898636126,[17.155191898636126],28.95301162180101,7.69052484046809,21.95301162180101,6.69052484046809,"[5.6191657560640795, 2.277848340946064, 1.975, 5.4085993366658425, 5.873216721453327, 4.405835034869703, 3.3933464318019957]",[7.69052484046809],"[4.6191657560640795, 1.2778483409460641, 0.9750000000000001, 4.4085993366658425, 4.873216721453327, 3.405835034869703, 2.3933464318019957]",[6.69052484046809],"[11.844014759138666, 3.2765342075540107, 2.5, 11.304100863245749, 12.495427490905966, 8.73291034581975, 6.136785722569219]"
102,0,1786,True,False,,0.0,1,1,,0,1,3.2626004749817437,[3.2626004749817437],2.27241418524288,[2.27241418524288],4.6923143219918995,0.0,[],2.8300025855768407,0.0,0.0,0.0,[2.8300025855768407],[],[0.0],[],[4.6923143219918995]
102,0,1787,True,False,,0.0,1,1,,0,1,2.5,[2.5],1.975,[1.975],4.857143795107726,0.0,[],2.894286080092013,0.0,0.0,0.0,[2.894286080092013],[],[0.0],[],[4.857143795107726]
102,0,1788,True,True,1.0,3.99,3,3,True,0,3,33.28336029995691,"[9.669516985010796, 15.439754197354922, 8.174089117591192]",15.980510516983195,"[4.77111162415421, 7.02150413696842, 4.187894755860565]",22.90525065748997,0.0,[],11.933047756421088,0.0,8.933047756421088,0.0,"[6.249413064260115, 2.5806179359870245, 3.103016756173948]",[],"[5.249413064260115, 1.5806179359870245, 2.103016756173948]",[],"[13.46003349810286, 4.052866502530832, 5.392350656856277]"
102,0,1789,True,True,1.0,3.99,4,5,,2,6,45.526371478075994,"[4.399353561514274, 14.911523046897043, 10.128882197737482, 6.086159960905848, 10.000452711021348]",22.75528487644964,"[2.715747888990567, 6.815493988289847, 4.950264057117618, 3.373602384753281, 4.900176557298326]",63.886547378609464,16.84744937829749,"[10.434551674798557, 6.412897703498932]",29.915753477657688,8.570505257536022,24.915753477657688,6.570505257536022,"[3.0340522229341085, 2.5983747828632984, 7.335338387294091, 9.378450939366283, 7.56953714519991]","[5.069475153171438, 3.5010301043645837]","[2.0340522229341085, 1.5983747828632986, 6.335338387294091, 8.378450939366283, 6.56953714519991]","[4.069475153171438, 2.5010301043645837]","[5.215518520343868, 4.098396879136663, 16.244457403318183, 21.483207536836623, 16.84496703897413]"
102,0,1790,True,True,1.0,3.99,3,3,True,0,3,29.698444853703233,"[11.797376043559613, 7.684936322015708, 10.216132488127911]",14.58239349294426,"[5.600976656988249, 3.997125165586126, 4.984291670369886]",46.720337215000725,0.0,[],21.22093151385028,0.0,18.22093151385028,0.0,"[6.699814472846993, 5.5900984968563385, 8.931018544146951]",[],"[5.699814472846993, 4.5900984968563385, 7.931018544146951]",[],"[14.614908904735879, 11.769483325272663, 20.33594498499218]"
102,0,1791,True,False,,0.0,2,2,,0,2,14.888617569822513,"[5.993628594014952, 8.89498897580756]",7.8065608522307794,"[3.3375151516658312, 4.469045700564949]",18.176469057858505,0.0,[],9.088822932564817,0.0,0.0,0.0,"[2.4642543839782283, 6.624568548586588]",[],"[0.0, 0.0]",[],"[3.7544984204569953, 14.421970637401508]"
102,0,1792,True,True,1.0,3.99,3,3,True,2,5,27.661164827053625,"[9.077808443814696, 9.35470288833895, 9.228653494899978]",13.787854282550915,"[4.540345293087732, 4.648334126452191, 4.599174863010992]",35.27459555683201,11.232631421523706,"[3.8304443829022237, 7.4021870386214825]",16.757092267164488,6.380726254394245,13.757092267164486,4.380726254394245,"[8.230145818460763, 4.836572298768402, 3.6903741499353213]","[2.4938733093318675, 3.8868529450623783]","[7.230145818460762, 3.8365722987684028, 2.6903741499353213]","[1.4938733093318672, 2.8868529450623783]","[18.53883543195067, 9.83736486863693, 6.898395256244413]"
102,0,1793,True,True,1.0,3.99,6,6,True,1,7,47.42931574977541,"[3.7431328845398797, 13.247380118918466, 3.168026893129281, 11.01886256434201, 11.190331209574678, 5.061582079271094]",24.497433142412408,"[2.459821824970553, 6.166478246378202, 2.2355304883204195, 5.297356400093384, 5.364229171734125, 2.974017010915727]",43.11177722669176,3.271275673733139,[3.271275673733139],22.813593118409788,2.2757975127559242,16.813593118409788,1.2757975127559242,"[3.4108917336953954, 2.8813099323229103, 3.377896372349659, 4.248226392506281, 5.81069047148296, 3.084578216052582]",[2.2757975127559242],"[2.4108917336953954, 1.8813099323229103, 2.377896372349659, 3.2482263925062806, 4.81069047148296, 2.084578216052582]",[1.2757975127559242],"[6.181773676142039, 4.823871621340795, 6.097170185511946, 8.328785621810976, 12.33510377303323, 5.345072348852774]"
102,0,1794,True,True,1.0,3.99,4,4,True,1,5,26.730617990386882,"[3.494315144248187, 2.7296636613917618, 2.5, 18.006639184746934]",14.424941016250886,"[2.362782906256793, 2.064568827942787, 1.975, 8.022589282051305]",50.64489760434806,11.886093030809706,[11.886093030809706],23.751510065695744,5.635576282015785,19.751510065695744,4.635576282015785,"[5.939954067283652, 8.435012007345897, 4.192465930762059, 5.184078060304138]",[5.635576282015785],"[4.939954067283652, 7.435012007345897, 3.192465930762059, 4.184078060304138]",[4.635576282015785],"[12.666548890470901, 19.064133352168966, 8.185810078877074, 10.728405282831122]"
102,0,1795,True,True,1.0,3.99,4,4,True,2,6,60.704399526220286,"[12.796516172930158, 14.353183283837481, 22.14199556398257, 11.412704505470074]",27.674715815225913,"[5.990641307442762, 6.597741480696618, 9.635378269953202, 5.450954757133329]",48.722085953772236,16.004365085401872,"[7.379085314905179, 8.625279770496691]",23.001613521971173,8.24170238330673,19.001613521971173,6.24170238330673,"[3.0468346865142664, 7.125393742210221, 7.339531794060762, 5.489853299185922]","[3.87784327281302, 4.36385911049371]","[2.0468346865142664, 6.125393742210221, 6.339531794060762, 4.489853299185922]","[2.87784327281302, 3.36385911049371]","[5.248294067985298, 15.706137800539029, 16.255209728360928, 11.51244435688698]"
102,0,1796,True,True,1.0,3.99,6,6,True,3,9,47.60919776711123,"[11.870361414760211, 4.511409728269457, 9.752565724040279, 2.5, 4.002982266990158, 14.971878633051126]",24.56758712917338,"[5.629440951756482, 2.7594497940250884, 4.803500632375709, 1.975, 2.5611630841261617, 6.839032666889939]",39.554558134383704,40.118276784981575,"[11.557179314802598, 7.859497908831543, 20.701599561347436]",21.426277672409643,18.646127946142812,15.426277672409643,15.646127946142816,"[2.2435521538273955, 4.217721933605668, 3.559861173636434, 2.7738122526838023, 5.794479866778822, 2.8368502918775222]","[5.507299932773013, 4.065204184444301, 9.0736238289255]","[1.2435521538273955, 3.2177219336056684, 2.559861173636434, 1.7738122526838023, 4.794479866778822, 1.8368502918775222]","[4.507299932773013, 3.0652041844443016, 8.0736238289255]","[3.1885952662240906, 8.250569060527354, 6.563746599067779, 4.548236545343083, 12.293538119945698, 4.709872543275698]"
102,0,1797,True,False,,0.0,2,2,,0,2,24.674545548628572,"[10.172982668705139, 14.501562879923435]",11.623072763965144,"[4.967463240795004, 6.65560952317014]",18.962725706777693,0.0,[],9.395463025643302,0.0,0.0,0.0,"[6.928886560708799, 2.4665764649345023]",[],"[0.0, 0.0]",[],"[15.202273232586663, 3.7604524741910312]"
102,0,1798,True,False,,0.0,1,1,,0,1,4.858649183318782,[4.858649183318782],2.894873181494325,[2.894873181494325],8.52727161874027,0.0,[],4.325635931308705,0.0,0.0,0.0,[4.325635931308705],[],[0.0],[],[8.52727161874027]
102,0,1799,True,True,1.0,3.99,3,3,True,4,7,37.10395357513491,"[10.318635015201806, 20.063210626060197, 6.722107933872905]",17.470541894302613,"[5.024267655928704, 8.824652144163476, 3.6216220942104327]",20.171583940035045,53.40946611816783,"[18.768169756605623, 4.69436923981834, 22.23710592995428, 7.709821191789586]",10.866917736613669,24.829691786085455,7.866917736613668,20.82969178608545,"[3.7618921973824424, 3.9933591181028363, 3.1116664211283895]","[8.319586205076194, 2.8308040035291526, 9.67247131268217, 4.006830264797939]","[2.7618921973824424, 2.9933591181028363, 2.1116664211283895]","[7.3195862050761935, 1.8308040035291528, 8.67247131268217, 3.0068302647979386]","[7.081774865083185, 7.675279790007273, 5.414529284944589]"
102,0,1800,True,False,,0.0,2,2,,0,2,12.762260919941,"[2.5, 10.262260919941]",6.977281758776989,"[1.975, 5.00228175877699]",13.820841475336625,0.0,[],7.3901281753812835,0.0,0.0,0.0,"[3.2783320779729173, 4.111796097408367]",[],"[0.0, 0.0]",[],"[5.84187712300748, 7.978964352329145]"
102,0,1801,True,True,1.0,3.99,5,5,True,3,8,46.706818291839014,"[10.969065199633606, 6.143275116318475, 6.201617553065589, 15.035041962895043, 8.357818459926298]",23.215659133817216,"[5.2779354278571065, 3.395877295364205, 3.4186308456955796, 6.863666365529067, 4.259549199371256]",41.96333803700611,22.440695146984112,"[10.61035168498391, 6.607335510128219, 5.2230079518719865]",21.365701834432386,11.751871107323804,16.365701834432386,8.751871107323804,"[9.253431637995618, 2.343738234467346, 5.340569718258938, 1.975, 2.4529622437104837]","[5.138037157143724, 3.5768608489500053, 3.0369731012300747]","[8.253431637995618, 1.3437382344673463, 4.340569718258938, 0.9750000000000001, 1.4529622437104837]","[4.138037157143724, 2.5768608489500053, 2.0369731012300747]","[21.162645225629788, 3.445482652480375, 11.129665944253686, 2.5, 3.725544214642266]"
102,0,1802,True,False,,0.0,1,1,,0,1,6.551266532524635,[6.551266532524635],3.5549939476846077,[3.5549939476846077],10.225676434448381,0.0,[],4.988013809434869,0.0,0.0,0.0,[4.988013809434869],[],[0.0],[],[10.225676434448381]
102,0,1803,True,True,1.0,3.99,3,3,True,3,6,48.15181543911136,"[34.687918053405376, 6.3519136649299615, 7.1119837207760215]",21.779208021253428,"[14.528288040828096, 3.477246329322685, 3.7736736511026483]",36.03558517577716,21.075926872576556,"[7.283939972136742, 9.735107634953621, 4.0568792654861925]",17.053878218553095,11.219611480304856,14.053878218553095,8.219611480304856,"[6.5842767161602715, 5.985497108609471, 4.48410439378335]","[3.8407365891333294, 4.796691977631912, 2.582182913539615]","[5.5842767161602715, 4.985497108609471, 3.4841043937833502]","[2.8407365891333294, 3.7966919776319124, 1.582182913539615]","[14.318658246564798, 12.783325919511464, 8.933601009700897]"
102,0,1804,True,False,,0.0,2,2,,0,2,29.498187223897617,"[16.570056438601483, 12.928130785296132]",13.50429301732007,"[7.462322011054579, 6.041971006265491]",17.25184052088611,0.0,[],8.728217803145583,0.0,0.0,0.0,"[6.753217803145582, 1.975]",[],"[0.0, 0.0]",[],"[14.751840520886109, 2.5]"
102,0,1805,True,True,1.0,3.99,3,3,True,0,3,21.53702760227791,"[6.495763114751803, 6.188604150520605, 8.852660337005503]",11.399440764888386,"[3.533347614753203, 3.413555618703036, 4.452537531432146]",29.32795941811531,0.0,[],14.437904173064974,0.0,11.437904173064974,0.0,"[5.215967566448634, 5.3111863400639105, 3.910750266552428]",[],"[4.215967566448634, 4.3111863400639105, 2.910750266552428]",[],"[10.810173247304188, 11.054323948881821, 7.463462221929302]"
102,0,1806,True,False,,0.0,1,1,,0,1,4.166867311275335,[4.166867311275335],2.6250782513973805,[2.6250782513973805],6.558612483079549,0.0,[],3.557858868401024,0.0,0.0,0.0,[3.557858868401024],[],[0.0],[],[6.558612483079549]
102,0,1807,True,False,,0.0,2,2,,0,2,20.5334672052729,"[15.109166942385606, 5.424300262887293]",10.00805221005643,"[6.892575107530386, 3.1154771025260444]",12.467704889873145,0.0,[],6.862404907050527,0.0,0.0,0.0,"[4.436284994599346, 2.4261199124511807]",[],"[0.0, 0.0]",[],"[8.810987165639348, 3.656717724233797]"
102,0,1808,True,True,1.0,3.99,4,4,True,1,5,44.53286218717089,"[8.524913991641952, 7.414704628325191, 11.37516811403431, 17.21807545316944]",21.367816252996647,"[4.3247164567403615, 3.891734805046825, 5.4363155644733805, 7.715049426736082]",35.77701053695479,5.638432827141274,[5.638432827141274],17.953034109412368,3.198988802585097,13.953034109412368,2.198988802585097,"[3.288802994746632, 5.2720410261331345, 3.0315129664175444, 6.3606771221150575]",[3.198988802585097],"[2.288802994746632, 4.2720410261331345, 2.0315129664175444, 5.3606771221150575]",[2.198988802585097],"[5.868725627555467, 10.953951349059318, 5.209007606198831, 13.745325954141173]"
102,0,1809,True,True,1.0,3.99,3,3,True,4,7,39.6597370728247,"[6.748893072717945, 11.114569111332962, 21.796274888773794]",18.46729745840163,"[3.632068298359999, 5.334681953419855, 9.50054720662178]",20.763355052139048,33.68825381012855,"[15.986544972020237, 7.886171938394182, 4.659933583721444, 5.155603315992686]",11.09770847033423,17.138418985950135,8.09770847033423,13.138418985950135,"[2.8215290565549713, 3.4153894100615405, 4.860790003717717]","[7.234752539087893, 4.075607055973731, 2.8173740976513635, 3.010685293237148]","[1.821529056554971, 2.4153894100615405, 3.8607900037177174]","[6.234752539087893, 3.075607055973731, 1.8173740976513633, 2.010685293237148]","[4.670587324499926, 6.193306179644975, 9.899461547994147]"
102,0,1810,True,False,,0.0,1,1,,0,1,8.401905779493857,[8.401905779493857],4.2767432540026045,[4.2767432540026045],11.725330742856343,0.0,[],5.572878989713974,0.0,0.0,0.0,[5.572878989713974],[],[0.0],[],[11.725330742856343]
102,0,1811,True,True,1.0,3.99,4,4,True,1,5,31.858778286537863,"[6.236808639363566, 13.85145566349317, 9.016504834383694, 2.7540091492974317]",16.42492353174977,"[3.432355369351791, 6.4020677087623366, 4.516436885409641, 2.0740635682259985]",47.04443188866245,8.941180037913998,[8.941180037913998],22.34732843657836,4.487060214786459,18.34732843657836,3.4870602147864593,"[3.5860668818077497, 3.625446131131188, 9.114356278899646, 6.021459144739774]",[4.487060214786459],"[2.5860668818077497, 2.625446131131188, 8.114356278899646, 5.021459144739774]",[3.4870602147864593],"[6.630940722583974, 6.731913156746635, 20.806041740768322, 12.875536268563522]"
102,0,1812,True,False,,0.0,1,1,,0,1,15.441999625232384,[15.441999625232384],7.02237985384063,[7.02237985384063],12.480215537673747,0.0,[],5.867284059692762,0.0,0.0,0.0,[5.867284059692762],[],[0.0],[],[12.480215537673747]
102,0,1813,True,True,1.0,3.99,6,6,True,0,6,65.4896379734049,"[9.545775488514051, 7.424021389992342, 15.777951278023018, 8.37105951586939, 15.329334732919136, 9.041495568086956]",31.54095880962791,"[4.72285244052048, 3.8953683420970138, 7.153400998428977, 4.264713211189062, 6.978440545838463, 4.526183271553913]",62.78982794458556,0.0,[],30.488032898388365,0.0,24.488032898388365,0.0,"[2.5095037988764717, 2.295726845810759, 10.25185004910602, 6.902846739793866, 4.35658889424753, 4.17151657055372]",[],"[1.5095037988764717, 1.295726845810759, 9.25185004910602, 5.902846739793866, 3.3565888942475297, 3.1715165705537203]",[],"[3.8705225612217222, 3.3223765277198947, 23.72269243360518, 15.135504461009914, 8.60663819037828, 8.132093770650565]"
102,0,1814,True,True,1.0,3.99,3,3,True,4,7,18.057192483688546,"[4.8584751082579505, 2.6971226916336026, 10.501594683796993]",10.042305068638534,"[2.8948052922206005, 2.051877849737105, 5.095621926680828]",40.71690600336849,47.51206040341174,"[12.41569324683671, 6.321935413375488, 6.011496256955075, 22.76293548624447]",18.879593341313715,22.529703557330578,15.879593341313715,18.529703557330578,"[1.975, 8.156517208212282, 8.748076133101431]","[5.842120366266317, 3.4655548112164407, 3.3444835402124795, 9.877544839635343]","[0.9750000000000001, 7.156517208212282, 7.748076133101432]","[4.842120366266317, 2.4655548112164407, 2.3444835402124795, 8.877544839635343]","[2.5, 18.350044123621235, 19.866861879747262]"
102,0,1815,True,False,,0.0,1,1,,0,1,10.354916047648443,[10.354916047648443],5.038417258582893,[5.038417258582893],13.735778051297032,0.0,[],6.356953440005843,0.0,0.0,0.0,[6.356953440005843],[],[0.0],[],[13.735778051297032]
102,0,1816,True,False,,0.0,2,2,,0,2,13.48163414266611,"[7.698432175899626, 5.783201966766484]",7.257837315639783,"[4.002388548600854, 3.2554487670389287]",21.065157916084424,0.0,[],10.215411587272925,0.0,0.0,0.0,"[6.782753758236599, 3.4326578290363265]",[],"[0.0, 0.0]",[],"[14.827573739068203, 6.237584177016221]"
102,0,1817,True,True,1.0,3.99,5,5,True,4,9,82.61576163776013,"[15.363230704165915, 8.965102649433756, 10.81163487767361, 25.443527985303348, 22.032265421183507]",37.22014703872645,"[6.991659974624707, 4.496390033279165, 5.216537602292708, 10.922975914268306, 9.592583514261568]",26.943800580680254,19.408009708417282,"[6.7719242310009555, 4.34435349330129, 4.357669827575575, 3.9340621565394613]",15.508082226465298,11.569123786282741,10.508082226465298,7.5691237862827405,"[3.783674506771423, 1.975, 2.6092042372237594, 2.6014863395917533, 4.538717142878362]","[3.641050450090373, 2.6942978623875034, 2.6994912327544744, 2.53428424105039]","[2.783674506771423, 0.9750000000000001, 1.6092042372237594, 1.6014863395917533, 3.538717142878362]","[2.641050450090373, 1.6942978623875034, 1.6994912327544742, 1.53428424105039]","[7.137626940439546, 2.5, 4.126164710830152, 4.1063752297224445, 9.073633699688108]"
102,0,1818,True,True,1.0,3.99,7,7,True,1,8,42.96505547989694,"[6.309581886825389, 3.265442238201153, 14.63084312883824, 6.655683123111956, 5.042725022184034, 3.3669721314784598, 3.6938079492577027]",23.756371637159805,"[3.4607369358619016, 2.27352247289845, 6.706028820246914, 3.5957164180136627, 2.9666627586517733, 2.3131191312765993, 2.4405851002105043]",49.96755164648208,25.920804574011314,[25.920804574011314],26.487345142128014,11.109113783864412,19.487345142128014,10.109113783864412,"[4.23884635184439, 2.895122515437741, 4.349217007899602, 3.4297201287659584, 2.375447769767635, 3.6282519736331453, 5.570739394779542]",[11.109113783864412],"[3.2388463518443897, 1.8951225154377411, 3.3492170078996026, 2.4297201287659584, 1.3754477697676348, 2.6282519736331453, 4.570739394779542]",[10.109113783864412],"[8.304734235498435, 4.859288501122413, 8.587735917691289, 6.2300516122204055, 3.5267891532503457, 6.739107624700373, 11.719844601998824]"
102,0,1819,True,False,,0.0,2,2,,0,2,6.135601245086228,"[2.5, 3.6356012450862276]",4.392884485583629,"[1.975, 2.417884485583629]",10.254531399552743,0.0,[],5.999267245825569,0.0,0.0,0.0,"[2.524212030812725, 3.4750552150128446]",[],"[0.0, 0.0]",[],"[3.908235976442885, 6.346295423109858]"
102,0,1820,True,False,,0.0,1,1,,0,1,6.641244312589951,[6.641244312589951],3.590085281910081,[3.590085281910081],10.472461988281177,0.0,[],5.084260175429659,0.0,0.0,0.0,[5.084260175429659],[],[0.0],[],[10.472461988281177]
102,0,1821,True,True,1.0,3.99,5,2,,2,7,26.952748287027106,"[10.451908553229961, 16.500839733797147]",12.511571831940572,"[5.076244335759685, 7.4353274961808875]",19.07246609023089,19.165828934018467,"[14.456715341369634, 4.709113592648834]",9.438261775190046,9.474673284267203,7.438261775190047,7.474673284267203,"[3.5887076004071776, 5.849554174782869]","[6.638118983134158, 2.836554301133045]","[2.5887076004071776, 4.849554174782869]","[5.638118983134158, 1.8365543011330454]","[6.63771179591584, 12.434754294315049]"
102,0,1822,True,True,1.0,3.99,3,3,True,3,6,38.412492330369346,"[20.29347909519138, 10.212923992924946, 7.906089242253022]",17.980872008844045,"[8.914456847124638, 4.9830403572407285, 4.083374804478678]",24.581958766633367,30.680685106502047,"[7.052767005635595, 10.785016911651098, 12.842901189215354]",12.586963918987013,14.9654671915358,9.586963918987013,11.965467191535799,"[2.7812459266161245, 5.7112308890717065, 4.094487103299183]","[3.750579132197882, 5.206156595543929, 6.008731463793988]","[1.7812459266161245, 4.7112308890717065, 3.094487103299183]","[2.750579132197882, 4.206156595543929, 5.008731463793988]","[4.567297247733652, 12.080079202747966, 7.934582316151751]"
102,0,1823,True,False,,0.0,2,2,,0,2,15.859711779860602,"[10.881989487437123, 4.977722292423479]",8.185287594145635,"[5.2439759001004775, 2.941311694045157]",10.30534093927692,0.0,[],6.019082966317999,0.0,0.0,0.0,"[2.1108184123880505, 3.908264553929948]",[],"[0.0, 0.0]",[],"[2.8482523394565398, 7.45708859982038]"
102,0,1824,True,True,1.0,3.99,4,4,True,1,5,40.163167589969824,"[8.046663535279855, 6.3001269546264105, 13.461578413194, 12.354798686869557]",19.66363536008823,"[4.138198778759143, 3.4570495123043004, 6.25001558114566, 5.818371487879127]",44.52639202218495,7.2049427847652305,[7.2049427847652305],21.36529288865213,3.80992768605844,17.36529288865213,2.80992768605844,"[5.379956582675555, 1.975, 2.309598285569445, 11.700738020407131]",[3.80992768605844],"[4.379956582675555, 0.9750000000000001, 1.309598285569445, 10.700738020407131]",[2.80992768605844],"[11.230657904296294, 2.5, 3.3579443219729357, 27.43778979591572]"
102,0,1825,True,True,1.0,3.99,3,3,True,2,5,38.23333927111229,"[7.525824291317574, 9.078954421333945, 21.628560558460773]",17.911002315733793,"[3.9350714736138537, 4.5407922243202385, 9.435138617799701]",49.73771135576598,20.740909286612045,"[14.962518709922895, 5.778390576689151]",22.39770742874873,10.088954621778699,19.39770742874873,8.088954621778699,"[11.725137428411498, 6.008786954675459, 4.6637830456617735]","[6.83538229686993, 3.253572324908769]","[10.725137428411498, 5.008786954675459, 3.663783045661774]","[5.83538229686993, 2.253572324908769]","[27.500352380542303, 12.84304347352682, 9.394315501696855]"
102,0,1826,True,True,1.0,3.99,4,4,True,2,6,43.77441863466801,"[10.382267606594091, 4.933369082727828, 14.65279973166075, 13.805982213685338]",21.07202326752052,"[5.049084366571695, 2.924013942263853, 6.714591895347692, 6.384333063337282]",44.06685017564995,10.168281611345819,"[3.199500872546425, 6.968780738799395]",21.186071568503483,5.96562982842487,17.18607156850348,3.96562982842487,"[6.084782560969854, 9.02533469685262, 2.253522556025042, 3.822431754655965]","[2.2478053402931057, 3.717824488131764]","[5.084782560969854, 8.02533469685262, 1.2535225560250418, 2.822431754655965]","[1.2478053402931057, 2.717824488131764]","[13.037904002486806, 20.577781273981074, 3.21416040006421, 7.237004499117859]"
102,0,1827,True,True,1.0,3.99,3,3,True,5,8,29.796311035481104,"[15.458112332718986, 2.5, 11.838198702762119]",14.620561303837633,"[7.028663809760405, 1.975, 5.616897494077227]",46.21804585023166,54.75177889408837,"[2.7970469215382536, 12.89181872437854, 12.716385905327195, 7.675971188373489, 18.670556154470887]",21.025037881590347,26.353193768694467,18.025037881590347,21.353193768694467,"[4.285113408225717, 8.426889792116441, 8.313034681248189]","[2.090848299399919, 6.027809302507631, 5.959390503077606, 3.9936287634656606, 8.281516900243647]","[3.285113408225717, 7.426889792116441, 7.313034681248189]","[1.090848299399919, 5.027809302507631, 4.959390503077606, 2.9936287634656606, 7.281516900243647]","[8.423367713399275, 19.043307159272924, 18.751370977559457]"
102,0,1828,True,True,1.0,3.99,3,3,True,2,5,30.091811497916773,"[15.057498626722646, 5.716516077081497, 9.317796794112633]",14.735806484187544,"[6.872424464421832, 3.229441270061784, 4.633940749703926]",19.993718907834836,11.971725794778875,"[7.779773407749126, 4.191952387029749]",10.797550374055586,6.668973059963761,7.797550374055586,4.668973059963761,"[2.473239150136057, 5.184404197324101, 3.1399070265954285]","[4.034111629022159, 2.6348614309416023]","[1.473239150136057, 4.184404197324101, 2.1399070265954285]","[3.034111629022159, 1.6348614309416023]","[3.7775362824001464, 10.729241531600259, 5.486941093834432]"
102,0,1829,True,True,1.0,3.99,3,3,True,1,4,31.421134869166895,"[7.608837822675756, 6.88577351667137, 16.926523529819768]",15.25424259897509,"[3.967446750843545, 3.6854516715018346, 7.60134417662971]",25.359432988066935,5.067730284096911,[5.067730284096911],12.890178865346106,2.9764148107977952,9.890178865346106,1.9764148107977955,"[3.1522824057737915, 5.848569144122837, 3.889327315449478]",[2.9764148107977952],"[2.1522824057737915, 4.848569144122837, 2.889327315449478]",[1.9764148107977955],"[5.518672835317414, 12.43222857467394, 7.408531578075584]"
102,0,1830,True,True,1.0,3.99,6,6,True,1,7,44.55635597691388,"[11.305130404040831, 9.08350241601367, 6.072626349902144, 7.04504114992119, 6.489471074585999, 4.56058458245004]",23.37697883099641,"[5.409000857575924, 4.542565942245332, 3.3683242764618364, 3.747566048469264, 3.5308937190885397, 2.7786279871555157]",37.3595982730427,6.799350782625377,[6.799350782625377],20.570243326486654,3.6517468052238975,14.570243326486656,2.6517468052238975,"[4.2796611989037086, 3.1807202182095082, 2.7620382217054003, 5.487028453438516, 2.111156411701552, 2.74963882252797]",[3.6517468052238975],"[3.2796611989037086, 2.1807202182095082, 1.7620382217054, 4.487028453438516, 1.111156411701552, 1.7496388225279702]",[2.6517468052238975],"[8.409387689496688, 5.591590303101303, 4.518046722321539, 11.50520116266286, 2.8491190043629535, 4.486253391097359]"
102,0,1831,True,True,1.0,3.99,3,3,True,2,5,36.22555977578485,"[13.320545651930727, 8.113218778950818, 14.791795344903306]",17.127968312556092,"[6.1950128042529835, 4.164155323790819, 6.76880018451229]",17.89867027838543,8.278702731211407,"[3.826297242165876, 4.452405489045531]",9.980481408570318,5.228694065172449,6.980481408570318,3.2286940651724487,"[4.364407902782047, 2.5193739000262827, 3.0966996057619887]","[2.4922559244446916, 2.736438140727757]","[3.3644079027820473, 1.519373900026283, 2.0966996057619887]","[1.4922559244446918, 1.7364381407277572]","[8.626686930210377, 3.8958305128879047, 5.37615283528715]"
102,0,1832,True,False,,0.0,2,2,,0,2,10.261499580953005,"[3.966634526535241, 6.294865054417764]",6.001984836571673,"[2.546987465348744, 3.454997371222928]",19.654367431122523,0.0,[],9.665203298137786,0.0,0.0,0.0,"[6.124690151729188, 3.540513146408598]",[],"[0.0, 0.0]",[],"[13.140231158279967, 6.514136272842558]"
102,0,1833,True,True,1.0,3.99,4,4,True,3,7,32.052357243362664,"[4.824565555843768, 18.675433273759314, 2.5, 6.052358413759585]",16.50041932491144,"[2.8815805667790695, 8.283418976766132, 1.975, 3.360419781366238]",24.807564486560448,33.725882827225895,"[9.978930569216155, 14.235054275781184, 9.511897982228556]",13.674950149758574,16.1530943026181,9.674950149758576,13.1530943026181,"[5.58100659339864, 2.7897848591886447, 2.1404904195022816, 3.1636682776690095]","[4.8917829219943005, 6.551671167554662, 4.709640213069137]","[4.58100659339864, 1.789784859188645, 1.1404904195022814, 2.1636682776690095]","[3.8917829219943005, 5.551671167554662, 3.709640213069137]","[11.746170752304204, 4.589191946637551, 2.924334408980209, 5.547867378638485]"
102,0,1834,True,False,,0.0,2,2,,0,2,45.50017338272074,"[7.8358983757195375, 37.6642750070012]",19.74506761926109,"[4.05600036653062, 15.689067252730469]",24.130661661911507,0.0,[],11.410958048145488,0.0,0.0,0.0,"[8.070576114136376, 3.340381934009112]",[],"[0.0, 0.0]",[],"[18.129682343939425, 6.000979317972082]"
102,0,1835,True,False,,0.0,2,2,,0,2,16.174707787445165,"[7.793649674851288, 8.381058112593877]",8.308136037103615,"[4.039523373192003, 4.268612663911612]",26.577417392534834,0.0,[],12.365192783088585,0.0,0.0,0.0,"[5.960692312502034, 6.404500470586552]",[],"[0.0, 0.0]",[],"[12.719723878210342, 13.85769351432449]"
102,0,1836,True,True,1.0,3.99,5,5,True,0,5,40.589448001191265,"[15.130337930585606, 8.919385055025066, 9.742255030368803, 2.708420839490401, 4.089049145721388]",20.829884720464594,"[6.900831792928386, 4.478560171459776, 4.799479461843833, 2.0562841274012564, 2.5947291668313417]",35.144154092666184,0.0,[],18.706220096139813,0.0,13.706220096139813,0.0,"[4.139908649484193, 5.041312332491841, 4.0417296345719995, 2.5854912976418163, 2.8977781819499637]",[],"[3.139908649484193, 4.041312332491841, 3.0417296345719995, 1.585491297641816, 1.8977781819499637]",[],"[8.051047819190238, 10.362339314081643, 7.799306755312819, 4.065362301645682, 4.866097902435804]"
102,0,1837,True,True,1.0,3.99,3,3,True,3,6,28.030760293647198,"[10.170061783521497, 6.959692356055405, 10.901006154070297]",13.931996514522407,"[4.966324095573384, 3.7142800188616083, 5.251392400087416]",28.128603800649028,25.12920830548362,"[5.802902391501403, 9.671354941371963, 9.654950972610253]",13.970155482253121,12.800391239138612,10.970155482253121,9.800391239138612,"[5.367534413715336, 6.512810267032078, 2.089810801505708]","[3.2631319326855475, 4.771828427135066, 4.765430879317998]","[4.367534413715336, 5.512810267032078, 1.089810801505708]","[2.2631319326855475, 3.7718284271350657, 3.7654308793179987]","[11.19880618901368, 14.135410941107892, 2.794386670527456]"
102,0,1838,True,True,1.0,3.99,3,3,True,1,4,28.71374090987448,"[14.058435954586528, 5.395893099949771, 9.259411855338183]",14.198358954851049,"[6.4827900222887465, 3.104398308980411, 4.6111706235818914]",25.503650218665214,5.327388247077265,[5.327388247077265],12.946423585279433,3.0776814163601336,9.946423585279433,2.0776814163601336,"[3.6335708692715083, 6.430442427255291, 2.8824102887526335]",[3.0776814163601336],"[2.6335708692715083, 5.430442427255291, 1.8824102887526337]",[2.0776814163601336],"[6.752745818644893, 13.924211351936643, 4.826693048083676]"
102,0,1839,True,False,,0.0,2,2,,0,2,15.198426879801016,"[7.271052471752043, 7.927374408048974]",7.927386483122397,"[3.835710463983297, 4.0916760191391]",10.901820699347702,0.0,[],6.251710072745604,0.0,0.0,0.0,"[2.6119609396989825, 3.639749133046622]",[],"[0.0, 0.0]",[],"[4.133233178715339, 6.768587520632363]"
102,0,1840,True,True,1.0,3.99,5,5,True,4,9,44.31157459683966,"[2.5, 6.69694629047703, 14.093909523853705, 10.565423912773667, 10.45529486973526]",22.28151409276747,"[1.975, 3.611809053286042, 6.496624714302945, 5.120515325981731, 5.077564999196752]",50.082652047151406,33.837945199539504,"[10.820288457212946, 8.209876230740269, 3.471365766285524, 11.336414745300761]",24.53223429838905,17.196798627820407,19.532234298389053,13.196798627820405,"[5.639264654295935, 5.228358601944162, 3.6975908738706087, 4.761368149690609, 5.2056520185877355]","[5.219912498313049, 4.2018517299887055, 2.3538326488513546, 5.421201750667297]","[4.639264654295935, 4.228358601944162, 2.6975908738706087, 3.7613681496906093, 4.2056520185877355]","[4.219912498313049, 3.201851729988705, 1.3538326488513543, 4.421201750667297]","[11.895550395630602, 10.841945133190158, 6.916899676591304, 9.644533717155408, 10.783723124583936]"
102,0,1841,True,True,1.0,3.99,4,4,True,1,5,35.41562716558137,"[10.009112683465103, 2.5, 9.363596677447921, 13.542917804668349]",17.812094594576735,"[4.903553946551391, 1.975, 4.651802704204689, 6.281737943820656]",44.39113048996072,7.710395896258524,[7.710395896258524],21.312540891084687,4.0070543995408245,17.312540891084684,3.0070543995408245,"[6.415549455355666, 8.468581062625587, 3.7110911826056907, 2.7173191904977423]",[4.0070543995408245],"[5.415549455355666, 7.468581062625587, 2.7110911826056907, 1.7173191904977423]",[3.0070543995408245],"[13.886024244501707, 19.15020785288612, 6.951515852835104, 4.403382539737801]"
102,0,1842,True,True,1.0,3.99,3,3,True,1,4,32.33584294542594,"[8.61554353157776, 14.845458036574772, 8.874841377273409]",15.610978748716116,"[4.360061977315326, 6.789728634264161, 4.461188137136629]",42.087671020692284,3.9334228707195744,[3.9334228707195744],19.414191698069992,2.534034919580634,16.414191698069992,1.534034919580634,"[5.6060800995799305, 3.923574806871938, 9.884536791618123]",[2.534034919580634],"[4.6060800995799305, 2.923574806871938, 8.884536791618123]",[1.534034919580634],"[11.810461793794692, 7.4963456586459944, 22.780863568251597]"
102,0,1843,True,False,,0.0,1,1,,0,1,10.216674963793366,[10.216674963793366],4.984503235879413,[4.984503235879413],21.222848449680775,0.0,[],9.276910895375503,0.0,0.0,0.0,[9.276910895375503],[],[0.0],[],[21.222848449680775]
102,0,1844,True,False,,0.0,2,2,,0,2,24.581535768841576,"[5.023418084020095, 19.558117684821482]",11.586798949848216,"[2.9591330527678372, 8.627665897080378]",21.50368269177631,0.0,[],10.38643624979276,0.0,0.0,0.0,"[1.975, 8.41143624979276]",[],"[0.0, 0.0]",[],"[2.5, 19.00368269177631]"
102,0,1845,True,False,,0.0,1,1,,0,1,14.403752594051419,[14.403752594051419],6.617463511680054,[6.617463511680054],4.927827683375067,0.0,[],2.9218527965162764,0.0,0.0,0.0,[2.9218527965162764],[],[0.0],[],[4.927827683375067]
102,0,1846,True,True,1.0,3.99,3,5,,2,5,42.273413029517094,"[5.194593777086105, 7.2369032229125425, 3.868074665527899, 16.113054318178808, 9.86078704581174]",21.486631081511664,"[3.025891573063581, 3.8223922569358915, 2.5085491195558807, 7.2840911840897355, 4.845706947866579]",34.783848157743385,30.58159900202832,"[16.467689898518003, 14.113909103510315]",18.56570078151992,13.926823610791043,13.565700781519919,11.926823610791043,"[2.027842523938583, 4.364648191115389, 4.489006717584553, 3.7611604327998176, 3.923042916081576]","[7.422399060422022, 6.504424550369023]","[1.027842523938583, 3.364648191115389, 3.489006717584554, 2.7611604327998176, 2.923042916081576]","[6.422399060422022, 5.504424550369023]","[2.635493651124572, 8.627303054142024, 8.946171070729624, 7.079898545640558, 7.494981836106605]"
102,0,1847,True,True,1.0,3.99,5,5,True,0,5,69.10076469247205,"[22.711860070748724, 9.745016056036487, 18.708452684881664, 4.132949029086861, 13.802486851718326]",31.949298230064105,"[9.857625427592003, 4.80055626185423, 8.29629654710385, 2.611850121343876, 6.382969872170148]",49.85227850057888,0.0,[],24.442388615225763,0.0,19.442388615225763,0.0,"[3.7299742692378954, 7.9663869397229226, 5.888496825973297, 3.081076392827442, 3.776454187464208]",[],"[2.7299742692378954, 6.9663869397229226, 4.888496825973297, 2.081076392827442, 2.776454187464208]",[],"[6.999934023686912, 17.86253061467416, 12.534607246085375, 5.3360933149421585, 7.119113301190277]"
102,0,1848,True,True,1.0,3.99,6,6,True,1,7,68.5397459532194,"[6.066634945239739, 19.68353266236225, 9.121602609185723, 11.5950288494636, 5.432699248085375, 16.64024763888271]",32.730500921755564,"[3.365987628643498, 8.676577738321278, 4.557425017582432, 5.522061251290804, 3.118752706753296, 7.4896965791642565]",56.98654716654207,10.599941171164216,[10.599941171164216],28.224753394951406,5.133977056754045,22.224753394951406,4.133977056754045,"[6.3217377072562675, 7.341625676351171, 2.9907946325211183, 2.0396461433670203, 5.24159418544828, 4.289355050007549]",[5.133977056754045],"[5.3217377072562675, 6.341625676351171, 1.9907946325211183, 1.0396461433670203, 4.24159418544828, 3.2893550500075484]",[4.133977056754045],"[13.645481300657096, 16.260578657310695, 5.104601621849021, 2.6657593419667185, 10.87588252679046, 8.434243717968073]"
102,0,1849,True,True,1.0,3.99,3,3,True,0,3,22.665879889460125,"[6.9380667129653375, 6.499041271040996, 9.228771905453792]",11.83969315688945,"[3.705846018056482, 3.5346260957059883, 4.599221043126979]",46.085752117776615,0.0,[],20.973443325932877,0.0,17.973443325932877,0.0,"[6.925508226124424, 4.820033202543245, 9.22790189726521]",[],"[5.925508226124424, 3.820033202543245, 8.22790189726521]",[],"[15.193610836216472, 9.794956929598063, 21.097184351962078]"
102,0,1850,True,True,1.0,3.99,4,4,True,0,4,33.471973367928626,"[9.564244878684987, 11.313443736183793, 9.401825599900196, 3.1924591531596493]",17.054069613492164,"[4.730055502687145, 5.412243057111679, 4.6667119839610764, 2.245059069732263]",34.47331108449003,0.0,[],17.444591322951112,0.0,13.444591322951112,0.0,"[2.4757037979688867, 9.217921067192483, 2.8187315549912384, 2.932234902798503]",[],"[1.475703797968887, 8.217921067192483, 1.8187315549912382, 1.9322349027985029]",[],"[3.783855892227915, 21.071592479980726, 4.663414243567277, 4.9544484687141095]"
102,0,1851,True,True,1.0,3.99,3,3,True,2,5,33.73392975508411,"[3.710825939807289, 12.206481573694774, 17.81662224158205]",16.156232604482806,"[2.447222116524843, 5.7605278137409615, 7.948482674217]",34.56039908159242,20.83135413374493,"[10.935594497958249, 9.895759635786682]",16.478555641821046,10.124228112160523,13.478555641821044,8.124228112160523,"[6.005842289280374, 3.778547605420287, 6.694165747120383]","[5.2648818542037175, 4.8593462579568065]","[5.005842289280374, 2.778547605420287, 5.694165747120383]","[4.2648818542037175, 3.859346257956806]","[12.835493049436856, 7.124481039539197, 14.600424992616366]"
102,0,1852,True,True,1.0,3.99,3,3,True,0,3,20.675391673134058,"[3.9834892081780513, 2.5, 14.191902464956005]",11.063402752522283,"[2.5535607911894402, 1.975, 6.534841961332842]",33.463209317868234,0.0,[],16.050651633968613,0.0,13.050651633968611,0.0,"[7.050163189836104, 4.702245164957583, 4.298243279174924]",[],"[6.050163189836104, 3.702245164957583, 3.2982432791749243]",[],"[15.513238948297701, 9.492936320404059, 8.457034049166472]"
102,0,1853,True,False,,0.0,1,1,,0,1,13.035698778453082,[13.035698778453082],6.083922523596702,[6.083922523596702],8.079372108876441,0.0,[],4.150955122461813,0.0,0.0,0.0,[4.150955122461813],[],[0.0],[],[8.079372108876441]
102,0,1854,True,True,1.0,3.99,6,6,True,3,9,63.63990130178501,"[20.502822439591696, 6.79721862002686, 2.5, 25.66809099344755, 2.5, 5.671769248718903]",30.819561507696157,"[8.996100751440762, 3.6509152618104754, 1.975, 11.010555487444545, 1.975, 3.211990007000372]",47.642098633835715,34.40402546924,"[17.63055855334964, 14.151667315329345, 2.6217996005610096]",24.580418467195926,16.4175699330036,18.580418467195926,13.417569933003598,"[4.7670314727114835, 4.560980548535305, 4.347679783551904, 4.401443866395476, 3.3898390674720034, 3.1134437285297576]","[7.87591783580636, 6.519150252978444, 2.0225018442187936]","[3.767031472711483, 3.560980548535305, 3.347679783551904, 3.401443866395476, 2.3898390674720034, 2.1134437285297576]","[6.87591783580636, 5.519150252978444, 1.0225018442187939]","[9.659055058234571, 9.13071935521873, 8.583794316799754, 8.721650939475579, 6.127792480697444, 5.419086483409635]"
102,0,1855,True,True,1.0,3.99,5,5,True,1,6,33.157766085911426,"[5.500360748117661, 3.853429691815661, 2.5, 4.120947573382992, 17.183028072595114]",17.93152877350546,"[3.1451406917658877, 2.5028375798081077, 1.975, 2.607169553619367, 7.701380948312095]",41.027568131561566,10.397658889684505,[10.397658889684505],21.00075157130901,5.055086966976957,16.00075157130901,4.055086966976957,"[1.975, 4.295698830356633, 5.064591495497501, 6.824581673535785, 2.8408795719190936]",[5.055086966976957],"[0.9750000000000001, 3.295698830356633, 4.064591495497501, 5.824581673535785, 1.8408795719190933]",[4.055086966976957],"[2.5, 8.450509821427264, 10.422029475634616, 14.934824803937909, 4.720204030561778]"
102,0,1856,True,True,1.0,3.99,3,3,True,2,5,19.938077143093476,"[5.146968359245618, 12.291108783847859, 2.5]",10.775850085806455,"[3.0073176601057914, 5.793532425700665, 1.975]",39.585954173060834,8.459019830785897,"[5.845294574514554, 2.613725256271342]",18.438522127493727,5.299017734006499,15.438522127493725,3.2990177340064992,"[7.943060750765098, 7.522403453376764, 2.9730579233518615]","[3.279664884060676, 2.0193528499458235]","[6.943060750765098, 6.522403453376764, 1.9730579233518615]","[2.279664884060676, 1.0193528499458233]","[17.80271987375666, 16.72411141891478, 5.059122880389388]"
102,0,1857,True,True,1.0,3.99,3,3,True,0,3,53.720098837894206,"[22.842879195816025, 24.039214246777252, 6.838005395300934]",23.95083854677874,"[9.908722886368249, 10.375293556243129, 3.6668221041673643]",29.701020498955074,0.0,[],14.58339799459248,0.0,11.58339799459248,0.0,"[2.838868592158741, 4.448838971445181, 7.295690430988557]",[],"[1.8388685921587409, 3.4488389714451806, 6.295690430988557]",[],"[4.7150476722019, 8.843176849859438, 16.142795976893737]"
102,0,1858,True,True,1.0,3.99,3,4,,3,6,42.92474377223983,"[8.666713001696856, 19.78870184804434, 8.956012400828106, 5.513316521670528]",20.740650071173533,"[4.380018070661774, 8.717593720737293, 4.492844836322961, 3.150193443451506]",23.04951491315019,49.889733531771725,"[18.30954803022214, 9.983001049487859, 21.597184452061725]",12.989310816128574,22.456996077390976,8.989310816128574,19.456996077390976,"[5.3853598381245815, 3.3411512029625174, 1.9949173199957932, 2.267882455045683]","[8.140723731786634, 4.893370409300266, 9.422901936304074]","[4.3853598381245815, 2.3411512029625174, 0.9949173199957932, 1.2678824550456829]","[7.140723731786634, 3.8933704093002652, 8.422901936304074]","[11.244512405447644, 6.002951802467994, 2.5510700512712647, 3.250980653963289]"
102,0,1859,True,True,1.0,3.99,3,3,True,5,8,27.608574824568542,"[9.968398134335715, 10.068742320372932, 7.571434369859893]",13.76734418158173,"[4.887675272390929, 4.926809504945444, 3.952859404245358]",23.199492719533445,71.00433725181152,"[15.479106058885684, 13.594286553919176, 24.130437857357713, 3.6939495845974935, 14.106557197051453]",12.047802160618044,32.6916915282065,9.047802160618044,27.691691528206498,"[1.975, 1.975, 8.097802160618045]","[7.036851362965417, 6.3017717560284785, 10.410870764369509, 2.4406403379930226, 6.501557306850067]","[0.9750000000000001, 0.9750000000000001, 7.097802160618044]","[6.036851362965417, 5.3017717560284785, 9.410870764369509, 1.4406403379930226, 5.501557306850067]","[2.5, 2.5, 18.199492719533445]"
102,0,1860,True,True,1.0,3.99,4,4,True,2,6,17.413893412862315,"[4.401961419044477, 2.906714919805848, 2.5, 7.605217074011989]",10.791418431016302,"[2.7167649534273464, 2.1336188187242806, 1.975, 3.9660346588646758]",35.32059089241013,14.66146731383087,"[6.9403610735918795, 7.721106240238991]",17.775030448039953,7.7179722523940395,13.775030448039953,5.7179722523940395,"[2.599640139705268, 6.528915842776577, 6.662882278798267, 1.9835921867598394]","[3.7067408187008333, 4.011231433693206]","[1.5996401397052682, 5.528915842776577, 5.662882278798267, 0.9835921867598394]","[2.7067408187008333, 3.0112314336932067]","[4.101641383859662, 14.17670728917071, 14.520210971277606, 2.5220312481021523]"
102,0,1861,True,True,1.0,3.99,3,3,True,1,4,23.05467730598034,"[5.91030373586853, 6.111505759080614, 11.032867811031199]",11.991324149332335,"[3.305018456988727, 3.3834872460414394, 5.302818446302168]",15.05830651640238,7.64585769389156,[7.64585769389156],8.872739541396928,3.981884500617708,5.872739541396928,2.981884500617708,"[2.271245260083819, 2.0244006436232134, 4.577093637689896]",[3.981884500617708],"[1.2712452600838189, 1.0244006436232136, 3.577093637689896]",[2.981884500617708],"[3.2596032309841507, 2.626668316982599, 9.17203496843563]"
102,0,1862,True,True,1.0,3.99,6,6,True,1,7,57.399632065333435,"[13.997397274408224, 15.731085587741825, 8.900782977382326, 11.10562032055064, 2.6946053803963146, 4.970140524854102]",28.385856505480035,"[6.458984937019207, 7.135123379219312, 4.471305361179107, 5.33119192501475, 2.0508960983545625, 2.9383548046931]",79.69585319589306,27.866763141961048,[27.866763141961048],37.08138274639829,11.86803762536481,31.081382746398294,10.86803762536481,"[4.938758645018643, 3.146171311717171, 8.379756593367912, 6.536753120977726, 5.793290860864952, 8.286652214451895]",[11.86803762536481],"[3.9387586450186425, 2.146171311717171, 7.379756593367913, 5.536753120977726, 4.793290860864952, 7.286652214451895]",[10.86803762536481],"[10.099381141073442, 5.503003363377362, 18.92245280350747, 14.19680287430186, 12.29048938683321, 18.68372362679973]"
102,0,1863,True,False,,0.0,1,1,,0,1,2.718893312740933,[2.718893312740933],2.060368391968964,[2.060368391968964],7.261292265190622,0.0,[],3.831903983424343,0.0,0.0,0.0,[3.831903983424343],[],[0.0],[],[7.261292265190622]
102,0,1864,True,False,,0.0,1,1,,0,1,9.64676309837251,[9.64676309837251],4.762237608365279,[4.762237608365279],4.280456681048959,0.0,[],2.669378105609094,0.0,0.0,0.0,[2.669378105609094],[],[0.0],[],[4.280456681048959]
102,0,1865,True,True,1.0,3.99,4,4,True,2,6,36.89278352169085,"[9.626086284047199, 2.695173546930851, 15.923326601637894, 8.648197089074905]",18.38818557345943,"[4.754173650778408, 2.0511176833030316, 7.210097374638779, 4.372796864739213]",43.490970445311135,20.881799590409326,"[3.9066902468781812, 16.975109343531145]",20.961478473671345,10.143901840259637,16.961478473671345,8.143901840259637,"[3.692239694911006, 4.007574747166586, 5.473251540353013, 7.788412491240739]","[2.5236091962824907, 7.620292643977146]","[2.692239694911006, 3.007574747166587, 4.473251540353013, 6.788412491240739]","[1.5236091962824907, 6.620292643977146]","[6.903178704900014, 7.711730120939966, 11.469875744494905, 17.406185874976252]"
102,0,1866,True,True,1.0,3.99,7,7,True,2,9,71.89292931056745,"[24.38759122024019, 5.653148141829087, 4.272876633391052, 15.780462676260573, 3.94619562761052, 14.791340094948389, 3.061314916287662]",35.03824243112131,"[10.511160575893674, 3.204727775313344, 2.6664218870225103, 7.154380443741624, 2.5390162947681025, 6.768622637029872, 2.1939128173521882]",47.975779031344274,28.276155353812413,"[14.31456098023748, 13.961594373574934]",25.71055382222427,13.027700587986843,18.710553822224266,11.027700587986843,"[7.578516763115882, 2.9829747597325125, 3.0213685143798625, 3.0511387648918102, 2.6913300965282123, 3.7293426225152437, 2.655882301060746]","[6.582678782292618, 6.445021805694225]","[6.578516763115882, 1.9829747597325125, 2.0213685143798625, 2.0511387648918102, 1.6913300965282123, 2.7293426225152437, 1.655882301060746]","[5.582678782292618, 5.445021805694225]","[16.867991700297132, 5.084550665980801, 5.182996190717596, 5.259330166389256, 4.336743837251826, 6.998314416705753, 4.2458520540019125]"
102,0,1867,True,True,1.0,3.99,4,4,True,1,5,26.250951208506258,"[6.613515366856267, 2.5, 11.360577696345349, 5.776858145304643]",14.237870971317442,"[3.579270993073944, 1.975, 5.430625301574686, 3.252974676668811]",34.35224856856956,8.39498826728227,[8.39498826728227],17.397376941742127,4.274045424240086,13.39737694174213,3.274045424240086,"[4.185668657702717, 5.5349810050143216, 3.8805780008665716, 3.7961492781585178]",[4.274045424240086],"[3.1856686577027165, 4.5349810050143216, 2.8805780008665716, 2.7961492781585178]",[3.274045424240086],"[8.168381173596709, 11.628156423113644, 7.386097438119414, 7.169613533739789]"
102,0,1868,True,True,1.0,3.99,3,3,True,1,4,35.564417722252465,"[16.932568539212195, 6.006458950517692, 12.625390232522577]",16.87012291167846,"[7.603701730292756, 3.3425189907019, 5.923902190683805]",32.35024552124374,15.464929303911992,[15.464929303911992],15.616595753285061,7.0313224285256775,12.616595753285061,6.0313224285256775,"[3.1717489777965464, 8.648042539432005, 3.79680423605651]",[7.0313224285256775],"[2.1717489777965464, 7.648042539432004, 2.79680423605651]",[6.0313224285256775],"[5.568587122555247, 19.610365485723086, 7.17129291296541]"
102,0,1869,True,True,1.0,3.99,5,5,True,3,8,42.04170990147795,"[8.963162561812018, 10.424954818890207, 5.039965453264311, 7.789492816886694, 9.824134250624718]",21.3962668615764,"[4.495633399106687, 5.065732379367181, 2.965586526773081, 4.037902198585811, 4.83141235774364]",60.71636058520768,26.4488802607357,"[10.359536513740066, 6.590961309285112, 9.49838243771052]",28.679380628230994,13.315063301686923,23.679380628230994,10.315063301686923,"[4.929176119302259, 5.571205663826441, 8.504483146657268, 4.01965544255214, 5.654860255892888]","[5.040219240358626, 3.570474910621194, 4.704369150707103]","[3.9291761193022583, 4.571205663826441, 7.504483146657268, 3.01965544255214, 4.654860255892888]","[4.040219240358626, 2.570474910621194, 3.7043691507071026]","[10.074810562313482, 11.721040163657541, 19.24226447860838, 7.742706262954205, 11.935539117674072]"
102,0,1870,True,False,,0.0,2,2,,0,2,8.83617104119665,"[6.336171041196649, 2.5]",5.4461067060666934,"[3.4711067060666934, 1.975]",13.135827971731324,0.0,[],7.122972908975216,0.0,0.0,0.0,"[3.8366428183588273, 3.286330090616389]",[],"[0.0, 0.0]",[],"[7.2734431239969926, 5.86238484773433]"
102,0,1871,True,True,1.0,3.99,7,7,True,1,8,52.201041857211735,"[12.404767597398914, 9.799232114319514, 7.9521198304696386, 8.408479604244777, 2.5, 4.968364451550688, 6.1680782592282135]",27.358406324312583,"[5.837859362985577, 4.82170052458461, 4.101326733883159, 4.279307045655463, 1.975, 2.9376621361047683, 3.4055505210990034]",69.12665059905527,3.6800476870369665,[3.6800476870369665],33.95939373363156,2.435218597944417,26.959393733631558,1.435218597944417,"[6.0580158771577395, 6.716363196810663, 5.314044476160547, 3.207722141226673, 7.615129432261366, 3.073118610014568, 1.975]",[2.435218597944417],"[5.0580158771577395, 5.716363196810663, 4.314044476160547, 2.207722141226673, 6.615129432261366, 2.073118610014568, 0.9750000000000001]",[1.435218597944417],"[12.969271479891638, 14.657341530283752, 11.061652502975763, 5.660826003145315, 16.961870339131707, 5.315688743627098, 2.5]"
102,0,1872,True,True,1.0,3.99,4,4,True,2,6,27.950374125210445,"[4.734345193004604, 9.51869388830058, 3.2249784939033406, 10.47235655000192]",14.900645908832072,"[2.8463946252717953, 4.712290616437226, 2.257741612622303, 5.084219054500749]",57.00147847961955,21.115840495648246,"[10.850895960072213, 10.264944535576033]",26.230576607051628,10.235177793302817,22.230576607051628,8.235177793302817,"[11.691174991334874, 2.2422083682285896, 7.382694900873431, 4.914498346614732]","[5.231849424428163, 5.003328368874653]","[10.691174991334874, 1.2422083682285898, 6.382694900873431, 3.914498346614731]","[4.231849424428163, 4.003328368874653]","[27.413269208550958, 3.185149662124589, 16.365884361213926, 10.03717524773008]"
102,0,1873,True,True,1.0,3.99,4,4,True,1,5,31.535667362700636,"[10.451879964551217, 7.843305065586084, 7.684056551659227, 5.5564257809041075]",16.29891027145325,"[5.076233186174975, 4.058888975578573, 3.9967820551470985, 3.167006054552602]",48.44863821725373,27.650170571053764,[27.650170571053764],22.894968904728955,11.783566522710968,18.894968904728955,10.783566522710968,"[3.576669243504866, 3.9434063490354623, 7.124767379258931, 8.250125932929695]",[11.783566522710968],"[2.576669243504866, 2.9434063490354623, 6.124767379258931, 7.250125932929694]",[10.783566522710968],"[6.60684421411504, 7.5471957667575955, 15.704531741689568, 18.590066494691524]"
102,0,1874,True,True,1.0,3.99,3,3,True,2,5,36.6795324171336,"[10.500433607147517, 15.83365965032632, 10.345439159659765]",17.305017642682106,"[5.095169106787532, 7.175127263627265, 5.0347212722673085]",47.234748362827816,18.950300879554334,"[7.8318212292150875, 11.118479650339246]",21.42155186150285,9.390617343026191,18.421551861502852,7.390617343026191,"[12.987151768509671, 6.122874325255584, 2.311525767737594]","[4.054410279393885, 5.3362070636323065]","[11.987151768509671, 5.122874325255584, 1.3115257677375942]","[3.0544102793938843, 4.3362070636323065]","[30.736286585922233, 13.135575192963035, 3.362886583942549]"
102,0,1875,True,False,,0.0,1,1,,0,1,7.176153668155698,[7.176153668155698],3.7986999305807223,[3.7986999305807223],2.5,0.0,[],1.975,0.0,0.0,0.0,[1.975],[],[0.0],[],[2.5]
102,0,1876,True,True,1.0,3.99,3,3,True,5,8,15.32246870811462,"[6.989852214705451, 2.5, 5.832616493409169]",8.975762796164702,"[3.7260423637351257, 1.975, 3.274720432429576]",38.47592755628327,43.8433464499542,"[6.762084365733392, 13.483598519473995, 6.546595278255759, 5.1202733990658205, 11.930794887425234]",18.005611746950475,22.09890511548214,15.005611746950475,17.09890511548214,"[5.79807354641338, 6.085853745607502, 6.121684454929594]","[3.6372129026360227, 6.258603422594859, 3.553172158519746, 2.99690662563567, 5.653010006095841]","[4.79807354641338, 5.085853745607502, 5.121684454929594]","[2.6372129026360227, 5.258603422594859, 2.553172158519746, 1.99690662563567, 4.653010006095841]","[12.30275268311123, 13.040650629762826, 13.132524243409215]"
102,0,1877,True,True,1.0,3.99,3,3,,3,6,20.825021656365113,"[2.9750819890880056, 6.846335116462021, 11.003604550815087]",11.121758445982394,"[2.160281975744322, 3.6700706954201885, 5.291405774817884]",39.813177617963184,18.376733082979893,"[4.766914137671978, 8.842904807635936, 4.766914137671978]",18.527139271005645,10.166925902362157,15.527139271005645,7.166925902362157,"[5.655416790252165, 9.20846968858818, 3.663252792165301]","[2.859096513692071, 4.448732874978015, 2.859096513692071]","[4.655416790252165, 8.20846968858818, 2.663252792165301]","[1.8590965136920714, 3.448732874978015, 1.8590965136920714]","[11.936966128851704, 21.047358175867124, 6.828853313244361]"
102,0,1878,True,True,1.0,3.99,5,5,True,2,7,47.21857549928968,"[14.131302077568165, 7.339997904271039, 15.788177718093426, 3.0455871186704506, 6.913510680686589]",23.41524444472297,"[6.511207810251585, 3.862599182665705, 7.157389310056436, 2.187778976281476, 3.6962691654677697]",60.17689276901363,22.35186626095726,"[13.502933087395729, 8.848933173561528]",28.468988179915314,10.71722784177333,23.468988179915314,8.71722784177333,"[13.327583247002364, 4.352354497215837, 3.1646698630480983, 5.278456579512747, 2.345923993136269]","[6.266143904084334, 4.451083937688996]","[12.327583247002364, 3.3523544972158366, 2.1646698630480983, 4.278456579512747, 1.3459239931362692]","[5.266143904084334, 3.4510839376889964]","[31.609187812826573, 8.595780762091888, 5.550435546277175, 10.97040148593012, 3.4510871618878696]"
102,0,1879,True,False,,0.0,1,1,,0,1,10.01911361783828,[10.01911361783828],4.907454310956929,[4.907454310956929],2.989387708432588,0.0,[],2.1658612062887093,0.0,0.0,0.0,[2.1658612062887093],[],[0.0],[],[2.989387708432588]
102,0,1880,True,False,,0.0,2,2,,0,2,27.217307880021085,"[9.998262999656028, 17.219044880365058]",12.614750073208224,"[4.899322569865851, 7.715427503342372]",11.191826204003313,0.0,[],6.364812219561292,0.0,0.0,0.0,"[2.703943083832586, 3.660869135728706]",[],"[0.0, 0.0]",[],"[4.369084830339964, 6.822741373663348]"
102,0,1881,True,False,,0.0,1,1,,0,1,8.704114086956663,[8.704114086956663],4.394604493913098,[4.394604493913098],10.089451702456309,0.0,[],4.934886163957961,0.0,0.0,0.0,[4.934886163957961],[],[0.0],[],[10.089451702456309]
102,0,1882,True,True,1.0,3.99,4,4,True,3,7,50.68339682187889,"[17.774663900401332, 9.221355065157516, 2.5, 21.187377856320037]",23.766524760532768,"[7.93211892115652, 4.596328475411431, 1.975, 9.263077363964815]",38.93912573430188,22.756672461205866,"[12.154911796441558, 7.083131411503462, 3.518629253260846]",19.18625903637773,11.875102259870287,15.18625903637773,8.875102259870289,"[4.04575740930944, 6.679706467911038, 4.566715040348187, 3.8940801188090672]","[5.740415600612208, 3.7624212504863506, 2.37226540877173]","[3.0457574093094397, 5.679706467911038, 3.5667150403481878, 2.8940801188090672]","[4.740415600612208, 2.7624212504863506, 1.3722654087717299]","[7.809634382844717, 14.56334991772061, 9.145423180379968, 7.420718253356583]"
102,0,1883,True,True,1.0,3.99,3,3,True,2,5,54.34282675872283,"[20.96978816744701, 9.477424557894354, 23.895614033381463]",24.193702435901905,"[9.178217385304334, 4.6961955775787985, 10.31928947301877]",32.91815393625363,24.58713732364879,"[16.230882271924415, 8.356255051724377]",15.838080035138915,11.58898355622303,12.838080035138915,9.58898355622303,"[4.8145333263527075, 6.761474307635627, 4.262072401150581]","[7.330044086050522, 4.258939470172507]","[3.8145333263527075, 5.761474307635627, 3.2620724011505815]","[6.330044086050522, 3.258939470172507]","[9.78085468295566, 14.773011045219556, 8.364288208078413]"
102,0,1884,True,True,1.0,3.99,4,4,True,2,6,38.93381201845081,"[6.804862511433055, 11.663946406090641, 11.95850949896567, 8.506493601961445]",19.18418668719582,"[3.6538963794588915, 5.54893909837535, 5.663818704596611, 4.317532504764964]",44.27583486837847,24.370311240470066,"[8.947769309217323, 15.422541931252745]",21.267575598667605,11.504421383783328,17.267575598667605,9.504421383783328,"[8.269761538091597, 3.8276786549580604, 4.394229884124105, 4.7759055214938435]","[4.489630030594756, 7.014791353188571]","[7.269761538091598, 2.8276786549580604, 3.3942298841241043, 3.775905521493843]","[3.489630030594756, 6.014791353188571]","[18.640414200234865, 7.250458089636052, 8.703153549036164, 9.681809029471392]"
102,0,1885,True,True,1.0,3.99,3,3,True,6,9,28.264197655980077,"[6.4307190875632605, 10.698095086812195, 11.13538348160462]",14.023037085832229,"[3.5079804441496716, 5.172257083856756, 5.342799557825802]",39.68757184625393,62.52118166178363,"[18.8239690428449, 9.113155491360315, 7.651602373039932, 5.895347136259034, 8.510145846836915, 12.52696177144254]",18.478153020039034,30.383260848095617,15.478153020039034,24.38326084809562,"[6.4002063941145275, 5.7830073632376715, 6.294939262686835]","[8.341347926709512, 4.554130641630524, 3.9841249254855735, 3.2991853831410234, 4.318956880266397, 5.885515090862591]","[5.4002063941145275, 4.7830073632376715, 5.294939262686835]","[7.341347926709512, 3.554130641630523, 2.9841249254855735, 2.2991853831410234, 3.318956880266397, 4.885515090862591]","[13.846683061832122, 12.264121444199157, 13.576767340222654]"
102,0,1886,True,False,,0.0,2,2,,0,2,14.2279816330391,"[6.147645305010457, 8.080336328028643]",7.548912836885249,"[3.397581668954078, 4.151331167931171]",26.62094032457012,0.0,[],12.382166726582348,0.0,0.0,0.0,"[4.452908144134264, 7.929258582448083]",[],"[0.0, 0.0]",[],"[8.853610625985292, 17.767329698584827]"
102,0,1887,True,False,,0.0,2,2,,0,2,33.9230106039055,"[18.847024961859006, 15.075985642046497]",15.229974135523147,"[8.350339735125011, 6.8796344003981345]",13.427916933630032,0.0,[],7.236887604115713,0.0,0.0,0.0,"[5.261887604115713, 1.975]",[],"[0.0, 0.0]",[],"[10.927916933630032, 2.5]"
102,0,1888,True,False,,0.0,2,2,,0,2,16.170758144652908,"[11.672896043731075, 4.497862100921831]",8.306595676414634,"[5.552429457055119, 2.7541662193595142]",11.99684534030692,0.0,[],6.6787696827196985,0.0,0.0,0.0,"[1.975, 4.703769682719699]",[],"[0.0, 0.0]",[],"[2.5, 9.49684534030692]"
102,0,1889,True,False,,0.0,2,2,,0,2,12.399985508752714,"[7.678807911616078, 4.721177597136637]",6.835994348413559,"[3.9947350855302703, 2.8412592628832885]",11.703781164771932,0.0,[],6.564474654261053,0.0,0.0,0.0,"[2.498628321500171, 4.0658463327608825]",[],"[0.0, 0.0]",[],"[3.8426367217953104, 7.861144442976623]"
102,0,1890,True,True,1.0,3.99,5,5,True,3,8,70.20756781813854,"[14.01722928234031, 16.79694232905657, 16.226414531624624, 8.605678227372783, 14.561303447744264]",32.38095144907403,"[6.466719420112721, 7.5508075083320625, 7.328301667333603, 4.356214508675386, 6.678908344620263]",36.628894186832106,38.80770437570092,"[5.302728217619755, 17.26006467351365, 16.24491148456752]",19.285268732864523,18.13500470652336,14.285268732864521,15.135004706523361,"[4.035161326057532, 2.406285130488045, 3.9604786696417458, 4.557828169898124, 4.325515436779076]","[3.0680640048717045, 7.731425222670324, 7.335515478981333]","[3.035161326057532, 1.4062851304880446, 2.9604786696417458, 3.557828169898124, 3.3255154367790762]","[2.0680640048717045, 6.731425222670324, 6.335515478981333]","[7.782464938609056, 3.605859308943704, 7.590970947799348, 9.122636333072112, 8.526962658407887]"
102,0,1891,True,False,,0.0,2,2,,0,2,10.38371744629919,"[5.945321234327421, 4.43839621197177]",6.049649804056685,"[3.3186752813876943, 2.7309745226689905]",20.783836271458217,0.0,[],10.105696145868706,0.0,0.0,0.0,"[3.356212266745014, 6.749483879123691]",[],"[0.0, 0.0]",[],"[6.041569914730804, 14.742266356727413]"
102,0,1892,True,True,1.0,3.99,3,3,True,1,4,27.987140254212633,"[3.171966004208132, 17.377145498627637, 7.438028751376861]",13.914984699142927,"[2.2370667416411716, 7.777086744464778, 3.9008312130369758]",21.413790125155977,15.993674926028289,[15.993674926028289],11.351378148810834,7.237533221151033,8.351378148810833,6.237533221151033,"[5.32849898633334, 3.8945400676184, 2.1283390948590926]",[7.237533221151033],"[4.32849898633334, 2.8945400676184, 1.1283390948590926]",[6.237533221151033],"[11.098715349572666, 7.4218976092779485, 2.8931771663053656]"
102,0,1893,True,True,1.0,3.99,3,3,True,0,3,20.23543446415655,"[2.5, 14.832432671113418, 2.9030017930431335]",10.891819441021056,"[1.975, 6.784648741734233, 2.132170699286822]",26.447084061903876,0.0,[],13.314362784142514,0.0,10.314362784142514,0.0,"[4.292065130146687, 6.169658798094638, 2.852638855901188]",[],"[3.292065130146687, 5.169658798094638, 1.8526388559011882]",[],"[8.441192641401761, 13.255535379729839, 4.750356040772277]"
102,0,1894,True,True,1.0,3.99,6,6,True,1,7,53.25993212889941,"[9.841132501783477, 15.33772469804875, 7.092467077202553, 5.369535342956893, 13.119072508907738, 2.5]",26.771373530270772,"[4.838041675695556, 6.981712632239012, 3.7660621601089956, 3.0941187837531885, 6.116438278474018, 1.975]",68.04098685984087,17.802177239382807,[17.802177239382807],32.535984875337945,7.942849123359295,26.53598487533794,6.942849123359295,"[4.417978190488501, 4.863180133238362, 9.975551698085006, 2.3416090238015226, 1.975, 8.96266582972455]",[7.942849123359295],"[3.4179781904885007, 3.863180133238362, 8.975551698085006, 1.3416090238015224, 0.9750000000000001, 7.962665829724549]",[6.942849123359295],"[8.764046642278206, 9.905590085226569, 23.014235123294885, 3.4400231379526214, 2.5, 20.417091871088587]"
102,0,1895,True,False,,0.0,1,1,,0,1,11.63708237149924,[11.63708237149924],5.5384621248847035,[5.5384621248847035],3.1312268966814196,0.0,[],2.2211784897057534,0.0,0.0,0.0,[2.2211784897057534],[],[0.0],[],[3.1312268966814196]
102,0,1896,True,True,1.0,3.99,3,3,True,2,5,43.26910042207133,"[10.764974467652635, 21.733112303716137, 10.771013650702557]",19.87494916460782,"[5.198340042384528, 9.475913798449294, 5.2006953237739975]",21.9186154881262,14.629871955223376,"[10.053084754829527, 4.5767872003938495]",11.548260040369218,7.705650062537117,8.548260040369218,5.705650062537117,"[2.208314402084415, 3.3597425206770155, 5.980203117607788]","[4.920703054383516, 2.784947008153601]","[1.2083144020844152, 2.3597425206770155, 4.980203117607788]","[3.9207030543835155, 1.7849470081536014]","[3.0982420566267055, 6.050621847889783, 12.769751583609711]"
102,0,1897,True,True,1.0,3.99,5,5,True,1,6,35.91266736968599,"[2.5, 8.459266680183537, 4.19131621788302, 8.664792104026736, 12.097292367592704]",19.00594027417754,"[1.975, 4.29911400527158, 2.634613324974378, 4.379268920570427, 5.717944023361155]",76.97165663496938,26.066795416528382,[26.066795416528382],35.01894608763806,11.16605021244607,30.018946087638056,10.16605021244607,"[3.37932817725476, 8.421297081880404, 7.703177978164968, 9.432199329250455, 6.08294352108747]",[11.16605021244607],"[2.37932817725476, 7.421297081880404, 6.703177978164968, 8.432199329250455, 5.08294352108747]",[10.16605021244607],"[6.100841480140409, 19.02896687661642, 17.187635841448635, 21.62102392115501, 13.033188515608899]"
102,0,1898,True,True,1.0,3.99,6,6,True,0,6,58.18193978577361,"[14.286489138898126, 15.086716008379263, 9.200848749704551, 4.7256498374687075, 12.31928176701214, 2.562954284310816]",28.69095651645171,"[6.57173076417027, 6.883819243267912, 4.588331012384775, 2.843003436612796, 5.804519889134735, 1.9995521708812185]",41.57505453932401,0.0,[],22.21427127033636,0.0,16.214271270336365,0.0,"[5.136074881772692, 4.274068816587363, 2.750564741836759, 2.7534517818435145, 4.456568332594815, 2.8435427157012203]",[],"[4.136074881772692, 3.274068816587363, 1.7505647418367587, 1.7534517818435142, 3.456568332594815, 1.8435427157012205]",[],"[10.605320209673568, 8.395048247659904, 4.488627543171176, 4.4960302098551645, 8.86299572460209, 4.727032604362104]"
102,0,1899,True,False,,0.0,1,1,,0,1,4.350343256777281,[4.350343256777281],2.6966338701431396,[2.6966338701431396],6.402230628785993,0.0,[],3.4968699452265377,0.0,0.0,0.0,[3.4968699452265377],[],[0.0],[],[6.402230628785993]
102,0,1900,True,True,1.0,3.99,5,5,True,0,5,34.21021769431128,"[8.652380800440861, 3.7834749719777094, 4.31170498714162, 12.173016310606204, 5.289640624144889]",18.3419849007814,"[4.374428512171936, 2.4755552390713067, 2.6815649449852317, 5.74747636113642, 3.0629598434165066]",79.83255447358295,0.0,[],36.13469624469735,0.0,31.134696244697352,0.0,"[4.591513123994504, 2.2521366988333753, 11.071459589088857, 6.756763839836976, 11.462822992943638]",[],"[3.591513123994504, 1.2521366988333753, 10.071459589088857, 5.756763839836976, 10.462822992943638]",[],"[9.209008010242318, 3.210606920085578, 25.824255356638094, 14.760932922658913, 26.827751263958046]"
102,0,1901,True,False,,0.0,1,1,,0,1,5.336778346912742,[5.336778346912742],3.0813435552959696,[3.0813435552959696],14.681787680128998,0.0,[],6.72589719525031,0.0,0.0,0.0,[6.72589719525031],[],[0.0],[],[14.681787680128998]
102,0,1902,True,True,1.0,3.99,7,7,True,3,10,46.74266819689528,"[2.5, 5.471082510950125, 8.507384172786576, 11.14542755235204, 5.9203571917728635, 10.698416769033681, 2.5]",25.22964059678916,"[1.975, 3.1337221792705487, 4.317879827386765, 5.346716745417296, 3.3089393047914166, 5.172382539923135, 1.975]",58.59912223156913,25.76627259482376,"[13.603153845530954, 4.238817659812053, 7.924301089480752]",29.853657670311964,13.048846311981267,22.85365767031196,10.048846311981267,"[7.2587157306295715, 3.531124787891696, 5.93075417106167, 2.7036201733856045, 4.543820589705974, 1.975, 3.910622217637445]","[6.305229999757072, 2.653138887326701, 4.090477424897493]","[6.2587157306295715, 2.531124787891696, 4.93075417106167, 1.7036201733856042, 3.543820589705974, 0.9750000000000001, 2.910622217637445]","[5.305229999757072, 1.6531388873267008, 3.0904774248974936]","[16.047989052896337, 6.490063558696656, 12.642959412978641, 4.368256854834883, 9.086719460784549, 2.5, 7.463133891378064]"
102,0,1903,True,False,,0.0,1,1,,0,1,4.283513515542664,[4.283513515542664],2.670570271061639,[2.670570271061639],8.66585961255729,0.0,[],4.379685248897343,0.0,0.0,0.0,[4.379685248897343],[],[0.0],[],[8.66585961255729]
102,0,1904,True,True,1.0,3.99,7,7,True,1,8,83.2802344709004,"[15.545484444229231, 12.440448496346308, 13.059797791515166, 20.1237869503858, 6.203328567557708, 4.744063984407524, 11.163324236458665]",39.47929144365116,"[7.062738933249401, 5.85177491357506, 6.093321138690915, 8.848276910650462, 3.4192981413475065, 2.8501849539189346, 5.3536964522188795]",75.74206246497884,14.342167025475536,[14.342167025475536],36.539404361341745,6.59344513993546,29.539404361341745,5.59344513993546,"[3.8950542063784352, 5.469365575110432, 4.526041067845519, 3.387758592327911, 14.268656318457984, 2.4362192807522858, 2.5563093204691807]",[6.59344513993546],"[2.8950542063784352, 4.469365575110432, 3.5260410678455183, 2.387758592327911, 13.268656318457984, 1.4362192807522856, 1.5563093204691805]",[5.59344513993546],"[7.423215913790859, 11.45991173105239, 9.041130943193636, 6.122457929045925, 34.022195688353804, 3.682613540390476, 3.9905367191517445]"
102,0,1905,True,True,1.0,3.99,4,4,True,0,4,21.5555132191597,"[5.065926186817206, 5.924285444225591, 6.427563508811445, 4.137738079305459]",12.406650155472285,"[2.9757112128587107, 3.3104713232479805, 3.5067497684364635, 2.6137178509291292]",18.15229051914294,0.0,[],11.079393302465748,0.0,7.079393302465747,0.0,"[2.485846301466532, 3.3516919145426978, 2.241618057478118, 3.0002370289783986]",[],"[1.4858463014665324, 2.3516919145426978, 1.2416180574781182, 2.0002370289783986]",[],"[3.809862311452647, 6.029979268058199, 3.1836360448156875, 5.128812894816407]"
102,0,1906,True,True,1.0,3.99,4,4,True,1,5,43.92502205402604,"[6.662680055469483, 13.286422741051565, 10.10873913232203, 13.867180125182962]",21.130758601070156,"[3.5984452216330984, 6.181704869010111, 4.942408261605593, 6.408200248821355]",40.18209586171495,5.732530952671174,[5.732530952671174],19.67101738606883,3.235687071541758,15.67101738606883,2.235687071541758,"[3.5222410882431046, 5.493738798562191, 6.452696630254299, 4.202340869009235]",[3.235687071541758],"[2.5222410882431046, 4.493738798562191, 5.452696630254299, 3.2023408690092348]",[2.235687071541758],"[6.467284841648986, 11.52240717580049, 13.981273410908457, 8.211130433357011]"
102,0,1907,True,True,1.0,3.99,3,3,True,1,4,27.264036477646318,"[3.1190697741196374, 19.50677940411323, 4.63818729941345]",13.632974226282066,"[2.2164372119066584, 8.607643967604162, 2.8088930467712454]",32.244705105995,15.300486922639571,[15.300486922639571],15.575434991338051,6.967189899829433,12.575434991338051,5.967189899829433,"[5.200719779048169, 3.4964741088826483, 6.878241103407234]",[6.967189899829433],"[4.200719779048169, 2.4964741088826483, 5.878241103407234]",[5.967189899829433],"[10.771076356533767, 6.401215663801662, 15.072413085659575]"
102,0,1908,True,False,,0.0,2,2,,0,2,19.369583127553064,"[7.794412183193991, 11.575170944359071]",9.554137419745693,"[4.0398207514456566, 5.5143166683000375]",16.380496213501004,0.0,[],8.38839352326539,0.0,0.0,0.0,"[4.633564673535396, 3.7548288497299946]",[],"[0.0, 0.0]",[],"[9.316832496244606, 7.0636637172563965]"
102,0,1909,True,True,1.0,3.99,5,5,True,0,5,53.21296059354497,"[12.45369456711743, 7.440477037221491, 10.82638051653772, 12.657770844293033, 9.834637628375296]",25.753054631482538,"[5.856940881175798, 3.9017860445163817, 5.222288401449711, 5.936530629274283, 4.835508675066365]",48.2776565894053,0.0,[],23.828286069868067,0.0,18.828286069868067,0.0,"[4.185461670040184, 3.931544039144874, 5.098295350202627, 6.951059942189055, 3.6619250682913282]",[],"[3.1854616700401843, 2.931544039144874, 4.098295350202627, 5.951059942189055, 2.6619250682913282]",[],"[8.167850436000473, 7.516779587550959, 10.508449615904171, 15.259128056895012, 6.825448893054688]"
102,0,1910,True,True,1.0,3.99,4,4,True,2,6,29.255318127427433,"[6.09576336878492, 3.3003287476757848, 10.853150501973936, 9.006075508992794]",15.4095740696967,"[3.377347713826119, 2.287128211593556, 5.232728695769835, 4.51236944850719]",34.1739617331651,17.957558604007826,"[1.8822487285982674, 16.07530987540956]",17.327845075934388,9.003447855563053,13.327845075934388,7.003447855563052,"[4.247468331266899, 7.602433261426385, 2.5874010897403883, 2.8905423935007164]","[1.7340770041533244, 7.269370851409728]","[3.247468331266899, 6.602433261426385, 1.5874010897403883, 1.8905423935007166]","[0.7340770041533243, 6.269370851409728]","[8.32684187504333, 16.92931605493945, 4.070259204462534, 4.847544598719786]"
102,0,1911,True,False,,0.0,2,2,,0,2,36.615310990468004,"[24.169048710682297, 12.446262279785705]",16.27997128628252,"[10.425928997166096, 5.854042289116425]",6.9560964719707,0.0,[],4.7128776240685735,0.0,0.0,0.0,"[1.975, 2.737877624068573]",[],"[0.0, 0.0]",[],"[2.5, 4.4560964719707]"
102,0,1912,True,True,1.0,3.99,4,4,True,2,6,21.85984292032896,"[6.781534320038126, 7.598049147202284, 2.5, 4.980259453088552]",12.525338738928296,"[3.6447983848148695, 3.963239167408891, 1.975, 2.942301186704535]",39.80696759502635,18.699692505557024,"[4.761423282187243, 13.938269223369783]",19.524717362060276,9.29288007716724,15.524717362060276,7.29288007716724,"[5.564607281525651, 4.38471771124609, 5.343067399253347, 4.2323249700351875]","[2.856955080053025, 6.435924997114215]","[4.564607281525651, 3.3847177112460898, 4.343067399253347, 3.2323249700351875]","[1.8569550800530248, 5.435924997114215]","[11.704121234681157, 8.67876336216946, 11.136070254495761, 8.288012743679968]"
102,0,1913,True,True,1.0,3.99,3,3,True,1,4,23.788548678400126,"[5.728030658531896, 3.6162428564851767, 14.444275163383052]",12.27753398457605,"[3.2339319568274396, 2.410334714029219, 6.633267313719391]",18.441661063252432,6.169821214439309,[6.169821214439309],10.192247814668448,3.4062302736313304,7.192247814668447,2.4062302736313304,"[2.805347002088177, 4.184625261040286, 3.2022755515399846]",[3.4062302736313304],"[1.8053470020881772, 3.184625261040286, 2.2022755515399846]",[2.4062302736313304],"[4.629094877149172, 8.165705797539195, 5.646860388564063]"
102,0,1914,True,True,1.0,3.99,4,4,True,2,6,28.89643102860735,"[2.5, 7.457413668109045, 14.523611745398643, 4.415405615099662]",15.269608101156866,"[1.975, 3.908391330562528, 6.664208580705471, 2.722008189888868]",31.00759013802257,14.871764944663427,"[5.398329264642841, 9.473435680020586]",16.092960153828805,7.799988328418737,12.092960153828805,5.799988328418737,"[3.0174542847987547, 3.618762268144957, 3.0717938318467115, 6.384949769038381]","[3.105348413210708, 4.694639915208029]","[2.0174542847987547, 2.618762268144957, 2.0717938318467115, 5.384949769038381]","[2.105348413210708, 3.6946399152080285]","[5.172959704612191, 6.7147750465255305, 5.312291876530029, 13.807563510354823]"
102,0,1915,True,True,1.0,3.99,3,3,True,0,3,55.64896610281181,"[17.71249204206818, 17.862120185029614, 20.07435387571402]",24.703096780096608,"[7.907871896406591, 7.96622687216155, 8.82899801152847]",43.668728449630734,0.0,[],20.03080409535599,0.0,17.03080409535599,0.0,"[4.729224515875577, 7.409377741793229, 7.892201837687182]",[],"[3.7292245158755772, 6.409377741793229, 6.892201837687182]",[],"[9.56211414327071, 16.43430190203392, 17.672312404326107]"
102,0,1916,True,False,,0.0,1,1,,0,1,5.580163504951145,[5.580163504951145],3.1762637669309464,[3.1762637669309464],19.806033728606906,0.0,[],8.724353154156693,0.0,0.0,0.0,[8.724353154156693],[],[0.0],[],[19.806033728606906]
102,0,1917,True,False,,0.0,2,2,,0,2,40.98855797448626,"[25.3529881907927, 15.635569783693562]",17.985537610049644,"[10.887665394409154, 7.097872215640489]",24.363228246364603,0.0,[],11.501659016082197,0.0,0.0,0.0,"[4.578983243467089, 6.922675772615107]",[],"[0.0, 0.0]",[],"[9.176880111454073, 15.18634813491053]"
102,0,1918,True,False,,0.0,2,2,,0,2,23.39141305802827,"[6.534797503267907, 16.856615554760364]",11.122651092631026,"[3.548571026274484, 7.574080066356542]",18.040099718883013,0.0,[],9.035638890364375,0.0,0.0,0.0,"[5.728091243423941, 3.3075476469404346]",[],"[0.0, 0.0]",[],"[12.123310880574207, 5.916788838308806]"
102,0,1919,True,True,1.0,3.99,3,3,True,4,7,15.248484778797184,"[3.1844193247342183, 5.381005815240326, 6.683059638822641]",8.946909063730903,"[2.241923536646345, 3.098592267943727, 3.6063932591408303]",20.8820818853521,59.69321727948508,"[14.025741541772774, 32.09408976950491, 9.986340919859343, 3.5870450483480525]",11.144011935287319,27.280354738999183,8.144011935287319,23.280354738999183,"[3.346600862801628, 3.3689925301797268, 4.428418542305964]","[6.4700392012913825, 13.516695010106917, 4.894672958745144, 2.3989475688557405]","[2.346600862801628, 2.3689925301797268, 3.428418542305964]","[5.4700392012913825, 12.516695010106917, 3.8946729587451436, 1.3989475688557405]","[6.016925289234943, 6.074339820973658, 8.790816775143497]"
102,0,1920,True,False,,0.0,1,1,,0,1,17.570118013610955,[17.570118013610955],7.852346025308273,[7.852346025308273],7.929024063615325,0.0,[],4.092319384809977,0.0,0.0,0.0,[4.092319384809977],[],[0.0],[],[7.929024063615325]
102,0,1921,True,False,,0.0,2,2,,0,2,23.216798422841613,"[14.080922509246177, 9.135875913595436]",11.05455138490823,"[6.4915597786060095, 4.56299160630222]",11.61528590462263,0.0,[],6.529961502802825,0.0,0.0,0.0,"[3.0328429052208894, 3.4971185975819363]",[],"[0.0, 0.0]",[],"[5.2124177056945875, 6.402868198928042]"
102,0,1922,True,False,,0.0,2,2,,0,2,25.206122979680387,"[10.699911892570576, 14.506211087109811]",11.830387962075353,"[5.172965638102525, 6.657422323972827]",7.3226866896006255,0.0,[],4.855847808944244,0.0,0.0,0.0,"[2.880847808944244, 1.975]",[],"[0.0, 0.0]",[],"[4.8226866896006255, 2.5]"
102,0,1923,True,True,1.0,3.99,4,4,True,2,6,20.12510192858174,"[3.646902727540419, 2.5, 4.570351037940222, 9.407848163101097]",11.848789752146878,"[2.4222920637407634, 1.975, 2.7824369047966866, 4.669060783609428]",28.866172033343936,27.28248937956867,"[19.356179916786605, 7.926309462782064]",15.257807093004136,12.64017085803178,11.257807093004136,10.64017085803178,"[3.2116427331518587, 3.813483446647981, 3.2177730247398535, 5.0149078884644425]","[8.548910167546776, 4.091260690485005]","[2.2116427331518587, 2.813483446647981, 2.2177730247398535, 4.0149078884644425]","[7.548910167546776, 3.0912606904850053]","[5.670878802953483, 7.214060119610207, 5.686597499332958, 10.294635611447289]"
102,0,1924,True,True,1.0,3.99,4,4,True,0,4,30.597327552934537,"[10.31776356079444, 6.165443168164135, 6.109212642877652, 8.004908181098312]",15.93295774564447,"[5.023927788709831, 3.4045228355840127, 3.3825929307222844, 4.121914190628342]",42.656225797944714,0.0,[],20.63592806119844,0.0,16.63592806119844,0.0,"[5.845895934942655, 5.83732989592868, 6.977702230327104, 1.975]",[],"[4.845895934942655, 4.83732989592868, 5.977702230327104, 0.9750000000000001]",[],"[12.425374192160653, 12.403409989560718, 15.327441616223343, 2.5]"
102,0,1925,True,True,1.0,3.99,9,9,True,1,10,78.53755205438134,"[3.8939304309955727, 18.833440891174813, 4.564283486357965, 2.5692793038580906, 11.107966591207983, 8.644737229662486, 10.307772437512531, 16.116141683611893, 2.5]",39.62964530120872,"[2.5186328680882735, 8.345041947558178, 2.7800705596796065, 2.0020189285046555, 5.332106970571114, 4.3714475195683695, 5.020031250629887, 7.285295256608639, 1.975]",64.53434885426704,2.4621770371993144,[2.4621770371993144],34.16839605316415,1.9602490445077327,25.168396053164145,0.9602490445077326,"[6.433558073584068, 2.2656848932238747, 3.048134430657318, 6.101500258003666, 5.18181620349178, 4.033725372744243, 2.8522261057449754, 2.2767507157142193, 1.975]",[1.9602490445077327],"[5.433558073584068, 1.2656848932238747, 2.048134430657318, 5.101500258003666, 4.18181620349178, 3.033725372744243, 1.8522261057449756, 1.2767507157142195, 0.9750000000000001]",[0.9602490445077326],"[13.932200188677099, 3.245345880061217, 5.251626745275174, 13.080769892317093, 10.722605649978924, 7.7787830070365205, 4.749297707038399, 3.2737197838826138, 2.5]"
102,0,1926,True,True,1.0,3.99,5,5,True,3,8,51.39442628933277,"[4.06334979298489, 14.69561178946733, 12.684850385487358, 11.823894991817136, 8.126719329576057]",25.043826252839782,"[2.584706419264107, 6.7312885978922585, 5.94709165034007, 5.611319046808683, 4.169420538534663]",52.2928897498425,22.76751178087669,"[9.694172964246714, 10.63537409819416, 2.4379647184358166]",25.394227002438576,11.879329594541911,20.394227002438576,8.879329594541911,"[3.0575078226653454, 7.3493644664382956, 6.79766741139151, 3.246168059126703, 4.9435192428167225]","[4.780727456056219, 5.147795898295723, 1.9508062401899684]","[2.0575078226653454, 6.3493644664382956, 5.79766741139151, 2.246168059126703, 3.9435192428167225]","[3.7807274560562187, 4.147795898295723, 0.9508062401899685]","[5.275661083757296, 16.280421708816142, 14.865813875362845, 5.759405279812059, 10.11158780209416]"
102,0,1927,True,False,,0.0,1,1,,0,1,2.5,[2.5],1.975,[1.975],2.910199035344859,0.0,[],2.1349776237844953,0.0,0.0,0.0,[2.1349776237844953],[],[0.0],[],[2.910199035344859]
102,0,1928,True,False,,0.0,1,1,,0,1,14.411958989186894,[14.411958989186894],6.620664005782889,[6.620664005782889],7.744667188252965,0.0,[],4.020420203418656,0.0,0.0,0.0,[4.020420203418656],[],[0.0],[],[7.744667188252965]
102,0,1929,True,False,,0.0,2,2,,0,2,35.47066876010663,"[27.451736649130364, 8.01893211097627]",15.833560816441587,"[11.706177293160842, 4.127383523280745]",23.923519382973197,0.0,[],11.330172559359548,0.0,0.0,0.0,"[5.393913327234532, 5.936259232125016]",[],"[0.0, 0.0]",[],"[11.266444428806492, 12.657074954166706]"
102,0,1930,True,True,1.0,3.99,4,4,True,2,6,19.76094152226006,"[4.140230780579952, 3.3221589830337397, 9.048818655781213, 3.249733102865159]",11.706767193681426,"[2.614690004426181, 2.2956420033831586, 4.529039275754673, 2.267395910117412]",31.513196853027374,13.015790487733607,"[8.463779156683566, 4.552011331050041]",16.29014677268068,7.076158290216107,12.290146772680675,5.076158290216107,"[3.99913229802653, 2.972936486891041, 2.1995307186780897, 7.118547269085015]","[4.300873871106591, 2.775284419109516]","[2.99913229802653, 1.9729364868910408, 1.19953071867809, 6.118547269085015]","[3.300873871106591, 1.775284419109516]","[7.690082815452641, 5.058811504848823, 3.075719791482282, 15.688582741243629]"
102,0,1931,True,True,1.0,3.99,3,1,,3,6,13.56561026339652,[13.56561026339652],6.290588002724643,[6.290588002724643],3.0736317959230286,20.87160949269365,"[6.292946206351975, 9.113457030529377, 5.465206255812297]",2.1987164004099813,11.139927702150523,1.1987164004099813,8.139927702150523,[2.1987164004099813],"[3.4542490204772704, 4.554248241906457, 3.131430439766796]",[1.1987164004099813],"[2.4542490204772704, 3.554248241906457, 2.131430439766796]",[3.0736317959230286]
102,0,1932,True,False,,0.0,1,1,,0,1,4.389121224166906,[4.389121224166906],2.711757277425093,[2.711757277425093],2.5,0.0,[],1.975,0.0,0.0,0.0,[1.975],[],[0.0],[],[2.5]
102,0,1933,True,False,,0.0,1,1,,0,1,8.756456394567678,[8.756456394567678],4.415017993881395,[4.415017993881395],6.836115336695897,0.0,[],3.6660849813114003,0.0,0.0,0.0,[3.6660849813114003],[],[0.0],[],[6.836115336695897]
102,0,1934,True,False,,0.0,1,1,,0,1,4.603839146838852,[4.603839146838852],2.7954972672671525,[2.7954972672671525],22.79478943918518,0.0,[],9.889967881282221,0.0,0.0,0.0,[9.889967881282221],[],[0.0],[],[22.79478943918518]
102,0,1935,True,True,1.0,3.99,3,3,True,0,3,20.73173924725726,"[10.818579671311932, 4.733010882399746, 5.180148693545579]",11.08537830643033,"[5.219246071811654, 2.845874244135901, 3.0202579904827758]",24.482816212320955,0.0,[],12.548298322805172,0.0,9.548298322805172,0.0,"[6.0701774908613935, 4.43433827024718, 2.043782561696599]",[],"[5.0701774908613935, 3.43433827024718, 1.0437825616965992]",[],"[13.000455104772804, 8.805995564736358, 2.6763655428117925]"
102,0,1936,True,False,,0.0,2,2,,0,2,8.58854365329369,"[5.642478166273211, 2.9460654870204808]",5.34953202478454,"[3.2005664848465525, 2.1489655399379872]",17.299331952151135,0.0,[],8.746739461338942,0.0,0.0,0.0,"[4.512975490377906, 4.233763970961036]",[],"[0.0, 0.0]",[],"[9.007629462507452, 8.291702489643681]"
102,0,1937,True,False,,0.0,1,1,,0,1,10.996000957283911,[10.996000957283911],5.288440373340726,[5.288440373340726],6.143994246349685,0.0,[],3.396157756076377,0.0,0.0,0.0,[3.396157756076377],[],[0.0],[],[6.143994246349685]
102,0,1938,True,True,1.0,3.99,3,3,True,0,3,26.60456683761586,"[11.311822581929693, 4.015469595411764, 11.277274660274403]",13.375781066670186,"[5.411610806952581, 2.566033142210588, 5.398137117507017]",30.073285480021738,0.0,[],14.728581337208478,0.0,11.728581337208478,0.0,"[3.3463571720902157, 5.087372905996706, 6.294851259121557]",[],"[2.3463571720902157, 4.087372905996706, 5.294851259121557]",[],"[6.016300441256963, 10.480443348709503, 13.576541690055272]"
102,0,1939,True,True,1.0,3.99,3,3,True,2,5,30.80709855748642,"[9.861538158737288, 9.560361299347955, 11.385199099401179]",15.014768437419704,"[4.8459998819075425, 4.728540906745702, 5.44022764876646]",39.135329283440875,21.152395827863245,"[10.188358253107724, 10.96403757475552]",18.26277842054194,10.249434372866666,15.262778420541942,8.249434372866666,"[6.904707698690179, 4.603476571031756, 6.754594150820008]","[4.973459718712013, 5.275974654154653]","[5.904707698690179, 3.6034765710317553, 5.754594150820008]","[3.9734597187120126, 4.275974654154653]","[15.140276150487637, 9.239683515466039, 14.755369617487199]"
102,0,1940,True,True,1.0,3.99,3,3,True,2,5,39.708646486593835,"[15.496787787671611, 11.147198227581185, 13.06466047134104]",18.486372129771595,"[7.043747237191928, 5.3474073087566625, 6.095217583823006]",29.522446393333453,16.484210910690358,"[11.694213028903627, 4.7899978817867295]",14.513754093400047,8.42884225516924,11.513754093400047,6.42884225516924,"[6.245573450200165, 5.2657697152554235, 3.002410927944458]","[5.560743081272415, 2.8680991738968244]","[5.245573450200165, 4.2657697152554235, 2.002410927944458]","[4.560743081272415, 1.8680991738968244]","[13.450188333846578, 10.937871064757497, 5.134386994729379]"
102,0,1941,True,False,,0.0,2,2,,0,2,17.524648261763424,"[6.374857956291482, 11.149790305471942]",8.834612822087735,"[3.486194602953678, 5.348418219134057]",14.313595087088451,0.0,[],7.582302083964496,0.0,0.0,0.0,"[4.513975268970865, 3.068326814993631]",[],"[0.0, 0.0]",[],"[9.010192997361193, 5.303402089727259]"
102,0,1942,True,True,1.0,3.99,3,3,True,1,4,32.46578311995326,"[17.297231322159885, 12.173305515248575, 2.9952462825448003]",15.661655416781773,"[7.7459202156423554, 5.747589150946944, 2.168146050192472]",35.54088442483979,1.9025739015725727,[1.9025739015725727],16.86094492568752,1.7420038216133034,13.86094492568752,0.7420038216133034,"[4.06582504085425, 5.758293882104055, 7.036826002729214]",[1.7420038216133034],"[3.06582504085425, 4.758293882104055, 6.036826002729214]",[0.7420038216133034],"[7.86108984834423, 12.20075354385655, 15.47904103263901]"
102,0,1943,True,False,,0.0,1,1,,0,1,6.5632023197955665,[6.5632023197955665],3.559648904720271,[3.559648904720271],6.617199703192994,0.0,[],3.5807078842452675,0.0,0.0,0.0,[3.5807078842452675],[],[0.0],[],[6.617199703192994]
102,0,1944,True,False,,0.0,2,2,,0,2,13.995561115353382,"[4.455669332330112, 9.53989178302327]",7.45826883498782,"[2.737711039608744, 4.720557795379076]",26.380512948166974,0.0,[],12.288400049785121,0.0,0.0,0.0,"[4.505455455861155, 7.782944593923966]",[],"[0.0, 0.0]",[],"[8.98834732272091, 17.392165625446065]"
102,0,1945,True,False,,0.0,1,1,,0,1,15.496591326432844,[15.496591326432844],7.043670617308809,[7.043670617308809],9.670421704388794,0.0,[],4.771464464711629,0.0,0.0,0.0,[4.771464464711629],[],[0.0],[],[9.670421704388794]
102,0,1946,True,False,,0.0,1,1,,0,1,6.0586780248559515,[6.0586780248559515],3.362884429693821,[3.362884429693821],2.5,0.0,[],1.975,0.0,0.0,0.0,[1.975],[],[0.0],[],[2.5]
102,0,1947,True,False,,0.0,2,2,,0,2,25.64865725757012,"[10.317132604213075, 15.331524653357048]",12.002976330452348,"[5.023681715643099, 6.979294614809249]",21.212141934947304,0.0,[],10.27273535462945,0.0,0.0,0.0,"[6.2484701391628175, 4.024265215466632]",[],"[0.0, 0.0]",[],"[13.45761574144312, 7.754526193504184]"
102,0,1948,True,True,1.0,3.99,3,3,True,2,5,31.689675894039482,"[11.482430576602965, 14.495590964214365, 5.71165435322215]",15.358973598675398,"[5.478147924875157, 6.653280476043602, 3.2275451977566387]",36.73992114265076,14.306582135837289,"[8.520207610072523, 5.7863745257647645]",17.328569245633798,7.579567032976543,14.328569245633798,5.579567032976542,"[5.849962263472538, 4.755674536475737, 6.7229324456855215]","[4.322880967928285, 3.256686065048258]","[4.849962263472538, 3.7556745364757367, 5.7229324456855215]","[3.3228809679282842, 2.256686065048258]","[12.43580067557061, 9.629934708912145, 14.674185758168003]"
102,0,1949,True,True,1.0,3.99,5,5,True,3,8,69.59564305785173,"[9.498567695117739, 20.340211786583012, 2.5, 17.051105299491393, 20.205758276659573]",32.14230079256217,"[4.704441401095918, 8.932682596767375, 1.975, 7.649931066801644, 8.880245727897233]",53.67023551772192,11.5157950806664,"[2.8709521777682947, 2.7510452416486535, 5.893797661249452]",25.931391851911545,7.491160081459896,20.931391851911545,4.491160081459896,"[8.852642133418083, 3.912307690756609, 7.343885518520695, 3.413280226824455, 2.409276282391706]","[2.119671349329635, 2.072907644242975, 3.2985810878872863]","[7.852642133418084, 2.912307690756609, 6.343885518520695, 2.413280226824455, 1.4092762823917062]","[1.119671349329635, 1.0729076442429748, 2.2985810878872863]","[20.13497982927714, 7.467455617324638, 16.266373124412038, 6.187898017498603, 3.6135289292095027]"
102,0,1950,True,True,1.0,3.99,4,4,True,2,6,22.14459883986413,"[12.943089335852395, 2.6717560782247562, 2.564400082031147, 3.9653533437558304]",12.636393547547009,"[6.047804840982434, 2.0419848705076546, 2.0001160319921474, 2.546487804064774]",40.62071993193402,21.859909936949222,"[5.39098711390404, 16.468922823045183]",19.842080773454267,10.525364875410197,15.842080773454267,8.525364875410197,"[5.4728190824018945, 3.446517953608909, 5.004739506685333, 5.918004230758131]","[3.1024849744225755, 7.422879900987621]","[4.4728190824018945, 2.446517953608909, 4.004739506685333, 4.918004230758131]","[2.1024849744225755, 6.422879900987621]","[11.468766877953575, 6.273122957971561, 10.268562837654699, 12.610267258354181]"
102,0,1951,True,False,,0.0,2,2,,0,2,7.077313679393452,"[2.5412298909259157, 4.536083788467536]",4.760152334963446,"[1.9910796574611072, 2.769072677502339]",15.547253804561354,0.0,[],8.063428983778929,0.0,0.0,0.0,"[3.5950866874764613, 4.468342296302467]",[],"[0.0, 0.0]",[],"[6.6540684294268235, 8.89318537513453]"
102,0,1952,True,True,1.0,3.99,3,3,True,3,6,29.963325241303966,"[12.081660145543353, 9.314746141824655, 8.566918953935957]",14.685696844108547,"[5.711847456761908, 4.632750995311616, 4.341098392035024]",35.02638484306763,53.050311218830096,"[20.31823704200849, 13.798712262188362, 18.933361914633245]",16.660290088796376,23.68962137534374,13.660290088796376,20.68962137534374,"[2.3867781437955653, 7.333907096768803, 6.939604848232007]","[8.924112446383312, 6.3814977822534615, 8.384011146706966]","[1.386778143795565, 6.333907096768803, 5.939604848232007]","[7.924112446383312, 5.3814977822534615, 7.384011146706966]","[3.5558413943476026, 16.240787427612315, 15.229756021107711]"
102,0,1953,True,True,1.0,3.99,3,3,True,0,3,21.988128118795444,"[4.329384841812181, 12.896398370529774, 4.76234490645349]",11.575369966330225,"[2.6884600883067504, 6.029595364506612, 2.857314513516861]",19.50165504563355,0.0,[],10.605645467797086,0.0,7.6056454677970855,0.0,"[3.384584006429895, 3.051599274244744, 4.169462187122447]",[],"[2.384584006429895, 2.051599274244744, 3.169462187122446]",[],"[6.114317965204859, 5.260510959601908, 8.126826120826784]"
102,0,1954,True,True,1.0,3.99,6,6,True,2,8,56.63429071730166,"[2.5, 8.671985044866645, 19.341588005908086, 6.613934469292028, 12.042652759681427, 7.464130437553469]",28.087373379747646,"[1.975, 4.382074167497992, 8.543219322304154, 3.579434443023891, 5.696634576275757, 3.911010870645853]",48.56249646608566,32.81425233810235,"[21.575307838522548, 11.238944499579798]",24.939373621773406,14.797558411859914,18.93937362177341,12.797558411859914,"[1.975, 5.384539172830757, 2.9499068689047947, 4.624368431463679, 3.8487196471070657, 6.156839501467113]","[9.414370057023794, 5.383188354836121]","[0.9750000000000001, 4.384539172830757, 1.949906868904795, 3.6243684314636786, 2.8487196471070657, 5.156839501467113]","[8.414370057023794, 4.383188354836121]","[2.5, 11.24240813546348, 4.999761202319987, 9.293252388368407, 7.304409351556578, 13.222665388377212]"
102,0,1955,True,True,1.0,3.99,5,5,True,5,10,32.03662771401807,"[3.1890261394516695, 7.4648486300856804, 2.5, 10.924182859088496, 7.958570085392219]",17.494284808467047,"[2.2437201943861513, 3.9112909657334156, 1.975, 5.260431315044514, 4.103842333302966]",58.683044481914706,31.500417449563358,"[11.69818948803509, 6.461338941051584, 5.145354461197802, 3.7737826813033553, 4.4217518779755265]",27.886387347946737,17.28516280532971,22.886387347946734,12.285162805329708,"[8.68192177938719, 5.212757551945094, 5.315268415328135, 3.8418856300285213, 4.834553971257796]","[5.562293900333685, 3.519922187010118, 3.0066882398671426, 2.471775245708309, 2.7244832324104555]","[7.68192177938719, 4.212757551945094, 4.315268415328135, 2.8418856300285213, 3.834553971257795]","[4.562293900333685, 2.519922187010118, 2.0066882398671426, 1.4717752457083086, 1.7244832324104553]","[19.697235331762027, 10.801942440884856, 11.06479080853368, 7.286886230842362, 9.832189669891783]"
102,0,1956,True,True,1.0,3.99,5,5,True,0,5,51.662460944806156,"[9.618140982944405, 4.710257269957751, 8.974523860974763, 21.210240403775177, 7.149298427154065]",25.148359768474403,"[4.751074983348318, 2.837000335283523, 4.500064305780158, 9.27199375747232, 3.7882263865900856]",54.3761731853516,0.0,[],26.206707542287123,0.0,21.206707542287123,0.0,"[5.026598814746186, 6.373069315593534, 3.9278662194080134, 7.165666866552558, 3.713506325986831]",[],"[4.026598814746186, 5.373069315593534, 2.9278662194080134, 6.165666866552558, 2.713506325986831]",[],"[10.324612345503041, 13.777100809214188, 7.507349280533368, 15.809402221929634, 6.957708528171361]"
102,0,1957,True,True,1.0,3.99,4,4,True,3,7,39.17955430292211,"[5.40201817039762, 15.265955160083772, 2.5, 16.011580972440715]",19.28002617813962,"[3.1067870864550717, 6.953722512432671, 1.975, 7.244516579251879]",50.82951247981829,38.96846070599862,"[19.283211329387385, 6.712239720917581, 12.973009655693662]",23.823509867129136,18.197699675339464,19.823509867129133,15.197699675339464,"[11.210509865224074, 2.5301869091181484, 4.677529363096797, 5.405283729690114]","[8.52045241846108, 3.6177734911578567, 6.059473765720528]","[10.210509865224074, 1.5301869091181484, 3.6775293630967965, 4.405283729690114]","[7.520452418461081, 2.6177734911578567, 5.059473765720528]","[26.180794526215575, 3.9235561772260215, 9.429562469478965, 11.295599306897728]"
102,0,1958,True,False,,0.0,1,1,,0,1,2.5,[2.5],1.975,[1.975],12.872670963795628,0.0,[],6.020341675880295,0.0,0.0,0.0,[6.020341675880295],[],[0.0],[],[12.872670963795628]
102,0,1959,True,False,,0.0,1,1,,0,1,14.43210560625997,[14.43210560625997],6.628521186441389,[6.628521186441389],11.459547922372767,0.0,[],5.469223689725379,0.0,0.0,0.0,[5.469223689725379],[],[0.0],[],[11.459547922372767]
102,0,1960,True,False,,0.0,1,1,,0,1,4.8106754719221705,[4.8106754719221705],2.8761634340496465,[2.8761634340496465],15.10809954302053,0.0,[],6.892158821778007,0.0,0.0,0.0,[6.892158821778007],[],[0.0],[],[15.10809954302053]
102,0,1961,True,False,,0.0,1,1,,0,1,9.016088490003858,[9.016088490003858],4.516274511101505,[4.516274511101505],7.850144582520517,0.0,[],4.061556387183002,0.0,0.0,0.0,[4.061556387183002],[],[0.0],[],[7.850144582520517]
102,0,1962,True,True,1.0,3.99,3,3,True,0,3,32.39846806137181,"[12.228823636187823, 14.418053338141554, 5.751591087042431]",15.635402543935005,"[5.769241218113251, 6.623040801875207, 3.243120523946548]",33.166349608504405,0.0,[],15.93487634731672,0.0,12.934876347316717,0.0,"[4.882228825451344, 2.7133008696804106, 8.339346652184965]",[],"[3.8822288254513437, 1.7133008696804106, 7.339346652184964]",[],"[9.954432885772675, 4.393079153026694, 18.818837569705035]"
102,0,1963,True,True,1.0,3.99,3,3,True,1,4,24.02721367368916,"[5.69713355375092, 13.7785684762364, 4.551511643701843]",12.370613332738774,"[3.221882085962859, 6.373641705732196, 2.7750895410437186]",23.894166068544315,5.716433658371485,[5.716433658371485],12.318724766732284,3.229409126764879,9.318724766732284,2.229409126764879,"[2.230129493424891, 5.851110262373745, 4.237485010933648]",[3.229409126764879],"[1.230129493424891, 4.851110262373745, 3.2374850109336477]",[2.229409126764879],"[3.154178188268951, 12.438744262496781, 8.301243617778583]"
102,0,1964,True,False,,0.0,2,2,,0,2,26.817978754345397,"[15.08171258931414, 11.736266165031255]",12.459011714194705,"[6.881867909832515, 5.57714380436219]",27.683908261842923,0.0,[],12.79672422211874,0.0,0.0,0.0,"[4.225638468219114, 8.571085753899625]",[],"[0.0, 0.0]",[],"[8.270867867228498, 19.413040394614423]"
102,0,1965,True,False,,0.0,1,1,,0,1,6.672097853124729,[6.672097853124729],3.6021181627186443,[3.6021181627186443],12.327765567424581,0.0,[],5.807828571295587,0.0,0.0,0.0,[5.807828571295587],[],[0.0],[],[12.327765567424581]
102,0,1966,True,True,1.0,3.99,7,2,,2,9,28.175833357589894,"[11.302919089949826, 16.872914267640066]",12.988575009460058,"[5.408138445080432, 7.580436564379626]",11.878172591785681,12.446463751462854,"[8.202362261318369, 4.244101490144486]",6.6324873107964155,6.854120863070513,4.6324873107964155,4.854120863070513,"[3.3435187591767215, 3.2889685516196945]","[4.1989212819141635, 2.6551995811563494]","[2.3435187591767215, 2.2889685516196945]","[3.198921281914164, 1.6551995811563494]","[6.009022459427491, 5.8691501323581905]"
102,0,1967,True,True,1.0,3.99,3,3,True,2,5,22.449717098143935,"[3.9092458185903, 6.46211499234733, 12.078356287206303]",11.755389668276134,"[2.524605869250217, 3.520224847015459, 5.710558952010458]",25.104672648653157,13.669116357555872,"[8.78415327336172, 4.88496308419415]",12.79082233297473,7.33095537944679,9.79082233297473,5.33095537944679,"[2.1127924921195698, 7.242937865699197, 3.435091975155963]","[4.425819776611071, 2.9051356028357187]","[1.1127924921195698, 6.242937865699197, 2.435091975155963]","[3.425819776611071, 1.9051356028357187]","[2.8533140823578713, 16.0075329889723, 6.243825577322982]"
102,0,1968,True,False,,0.0,2,2,,0,2,16.0410520895233,"[8.350131345109073, 7.690920744414228]",8.256010314914088,"[4.256551224592538, 3.9994590903215492]",13.839108488701477,0.0,[],7.397252310593577,0.0,0.0,0.0,"[2.7440942203609184, 4.653158090232658]",[],"[0.0, 0.0]",[],"[4.472036462463894, 9.367072026237583]"
102,0,1969,True,True,1.0,3.99,3,3,True,0,3,20.083689052191087,"[7.756951550709694, 6.93987251589725, 5.386864985584143]",10.832638730354525,"[4.025211104776781, 3.7065502811999274, 3.100877344377816]",35.94039298615402,0.0,[],17.01675326460007,0.0,14.01675326460007,0.0,"[4.954652928782888, 3.4533126629596227, 8.60878767285756]",[],"[3.954652928782888, 2.4533126629596227, 7.608787672857559]",[],"[10.140135714827919, 6.2905452896400575, 19.50971198168605]"
102,0,1970,True,False,,0.0,1,1,,0,1,3.135543349949966,[3.135543349949966],2.222861906480487,[2.222861906480487],5.3136914304818195,0.0,[],3.07233965788791,0.0,0.0,0.0,[3.07233965788791],[],[0.0],[],[5.3136914304818195]
102,0,1971,True,False,,0.0,2,2,,0,2,16.672321997070227,"[8.118712009260783, 8.553609987809443]",8.502205578857389,"[4.166297683611705, 4.335907895245683]",23.733644546870835,0.0,[],11.256121373279626,0.0,0.0,0.0,"[4.859235321570347, 6.396886051709278]",[],"[0.0, 0.0]",[],"[9.89547518351371, 13.838169363357123]"
102,0,1972,True,True,1.0,3.99,6,6,True,1,7,62.71397911739515,"[8.512215802820085, 19.952894135714956, 9.204987852010666, 15.284053382340312, 5.550958337655229, 4.208869606853896]",30.458451855784112,"[4.319764163099833, 8.781628712928832, 4.58994526228416, 6.960780819112722, 3.164873751685539, 2.6414591466730197]",48.1846360278191,5.279880066837957,[5.279880066837957],24.792008050849454,3.0591532260668033,18.792008050849454,2.0591532260668033,"[5.971158456614408, 2.688775412537195, 5.007065341079248, 4.785296073075358, 4.364712767543242, 1.975]",[3.0591532260668033],"[4.971158456614408, 1.6887754125371954, 4.007065341079248, 3.7852960730753575, 3.364712767543242, 0.9750000000000001]",[2.0591532260668033],"[12.746560145165148, 4.330193365479988, 10.274526515587816, 9.70588736685989, 8.627468634726261, 2.5]"
102,0,1973,True,True,1.0,3.99,3,3,True,3,6,27.213927966268685,"[6.8174390088225865, 8.27791559127656, 12.11857336616954]",13.613431906844788,"[3.658801213440809, 4.228387080597859, 5.726243612806121]",41.408433142258964,27.68153136626229,"[10.216635169716902, 7.757142771673153, 9.707753424872237]",19.149288925481,13.795797232842295,16.149288925481,10.795797232842293,"[7.94645899841368, 5.01062633674746, 6.192203590319858]","[4.984487716189592, 4.02528568095253, 4.786023835700172]","[6.94645899841368, 4.01062633674746, 5.192203590319858]","[3.9844877161895917, 3.0252856809525297, 3.7860238357001728]","[17.811433329265846, 10.283657273711436, 13.313342539281686]"
102,0,1974,True,True,1.0,3.99,3,3,True,3,6,15.703761459297976,"[7.715987634685146, 4.90541321685287, 3.08236060775996]",9.12446696912621,"[4.0092351775272075, 2.9131111545726194, 2.2021206370263844]",26.752489108865884,31.210043564063454,"[14.586208919961358, 9.283315014360742, 7.340519629741356]",13.433470752457696,15.171916989984748,10.433470752457696,12.171916989984748,"[4.388357566867839, 6.207283303902985, 2.8378298816868726]","[6.688621478784929, 4.6204928556006895, 3.862802655599129]","[3.3883575668678385, 5.207283303902985, 1.8378298816868726]","[5.688621478784929, 3.6204928556006895, 2.862802655599129]","[8.68809632530215, 13.352008471546114, 4.712384312017622]"
102,0,1975,True,True,1.0,3.99,6,6,True,2,8,47.36036233362978,"[10.941454319157419, 3.2733051093499292, 5.730261172482862, 10.375683124710884, 7.892691266767169, 9.146967341161513]",24.470541310115614,"[5.267167184471393, 2.2765889926464724, 3.2348018572683164, 5.046516418637244, 4.078149594039196, 4.56731726305299]",39.812192808248184,17.033122436133326,"[8.881223125968063, 8.151899310165263]",21.526755195216793,8.642917750091996,15.526755195216792,6.642917750091997,"[3.1682833697256965, 2.255776496185449, 2.6561186359541207, 2.585675416234877, 5.916093015472707, 4.944808261643942]","[4.4636770191275446, 4.179240730964453]","[2.1682833697256965, 1.255776496185449, 1.656118635954121, 1.5856754162348772, 4.916093015472707, 3.9448082616439426]","[3.4636770191275446, 3.1792407309644526]","[5.559700948014607, 3.219939733808843, 4.246458040908002, 4.065834400602249, 12.605366706340273, 10.114892978574211]"
102,0,1976,True,False,,0.0,1,1,,0,1,9.491501488170043,[9.491501488170043],4.701685580386316,[4.701685580386316],5.444770303030506,0.0,[],3.1234604181818972,0.0,0.0,0.0,[3.1234604181818972],[],[0.0],[],[5.444770303030506]
102,0,1977,True,False,,0.0,2,2,,0,2,10.248768065686706,"[5.217906693710456, 5.03086137197625]",5.997019545617816,"[3.034983610547078, 2.9620359350707375]",28.43743822994462,0.0,[],13.0906009096784,0.0,0.0,0.0,"[7.819672250974834, 5.270928658703567]",[],"[0.0, 0.0]",[],"[17.486339105063678, 10.95109912488094]"
102,0,1978,True,False,,0.0,2,2,,0,2,14.682455369587087,"[10.697148505385995, 3.9853068642010925]",7.726157594138964,"[5.1718879171005385, 2.554269677038426]",34.92689129963156,0.0,[],15.62148760685631,0.0,0.0,0.0,"[8.126723973466108, 7.494763633390202]",[],"[0.0, 0.0]",[],"[18.27365121401566, 16.653240085615902]"
102,0,1979,True,False,,0.0,2,2,,0,2,24.718869123262806,"[12.450124766121107, 12.2687443571417]",11.640358958072493,"[5.855548658787232, 5.784810299285263]",12.186645061010328,0.0,[],6.7527915737940285,0.0,0.0,0.0,"[4.022142815720077, 2.7306487580739516]",[],"[0.0, 0.0]",[],"[7.7490841428719905, 4.437560918138337]"
102,0,1980,True,True,1.0,3.99,7,7,True,2,9,76.6231015050169,"[4.516373463108448, 13.048194434626607, 9.041723465429527, 10.11695149416971, 18.050588040579495, 11.316397618601497, 10.532872988501616]",36.88300958695659,"[2.761385650612295, 6.088795829504377, 4.5262721515175155, 4.945611082726186, 8.039729335826003, 5.413395071254584, 5.107820465515631]",76.84596629088685,10.76671174572885,"[4.179116644676518, 6.587595101052332]",36.96992685344587,6.199017580834251,29.969926853445873,4.199017580834251,"[5.849294758246773, 8.505197711906234, 6.026849903330782, 3.476184923489893, 6.822151430547415, 3.234327263273064, 3.055920862651713]","[2.629855491423842, 3.5691620894104097]","[4.849294758246773, 7.505197711906235, 5.026849903330782, 2.476184923489893, 5.822151430547415, 2.234327263273064, 2.055920862651713]","[1.6298554914238421, 2.5691620894104097]","[12.434089123709676, 19.244096697195474, 12.889358726489185, 6.349192111512545, 14.928593411660039, 5.729044264802728, 5.271591955517213]"
102,0,1981,True,False,,0.0,1,1,,0,1,15.69901183630725,[15.69901183630725],7.122614616159828,[7.122614616159828],5.600360596592044,0.0,[],3.184140632670897,0.0,0.0,0.0,[3.184140632670897],[],[0.0],[],[5.600360596592044]
102,0,1982,True,True,1.0,3.99,3,3,True,1,4,41.63224859205508,"[19.661014641937392, 7.288793874372965, 14.682440075744722]",19.236576950901483,"[8.667795710355584, 3.8426296110054565, 6.726151629540442]",40.28976288368443,4.265038749577218,[4.265038749577218],18.713007524636932,2.663365112335115,15.713007524636932,1.663365112335115,"[8.073612320909596, 5.441738521674838, 5.197656682052496]",[2.663365112335115],"[7.0736123209095965, 4.441738521674838, 4.197656682052496]",[1.663365112335115],"[18.137467489511785, 11.389073132499584, 10.763222261673064]"
102,0,1983,True,False,,0.0,2,2,,0,2,11.667113372042273,"[6.786186197048096, 4.880927174994176]",6.550174215096487,"[3.6466126168487576, 2.9035615982477285]",31.299938466022894,0.0,[],14.206976001748927,0.0,0.0,0.0,"[10.147803946768333, 4.059172054980595]",[],"[0.0, 0.0]",[],"[23.45590755581624, 7.844030910206654]"
102,0,1984,True,True,1.0,3.99,4,4,True,4,8,28.016901628782733,"[4.514982147566446, 6.675829562027994, 8.560686145439268, 8.265403773749023]",14.926591635225265,"[2.760843037550914, 3.6035735291909177, 4.338667596721315, 4.223507471762119]",29.7810917155055,42.438288582810856,"[2.3394219115453816, 12.924524934338091, 9.838656903491819, 17.335684833435565]",15.614625769047146,20.550932547296235,11.614625769047146,16.550932547296235,"[5.337116030423246, 5.446744099328437, 1.975, 2.855765639295463]","[1.9123745455026988, 6.040564724391856, 4.83707619236181, 7.76091708503987]","[4.337116030423246, 4.446744099328437, 0.9750000000000001, 1.8557656392954631]","[0.9123745455026988, 5.040564724391856, 3.8370761923618093, 6.76091708503987]","[11.120810334418579, 11.40190794699599, 2.5, 4.758373434090931]"
102,0,1985,True,False,,0.0,2,2,,0,2,14.376579135164334,"[2.928778446756083, 11.44780068840825]",7.60686586271409,"[2.1422235942348724, 5.464642268479218]",20.02474227808126,0.0,[],9.809649488451692,0.0,0.0,0.0,"[5.057292309010177, 4.752357179441515]",[],"[0.0, 0.0]",[],"[10.403313612846606, 9.621428665234653]"
102,0,1986,True,True,1.0,3.99,3,3,True,4,7,37.7851903585517,"[16.318870357240083, 5.880793939862165, 15.58552606144945]",17.736224239835163,"[7.364359439323633, 3.2935096365462444, 7.078355163965286]",13.597164165116268,53.21062646349969,"[11.120531816643577, 13.784909929079856, 21.78963914998925, 6.515545567787015]",8.302894024395345,24.752144320764877,5.302894024395345,20.752144320764877,"[2.5324872935871454, 3.7954067308081996, 1.975]","[5.3370074084909955, 6.376114872341144, 9.497959268495807, 3.541062771436936]","[1.5324872935871454, 2.7954067308081996, 0.9750000000000001]","[4.3370074084909955, 5.376114872341144, 8.497959268495807, 2.541062771436936]","[3.9294545989413985, 7.16770956617487, 2.5]"
102,0,1987,True,True,1.0,3.99,3,3,True,0,3,21.70408475488805,"[2.5, 15.948419291969046, 3.255665462919006]",11.46459305440634,"[1.975, 7.219883523867928, 2.269709530538412]",23.728141399289953,0.0,[],12.253975145723082,0.0,9.253975145723082,0.0,"[2.3159641776509607, 3.774239989308094, 6.163770978764027]",[],"[1.315964177650961, 2.774239989308094, 5.163770978764027]",[],"[3.374267122181951, 7.113435870020753, 13.240438407087247]"
102,0,1988,True,False,,0.0,2,2,,0,2,26.659997481601714,"[6.799472675654617, 19.860524805947097]",12.39739901782467,"[3.651794343505301, 8.745604674319368]",17.905054093976425,0.0,[],8.982971096650806,0.0,0.0,0.0,"[4.137028729854704, 4.845942366796102]",[],"[0.0, 0.0]",[],"[8.043663409883857, 9.86139068409257]"
102,0,1989,True,True,1.0,3.99,3,3,True,2,5,22.356962164108488,"[7.603434418757892, 6.840162596959667, 7.9133651483909295]",11.71921524400231,"[3.9653394233155783, 3.66766341281427, 4.086212407872463]",32.247736538407125,22.668979081013212,"[4.38020778231411, 18.288771298699103]",15.57661724997878,10.840901841595151,12.57661724997878,8.840901841595153,"[5.559108539097419, 4.533277319209713, 5.484231391671647]","[2.7082810351025026, 8.13262080649265]","[4.559108539097419, 3.533277319209713, 4.484231391671647]","[1.7082810351025028, 7.132620806492651]","[11.690021895121587, 9.059685433871058, 11.49802920941448]"
102,0,1990,True,True,1.0,3.99,4,4,True,5,9,36.92669687273919,"[10.146035819088663, 6.595347833926979, 2.5, 17.68531321972355]",18.401411780368285,"[4.956953969444578, 3.572185655231522, 1.975, 7.8972721556921845]",36.267327332774265,66.48607343262245,"[14.386665593634197, 17.160776975364506, 14.487358447404414, 9.008003288726215, 11.443269127493114]",18.144257659781964,30.92956863872275,14.144257659781964,25.92956863872275,"[5.927493861833776, 7.3691804353561094, 2.2608347974800322, 2.586748565112047]","[6.610799581517337, 7.692703020392157, 6.650069794487722, 4.513121282603224, 5.462874959722314]","[4.927493861833776, 6.3691804353561094, 1.2608347974800325, 1.586748565112047]","[5.610799581517337, 6.692703020392157, 5.650069794487722, 3.513121282603224, 4.462874959722314]","[12.63459964572763, 16.331231885528485, 3.232909737128288, 4.068586064389864]"
102,0,1991,True,True,1.0,3.99,4,4,True,0,4,40.048008131369244,"[13.611477474797267, 2.964595272018729, 10.661699053541914, 12.810236331011334]",19.618723171234006,"[6.308476215170934, 2.1561921560873043, 5.158062630881346, 5.9959921690944205]",68.52559633197775,0.0,[],30.724982569471322,0.0,26.724982569471322,0.0,"[9.7724101648369, 8.660744142178082, 9.570336964165124, 2.7214912982912196]",[],"[8.7724101648369, 7.660744142178082, 8.570336964165124, 1.7214912982912198]",[],"[22.49335939701769, 19.642933697892516, 21.975222985038776, 4.414080252028769]"
102,0,1992,True,False,,0.0,1,1,,0,1,6.953517666974604,[6.953517666974604],3.7118718901200958,[3.7118718901200958],6.1646353444362045,0.0,[],3.40420778433012,0.0,0.0,0.0,[3.40420778433012],[],[0.0],[],[6.1646353444362045]
102,0,1993,True,False,,0.0,2,2,,0,2,15.404504556361022,"[5.781127374140898, 9.623377182220125]",8.007756776980798,"[3.2546396759149503, 4.753117101065849]",45.43905622535894,0.0,[],19.721231927889985,0.0,0.0,0.0,"[11.746340258877428, 7.974891669012558]",[],"[0.0, 0.0]",[],"[27.554718612506225, 17.88433761285271]"
102,0,1994,True,False,,0.0,1,1,,0,1,28.125577437201436,[28.125577437201436],11.96897520050856,[11.96897520050856],9.574499462845678,0.0,[],4.7340547905098145,0.0,0.0,0.0,[4.7340547905098145],[],[0.0],[],[9.574499462845678]
102,0,1995,True,True,1.0,3.99,4,4,True,1,5,41.986972178651165,"[11.746568047175074, 3.397035600829955, 20.5117851261614, 6.331583404484738]",20.374919149673957,"[5.5811615383982796, 2.3248438843236823, 8.999596199202946, 3.4693175277490482]",29.915060848980872,8.658613735906691,[8.658613735906691],15.666873731102541,4.376859357003609,11.666873731102541,3.3768593570036094,"[3.8175234785671046, 5.775841324004973, 3.666144943615479, 2.4073639849149844]",[4.376859357003609],"[2.8175234785671046, 4.775841324004973, 2.666144943615479, 1.4073639849149844]",[3.3768593570036094],"[7.224419175813089, 12.245746984628136, 6.836269086193536, 3.6086256023461134]"
102,0,1996,True,False,,0.0,2,2,,0,2,18.608229934789044,"[12.897694707692104, 5.710535227096939]",9.257209674567726,"[6.03010093599992, 3.2271087385678063]",28.09808956436026,0.0,[],12.958254930100502,0.0,0.0,0.0,"[4.294660022859259, 8.663594907241244]",[],"[0.0, 0.0]",[],"[8.447846212459638, 19.650243351900624]"
102,0,1997,True,True,1.0,3.99,6,6,True,1,7,82.76342715684294,"[18.44343447484726, 16.113587220533297, 11.828348223361743, 8.335521662691608, 3.3559523772200737, 24.686583198188966]",38.277736591168754,"[8.192939445190431, 7.284299016007986, 5.61305580711108, 4.250853448449727, 2.308821427115829, 10.627767447293698]",71.99186597597665,1.800308996395372,[1.800308996395372],34.076827730630896,1.702120508594195,28.076827730630896,0.7021205085941951,"[4.374918547171778, 6.472530881956813, 4.036801886431674, 6.830447785628089, 2.4050638949972316, 9.957064734445309]",[1.702120508594195],"[3.374918547171778, 5.472530881956813, 3.0368018864316744, 5.830447785628089, 1.4050638949972316, 8.957064734445309]",[0.7021205085941951],"[8.653637300440456, 14.03213046655593, 7.786671503670959, 14.9498661169951, 3.6027279358903375, 22.966832652423868]"
102,0,1998,True,True,1.0,3.99,6,6,True,2,8,66.3616028962443,"[21.004443667810293, 9.05253708367467, 5.754658231147938, 12.797789381711945, 9.634853597300605, 8.117320934598856]",31.88102512953528,"[9.191733030446015, 4.530489462633121, 3.244316710147696, 5.991137858867659, 4.757592902947236, 4.165755164493554]",63.78608289132275,14.72099068018719,"[8.991699999882941, 5.729290680304249]",30.876572327615875,7.741186365273004,24.876572327615875,5.741186365273005,"[2.4711494389015938, 8.098511371590149, 5.871483320784602, 4.139931314112747, 2.1513390611118766, 8.144157821114907]","[4.506762999954347, 3.234423365318657]","[1.4711494389015938, 7.098511371590149, 4.871483320784602, 3.1399313141127467, 1.1513390611118766, 7.1441578211149075]","[3.5067629999543475, 2.234423365318657]","[3.7721780484656247, 18.20131120920551, 12.49098287380667, 8.051105933622427, 2.9521514387484014, 18.318353387474122]"
102,0,1999,True,False,,0.0,1,1,,0,1,20.67612403044904,[20.67612403044904],9.063688371875125,[9.063688371875125],15.367895754862179,0.0,[],6.99347934439625,0.0,0.0,0.0,[6.99347934439625],[],[0.0],[],[15.367895754862179]
102,0,2000,True,False,,0.0,2,2,,0,2,16.3741312785169,"[4.706868490249534, 11.667262788267365]",8.385911198621592,"[2.8356787111973185, 5.550232487424273]",14.81673951071821,0.0,[],7.778528409180102,0.0,0.0,0.0,"[5.351135388996829, 2.427393020183273]",[],"[0.0, 0.0]",[],"[11.156757407684175, 3.659982103034034]"
102,0,2001,True,True,1.0,3.99,4,4,True,0,4,28.966210239490223,"[4.363011015747271, 8.964543715943492, 7.117141497387237, 8.521514010412224]",15.296821993401188,"[2.7015742961414357, 4.496172049217963, 3.7756851839810226, 4.323390464060767]",39.68918840711139,0.0,[],19.47878347877344,0.0,15.47878347877344,0.0,"[4.267093418633966, 2.591149727132205, 7.640828763601348, 4.9797115694059215]",[],"[3.2670934186339653, 1.591149727132205, 6.640828763601348, 3.979711569405922]",[],"[8.377162611881962, 4.079871095210782, 17.027766060516278, 10.204388639502364]"
102,0,2002,True,True,1.0,3.99,4,4,True,2,6,42.706619548835555,"[17.634372995427366, 8.59644755756279, 7.044769204269137, 9.43102979157626]",20.655581624045865,"[7.877405468216673, 4.352614547449488, 3.7474599896649634, 4.6781016187147415]",46.83510841077895,15.796594572712293,"[6.3909302155142615, 9.405664357198031]",22.265692280203794,8.160671883357793,18.265692280203794,6.160671883357795,"[6.451414180043986, 4.087685671955519, 3.5434382367812023, 8.183154191423085]","[3.492462784050562, 4.668209099307232]","[5.451414180043986, 3.0876856719555192, 2.5434382367812023, 7.183154191423085]","[2.492462784050562, 3.6682090993072323]","[13.97798507703586, 7.917142748603895, 6.521636504567185, 18.418344080572012]"
102,0,2003,True,False,,0.0,2,2,,0,2,19.559415712229047,"[9.247237361267828, 10.312178350961217]",9.628172127769329,"[4.606422570894454, 5.021749556874875]",12.014556183910244,0.0,[],6.685676911724995,0.0,0.0,0.0,"[2.61679446127443, 4.068882450450565]",[],"[0.0, 0.0]",[],"[4.145626823780589, 7.868929360129655]"
102,0,2004,True,False,,0.0,2,2,,0,2,36.13311640648231,"[14.221027291757322, 21.912089114724985]",16.0919153985281,"[6.5462006437853555, 9.545714754742745]",10.210775530759735,0.0,[],5.982202456996297,0.0,0.0,0.0,"[2.1834859852889537, 3.798716471707343]",[],"[0.0, 0.0]",[],"[3.034579449458855, 7.17619608130088]"
102,0,2005,True,True,1.0,3.99,3,3,True,2,5,44.51965857889137,"[7.953440759315439, 12.544228103944134, 24.02198971563179]",20.362666845767627,"[4.1018418961330205, 5.892248960538212, 10.368575989096398]",33.898154822092266,36.81778212613781,"[23.100038722929167, 13.717743403208642]",16.220280380615986,16.358935029193745,13.220280380615984,14.358935029193747,"[8.523957576094368, 5.201596859836797, 2.4947259446848205]","[10.009015101942376, 6.349919927251371]","[7.523957576094367, 4.201596859836797, 1.4947259446848205]","[9.009015101942376, 5.349919927251371]","[19.292198913062478, 10.773325281632811, 3.8326306273969752]"
102,0,2006,True,True,1.0,3.99,5,5,True,2,7,50.89127055085181,"[15.761328485096408, 16.88132641045623, 5.59651645638033, 7.673894232298764, 4.978204966620074]",24.847595514832207,"[7.1469181091876, 7.58371730007793, 3.1826414179883287, 3.992818750596518, 2.941499936981829]",40.71214995386162,22.930984112310046,"[9.369874638710757, 13.56110947359929]",20.87773848200603,10.943083803800919,15.87773848200603,8.943083803800919,"[4.348342746888985, 4.22484590027394, 1.975, 5.928544073275367, 4.401005761567739]","[4.654251109097196, 6.288832694703723]","[3.348342746888985, 3.22484590027394, 0.9750000000000001, 4.928544073275367, 3.401005761567739]","[3.654251109097195, 5.288832694703723]","[8.585494222792269, 8.268835641728051, 2.5, 12.637292495577862, 8.720527593763434]"
102,0,2007,True,True,1.0,3.99,4,4,True,2,6,22.24580079288044,"[2.551236333717909, 4.568985545836405, 9.398650971625598, 5.726927941700528]",12.675862309223373,"[1.9949821701499846, 2.7819043628761984, 4.665473878933984, 3.233501897263206]",26.58912294148306,9.758953487277676,"[4.304273027580516, 5.454680459697159]",14.369757947178392,5.805991860038294,10.369757947178392,3.8059918600382936,"[3.2774872033990006, 5.855870202191678, 2.973867532591396, 2.262533008996318]","[2.6786664807564016, 3.127325379281892]","[2.2774872033990006, 4.855870202191678, 1.9738675325913964, 1.2625330089963178]","[1.6786664807564013, 2.127325379281892]","[5.839710777946156, 12.450949236388917, 5.061198801516401, 3.237264125631584]"
102,0,2008,True,False,,0.0,1,1,,0,1,8.455554312555961,[8.455554312555961],4.297666181896824,[4.297666181896824],18.857553321680303,0.0,[],8.35444579545532,0.0,0.0,0.0,[8.35444579545532],[],[0.0],[],[18.857553321680303]
102,0,2009,True,True,1.0,3.99,5,2,,3,8,19.489764095356158,"[11.528189978690458, 7.961574116665702]",9.601007997188901,"[5.495994091689279, 4.105013905499623]",43.65800970063158,30.254799294886457,"[13.048212365851498, 4.156732937128925, 13.049853991906033]",19.02662378324632,14.79937172500572,17.02662378324632,11.79937172500572,"[7.398868141558096, 11.627755641688221]","[6.0888028226820845, 2.621125845480281, 6.089443056843353]","[6.398868141558096, 10.627755641688221]","[5.0888028226820845, 1.621125845480281, 5.089443056843353]","[16.407354209123323, 27.250655491508258]"
102,0,2010,True,True,1.0,3.99,3,3,True,2,5,27.40478456029328,"[9.110097250935437, 4.261145940274867, 14.033541369082975]",13.68786597851438,"[4.5529379278648205, 2.661846916707198, 6.473081133942361]",28.492142712090327,24.412717914364592,"[9.511260860744876, 14.901457053619716]",14.111935657715229,11.520959986602191,11.111935657715229,9.520959986602191,"[3.3588985408581395, 6.361582387978862, 4.391454728878227]","[4.709391735690502, 6.811568250911689]","[2.3588985408581395, 5.361582387978862, 3.3914547288782266]","[3.709391735690502, 5.811568250911689]","[6.048457797072152, 13.747647148663749, 8.696037766354427]"
102,0,2011,True,False,,0.0,2,2,,0,2,7.9398853167946,"[5.4398853167946, 2.5]",5.096555273549894,"[3.121555273549894, 1.975]",34.64324384351968,0.0,[],15.510865098972676,0.0,0.0,0.0,"[9.746050792608365, 5.764814306364311]",[],"[0.0, 0.0]",[],"[22.42577126309837, 12.21747258042131]"
102,0,2012,True,False,,0.0,2,2,,0,2,26.665619854615443,"[20.829708078242845, 5.835911776372597]",12.399591743300022,"[9.12358615051471, 3.276005592785313]",22.191063676029028,0.0,[],10.654514833651321,0.0,0.0,0.0,"[5.038001656690951, 5.61651317696037]",[],"[0.0, 0.0]",[],"[10.353850401771668, 11.83721327425736]"
102,0,2013,True,True,1.0,3.99,4,4,True,1,5,25.260993027494255,"[3.3030409813498958, 5.09423786974831, 10.839853125340827, 6.02386105105522]",13.851787280722759,"[2.2881859827264597, 2.986752769201841, 5.227542718882923, 3.349305809911536]",30.595321126602112,3.859094959921017,[3.859094959921017],15.932175239374825,2.5050470343691966,11.932175239374825,1.5050470343691968,"[2.714330756228306, 1.975, 5.409989198108766, 5.832855285037752]",[2.5050470343691966],"[1.714330756228306, 0.9750000000000001, 4.409989198108766, 4.832855285037752]",[1.5050470343691968],"[4.395719887764887, 2.5, 11.307664610535298, 12.391936628301927]"
102,0,2014,True,True,1.0,3.99,4,4,True,3,7,31.24445510260917,"[14.21773893628663, 10.259605224733349, 3.89790131808455, 2.86920962350464]",16.185337490017577,"[6.5449181851517855, 5.001246037646006, 2.5201815140529744, 2.1189917531668097]",64.91211135179924,18.584677601126796,"[6.429375383769125, 4.890406260022728, 7.264895957334944]",29.315723427201704,10.24802426443945,25.315723427201704,7.248024264439451,"[5.578493949032928, 5.0870477529445415, 8.715572355765644, 9.934609369458592]","[3.507456399669959, 2.907258441408864, 3.833309423360628]","[4.578493949032928, 4.0870477529445415, 7.7155723557656435, 8.934609369458592]","[2.507456399669959, 1.907258441408864, 2.833309423360628]","[11.739728074443404, 10.479609622934722, 19.783518860937548, 22.909254793483566]"
102,0,2015,True,True,1.0,3.99,4,3,,2,6,33.67649583603682,"[8.982845413642362, 12.815502716460177, 11.878147705934278]",16.133833376054362,"[4.503309711320521, 5.998046059419469, 5.632477605314369]",24.30562760546269,21.505907397588906,"[11.969588937607782, 9.536318459981123]",12.479194766130448,10.387303885059673,9.479194766130448,8.387303885059673,"[5.536012872456506, 2.74182571381934, 4.201356179854603]","[5.668139685667035, 4.7191641993926385]","[4.536012872456506, 1.7418257138193398, 3.201356179854603]","[4.668139685667035, 3.719164199392638]","[11.630802237067963, 4.466219779023948, 8.208605589370777]"
102,0,2016,True,False,,0.0,2,2,,0,2,29.33984453714632,"[12.34733115595369, 16.99251338119263]",13.442539369487065,"[5.8154591508219395, 7.627080218665126]",23.287062745219956,0.0,[],11.081954470635782,0.0,0.0,0.0,"[8.81533303907721, 2.2666214315585735]",[],"[0.0, 0.0]",[],"[20.039315484813358, 3.247747260406598]"
102,0,2017,True,True,1.0,3.99,3,3,True,5,8,28.659361879046685,"[4.599722244595867, 4.41740451178672, 19.642235122664097]",14.177151132828207,"[2.793891675392388, 2.722787759596821, 8.660471697838998]",29.974690361237418,39.685245188382055,"[6.807496036397883, 8.461835941070932, 7.484351968858426, 4.831375597234903, 12.10018564481991]",14.690129240882591,20.477245623469003,11.690129240882591,15.477245623469003,"[4.345277843068886, 5.068441070528856, 5.27641032728485]","[3.6549234541951745, 4.300116017017664, 3.918897267854786, 2.8842364829216125, 5.719072401479765]","[3.345277843068886, 4.068441070528856, 4.27641032728485]","[2.6549234541951745, 3.3001160170176638, 2.918897267854786, 1.8842364829216123, 4.719072401479765]","[8.577635495048426, 10.43190018084322, 10.96515468534577]"
102,0,2018,True,True,1.0,3.99,5,5,True,2,7,52.02727660414931,"[8.666883158738285, 22.14158265576141, 10.904884980911868, 2.5, 7.813925808737739]",25.29063787561823,"[4.380084431907932, 9.63521723574695, 5.252905142555629, 1.975, 4.047431065407718]",65.1048275142613,10.890793422575939,"[4.51732422877438, 6.37346919380156]",30.390882730561906,6.2474094348046165,25.390882730561906,4.2474094348046165,"[6.2836354577856905, 4.574275782131565, 7.062342509014117, 4.557302276592271, 7.913326705038262]","[2.761756449222008, 3.4856529855826084]","[5.2836354577856905, 3.5742757821315645, 6.062342509014117, 3.5573022765922713, 6.913326705038262]","[1.7617564492220084, 2.4856529855826084]","[13.547783225091514, 9.164809697773242, 15.544467971831068, 9.12128788869813, 17.72647873086734]"
102,0,2019,True,False,,0.0,1,1,,0,1,9.743038908195828,[9.743038908195828],4.799785174196373,[4.799785174196373],7.045673004543748,0.0,[],3.747812471772062,0.0,0.0,0.0,[3.747812471772062],[],[0.0],[],[7.045673004543748]
102,0,2020,True,True,1.0,3.99,4,4,True,1,5,43.962661761451855,"[6.121233636838341, 15.5226849616552, 11.770177344143276, 10.548565818815032]",21.145438086966223,"[3.3872811183669533, 7.053847135045528, 5.590369164215878, 5.113940669337863]",32.144198935972234,14.215755903290612,[14.215755903290612],16.536237585029173,6.544144802283339,12.536237585029175,5.544144802283339,"[5.107749482308206, 5.08197698879992, 2.69833833894383, 3.648172774977217]",[6.544144802283339],"[4.107749482308206, 4.08197698879992, 1.6983383389438302, 2.648172774977217]",[5.544144802283339],"[10.53269098027745, 10.466607663589539, 4.354713689599564, 6.790186602505684]"
102,0,2021,True,True,1.0,3.99,4,4,True,2,6,30.460847385321813,"[7.041942777497818, 9.856770319867525, 2.5, 11.062134287956468]",15.879730480275507,"[3.746357683224149, 4.8441404247483355, 1.975, 5.314232372303023]",25.47564422256022,23.035391681670735,"[17.061850798707702, 5.973540882963031]",13.935501246798488,10.983802755851586,9.935501246798486,8.983802755851586,"[3.5400332233691385, 3.6241208873874493, 3.199737750423078, 3.57160938561882]","[7.654121811496005, 3.3296809443555824]","[2.5400332233691385, 2.6241208873874493, 2.199737750423078, 2.57160938561882]","[6.654121811496005, 2.3296809443555824]","[6.512905700946509, 6.728515095865254, 5.640353206213021, 6.593870219535436]"
102,0,2022,True,True,1.0,3.99,3,3,True,2,5,25.654202598353827,"[6.5915883455419335, 3.4802330417373355, 15.582381211074557]",13.005139013357992,"[3.5707194547613543, 2.3572908862775606, 7.077128672319077]",24.490213898796966,18.379026816572924,"[11.987568946280069, 6.3914578702928555]",12.551183420530817,9.16782045846344,9.551183420530817,7.16782045846344,"[3.2996292874282838, 2.418752479206753, 6.83280165389578]","[5.675151889049227, 3.4926685694142137]","[2.2996292874282838, 1.4187524792067532, 5.83280165389578]","[4.675151889049227, 2.4926685694142137]","[5.896485352380214, 3.6378268697609055, 14.955901676655845]"
102,0,2023,True,False,,0.0,1,1,,0,1,5.7299458442134075,[5.7299458442134075],3.234678879243229,[3.234678879243229],9.352673163129136,0.0,[],4.6475425336203635,0.0,0.0,0.0,[4.6475425336203635],[],[0.0],[],[9.352673163129136]
102,0,2024,True,False,,0.0,1,1,,0,1,9.449515978373764,[9.449515978373764],4.685311231565768,[4.685311231565768],8.037819885876464,0.0,[],4.134749755491821,0.0,0.0,0.0,[4.134749755491821],[],[0.0],[],[8.037819885876464]
102,0,2025,True,False,,0.0,2,2,,0,2,12.987553668007138,"[3.998094669376943, 8.989458998630194]",7.0651459305227835,"[2.559256921057008, 4.5058890094657755]",15.474237102770676,0.0,[],8.034952470080563,0.0,0.0,0.0,"[1.975, 6.059952470080564]",[],"[0.0, 0.0]",[],"[2.5, 12.974237102770676]"
102,0,2026,True,True,1.0,3.99,4,4,True,2,6,60.78275239044829,"[6.036487497633458, 22.968807320117662, 25.208152847231176, 6.5693047254659875]",27.705273432274833,"[3.354230124077049, 9.957834854845888, 10.83117961042016, 3.5620288429317353]",52.45634704753535,25.9676320666707,"[8.954784125898275, 17.012847940772424]",24.45797534853879,12.127376506001573,20.45797534853879,10.127376506001573,"[6.318045535735794, 5.207006411047416, 9.207592930654888, 3.725330471100689]","[4.492365809100328, 7.6350106969012455]","[5.318045535735794, 4.207006411047416, 8.207592930654888, 2.725330471100689]","[3.4923658091003276, 6.6350106969012455]","[13.636014194194344, 10.787195925762607, 21.045110078602278, 6.9880268489761255]"
102,0,2027,True,True,1.0,3.99,5,5,True,3,8,46.00252101052049,"[8.668861489311729, 9.012462339239496, 13.088501566083004, 8.076273270396245, 7.156422345490014]",22.94098319410299,"[4.380855980831575, 4.514860312303403, 6.1045156107723715, 4.149746575454536, 3.791004714741106]",47.890520670827335,29.753394269346874,"[12.62829237821744, 3.828103600175979, 13.296998290953454]",23.67730306162266,14.60382376504528,18.67730306162266,11.60382376504528,"[4.539859275756608, 5.169045675401891, 2.052575083406963, 2.9160937360825807, 8.999729290974619]","[5.925034027504801, 2.492960404068632, 6.1858293334718475]","[3.5398592757566076, 4.169045675401891, 1.052575083406963, 1.9160937360825807, 7.999729290974619]","[4.925034027504801, 1.492960404068632, 5.1858293334718475]","[9.076562245529763, 10.689860706158695, 2.6989104702742637, 4.913060861750207, 20.512126387114407]"
102,0,2028,True,False,,0.0,1,1,,0,1,3.30615544314732,[3.30615544314732],2.289400622827455,[2.289400622827455],9.29750290239697,0.0,[],4.626026131934818,0.0,0.0,0.0,[4.626026131934818],[],[0.0],[],[9.29750290239697]
102,0,2029,True,False,,0.0,1,1,,0,1,14.195476663037141,[14.195476663037141],6.5362358985844855,[6.5362358985844855],13.635884225150566,0.0,[],6.317994847808721,0.0,0.0,0.0,[6.317994847808721],[],[0.0],[],[13.635884225150566]
102,0,2030,True,True,1.0,3.99,4,4,True,0,4,44.69002677838088,"[9.370683388951838, 10.552641254033691, 14.206291832715369, 10.560410302679982]",21.429110443568547,"[4.654566521691217, 5.11553008907314, 6.540453814758994, 5.118560018045193]",26.57679974928329,0.0,[],14.364951902220483,0.0,10.364951902220483,0.0,"[3.0388428560914034, 3.9636551324682956, 4.445831147426267, 2.916622766234518]",[],"[2.0388428560914034, 2.9636551324682956, 3.445831147426267, 1.916622766234518]",[],"[5.227802195106162, 7.599115724277681, 8.835464480580171, 4.914417349319277]"
102,0,2031,True,True,1.0,3.99,8,8,True,0,8,90.375938774627,"[5.7873209591190165, 18.051879427839996, 7.496233303059107, 7.9702212902335665, 10.847420092141375, 17.718651366416456, 10.809442735290295, 11.69476960052718]",43.24661612210453,"[3.2570551740564166, 8.040232976857599, 3.923530988193052, 4.108386303191091, 5.230493835935136, 7.910274032902418, 5.2156826667632155, 5.560960144205601]",74.95533975620995,0.0,[],37.23258250492188,0.0,29.23258250492188,0.0,"[12.359421711118584, 1.975, 5.825803733476567, 2.717682870508404, 6.022148959519449, 2.811746048905066, 2.155225636163566, 3.365553545230245]",[],"[11.359421711118584, 0.9750000000000001, 4.825803733476567, 1.717682870508404, 5.022148959519449, 1.811746048905066, 1.155225636163566, 2.365553545230245]",[],"[29.126722336201496, 2.5, 12.373855726862992, 4.404315052585651, 12.877305024408845, 4.645502689500169, 2.962117015804015, 6.065521910846782]"
102,0,2032,True,True,1.0,3.99,5,5,True,3,8,66.30371521289713,"[23.56168278654782, 10.467886993263775, 3.959646293396778, 7.284317708636258, 21.030181431052497]",30.85844893302988,"[10.189056286753651, 5.082475927372872, 2.5442620544247436, 3.840883906368141, 9.201770758110474]",50.33680775484741,41.413693274260076,"[12.076205490762854, 14.466682543713452, 14.87080523978377]",24.631355024390494,19.15134037696143,19.63135502439049,16.15134037696143,"[3.643208031951874, 9.069919109196038, 4.085568208229951, 4.946689284813589, 2.8859703901990397]","[5.709720141397513, 6.642006192048246, 6.799614043515671]","[2.643208031951874, 8.069919109196038, 3.0855682082299514, 3.946689284813589, 1.8859703901990394]","[4.709720141397513, 5.642006192048246, 5.799614043515671]","[6.777456492184292, 20.692100279989837, 7.911713354435773, 10.119716114906637, 4.83582151333087]"
102,0,2033,True,False,,0.0,2,2,,0,2,34.035139154762916,"[22.20148928919355, 11.833649865569368]",15.273704270357538,"[9.658580822785485, 5.615123447572054]",20.235602199337414,0.0,[],9.89188485774159,0.0,0.0,0.0,"[3.2285601234468686, 6.663324734294723]",[],"[0.0, 0.0]",[],"[5.714256726786842, 14.521345472550571]"
102,0,2034,True,True,1.0,3.99,4,4,True,1,5,37.92468117754564,"[6.092343993990099, 4.50022614579595, 16.902152248213692, 10.4299587895459]",18.7906256592428,"[3.3760141576561384, 2.7550881968604206, 7.59183937680334, 5.067683927922901]",66.70433453146694,3.7617669904486646,[3.7617669904486646],30.01469046727211,2.4670891262749794,26.01469046727211,1.4670891262749792,"[3.8771174909429527, 3.593525710114759, 11.497878050034988, 11.046169216179411]",[2.4670891262749794],"[2.8771174909429527, 2.593525710114759, 10.497878050034988, 10.046169216179411]",[1.4670891262749792],"[7.37722433575116, 6.6500659233711765, 26.917636025730737, 25.759408246613873]"
102,0,2035,True,False,,0.0,1,1,,0,1,9.038314835362133,[9.038314835362133],4.524942785791232,[4.524942785791232],9.602844090496312,0.0,[],4.745109195293562,0.0,0.0,0.0,[4.745109195293562],[],[0.0],[],[9.602844090496312]
102,0,2036,True,False,,0.0,2,2,,0,2,14.200660772266945,"[7.367260632915756, 6.8334001393511885]",7.538257701184108,"[3.873231646837145, 3.6650260543469635]",18.326329624798912,0.0,[],9.147268553671577,0.0,0.0,0.0,"[4.548606760921816, 4.59866179274976]",[],"[0.0, 0.0]",[],"[9.098991694671323, 9.22733793012759]"
102,0,2037,True,True,1.0,3.99,4,4,True,0,4,25.701247399828997,"[5.380777265170631, 8.630677836803306, 4.239009669857676, 7.450782627997384]",14.02348648593331,"[3.0985031334165463, 4.36596435635329, 2.653213771244494, 3.90580522491898]",29.28738977409668,0.0,[],15.422082011897707,0.0,11.422082011897707,0.0,"[3.0132306832377305, 3.5762237933388112, 3.9180949967753427, 4.914532538545822]",[],"[2.0132306832377305, 2.5762237933388112, 2.9180949967753427, 3.9145325385458216]",[],"[5.162129957019822, 6.605702034202079, 7.482294863526519, 10.03726291934826]"
102,0,2038,True,False,,0.0,1,1,,0,1,3.3771377645321197,[3.3771377645321197],2.3170837281675265,[2.3170837281675265],8.272860753598067,0.0,[],4.226415693903246,0.0,0.0,0.0,[4.226415693903246],[],[0.0],[],[8.272860753598067]
102,0,2039,True,False,,0.0,1,1,,0,1,16.85670921646352,[16.85670921646352],7.574116594420773,[7.574116594420773],6.897615772327083,0.0,[],3.6900701512075624,0.0,0.0,0.0,[3.6900701512075624],[],[0.0],[],[6.897615772327083]
102,0,2040,True,True,1.0,3.99,5,5,True,0,5,39.61425485506755,"[9.179330936087839, 5.492219989917082, 5.4147427804333255, 7.789920147003237, 11.738041001626067]",20.449559393476346,"[4.579939065074257, 3.141965796067662, 3.111749684368997, 4.038068857331263, 5.577835990634166]",30.87321327920459,0.0,[],17.04055317888979,0.0,12.040553178889791,0.0,"[4.315457582382097, 4.147905516524672, 2.821252392571264, 3.3310114222361578, 2.4249262651756007]",[],"[3.3154575823820966, 3.1479055165246717, 1.8212523925712638, 2.3310114222361578, 1.4249262651756007]",[],"[8.501173288159222, 8.071552606473517, 4.669877929669907, 5.976952364708096, 3.653657090193848]"
102,0,2041,True,False,,0.0,1,1,,0,1,10.405056430633715,[10.405056430633715],5.057972007947149,[5.057972007947149],10.268014279528234,0.0,[],5.004525569016011,0.0,0.0,0.0,[5.004525569016011],[],[0.0],[],[10.268014279528234]
102,0,2042,True,False,,0.0,1,1,,0,1,12.470148122583028,[12.470148122583028],5.863357767807381,[5.863357767807381],2.7594944704389635,0.0,[],2.076202843471196,0.0,0.0,0.0,[2.076202843471196],[],[0.0],[],[2.7594944704389635]
102,0,2043,True,False,,0.0,1,1,,0,1,2.5365892939760704,[2.5365892939760704],1.9892698246506675,[1.9892698246506675],3.8550042773572133,0.0,[],2.5034516681693133,0.0,0.0,0.0,[2.5034516681693133],[],[0.0],[],[3.8550042773572133]
102,0,2044,True,True,1.0,3.99,4,4,True,1,5,43.04239354772888,"[8.54393025902037, 4.2943850164718045, 8.286702652906003, 21.917375619330695]",20.786533483614264,"[4.332132801017944, 2.674810156424004, 4.2318140346333415, 9.547776491538972]",44.027112153577605,14.451199919314684,[14.451199919314684],21.170573739895268,6.635967968532727,17.170573739895268,5.635967968532727,"[3.496874981040623, 5.004249100843489, 4.870219906545083, 7.799229751466072]",[6.635967968532727],"[2.496874981040623, 4.004249100843489, 3.870219906545083, 6.799229751466072]",[5.635967968532727],"[6.402243541129803, 10.267305386778176, 9.923640786013033, 17.433922439656595]"
102,0,2045,True,False,,0.0,2,2,,0,2,32.18520169049403,"[12.778537133774428, 19.406664556719605]",14.552228659292673,"[5.983629482172027, 8.568599177120646]",22.44997616415823,0.0,[],10.75549070402171,0.0,0.0,0.0,"[7.4787037834515555, 3.2767869205701547]",[],"[0.0, 0.0]",[],"[16.612060983209116, 5.837915180949115]"
102,0,2046,True,False,,0.0,2,2,,0,2,12.718596117831677,"[5.70586565769561, 7.0127304601360665]",6.960252485954355,"[3.225287606501288, 3.734964879453066]",20.179362504451426,0.0,[],9.869951376736056,0.0,0.0,0.0,"[4.972928002145462, 4.897023374590594]",[],"[0.0, 0.0]",[],"[10.186994877296057, 9.99236762715537]"
102,0,2047,True,False,,0.0,2,2,,0,2,7.506703648622379,"[5.006703648622379, 2.5]",4.927614422962728,"[2.9526144229627276, 1.975]",19.729922719853807,0.0,[],9.694669860742986,0.0,0.0,0.0,"[1.975, 7.719669860742985]",[],"[0.0, 0.0]",[],"[2.5, 17.229922719853807]"
102,0,2048,True,True,1.0,3.99,3,3,True,5,8,52.83892020729874,"[21.651202088779872, 4.962038259063262, 26.22567985945561]",23.60717888084651,"[9.443968814624151, 2.9351949210346726, 11.228015145187689]",34.18849614118051,57.84985041762044,"[13.273723379092512, 10.561738146121291, 10.97603427603967, 13.352956640299054, 9.685397976067913]",16.333513495060398,27.561441662871975,13.3335134950604,22.561441662871975,"[2.7847637345185845, 5.286016853517524, 8.26273290702429]","[6.17675211784608, 5.119077876987304, 5.280653367655471, 6.207653089716631, 4.777305210666486]","[1.7847637345185845, 4.286016853517524, 7.262732907024291]","[5.17675211784608, 4.119077876987304, 4.280653367655471, 5.207653089716631, 3.777305210666486]","[4.57631726799637, 10.989786803891088, 18.622392069293053]"
102,0,2049,True,True,1.0,3.99,3,3,True,1,4,23.056947583905732,"[9.623481740359281, 4.695269182534163, 8.738196661012287]",11.992209557723235,"[4.7531578787401205, 2.831154981188323, 4.407896697794792]",23.842127566367083,5.395862416283996,[5.395862416283996],12.298429750883162,3.1043863423507583,9.298429750883162,2.1043863423507583,"[4.01687174660866, 2.557314144498868, 5.724243859775635]",[3.1043863423507583],"[3.0168717466086603, 1.5573141444988678, 4.724243859775635]",[2.1043863423507583],"[7.735568581047847, 3.993113191022738, 12.1134457942965]"
102,0,2050,True,True,1.0,3.99,4,5,,5,9,43.16747294849387,"[2.5, 21.47465200366405, 6.775704823734873, 6.303506554034989, 6.113609567059954]",21.83531444991261,"[1.975, 9.37511428142898, 3.642524881256601, 3.4583675560736458, 3.384307731153382]",35.939816512367415,44.72826698050329,"[8.119440974941682, 5.557766843101003, 9.356160553860187, 9.531482982048091, 12.163415626552325]",19.016528439823293,22.444024122396286,14.016528439823293,17.44402412239628,"[4.203044964501233, 2.4760332303609274, 3.8459528180076457, 3.4288535392599773, 5.06264388769351]","[4.166581980227257, 3.167529068809391, 4.648902616005473, 4.717278362998756, 5.743732094355407]","[3.203044964501233, 1.4760332303609274, 2.8459528180076457, 2.4288535392599773, 4.06264388769351]","[3.166581980227256, 2.167529068809391, 3.648902616005473, 3.717278362998756, 4.743732094355407]","[8.212935806413418, 3.7847005906690443, 7.297314917968322, 6.227829587846095, 10.417035609470538]"
102,0,2051,True,True,1.0,3.99,4,4,True,2,6,51.43995004398711,"[14.733544561563178, 20.335570916531097, 7.171715722183572, 9.199118843709266]",24.061580517154976,"[6.74608237900964, 8.930872657447129, 3.7969691316515934, 4.587656349046614]",36.404908930287235,22.24485858642131,"[10.193937512517445, 12.050921073903863]",18.19791448281202,10.67549484870431,14.19791448281202,8.67549484870431,"[5.140635279777092, 2.89019356434563, 3.4878634173174414, 6.679222221371858]","[4.975635629881804, 5.699859218822507]","[4.140635279777092, 1.89019356434563, 2.4878634173174414, 5.679222221371858]","[3.9756356298818036, 4.699859218822507]","[10.617013537889978, 4.8466501649887945, 6.379136967480619, 14.56210825992784]"
102,0,2052,True,False,,0.0,1,1,,0,1,9.295588300193176,[9.295588300193176],4.6252794370753385,[4.6252794370753385],6.880256583917677,0.0,[],3.683300067727894,0.0,0.0,0.0,[3.683300067727894],[],[0.0],[],[6.880256583917677]
102,0,2053,True,True,1.0,3.99,4,4,True,6,10,45.256508806795104,"[10.609951013708873, 17.065418869079533, 13.242097872365242, 4.339041051641451]",21.650038434650092,"[5.137880895346461, 7.655513358941018, 6.1644181702224445, 2.692226010140166]",53.77799750997764,53.60877820189798,"[9.187784984983066, 15.056848570046204, 7.947012474222111, 14.246830108900333, 3.308354542516256, 3.8619475212300087]",24.97341902889128,26.907423498740215,20.973419028891282,20.907423498740215,"[8.871843993421614, 4.38945397026308, 4.65808095309203, 7.054040112114557]","[4.583236144143396, 6.87217094231802, 4.0993348649466235, 6.55626374247113, 2.2902582715813398, 2.5061595332797033]","[7.871843993421614, 3.3894539702630797, 3.65808095309203, 6.054040112114557]","[3.583236144143396, 5.87217094231802, 3.0993348649466235, 5.55626374247113, 1.2902582715813398, 1.5061595332797035]","[20.184215367747726, 8.690907616059178, 9.379694751518025, 15.52317977465271]"
102,0,2054,True,True,1.0,3.99,3,3,True,2,5,47.86739557783052,"[12.468677352796451, 9.762652723098928, 25.636065501935146]",21.668284275353905,"[5.8627841675906165, 4.807434562008582, 10.998065545754708]",41.75443087849568,13.250290339467165,"[10.38479647756014, 2.8654938619070247]",19.284228042613318,7.167613232392195,16.284228042613318,5.167613232392195,"[8.770174199697447, 3.6151932006903817, 6.89886064222549]","[5.050070626248455, 2.11754260614374]","[7.770174199697446, 2.6151932006903817, 5.89886064222549]","[4.050070626248455, 1.1175426061437397]","[19.92352358896781, 6.705623591513799, 15.125283698014076]"
102,0,2055,True,False,,0.0,1,1,,0,1,11.363624302613388,[11.363624302613388],5.4318134780192215,[5.4318134780192215],6.3945313914148505,0.0,[],3.493867242651792,0.0,0.0,0.0,[3.493867242651792],[],[0.0],[],[6.3945313914148505]
102,0,2056,True,True,1.0,3.99,6,6,True,2,8,39.242634214724376,"[3.276309133289615, 5.4939498942234835, 3.3128733326077566, 11.57542330518297, 2.5, 13.084078549420553]",21.304627343742506,"[2.2777605619829497, 3.1426404587471586, 2.2920205997170253, 5.514415089021358, 1.975, 6.102790634274016]",41.839042409115386,20.14031125966529,"[8.65393958444796, 11.486371675217331]",22.317226539555,9.854721391269464,16.317226539555,7.854721391269464,"[2.1410473530999004, 6.972377361335072, 2.414399201936612, 5.358276134337679, 2.4450727803088466, 2.9860537085368923]","[4.375036437934704, 5.479684953334759]","[1.1410473530999004, 5.972377361335072, 1.4143992019366116, 4.358276134337679, 1.4450727803088463, 1.9860537085368926]","[3.375036437934704, 4.479684953334759]","[2.9257624438458985, 15.313788105987364, 3.626664620350286, 11.175067011122254, 3.705314821304734, 5.092445406504853]"
102,0,2057,True,True,1.0,3.99,5,5,True,1,6,48.280274708699324,"[11.422002509540228, 3.800636663988221, 2.5, 18.987868409005188, 11.569767126165688]",23.829307136392735,"[5.454580978720689, 2.4822482989554064, 1.975, 8.405268679512023, 5.512209179204619]",57.74703375336867,5.334574453999245,[5.334574453999245],27.52134316381378,3.0804840370597057,22.52134316381378,2.0804840370597057,"[6.8015414419703975, 4.227691067322986, 3.7912998569152445, 5.992566826538866, 6.708243971066286]",[3.0804840370597057],"[5.8015414419703975, 3.2276910673229864, 2.7912998569152445, 4.992566826538866, 5.708243971066286]",[2.0804840370597057],"[14.875747287103582, 8.276130941853811, 7.157179120295499, 12.801453401381707, 14.636523002734066]"
102,0,2058,True,False,,0.0,1,1,,0,1,8.678470801293583,[8.678470801293583],4.384603612504497,[4.384603612504497],7.629202353226525,0.0,[],3.9753889177583446,0.0,0.0,0.0,[3.9753889177583446],[],[0.0],[],[7.629202353226525]
102,0,2059,True,False,,0.0,2,2,,0,2,10.877946994265265,"[4.816980106714162, 6.060966887551103]",6.242399327763454,"[2.8786222416185234, 3.3637770861449305]",42.037572531310545,0.0,[],18.394653287211113,0.0,0.0,0.0,"[5.18221981480193, 13.212433472409185]",[],"[0.0, 0.0]",[],"[10.723640550774178, 31.31393198053637]"
102,0,2060,True,True,1.0,3.99,6,6,True,1,7,66.02370630782144,"[12.425047533187456, 8.502730780148443, 2.5, 23.416349703204812, 11.775366289425314, 7.404212001855413]",31.74924546005036,"[5.845768537943108, 4.316065004257894, 1.975, 10.132376384249877, 5.592392852875872, 3.8876426807236113]",53.237577772118776,2.6654631665403143,[2.6654631665403143],26.762655331126325,2.0395306349507227,20.762655331126325,1.0395306349507227,"[6.027886059838773, 5.974298558251449, 5.679365838181064, 4.178657049271134, 2.927447825583904, 1.975]",[2.0395306349507227],"[5.027886059838773, 4.974298558251449, 4.679365838181064, 3.1786570492711337, 1.9274478255839038, 0.9750000000000001]",[1.0395306349507227],"[12.892015538048135, 12.754611687824227, 11.99837394405401, 8.150402690438804, 4.942173911753599, 2.5]"
102,0,2061,True,True,1.0,3.99,6,6,True,1,7,40.929929447653045,"[7.77761414433592, 11.81667830384879, 7.646409314446171, 7.864404791736431, 3.3248228932857375, 2.5]",21.96267248458469,"[4.033269516291009, 5.608504538501028, 3.982099632634007, 4.067117868777208, 2.296680928381438, 1.975]",68.69372156943413,11.01927159285494,[11.01927159285494],32.79055141207931,5.297515921213427,26.79055141207931,4.297515921213427,"[5.336872872722978, 5.255653350356514, 4.7992758262074675, 4.283525716068418, 6.570196921482528, 6.545026725241406]",[5.297515921213427],"[4.336872872722978, 4.255653350356514, 3.7992758262074675, 3.2835257160684184, 5.570196921482528, 5.545026725241406]",[4.297515921213427],"[11.120186853135841, 10.911931667580806, 9.741732887711455, 8.419296707867739, 14.282556208929558, 14.218017244208733]"
102,0,2062,True,False,,0.0,2,2,,0,2,16.828614509648865,"[3.3289305517072565, 13.499683957941608]",8.563159658763057,"[2.29828291516583, 6.2648767435972275]",30.3608530611367,0.0,[],13.840732693843314,0.0,0.0,0.0,"[4.240458583811164, 9.600274110032151]",[],"[0.0, 0.0]",[],"[8.308868163618369, 22.051984897518334]"
102,0,2063,True,True,1.0,3.99,4,4,True,0,4,30.980762031209007,"[9.871162487002103, 4.258423989038635, 9.465864044311754, 7.385311510856514]",16.082497192171513,"[4.84975336993082, 2.660785355725068, 4.691686977281584, 3.8802714892340404]",35.236755501494834,0.0,[],17.742334645582986,0.0,13.742334645582986,0.0,"[5.45812925810827, 5.0722934643105, 5.075225946265164, 2.136685976899053]",[],"[4.45812925810827, 4.0722934643105, 4.075225946265164, 1.136685976899053]",[],"[11.431100661816078, 10.441778113616667, 10.449297298115804, 2.9145794279462893]"
102,0,2064,True,True,1.0,3.99,4,4,True,1,5,48.52481907350128,"[4.833099261714681, 5.652827020202463, 13.940176871376458, 24.098715920207674]",22.9246794386655,"[2.8849087120687256, 3.204602537878961, 6.436668979836819, 10.398499208880994]",47.02948680484449,8.141963493587513,[8.141963493587513],22.341499853889353,4.17536576249913,18.341499853889353,3.1753657624991303,"[2.7510422462229105, 4.286439219403433, 6.709621450619219, 8.59439693764379]",[4.17536576249913],"[1.7510422462229103, 3.286439219403433, 5.709621450619219, 7.594396937643789]",[3.1753657624991303],"[4.489851913392077, 8.426767229239571, 14.64005500158774, 19.4728126606251]"
102,0,2065,True,True,1.0,3.99,4,4,True,1,5,33.394943992574554,"[3.969190124350317, 12.358586785791758, 5.236501503435853, 11.830665578996623]",17.024028157104077,"[2.5479841484966235, 5.819848846458786, 3.0422355863399826, 5.613959575808683]",64.69221199331858,2.8565564520031907,[2.8565564520031907],29.229962677394248,2.1140570162812446,25.229962677394248,1.1140570162812444,"[9.977183809280868, 5.029727432889582, 8.34348368295366, 5.879567752270136]",[2.1140570162812446],"[8.977183809280868, 4.029727432889582, 7.34348368295366, 4.879567752270136]",[1.1140570162812444],"[23.0184200237971, 10.33263444330662, 18.82944534090682, 12.51171218530804]"
102,0,2066,False,False,,0.0,2,2,,0,2,17.795702051116375,"[5.207788177062486, 12.58791387405389]",8.940323799935387,"[3.0310373890543696, 5.909286410881017]",21.799801461890894,0.0,[],10.501922570137449,0.0,0.0,0.0,"[5.65096760466863, 4.850954965468819]",[],"[0.0, 0.0]",[],"[11.925557960688796, 9.8742435012021]"
102,0,2067,False,False,,0.0,1,1,,0,1,4.339336577218223,[4.339336577218223],2.692341265115107,[2.692341265115107],5.936971765374581,0.0,[],3.315418988496087,0.0,0.0,0.0,[3.315418988496087],[],[0.0],[],[5.936971765374581]
102,0,2068,False,True,1.0,3.99,4,4,True,3,7,50.58824297084646,"[31.284530561055647, 10.965639925788105, 3.505769266374985, 4.832303217627723]",23.729414758630124,"[13.200966918811703, 5.276599571057361, 2.3672500138862445, 2.8845982548748124]",30.554423021694802,47.731230555059724,"[16.935889220689926, 8.300376222307818, 22.494965112061976]",15.916224978460972,21.61517991647329,11.916224978460972,18.61517991647329,"[2.605187301339359, 6.902244000680448, 2.221959354004327, 4.186834322436839]","[7.604996796069072, 4.237146726700049, 9.77303639370417]","[1.6051873013393592, 5.902244000680448, 1.2219593540043272, 3.1868343224368387]","[6.604996796069072, 3.237146726700049, 8.77303639370417]","[4.115864875229126, 15.133958976103713, 3.133229112831608, 8.171370057530355]"
102,0,2069,False,False,,0.0,1,1,,0,1,14.44248116364731,[14.44248116364731],6.632567653822451,[6.632567653822451],9.79523237395371,0.0,[],4.820140625841947,0.0,0.0,0.0,[4.820140625841947],[],[0.0],[],[9.79523237395371]
102,0,2070,False,True,1.0,3.99,3,3,True,1,4,36.840982838903145,"[8.482225303511658, 7.23378548408051, 21.124972051310976]",17.367983307172224,"[4.308067868369546, 3.821176338791399, 9.238739100011282]",25.407077281858275,10.001439034362383,[10.001439034362383],12.908760139924727,4.900561223401329,9.908760139924727,3.9005612234013296,"[4.3674661635260446, 6.461971932260073, 2.0793220441386104]",[4.900561223401329],"[3.367466163526044, 5.461971932260073, 1.0793220441386107]",[3.9005612234013296],"[8.634528624425753, 14.00505623656429, 2.767492420868232]"
102,0,2071,False,False,,0.0,1,1,,0,1,2.5,[2.5],1.975,[1.975],8.383504520126962,0.0,[],4.269566762849515,0.0,0.0,0.0,[4.269566762849515],[],[0.0],[],[8.383504520126962]
102,0,2072,False,False,,0.0,1,1,,0,1,20.62545712237345,[20.62545712237345],9.043928277725646,[9.043928277725646],12.520045927906878,0.0,[],5.8828179118836825,0.0,0.0,0.0,[5.8828179118836825],[],[0.0],[],[12.520045927906878]
102,0,2073,False,True,1.0,3.99,3,3,True,2,5,28.748235177855534,"[9.938303305670793, 6.459462906046219, 12.35046896613852]",14.21181171936366,"[4.875938289211609, 3.5191905333580253, 5.816682896794023]",28.888744439364732,8.946389842728193,"[4.4731949213640965, 4.4731949213640965]",14.266610331352247,5.489092038663996,11.266610331352247,3.4890920386639954,"[2.983490441259415, 3.7757129277716386, 7.507406962321193]","[2.744546019331998, 2.744546019331998]","[1.983490441259415, 2.7757129277716386, 6.507406962321193]","[1.7445460193319977, 1.7445460193319977]","[5.085872926306192, 7.117212635311894, 16.685658877746647]"
102,0,2074,False,True,1.0,3.99,6,6,True,1,7,64.1970905955798,"[13.572774923876972, 5.133549217736214, 4.119035645739374, 10.324409048524224, 19.256987303383113, 11.790334456319899]",31.036865332276122,"[6.2933822203120195, 3.0020841949171237, 2.606423901838356, 5.026519528924448, 8.510225048319414, 5.5982304379647605]",45.80781759337928,7.266167535850274,[7.266167535850274],23.86504886141792,3.8338053389816067,17.865048861417925,2.8338053389816067,"[3.457281003162639, 3.120550660944073, 3.8790004786340413, 2.3754945770715077, 4.685152102025048, 6.347570039580614]",[3.8338053389816067],"[2.457281003162639, 2.120550660944073, 2.8790004786340413, 1.375494577071508, 3.685152102025049, 5.347570039580614]",[2.8338053389816067],"[6.300720520929843, 5.437309387036084, 7.382052509318054, 3.5269091719782253, 9.449107953910381, 13.711718050206702]"
102,0,2075,False,True,1.0,3.99,3,3,True,5,8,37.092142118595795,"[22.11626661917512, 2.5, 12.475875499420674]",17.465935426252358,"[9.625343981478297, 1.975, 5.865591444774063]",38.229327997229746,56.140406700326764,"[3.0921314516889216, 3.767736550261873, 11.81506011836738, 32.013474811132674, 5.452003768875914]",17.9094379189196,26.89475861312744,14.9094379189196,21.89475861312744,"[7.007349161585883, 3.452130617611611, 7.449958139722106]","[2.2059312661586796, 2.4694172546021305, 5.607873446163278, 13.485255176341743, 3.1262814698616066]","[6.007349161585883, 2.452130617611611, 6.449958139722106]","[1.2059312661586794, 1.4694172546021307, 4.607873446163278, 12.485255176341743, 2.1262814698616066]","[15.403459388681751, 6.287514404132336, 16.538354204415658]"
102,0,2076,False,True,1.0,3.99,4,4,True,2,6,38.85036033595936,"[4.150856809439058, 18.35630686681441, 2.5, 13.843196659705889]",19.15164053102415,"[2.618834155681233, 8.15895967805762, 1.975, 6.398846697285297]",36.31271462586626,16.10445483731115,"[8.189292861708767, 7.915161975602381]",18.16195870408784,8.280737386551348,14.16195870408784,6.280737386551348,"[4.1793067136222, 5.337448605788007, 5.5716570438231505, 3.0735463408544836]","[4.193824216066419, 4.086913170484928]","[3.1793067136222004, 4.337448605788007, 4.5716570438231505, 2.0735463408544836]","[3.193824216066419, 3.086913170484929]","[8.15206849646718, 11.12166309176412, 11.722197548264488, 5.316785489370471]"
102,0,2077,False,True,1.0,3.99,4,4,True,2,6,40.15417210714545,"[24.14342936621391, 4.852297112061289, 5.176594810599197, 5.981850818271055]",19.660127121786726,"[10.415937452823425, 2.8923958737039026, 3.018871976133687, 3.3329218191257115]",20.916151366268707,11.224915465926188,"[6.33390232903446, 4.891013136891727]",12.157299032844797,6.377717031711214,8.157299032844797,4.377717031711214,"[2.2106645165753607, 2.9292023683482453, 2.5295122272981807, 4.48791992062301]","[3.4702219083234396, 2.9074951233877737]","[1.210664516575361, 1.9292023683482455, 1.5295122272981805, 3.4879199206230096]","[2.4702219083234396, 1.9074951233877737]","[3.104267991218874, 4.946672739354476, 3.9218262238414883, 8.94338441185387]"
102,0,2078,False,True,1.0,3.99,3,3,True,2,5,25.42194036211706,"[7.199712948873199, 5.821625588496339, 12.400601824747522]",12.914556741225653,"[3.8078880500605474, 3.270433979513572, 5.836234711651533]",18.92082180068785,28.23589600059255,"[15.27093592879906, 12.96496007179349]",10.379120502268261,13.011999440231095,7.379120502268261,11.011999440231095,"[5.264117614071072, 3.1159433969356827, 1.9990594912615065]","[6.955665012231634, 6.056334427999461]","[4.264117614071072, 2.1159433969356827, 0.9990594912615065]","[5.955665012231634, 5.056334427999461]","[10.933634907874543, 5.425495889578674, 2.561691003234632]"
102,0,2079,False,False,,0.0,1,1,,0,1,5.588669054706382,[5.588669054706382],3.1795809313354892,[3.1795809313354892],11.408459670803992,0.0,[],5.449299271613557,0.0,0.0,0.0,[5.449299271613557],[],[0.0],[],[11.408459670803992]
102,0,2080,False,True,1.0,3.99,5,5,True,0,5,58.02372800540843,"[8.147440631228264, 15.35275838792647, 13.604798482849567, 14.935210773029596, 5.983519730374529]",27.629253922109285,"[4.177501846179023, 6.987575771291323, 6.305871408311331, 6.824732201481543, 3.333572694846066]",54.61219110493934,0.0,[],26.298754530926345,0.0,21.298754530926345,0.0,"[3.052536657043804, 4.997235917969559, 4.5116091168706065, 8.223872676260225, 5.513500162782149]",[],"[2.052536657043804, 3.997235917969559, 3.5116091168706065, 7.223872676260224, 4.513500162782149]",[],"[5.2629145052405235, 10.249322866588612, 9.004125940693863, 18.522750451949292, 11.57307734046705]"
102,0,2081,False,False,,0.0,1,1,,0,1,8.825803991991485,[8.825803991991485],4.442063556876679,[4.442063556876679],13.70333573584213,0.0,[],6.3443009369784304,0.0,0.0,0.0,[6.3443009369784304],[],[0.0],[],[13.70333573584213]
102,0,2082,False,False,,0.0,2,2,,0,2,19.557133099459655,"[7.28911925714479, 12.268013842314863]",9.627281908789264,"[3.8427565102864683, 5.7845253985027965]",19.478686967151845,0.0,[],9.59668791718922,0.0,0.0,0.0,"[5.625558652735261, 3.971129264453958]",[],"[0.0, 0.0]",[],"[11.860406801885285, 7.618280165266559]"
102,0,2083,False,True,1.0,3.99,3,3,True,1,4,49.28547234552782,"[20.14499205141108, 4.981275050018747, 24.159205244097997]",22.221334214755853,"[8.856546900050322, 2.9426972695073115, 10.42209004519822]",28.478600814165322,3.837127068486253,[3.837127068486253],14.106654317524477,2.4964795567096387,11.106654317524477,1.4964795567096387,"[4.426104703617627, 4.054933028412913, 5.625616585493936]",[2.4964795567096387],"[3.4261047036176264, 3.054933028412913, 4.625616585493936]",[1.4964795567096387],"[8.784883855429811, 7.833161611315162, 11.860555347420348]"
102,0,2084,False,False,,0.0,1,1,,0,1,7.48894928542601,[7.48894928542601],3.920690221316144,[3.920690221316144],6.156487860966918,0.0,[],3.401030265777098,0.0,0.0,0.0,[3.401030265777098],[],[0.0],[],[6.156487860966918]
102,0,2085,False,True,1.0,3.99,3,3,True,4,7,23.87529573306302,"[14.513225149436416, 6.862070583626606, 2.5]",12.311365335894578,"[6.660157808280203, 3.6762075276143764, 1.975]",19.478687928617237,37.71641581909698,"[11.774967372000377, 13.49006144971301, 6.062425175505698, 6.388961821877892]",10.596688292160724,18.70940216944782,7.596688292160724,14.709402169447822,"[4.024624823548402, 3.447598762428887, 3.1244647061834345]","[5.592237275080147, 6.261123965388074, 3.3643458184472226, 3.491695110532378]","[3.024624823548402, 2.447598762428887, 2.1244647061834345]","[4.592237275080147, 5.261123965388074, 2.3643458184472226, 2.491695110532378]","[7.755448265508723, 6.275894262638171, 5.447345400470344]"
102,0,2086,False,False,,0.0,2,2,,0,2,16.605435721741856,"[13.506075682949785, 3.0993600387920726]",8.476119931479325,"[6.267369516350416, 2.2087504151289084]",18.42780927992542,0.0,[],9.186845619170914,0.0,0.0,0.0,"[6.39765581245349, 2.7891898067174234]",[],"[0.0, 0.0]",[],"[13.840143108855102, 4.587666171070317]"
102,0,2087,False,True,1.0,3.99,4,4,True,3,7,25.252840349875083,"[3.381935581229793, 9.571861788665672, 9.799042979979617, 2.5]",13.848607736451283,"[2.3189548766796193, 4.733026097579613, 4.821626762192051, 1.975]",45.12382785093176,34.426693746993315,"[12.79298767176474, 16.76465836362096, 4.869047711607614]",21.598292861863385,16.426410561327394,17.598292861863385,13.426410561327392,"[1.975, 3.857210320468694, 12.388254086714142, 3.377828454680552]","[5.989265191988249, 7.5382167618121745, 2.89892860752697]","[0.9750000000000001, 2.857210320468694, 11.388254086714142, 2.377828454680552]","[4.989265191988249, 6.5382167618121745, 1.8989286075269696]","[2.5, 7.326180308894087, 29.200651504395235, 6.09699603764244]"
102,0,2088,False,True,1.0,3.99,5,5,True,7,12,38.22205362318104,"[6.425799235799713, 3.3346382095559117, 2.790181984914568, 14.32681221856577, 11.344621974345078]",19.906600913040606,"[3.506061701961888, 2.300508901726806, 2.0881709741166814, 6.587456765240651, 5.42440256999458]",49.90085279779871,56.07614240810436,"[7.839801617167822, 7.628928732018822, 2.8266894667877165, 2.7002777763221895, 16.171645531810253, 9.602859793166488, 9.30593949083107]",24.4613325911415,28.869695539160702,19.4613325911415,21.8696955391607,"[5.335399071380274, 5.661048314727804, 6.191697813024152, 1.975, 5.298187392009268]","[4.05752263069545, 3.9752822054873405, 2.1024088920472095, 2.053108332765654, 7.3069417574059985, 4.74511531933493, 4.629316401424118]","[4.335399071380274, 4.661048314727804, 5.191697813024152, 0.9750000000000001, 4.298187392009268]","[3.0575226306954506, 2.9752822054873405, 1.1024088920472095, 1.0531083327656539, 6.3069417574059985, 3.7451153193349302, 3.6293164014241177]","[11.116407875334035, 11.951405935199498, 13.3120456744209, 2.5, 11.020993312844277]"
102,0,2089,False,False,,0.0,1,1,,0,1,3.6509732973565665,[3.6509732973565665],2.423879585969061,[2.423879585969061],3.2787489850696887,0.0,[],2.2787121041771785,0.0,0.0,0.0,[2.2787121041771785],[],[0.0],[],[3.2787489850696887]
102,0,2090,False,True,1.0,3.99,6,1,,3,9,6.919495581028824,[6.919495581028824],3.6986032766012413,[3.6986032766012413],5.494635456408838,24.034745687499292,"[5.540501069541534, 12.246959510660227, 6.247285107297533]",3.142907827999447,12.373550818124725,2.142907827999447,9.373550818124725,[3.142907827999447],"[3.1607954171211983, 5.776314209157489, 3.436441191846038]",[2.142907827999447],"[2.1607954171211983, 4.776314209157489, 2.436441191846038]",[5.494635456408838]
102,0,2091,False,True,1.0,3.99,4,4,True,1,5,52.69139249640845,"[14.095973072912756, 7.222607664197845, 18.550361048404923, 12.822450710892923]",24.549643073599295,"[6.497429498435975, 3.8168169890371595, 8.23464080887792, 6.00075577724824]",21.817408481745836,4.713466629748961,[4.713466629748961],12.508789307880877,2.8382519856020947,8.508789307880877,1.838251985602095,"[2.3598508432419187, 1.975, 4.761923906366585, 3.412014558272373]",[2.8382519856020947],"[1.3598508432419187, 0.9750000000000001, 3.7619239063665844, 2.412014558272373]",[1.838251985602095],"[3.486797033953638, 2.5, 9.645958734273293, 6.184652713518905]"
102,0,2092,False,True,1.0,3.99,4,4,True,0,4,24.800308412804483,"[6.447851674350449, 9.228953419636657, 4.889100263856111, 4.234403054961268]",13.672120280993749,"[3.5146621529966753, 4.599291833658296, 2.906749102903883, 2.6514171914348945]",24.611100506258687,0.0,[],13.59832919744089,0.0,9.59832919744089,0.0,"[2.2654419509032055, 3.670836754978625, 4.542082784108922, 3.1199677074501366]",[],"[1.2654419509032055, 2.670836754978625, 3.5420827841089224, 2.1199677074501366]",[],"[3.2447229510338604, 6.8482993717400635, 9.082263548997236, 5.43581463448753]"
102,0,2093,False,False,,0.0,1,1,,0,1,7.07256556348522,[7.07256556348522],3.758300569759236,[3.758300569759236],2.626185220778517,0.0,[],2.0242122361036214,0.0,0.0,0.0,[2.0242122361036214],[],[0.0],[],[2.626185220778517]
102,0,2094,False,True,1.0,3.99,5,5,True,0,5,40.43958058333777,"[13.703975194591743, 6.159741143444624, 5.184209728458769, 6.324181430627267, 9.06747308621537]",20.771436427501733,"[6.34455032589078, 3.4022990459434035, 3.0218417940989197, 3.466430757944634, 4.536314503623995]",78.89679646437168,0.0,[],35.769750621104954,0.0,30.769750621104954,0.0,"[1.975, 7.476233859755952, 15.767827771791909, 5.188210802434136, 5.362478187122959]",[],"[0.9750000000000001, 6.476233859755952, 14.767827771791909, 4.188210802434136, 4.362478187122959]",[],"[2.5, 16.605727845528083, 37.86622505587669, 10.739002057523425, 11.185841505443484]"
102,0,2095,False,False,,0.0,2,2,,0,2,26.93877956172105,"[13.857437516829718, 13.08134204489133]",12.50612402907121,"[6.40440063156359, 6.101723397507619]",36.28050046773032,0.0,[],16.14939518241483,0.0,0.0,0.0,"[9.89434608752712, 6.255049094887707]",[],"[0.0, 0.0]",[],"[22.806015609043897, 13.474484858686427]"
102,0,2096,False,True,1.0,3.99,4,4,True,0,4,38.64379405373555,"[15.069055347286355, 17.671525446522562, 3.4032132599266314, 2.5]",19.071079680956867,"[6.876931585441679, 7.8918949241437995, 2.327253171371386, 1.975]",47.2140088561747,0.0,[],22.413463453908136,0.0,18.413463453908136,0.0,"[6.080038005836654, 6.422125258244317, 7.733422858471009, 2.177877331356156]",[],"[5.080038005836654, 5.422125258244317, 6.733422858471009, 1.177877331356156]",[],"[13.02573847650424, 13.90288527754953, 17.26518681659233, 3.020198285528605]"
102,0,2097,False,True,1.0,3.99,4,4,True,3,7,29.397235998115317,"[15.473900699195623, 7.5564781676453014, 2.5, 3.866857131274393]",15.464922039264973,"[7.034821272686293, 3.9470264853816674, 1.975, 2.5080742811970134]",35.039225616753995,26.902754675782376,"[4.566432053472618, 4.566432053472618, 17.769890568837138]",17.66529799053406,13.492074323555126,13.665297990534059,10.492074323555126,"[4.810412062218866, 2.792861712545432, 3.3408806394704262, 6.721143576299336]","[2.780908500854321, 2.780908500854321, 7.930257321846484]","[3.8104120622188655, 1.7928617125454316, 2.3408806394704262, 5.721143576299336]","[1.780908500854321, 1.780908500854321, 6.930257321846484]","[9.770287339022731, 4.597081314219055, 6.002258049924169, 14.66959891358804]"
102,0,2098,False,False,,0.0,2,2,,0,2,14.091020601039846,"[3.583636363697582, 10.507384237342263]",7.495498034405539,"[2.397618181842057, 5.097879852563483]",21.73022994086018,0.0,[],10.47478967693547,0.0,0.0,0.0,"[8.200279905661352, 2.2745097712741185]",[],"[0.0, 0.0]",[],"[18.46225616836244, 3.26797377249774]"
102,0,2099,False,True,1.0,3.99,3,3,True,2,5,19.400037685048474,"[6.036074273472671, 5.480561467155373, 7.883401944420432]",10.566014697168907,"[3.3540689666543417, 3.1374189721905954, 4.074526758323969]",34.138839582680866,28.209337406595285,"[7.255103255867222, 20.954234150728063]",16.314147437245538,13.001641588572161,13.314147437245538,11.001641588572161,"[3.5748472455498432, 6.0971651177672275, 6.6421350739284675]","[3.8294902697882165, 9.172151318783945]","[2.5748472455498432, 5.0971651177672275, 5.6421350739284675]","[2.8294902697882165, 8.172151318783945]","[6.602172424486778, 13.069654148121096, 14.467013010072993]"
102,0,2100,False,True,1.0,3.99,4,4,True,3,7,26.8287359908577,"[3.3198458886263413, 2.5, 11.480608381655479, 9.528281720575883]",14.463207036434504,"[2.2947398965642734, 1.975, 5.4774372688456365, 4.7160298710245945]",51.160630264836165,15.473755376778092,"[8.29356583823435, 3.268290423628448, 3.911899114915293]",23.952645803286103,9.034764596943457,19.952645803286103,6.034764596943456,"[5.250757519432457, 4.078409629924065, 10.032844412056066, 4.590634241873518]","[4.234490676911397, 2.274633265215095, 2.5256406548169643]","[4.250757519432457, 3.0784096299240646, 9.032844412056066, 3.5906342418735178]","[3.234490676911397, 1.2746332652150947, 1.5256406548169643]","[10.899378254955018, 7.89335802544632, 23.16113951809248, 9.206754466342353]"
102,0,2101,False,True,1.0,3.99,4,4,True,0,4,29.117321042406846,"[3.6048392615737153, 10.389356374902874, 11.086913826863459, 4.036211579066797]",15.355755206538669,"[2.405887312013749, 5.051848986212121, 5.323896392476749, 2.574122515836051]",21.323665074930812,0.0,[],12.316229379223017,0.0,8.316229379223017,0.0,"[3.3126191088706864, 2.2045153453302246, 3.174618519284059, 3.6244764057380467]",[],"[2.3126191088706864, 1.2045153453302249, 2.174618519284059, 2.6244764057380467]",[],"[5.929792586847913, 3.088500885462115, 5.575944921241177, 6.729426681379607]"
102,0,2102,False,True,1.0,3.99,4,4,True,2,6,28.226192392767437,"[9.695614240684764, 5.246685685552293, 3.7145032239134537, 9.56938924261693]",15.008215033179303,"[4.781289553867058, 3.0462074173653946, 2.448656257326247, 4.732061804620603]",37.46439593905412,12.15003609922162,"[4.731603085696512, 7.418433013525108]",18.61111441623111,6.738514078696432,14.611114416231109,4.738514078696432,"[4.833238724975413, 1.975, 6.996917210974158, 4.805958480281538]","[2.8453252034216394, 3.8931888752747925]","[3.833238724975413, 0.9750000000000001, 5.996917210974158, 3.8059584802815376]","[1.8453252034216396, 2.8931888752747925]","[9.8288172435267, 2.5, 15.376710797369634, 9.758867898157789]"
102,0,2103,False,True,1.0,3.99,3,3,True,1,4,23.46297490208518,"[8.850959002225157, 10.26046527455716, 4.351550625302865]",12.150560211813222,"[4.451874010867812, 5.001581457077292, 2.6971047438681177]",29.68689797672613,9.212805670358716,[9.212805670358716],14.57789021092319,4.592994211439899,11.57789021092319,3.5929942114398994,"[7.025655411466945, 2.4637713665906427, 5.088463432865603]",[4.592994211439899],"[6.025655411466945, 1.4637713665906429, 4.088463432865603]",[3.5929942114398994],"[15.450398490940884, 3.7532599143349814, 10.483239571450264]"
102,0,2104,False,False,,0.0,1,1,,0,1,2.5,[2.5],1.975,[1.975],10.174731447810418,0.0,[],4.968145264646063,0.0,0.0,0.0,[4.968145264646063],[],[0.0],[],[10.174731447810418]
102,0,2105,False,False,,0.0,1,1,,0,1,2.5,[2.5],1.975,[1.975],5.738717734896042,0.0,[],3.2380999166094564,0.0,0.0,0.0,[3.2380999166094564],[],[0.0],[],[5.738717734896042]
102,0,2106,False,True,1.0,3.99,11,11,True,2,13,99.68672067083126,"[14.155451588011509, 15.287569246584491, 9.60229563308048, 2.829238340158171, 3.466870024993152, 10.123545997880031, 11.490924734845176, 6.7248710144700725, 7.20059848719981, 8.11325922693607, 10.692096376672296]",49.877821061624196,"[6.520626119324489, 6.962152006167952, 4.744895296901388, 2.103402952661687, 2.3520793097473294, 4.948182939173212, 5.4814606465896185, 3.622699695643328, 3.808233410007926, 4.164171098505067, 5.169917586902196]",84.0291190791255,16.35526069139261,"[6.722555009351132, 9.632705682041477]",43.77135644085894,8.378551669643118,32.771356440858945,6.378551669643118,"[2.9481388712806935, 3.9979832507627084, 5.81826520927194, 3.550345709864168, 2.2003693245316036, 3.756454005720389, 1.975, 1.975, 3.602758620203541, 6.356649099038877, 7.590392350185021]","[3.6217964536469416, 4.756755215996176]","[1.9481388712806935, 2.9979832507627084, 4.81826520927194, 2.550345709864168, 1.2003693245316036, 2.756454005720389, 0.9750000000000001, 0.9750000000000001, 2.602758620203541, 5.356649099038877, 6.590392350185021]","[2.6217964536469416, 3.756755215996176]","[4.995227875078701, 7.687136540417201, 12.354526177620357, 6.5393479740106875, 3.077870062901548, 7.067830783898433, 2.5, 2.5, 6.673740051803951, 13.734997689843272, 16.898441923551335]"
102,0,2107,False,True,1.0,3.99,3,3,True,1,4,26.69057857493937,"[3.598045836368249, 19.934924362615554, 3.157608375955565]",13.409325644226355,"[2.403237876183617, 8.774620501420067, 2.2314672666226705]",15.935364185038313,32.85874386751957,[32.85874386751957],9.214792032164944,13.814910108332633,6.214792032164943,12.814910108332633,"[3.69966027404021, 3.2650994133927114, 2.2500323447320216]",[13.814910108332633],"[2.69966027404021, 2.2650994133927114, 1.2500323447320216]",[12.814910108332633],"[6.922205830872333, 5.807947213827465, 3.205211140338517]"
102,0,2108,False,True,1.0,3.99,4,4,True,2,6,41.43755690653974,"[11.569839460457885, 4.927508516076788, 4.209534712709007, 20.730674217296055]",20.160647193550496,"[5.5122373895785755, 2.9217283212699474, 2.641718537956513, 9.084962944745461]",43.05656558178443,31.448666721732714,"[12.732716142384374, 18.71595057934834]",20.792060576895928,14.264980021475761,16.79206057689593,12.264980021475761,"[5.856274118689675, 8.028401590455902, 3.67385245309911, 3.2335324146512443]","[5.965759295529907, 8.299220725945855]","[4.856274118689675, 7.028401590455902, 2.67385245309911, 2.2335324146512443]","[4.965759295529907, 7.299220725945854]","[12.451984919717114, 18.021542539630516, 6.856031931023359, 5.727006191413447]"
102,0,2109,False,False,,0.0,2,2,,0,2,31.505451505476106,"[11.362922666007027, 20.14252883946908]",14.287126087135682,"[5.43153983974274, 8.855586247392942]",16.788783096350475,0.0,[],8.547625407576685,0.0,0.0,0.0,"[5.112348783132919, 3.435276624443766]",[],"[0.0, 0.0]",[],"[10.544484059315177, 6.244299037035297]"
102,0,2110,False,False,,0.0,1,1,,0,1,19.235215234930866,[19.235215234930866],8.501733941623037,[8.501733941623037],6.028505765102205,0.0,[],3.35111724838986,0.0,0.0,0.0,[3.35111724838986],[],[0.0],[],[6.028505765102205]
102,0,2111,False,False,,0.0,1,1,,0,1,11.63417444768103,[11.63417444768103],5.5373280345956015,[5.5373280345956015],18.001750053410642,0.0,[],8.02068252083015,0.0,0.0,0.0,[8.02068252083015],[],[0.0],[],[18.001750053410642]
102,0,2112,False,True,1.0,3.99,4,4,True,2,6,59.27477266604839,"[17.09132888926632, 22.31276362025635, 3.7379429309473426, 16.132737225578378]",27.117161339758876,"[7.6656182668138655, 9.701977811899978, 2.457797743069464, 7.291767517975567]",28.13057584852512,10.672929395267706,"[5.336464697633853, 5.336464697633853]",14.970924580924796,6.162442464154406,10.970924580924796,4.162442464154406,"[2.534387377319356, 5.213575873850716, 3.9794183016509734, 3.2435430281037516]","[3.081221232077203, 3.081221232077203]","[1.5343873773193561, 4.213575873850716, 2.9794183016509734, 2.2435430281037516]","[2.081221232077203, 2.081221232077203]","[3.9343266085111694, 10.804040702181323, 7.639534106797368, 5.752674431035261]"
102,0,2113,False,True,1.0,3.99,4,4,True,2,6,33.15614505295009,"[4.151645744952291, 9.965914908382606, 8.202628961297835, 10.835955438317356]",16.930896570650535,"[2.6191418405313938, 4.886706814269217, 4.199025294906155, 5.226022620943769]",49.996457357525316,26.634755156176958,"[5.636518668736991, 20.998236487439968]",23.498618369434876,12.387554510909016,19.498618369434876,10.387554510909016,"[9.332576743037132, 9.075668913894315, 2.4572620842074455, 2.633110628295981]","[3.1982422808074267, 9.189312230101589]","[8.332576743037132, 8.075668913894315, 1.4572620842074457, 1.6331106282959809]","[2.1982422808074267, 8.189312230101589]","[21.365581392402902, 20.70684336895978, 3.7365694466857584, 4.187463149476874]"
102,0,2114,False,True,1.0,3.99,3,3,True,1,4,25.183240869902168,"[11.294032271589517, 9.428169912687911, 4.46103868562474]",12.821463939261845,"[5.404672585919911, 4.676986265948285, 2.739805087393649]",30.500620960171524,11.674056667723477,[11.674056667723477],14.895242174466894,5.552882100412156,11.895242174466894,4.552882100412156,"[7.829203332431545, 3.1560870838132296, 3.9099517582221197]",[5.552882100412156],"[6.829203332431545, 2.1560870838132296, 2.9099517582221197]",[4.552882100412156],"[17.5107777754655, 5.528428420033922, 7.461414764672101]"
102,0,2115,False,False,,0.0,1,1,,0,1,13.577499388704172,[13.577499388704172],6.2952247615946275,[6.2952247615946275],8.64453085500494,0.0,[],4.371367033451927,0.0,0.0,0.0,[4.371367033451927],[],[0.0],[],[8.64453085500494]
102,0,2116,False,True,1.0,3.99,3,2,,1,4,24.19209531696949,"[11.49327910034671, 12.69881621662278]",11.4349171736181,"[5.482378849135217, 5.952538324482884]",14.698824995610394,7.694653496035182,[7.694653496035182],7.732541748288054,4.000914863453721,5.732541748288054,3.000914863453721,"[4.578799208595558, 3.1537425396924963]",[4.000914863453721],"[3.578799208595558, 2.1537425396924963]",[3.000914863453721],"[9.176408227168096, 5.522416768442298]"
102,0,2117,False,False,,0.0,2,2,,0,2,6.004555813359727,"[2.974982492448992, 3.029573320910735]",4.341776767210293,"[2.160243172055107, 2.1815335951551864]",20.567661849570634,0.0,[],10.021388121332548,0.0,0.0,0.0,"[7.225871299285207, 2.795516822047341]",[],"[0.0, 0.0]",[],"[15.96377256226976, 4.603889287300874]"
102,0,2118,False,True,1.0,3.99,6,6,True,3,9,70.12387609132915,"[8.277379594252686, 15.648991068121925, 11.21675641009986, 13.539424769834472, 7.988979721982344, 13.452344527037864]",33.34831167561837,"[4.2281780417585475, 7.103106516567551, 5.374534999938946, 6.280375660235444, 4.115702091573114, 6.2464143655447675]",51.29948351880103,18.96983927538635,"[4.4932734146974225, 2.476121264458069, 12.000444596230858]",26.0067985723324,10.398237317400676,20.0067985723324,7.398237317400676,"[2.294709917293593, 5.7299653249389095, 3.3980465857330673, 6.467032975824716, 4.091198083041406, 4.025845685500709]","[2.7523766317319946, 1.9656872931386469, 5.680173392530035]","[1.2947099172935932, 4.7299653249389095, 2.3980465857330673, 5.467032975824716, 3.091198083041406, 3.0258456855007094]","[1.7523766317319949, 0.9656872931386469, 4.680173392530035]","[3.3197690187015207, 12.128116217792076, 6.148837399315557, 14.018033271345425, 7.926148930875399, 7.758578680771049]"
102,0,2119,False,True,1.0,3.99,3,3,True,2,5,22.85553251962222,"[15.661707192523693, 2.5, 4.6938253270985255]",11.913657682652666,"[7.10806580508424, 1.975, 2.830591877568425]",32.865108104166225,13.60172510586047,"[7.112191805353675, 6.489533300506795]",15.817392160624827,7.304672791285583,12.817392160624827,5.304672791285583,"[4.359176692113717, 5.9006329308317635, 5.557582537679346]","[3.773754804087933, 3.5309179871976504]","[3.3591766921137176, 4.9006329308317635, 4.557582537679346]","[2.773754804087933, 2.5309179871976504]","[8.613273569522352, 12.565725463671187, 11.686109070972682]"
102,0,2120,False,True,1.0,3.99,4,4,True,3,7,41.531457168864414,"[4.9747019819767315, 19.484929168501484, 5.846481741454442, 11.225344276931759]",20.19726829585712,"[2.9401337729709254, 8.599122375715579, 3.280127879167232, 5.3778842680033865]",34.571705699212465,30.11997036205909,"[14.058457204754449, 10.837975402723876, 5.223537754580764]",17.48296522269286,14.746788441203044,13.482965222692862,11.746788441203044,"[2.7480924528259774, 4.8431902498696795, 5.505969583402097, 4.38571293659511]","[6.482798309854235, 5.226810407062311, 3.0371797242864984]","[1.7480924528259774, 3.8431902498696795, 4.505969583402097, 3.3857129365951097]","[5.482798309854235, 4.226810407062311, 2.0371797242864984]","[4.482288340579429, 9.854333974024819, 11.553768162569478, 8.681315222038743]"
102,0,2121,False,False,,0.0,1,1,,0,1,9.01702439273945,[9.01702439273945],4.516639513168386,[4.516639513168386],6.381901180502199,0.0,[],3.4889414603958575,0.0,0.0,0.0,[3.4889414603958575],[],[0.0],[],[6.381901180502199]
102,0,2122,False,True,1.0,3.99,4,4,True,4,8,28.48559697012897,"[9.314032722560762, 4.853372545061909, 9.320886266828763, 4.997305435677536]",15.109382818350298,"[4.632472761798697, 2.892815292574144, 4.635145644063218, 2.9489491199142392]",30.12193345700845,21.76587707216369,"[4.50347249796963, 4.50347249796963, 4.50347249796963, 8.2554595782548]",15.747554048233294,12.488692058143839,11.747554048233294,8.48869205814384,"[1.975, 6.614667031421803, 5.182887016811492, 1.975]","[2.7563542742081557, 2.7563542742081557, 2.7563542742081557, 4.219629235519372]","[0.9750000000000001, 5.614667031421803, 4.182887016811492, 0.9750000000000001]","[1.756354274208156, 1.756354274208156, 1.756354274208156, 3.2196292355193723]","[2.5, 14.396582131850776, 10.725351325157671, 2.5]"
102,0,2123,False,True,1.0,3.99,3,3,True,0,3,26.64694261348512,"[4.11590638492403, 12.473742473779806, 10.057293754781284]",13.392307619259197,"[2.605203490120372, 5.864759564774125, 4.9223445643647015]",29.446841080690206,0.0,[],14.48426802146918,0.0,11.48426802146918,0.0,"[5.475703764523464, 5.58449975431778, 3.4240645026279353]",[],"[4.475703764523464, 4.58449975431778, 2.4240645026279353]",[],"[11.476163498778114, 11.755127575173795, 6.215550006738296]"
102,0,2124,False,True,1.0,3.99,4,4,True,4,8,37.195716786734536,"[8.11670704339291, 8.401379622272705, 7.040323432550361, 13.637306688518562]",18.50632954682647,"[4.165515746923235, 4.276538052686355, 3.745726138694641, 6.31854960852224]",37.952026994064866,23.9295413754501,"[9.18356597649942, 6.066844914933636, 5.008612661733288, 3.6705178222837564]",18.801290527685296,13.33252113642554,14.801290527685296,9.33252113642554,"[5.860885023304469, 3.1799459939737726, 5.854664104598526, 3.9057954058085302]","[4.581590730834774, 3.366069516824118, 2.9533589380759824, 2.4315019506906648]","[4.860885023304469, 2.1799459939737726, 4.854664104598526, 2.9057954058085302]","[3.581590730834774, 2.366069516824118, 1.9533589380759824, 1.431501950690665]","[12.463807752062742, 5.589605112753262, 12.447856678457757, 7.450757450791103]"
102,0,2125,False,True,1.0,3.99,5,4,,0,5,39.59464325529488,"[11.399578520249467, 9.083838407833454, 16.611226327211963, 2.5]",19.441910869565007,"[5.445835622897292, 4.542696979055047, 7.4783782676126656, 1.975]",42.561129851913094,0.0,[],20.598840642246106,0.0,16.598840642246106,0.0,"[5.544615180748846, 3.291218645620956, 8.245085324365837, 3.517921491510467]",[],"[4.544615180748846, 2.291218645620956, 7.245085324365837, 2.517921491510467]",[],"[11.652859437817554, 5.874919604156297, 18.5771418573483, 6.4562089525909405]"
102,0,2126,False,False,,0.0,2,2,,0,2,7.603790370915313,"[2.5, 5.103790370915313]",4.965478244656972,"[1.975, 2.990478244656972]",7.706437607774301,0.0,[],5.005510667031977,0.0,0.0,0.0,"[3.0305106670319777, 1.975]",[],"[0.0, 0.0]",[],"[5.206437607774301, 2.5]"
102,0,2127,False,True,1.0,3.99,4,4,True,3,7,50.94051471805006,"[11.007209656844077, 26.388793360981392, 4.182173172234516, 9.362338527990074]",23.866800740039523,"[5.292811766169191, 11.291629410782743, 2.6310475371714617, 4.651312025916129]",32.67137377327962,32.485620418393474,"[12.789173656793777, 8.911315097441335, 10.785131664158365]",16.74183577157905,15.669391963173455,12.741835771579051,12.669391963173457,"[4.2238500589459935, 4.979297269837344, 4.920675280555892, 2.618013162239821]","[5.987777726149573, 4.47541288800212, 5.206201349021763]","[3.223850058945994, 3.9792972698373443, 3.920675280555893, 1.6180131622398208]","[4.987777726149573, 3.4754128880021207, 4.206201349021763]","[8.266282202425625, 10.203326332916268, 10.053013539886905, 4.148751698050822]"
102,0,2128,False,False,,0.0,1,1,,0,1,6.664286790076265,[6.664286790076265],3.5990718481297432,[3.5990718481297432],5.016253616344932,0.0,[],2.956338910374524,0.0,0.0,0.0,[2.956338910374524],[],[0.0],[],[5.016253616344932]
102,0,2129,False,True,1.0,3.99,5,5,True,2,7,44.33221864235158,"[9.059916237562472, 7.716475641026668, 10.825281338092697, 12.424496560080987, 4.3060488655887506]",22.289565270517116,"[4.533367332649364, 4.0094255000004, 5.221859721856152, 5.8455536584315855, 2.679359057579613]",37.1708270317945,22.23047495215814,"[10.157691910213028, 12.072783041945112]",19.49662254239986,10.669885231341674,14.49662254239986,8.669885231341675,"[2.060712769829979, 4.725033337939491, 4.830452381583768, 4.963491127331558, 2.916932925715062]","[4.961499844983081, 5.708385386358594]","[1.060712769829979, 3.7250333379394918, 3.8304523815837683, 3.9634911273315576, 1.9169329257150622]","[3.961499844983081, 4.708385386358594]","[2.719776332897382, 9.551367533178183, 9.821672773291713, 10.162797762388609, 4.915212630038621]"
102,0,2130,False,True,1.0,3.99,7,7,True,2,9,42.96051063084605,"[14.581831062890116, 3.018628889733886, 4.669811208945181, 2.5, 2.5777429244785246, 7.5662946607684605, 8.046201884029882]",23.75459914602996,"[6.686914114527145, 2.1772652669962156, 2.8212263714886205, 1.975, 2.0053197405466245, 3.9508549176997, 4.138018734771654]",82.90593300497731,15.782388798569803,"[4.294818284670212, 11.487570513899591]",39.33331387194115,8.155131631442224,32.33331387194115,6.155131631442224,"[3.2452049652684583, 13.575488425141751, 3.3185440795915753, 4.238797727722023, 3.1061512345472635, 4.817418557924219, 7.031708881745862]","[2.6749791310213826, 5.480152500420841]","[2.2452049652684583, 12.575488425141751, 2.3185440795915753, 3.2387977277220235, 2.1061512345472635, 3.817418557924219, 6.031708881745862]","[1.6749791310213828, 4.480152500420841]","[5.756935808380661, 32.24484211574808, 5.944984819465578, 8.304609558261598, 5.400387780890419, 9.788252712626202, 15.465920209604773]"
102,0,2131,False,True,1.0,3.99,5,5,True,1,6,44.23130553453919,"[9.596034869957444, 6.876032056581188, 10.122863170919024, 4.526147957060823, 13.110227480020715]",22.250209158470287,"[4.742453599283404, 3.6816525020666635, 4.9479166366584195, 2.765197703253721, 6.112988717208079]",60.85613685637741,17.033723859300803,[17.033723859300803],28.733893373987193,7.643152305127313,23.733893373987193,6.643152305127313,"[4.543674322229977, 8.30267088583815, 7.2699266818333825, 3.8278831438277785, 4.7897383402579035]",[7.643152305127313],"[3.5436743222299776, 7.30267088583815, 6.2699266818333825, 2.8278831438277785, 3.7897383402579035]",[6.643152305127313],"[9.0863444159743, 18.724797143174744, 16.076735081624058, 7.250982420071226, 9.717277795533086]"
102,0,2132,False,False,,0.0,2,2,,0,2,29.66534845020177,"[14.552611282529359, 15.11273716767241]",13.56948589557869,"[6.6755184001864505, 6.89396749539224]",12.426309550875988,0.0,[],6.846260724841636,0.0,0.0,0.0,"[2.9847982952551204, 3.861462429586515]",[],"[0.0, 0.0]",[],"[5.089226398090052, 7.337083152785936]"
102,0,2133,False,False,,0.0,1,1,,0,1,31.725332818008543,[31.725332818008543],13.372879799023332,[13.372879799023332],11.09412782609839,0.0,[],5.3267098521783725,0.0,0.0,0.0,[5.3267098521783725],[],[0.0],[],[11.09412782609839]
102,0,2134,False,False,,0.0,2,2,,0,2,26.114546057959856,"[12.072188227479089, 14.042357830480768]",12.184672962604346,"[5.708153408716845, 6.4765195538875]",14.92823820488966,0.0,[],7.822012899906968,0.0,0.0,0.0,"[3.995643828477516, 3.826369071429451]",[],"[0.0, 0.0]",[],"[7.681138021737221, 7.247100183152438]"
102,0,2135,False,True,1.0,3.99,3,3,True,2,5,43.55785348780641,"[22.49320976362016, 8.587668392834045, 12.476975331352204]",19.987562860244502,"[9.772351807811862, 4.349190673205278, 5.8660203792273595]",25.274795054858927,13.377625002606758,"[5.625260322236368, 7.752364680370389]",12.85717007139498,7.217273751016636,9.85717007139498,5.217273751016636,"[7.0171098295249745, 2.5008247855424734, 3.339235456327533]","[3.1938515256721836, 4.0234222253444525]","[6.0171098295249745, 1.5008247855424734, 2.339235456327533]","[2.1938515256721836, 3.023422225344452]","[15.42848674237173, 3.848268680878137, 5.998039631609059]"
102,0,2136,False,True,1.0,3.99,3,3,True,2,5,32.538911803518985,"[8.165188028113992, 4.14031295791797, 20.233410817487027]",15.690175603372406,"[4.1844233309644565, 2.6147220535880082, 8.89103021881994]",25.194537047604342,12.030603221042908,"[6.524050993919327, 5.5065522271235805]",12.825869448565694,6.691935256206734,9.825869448565694,4.691935256206734,"[5.568689152258302, 3.0695600729082915, 4.187620223399101]","[3.5443798876285375, 3.1475553685781965]","[4.568689152258302, 2.0695600729082915, 3.1876202233991013]","[2.5443798876285375, 2.1475553685781965]","[11.714587569893082, 5.306564289508439, 8.173385188202824]"
102,0,2137,False,False,,0.0,2,2,,0,2,11.39452616351847,"[4.788826999817952, 6.6056991637005185]",6.443865203772203,"[2.867642529929001, 3.576222673843202]",17.703707447065288,0.0,[],8.904445904355462,0.0,0.0,0.0,"[3.875964732323665, 5.028481172031798]",[],"[0.0, 0.0]",[],"[7.374268544419653, 10.329438902645634]"
102,0,2138,False,True,1.0,3.99,3,3,True,1,4,21.387949571007578,"[2.5, 9.178189249020791, 9.709760321986787]",11.341300332692956,"[1.975, 4.579493807118109, 4.786806525574847]",31.8581574928524,7.130955512553305,[7.130955512553305],15.424681422212437,3.781072649895789,12.424681422212437,2.781072649895789,"[4.900258867069143, 4.0859848541139705, 6.438437701029325]",[3.781072649895789],"[3.9002588670691423, 3.0859848541139705, 5.438437701029325]",[2.781072649895789],"[10.00066376171575, 7.912781677215309, 13.944712053921345]"
102,0,2139,False,False,,0.0,2,2,,0,2,33.508335920698826,"[8.559211978944694, 24.94912394175413]",15.068251009072542,"[4.338092671788431, 10.730158337284111]",15.606125868590592,0.0,[],8.086389088750332,0.0,0.0,0.0,"[2.6043863219135095, 5.482002766836822]",[],"[0.0, 0.0]",[],"[4.113811081829511, 11.492314786761082]"
102,0,2140,False,False,,0.0,1,1,,0,1,11.247514023244937,[11.247514023244937],5.386530469065526,[5.386530469065526],11.311963970911572,0.0,[],5.411665948655513,0.0,0.0,0.0,[5.411665948655513],[],[0.0],[],[11.311963970911572]
102,0,2141,False,True,1.0,3.99,5,5,True,1,6,48.90072810824179,"[4.127303138069374, 5.519853172639182, 8.874825937396244, 23.620060628190977, 6.758685231946015]",24.0712839622143,"[2.609648223847056, 3.152742737329281, 4.461182115584535, 10.211823644994482, 3.635887240458946]",65.59134386439985,8.122181545964017,[8.122181545964017],30.580624107115938,4.167650802925967,25.580624107115938,3.1676508029259667,"[4.493456648399501, 5.6206375868904574, 9.49586311197555, 4.598330444754745, 6.372336315095687]",[4.167650802925967],"[3.4934566483995013, 4.6206375868904574, 8.49586311197555, 3.598330444754745, 5.372336315095687]",[3.1676508029259667],"[8.95758114974231, 11.847788684334507, 21.784264389680896, 9.226488319883961, 13.775221320758172]"
102,0,2142,False,False,,0.0,2,2,,0,2,13.650501212951005,"[8.405816121819802, 5.244685091131203]",7.3236954730508925,"[4.278268287509723, 3.045427185541169]",19.178044252471164,0.0,[],9.479437258463754,0.0,0.0,0.0,"[6.191173957113596, 3.2882633013501574]",[],"[0.0, 0.0]",[],"[13.310702454137427, 5.867341798333737]"
102,0,2143,False,True,1.0,3.99,6,6,True,3,9,48.304647476772445,"[11.956628873176363, 4.347348237548156, 12.748061432417401, 2.7602989280192896, 6.426600965062625, 10.065709040548612]",24.838812515941257,"[5.663085260538782, 2.6954658126437807, 5.9717439586427865, 2.076516581927523, 3.5063743763744237, 4.925626525813959]",65.80859454660671,23.256194736218976,"[4.409735397987217, 6.6341758701114015, 12.212283468120358]",31.665351873176615,12.069915947125402,25.665351873176615,9.069915947125402,"[3.729015916835652, 8.260061520772593, 5.987175950534764, 3.23419996359624, 7.84073616053856, 2.6141623608988054]","[2.7197968052150148, 3.587328589343447, 5.76279055256694]","[2.729015916835652, 7.260061520772593, 4.987175950534764, 2.23419996359624, 6.84073616053856, 1.6141623608988054]","[1.7197968052150148, 2.587328589343447, 4.76279055256694]","[6.997476709835005, 18.615542360955367, 12.787630642396831, 5.728717855374974, 17.54034912958605, 4.138877848458475]"
102,0,2144,False,True,1.0,3.99,3,3,True,1,4,25.013952430679655,"[9.239042359115212, 11.949201078975609, 3.825708992588834]",12.755441447965065,"[4.603226520054933, 5.660188420800488, 2.492026507109645]",14.756027983403461,7.723838960775179,[7.723838960775179],8.75485091352735,4.01229719470232,5.75485091352735,3.01229719470232,"[3.588311454047904, 2.835092872408782, 2.3314465870706638]",[4.01229719470232],"[2.588311454047904, 1.835092872408782, 1.3314465870706635]",[3.01229719470232],"[6.636696036020267, 4.705366339509697, 3.413965607873496]"
102,0,2145,False,False,,0.0,2,2,,0,2,16.826407317321035,"[2.5, 14.326407317321037]",8.562298853755205,"[1.975, 6.587298853755205]",5.0,0.0,[],3.95,0.0,0.0,0.0,"[1.975, 1.975]",[],"[0.0, 0.0]",[],"[2.5, 2.5]"
102,0,2146,False,True,1.0,3.99,5,5,True,3,8,65.18173704068215,"[7.170557087158412, 20.9322942442739, 7.892476272603367, 12.289058698200831, 16.897350738445645]",30.420877445866044,"[3.7965172639917806, 9.163594755266821, 4.078065746315313, 5.792732892298324, 7.589966787993802]",62.65749897832161,27.406935973432468,"[12.704148984610033, 6.120635182329441, 8.582151806492996]",29.436424601545426,13.688705029638664,24.436424601545426,10.688705029638664,"[6.57309955191963, 3.4460870226737583, 4.975363771990564, 6.721503514167109, 7.720370740794366]","[5.9546181039979125, 3.387047721108482, 4.347039204532269]","[5.57309955191963, 2.4460870226737583, 3.9753637719905637, 5.721503514167109, 6.720370740794366]","[4.9546181039979125, 2.387047721108482, 3.3470392045322686]","[14.289998851075973, 6.27201800685579, 10.193240441001445, 14.670521831197716, 17.231719848190682]"
102,0,2147,False,False,,0.0,1,1,,0,1,5.87384210877291,[5.87384210877291],3.290798422421435,[3.290798422421435],12.258921667622367,0.0,[],5.780979450372723,0.0,0.0,0.0,[5.780979450372723],[],[0.0],[],[12.258921667622367]
102,0,2148,False,False,,0.0,1,1,,0,1,10.217303028102855,[10.217303028102855],4.984748180960113,[4.984748180960113],4.447546626922165,0.0,[],2.7345431844996444,0.0,0.0,0.0,[2.7345431844996444],[],[0.0],[],[4.447546626922165]
102,0,2149,False,False,,0.0,1,1,,0,1,17.48128497838081,[17.48128497838081],7.8177011415685165,[7.8177011415685165],17.086271861644065,0.0,[],7.663646026041185,0.0,0.0,0.0,[7.663646026041185],[],[0.0],[],[17.086271861644065]
102,0,2150,False,True,1.0,3.99,3,3,True,4,7,25.19000091941109,"[12.301191475952143, 10.36871921857751, 2.520090224881436]",12.824100358570323,"[5.7974646756213355, 5.043800495245229, 1.98283518770376]",44.18538238835411,34.24212177980128,"[8.277343738236949, 6.162602419037485, 15.73884167153915, 4.063333950987695]",20.232299131458102,17.3544274941225,17.232299131458102,13.3544274941225,"[11.416065719891778, 3.2273616210886984, 5.588871790477626]","[4.2281640579124105, 3.4034149434246195, 7.138148251900269, 2.5847002408852013]","[10.416065719891778, 2.2273616210886984, 4.588871790477626]","[3.22816405791241, 2.4034149434246195, 6.138148251900269, 1.5847002408852011]","[26.70786082023533, 5.711183643817175, 11.766337924301604]"
102,0,2151,False,True,1.0,3.99,3,3,True,0,3,29.015128447772092,"[9.571658361360758, 10.093733498192968, 9.349736588218368]",14.315900094631116,"[4.732946760930695, 4.9365560642952575, 4.646397269405163]",10.685719995268043,0.0,[],7.1674307981545375,0.0,4.1674307981545375,0.0,"[2.550179108676673, 2.642251689477864, 1.975]",[],"[1.550179108676673, 1.642251689477864, 0.9750000000000001]",[],"[3.974818227376084, 4.210901767891959, 2.5]"
102,0,2152,False,False,,0.0,2,2,,0,2,16.137291343984966,"[7.955924944160919, 8.181366399824048]",8.293543624154138,"[4.102810728222758, 4.190732895931379]",41.677770239417,0.0,[],18.25433039337263,0.0,0.0,0.0,"[14.585467476186164, 3.668862917186466]",[],"[0.0, 0.0]",[],"[34.83453199022093, 6.843238249196067]"
102,0,2153,False,True,1.0,3.99,5,5,True,1,6,50.24164218837133,"[5.053515230358466, 11.94464668451658, 11.310622213491616, 10.858674696421538, 11.074183363583133]",24.59424045346482,"[2.9708709398398017, 5.658412206961467, 5.411142663261731, 5.2348831316044, 5.318931511797422]",77.73140079375197,21.578366099469836,[21.578366099469836],35.31524630956327,9.415562778793236,30.31524630956327,8.415562778793236,"[9.435107010597344, 6.590674932995384, 4.829464798979178, 9.58614524765873, 4.873854319332636]",[9.415562778793236],"[8.435107010597344, 5.590674932995384, 3.829464798979178, 8.58614524765873, 3.8738543193326356]",[8.415562778793236],"[21.628479514352165, 14.335063930757395, 9.81914051020302, 22.015757045278793, 9.932959793160604]"
102,0,2154,False,False,,0.0,1,1,,0,1,3.2644135498640368,[3.2644135498640368],2.273121284446974,[2.273121284446974],11.402395145126283,0.0,[],5.44693410659925,0.0,0.0,0.0,[5.44693410659925],[],[0.0],[],[11.402395145126283]
102,0,2155,False,False,,0.0,2,2,,0,2,9.565193242221389,"[6.336150619482831, 3.2290426227385574]",5.730425364466342,"[3.471098741598304, 2.2593266228680373]",15.642379995416395,0.0,[],8.100528198212395,0.0,0.0,0.0,"[1.975, 6.125528198212394]",[],"[0.0, 0.0]",[],"[2.5, 13.142379995416395]"
102,0,2156,False,True,1.0,3.99,6,6,True,4,10,70.14725880800158,"[6.109135032587546, 9.542649942770963, 20.656536829904827, 13.671082981937312, 5.415938456216001, 14.751915564584937]",33.357430935120625,"[3.382562662709143, 4.721633477680676, 9.056049363662883, 6.331722362955552, 3.1122159979242405, 6.7532470701881255]",49.613804742770355,24.408930797795662,"[12.276721731336737, 3.6836824506712507, 3.7782570152729926, 4.670269600514684]",25.34938384968044,13.51948301114031,19.34938384968044,9.51948301114031,"[3.7894234253156998, 5.51668264868688, 4.140068050683771, 3.5075136447930113, 5.940445197745252, 2.4552508824558252]","[5.787921475221328, 2.4366361557617875, 2.4735202359564674, 2.8214051442007273]","[2.7894234253156998, 4.51668264868688, 3.1400680506837713, 2.5075136447930113, 4.940445197745252, 1.4552508824558255]","[4.787921475221328, 1.4366361557617877, 1.4735202359564672, 1.821405144200727]","[7.152367757219743, 11.581237560735588, 8.051456540214797, 6.429522166135927, 12.667808199346798, 3.731412519117501]"
102,0,2157,False,True,1.0,3.99,4,4,True,3,7,77.63304010635636,"[17.30081110488939, 23.747299316881357, 14.539276425018887, 22.045653259566738]",34.27688564147899,"[7.7473163309068624, 10.26144673358373, 6.670317805757366, 9.597804771231027]",18.124922116898887,26.028211758672256,"[10.329791665032953, 10.8596624840855, 4.838757609553803]",11.068719625590566,13.151002585882182,7.068719625590566,10.151002585882182,"[2.6625603249920125, 1.975, 2.857639016934084, 3.573520283664469]","[5.028618749362852, 5.235268368793346, 2.8871154677259834]","[1.6625603249920125, 0.9750000000000001, 1.8576390169340842, 2.573520283664469]","[4.028618749362852, 4.235268368793346, 1.8871154677259834]","[4.262975192287211, 2.5, 4.763176966497651, 6.598769958114023]"
102,0,2158,False,False,,0.0,1,1,,0,1,18.38048467244163,[18.38048467244163],8.168389022252235,[8.168389022252235],12.371908776511063,0.0,[],5.825044422839315,0.0,0.0,0.0,[5.825044422839315],[],[0.0],[],[12.371908776511063]
102,0,2159,False,False,,0.0,2,2,,0,2,11.236653183941499,"[4.6994739806073325, 6.537179203334166]",6.382294741737184,"[2.8327948524368596, 3.5494998893003245]",14.653975097739677,0.0,[],7.715050288118475,0.0,0.0,0.0,"[3.2941796396364835, 4.420870648481991]",[],"[0.0, 0.0]",[],"[5.882511896503804, 8.771463201235873]"
102,0,2160,False,True,1.0,3.99,8,8,True,4,12,63.59940882517661,"[5.621394224187532, 14.131190771816419, 4.902336672010847, 12.29497365723939, 6.2534006994761695, 6.488173440885966, 7.018621373699253, 6.889317985861033]",32.80376944181888,"[3.1923437474331378, 6.511164401008403, 2.9119113020842304, 5.795039726323362, 3.438826272795706, 3.5303876419455267, 3.737262335742709, 3.686834014485803]",99.59435764267448,25.324667617390176,"[7.3511486740959375, 6.4241474921344395, 3.763782735988287, 7.785588715171515]",46.84179948064305,13.87662037078217,38.841799480643054,9.87662037078217,"[4.589134353607861, 4.82407243877601, 4.77693876330839, 3.7537683605021774, 4.304080492492634, 6.094313923523637, 13.859654411417194, 4.639836737015148]","[3.8669479828974156, 3.5054175219324315, 2.4678752670354323, 4.036379598916891]","[3.5891343536078613, 3.8240724387760103, 3.7769387633083897, 2.7537683605021774, 3.3040804924926346, 5.094313923523637, 12.859654411417194, 3.639836737015148]","[2.8669479828974156, 2.5054175219324315, 1.467875267035432, 3.036379598916891]","[9.202908598994515, 9.805313945579513, 9.68445836745741, 7.060944514108147, 8.472001262801626, 13.06234339365035, 32.973472849787676, 9.33291471029525]"
102,0,2161,False,True,1.0,3.99,5,5,True,0,5,47.99256837258911,"[5.596708974110375, 11.376161908372211, 15.764618562136775, 9.238148030700566, 6.01693089726919]",23.717101665309755,"[3.182716499903046, 5.436703144265162, 7.148201239233343, 4.602877731973221, 3.346603049934984]",40.14847825418888,0.0,[],20.657906519133665,0.0,15.657906519133663,0.0,"[3.0966694230974383, 6.872554852985129, 5.784872374862695, 2.9288098681884023, 1.975]",[],"[2.0966694230974383, 5.872554852985129, 4.784872374862695, 1.9288098681884023, 0.9750000000000001]",[],"[5.376075443839586, 15.057832956372124, 12.26890352528896, 4.945666328688211, 2.5]"
102,0,2162,False,False,,0.0,1,1,,0,1,10.081501607350987,[10.081501607350987],4.931785626866885,[4.931785626866885],11.714240564442107,0.0,[],5.568553820132422,0.0,0.0,0.0,[5.568553820132422],[],[0.0],[],[11.714240564442107]
102,0,2163,False,True,1.0,3.99,7,7,True,1,8,56.82366550628467,"[11.029313818542292, 6.3999348701080185, 10.291542089265631, 6.893366236925726, 4.055700366127342, 11.086481564414402, 7.0673265609012645]",29.161229547451025,"[5.301432389231494, 3.4959745993421274, 5.013701414813596, 3.688412832401033, 2.581723142789663, 5.323727810121617, 3.756257358751493]",52.10739235642191,15.435564298140001,[15.435564298140001],27.321883019004552,7.019870076274601,20.32188301900455,6.019870076274601,"[2.2726848081178717, 3.938770735324822, 1.975, 2.3154738861685145, 7.304162192820286, 4.654798259245167, 4.8609931373278865]",[7.019870076274601],"[1.2726848081178717, 2.938770735324822, 0.9750000000000001, 1.3154738861685145, 6.304162192820286, 3.6547982592451667, 3.860993137327887]",[6.019870076274601],"[3.2632943797894143, 7.535309577755953, 2.5, 3.3730099645346523, 16.164518443128937, 9.37127758780812, 9.899982403404838]"
102,0,2164,False,True,1.0,3.99,5,5,True,1,6,49.310174215298396,"[3.4717103605951296, 29.717718701307447, 4.914536027495399, 8.706209125900413, 2.5]",24.23096794396637,"[2.3539670406321003, 12.589910293509904, 2.916669050723206, 4.395421559101161, 1.975]",41.28596403337896,15.337576323690293,[15.337576323690293],21.101525973017797,6.981654766239214,16.101525973017797,5.981654766239214,"[2.7669806943778816, 3.4755445296693814, 5.649857658046905, 3.1128695484221542, 6.096273542501474]",[6.981654766239214],"[1.7669806943778814, 2.4755445296693814, 4.649857658046905, 2.1128695484221542, 5.096273542501474]",[5.981654766239214],"[4.530719729174055, 6.347550076075336, 11.922711943710011, 5.417614226723472, 13.067368057696086]"
102,0,2165,False,False,,0.0,2,2,,0,2,7.9667513697781835,"[2.6542737141496278, 5.312477655628556]",5.107033034213492,"[2.035166748518355, 3.071866285695137]",16.078673854149095,0.0,[],8.270682803118147,0.0,0.0,0.0,"[3.3894917640677424, 4.881191039050405]",[],"[0.0, 0.0]",[],"[6.126901959148057, 9.951771895001038]"
102,0,2166,False,False,,0.0,2,2,,0,2,21.803500786510437,"[7.825552948333321, 13.977947838177116]",10.50336530673907,"[4.051965649849995, 6.451399656889075]",26.499278623465855,0.0,[],12.334718663151683,0.0,0.0,0.0,"[5.79017910028296, 6.544539562868724]",[],"[0.0, 0.0]",[],"[12.28251051354605, 14.216768109919805]"
102,0,2167,False,True,1.0,3.99,4,4,True,4,8,31.312345946407778,"[12.22884290565462, 10.353984188353463, 3.6704738977153655, 5.059044954684332]",16.211814919099034,"[5.769248733205302, 5.038053833457851, 2.4314848201089925, 2.9730275323268893]",34.723403766828675,51.12019742101163,"[9.207118150568101, 9.763392473776427, 22.682305734242636, 9.467381062424472]",17.542127469063182,23.936876994194538,13.542127469063184,19.936876994194538,"[6.40746768011424, 6.934277575230431, 1.975, 2.225382213718513]","[4.59077607872156, 4.807723064772807, 9.846099236354629, 4.692278614345544]","[5.40746768011424, 5.934277575230431, 0.9750000000000001, 1.2253822137185129]","[3.59077607872156, 3.807723064772807, 8.846099236354629, 3.692278614345544]","[13.865301743882666, 15.216096346744695, 2.5, 3.1420056762013147]"
102,0,2168,False,True,1.0,3.99,5,5,True,4,9,42.33687779931567,"[10.33564192242688, 9.640371891096812, 7.735363315350681, 5.517564391966853, 9.10793627847445]",21.511382341733118,"[5.030900349746483, 4.7597450375277575, 4.016791692986766, 3.1518501128670726, 4.552095148605035]",35.75163188769852,20.88604700838672,"[3.998195773556119, 8.570613548874846, 2.897873810999028, 5.419363874956726]",18.943136436202426,12.145558333270822,13.943136436202426,8.145558333270822,"[3.6472535863776505, 3.9823264980110724, 4.842037377000094, 3.129614045029725, 3.3419049297838828]","[2.5592963516868865, 4.34253928406119, 2.130170786289621, 3.1135519112331234]","[2.6472535863776505, 2.9823264980110724, 3.8420373770000937, 2.129614045029725, 2.3419049297838828]","[1.5592963516868865, 3.34253928406119, 1.130170786289621, 2.1135519112331234]","[6.7878297086606425, 7.646991020541211, 9.85137788974383, 5.46054883340955, 6.004884435343289]"
102,0,2169,False,True,1.0,3.99,3,3,True,1,4,37.82870909167944,"[5.6222225442018114, 24.102681714847055, 8.10380483263058]",17.753196545754985,"[3.1926667922387066, 10.400045868790352, 4.1604838847259265]",23.28769964684833,4.004840513412991,[4.004840513412991],12.08220286227085,2.5618878002310668,9.08220286227085,1.5618878002310665,"[3.807766318768803, 3.0471242086827854, 5.227312334819262]",[2.5618878002310668],"[2.807766318768803, 2.0471242086827854, 4.227312334819262]",[1.5618878002310665],"[7.1994008173559045, 5.249036432519962, 10.839262396972465]"
102,0,2170,False,True,1.0,3.99,7,7,True,2,9,79.84189880353925,"[9.308555727509173, 6.690511352329444, 3.997309787507979, 18.560507290320928, 2.5, 25.039682786023363, 13.745331859848363]",38.13834053338031,"[4.630336733728578, 3.6092994274084833, 2.558950817128112, 8.238597843225161, 1.975, 10.765476286549111, 6.360679425340862]",58.58189066718428,21.634645686368664,"[13.340675593255652, 8.29397009311301]",29.84693736020187,10.43751181768378,22.84693736020187,8.43751181768378,"[4.559523425644965, 4.521649599537149, 1.975, 5.831159549463439, 5.0238209617665195, 3.977048071299434, 3.958735752490363]","[6.202863481369705, 4.234648336314074]","[3.5595234256449655, 3.5216495995371493, 0.9750000000000001, 4.831159549463439, 4.0238209617665195, 2.977048071299434, 2.958735752490363]","[5.202863481369705, 3.2346483363140743]","[9.126983142679398, 9.029870768043972, 2.5, 12.387588588367791, 10.317489645555177, 7.633456593075471, 7.586501929462469]"
102,0,2171,False,True,1.0,3.99,6,6,True,3,9,59.56186519100388,"[11.651022960226136, 9.865462667850842, 12.477363526954896, 2.5, 7.368896320231932, 15.699119715740077]",29.229127424491516,"[5.543898954488193, 4.847530440461829, 5.866171775512409, 1.975, 3.8738695648904535, 7.12265668913863]",59.66933675116688,13.959425271935357,"[2.129703390531952, 5.571286796068802, 6.258435085334604]",29.27104133295509,8.44417585605479,23.27104133295509,5.444175856054789,"[2.8165350155238054, 4.381590898769179, 11.5110169603869, 4.2090457108499875, 3.0647310178796223, 3.2881217295455936]","[1.8305843223074612, 3.1728018504668327, 3.4407896832804954]","[1.8165350155238051, 3.381590898769179, 10.5110169603869, 3.2090457108499875, 2.0647310178796223, 2.2881217295455936]","[0.8305843223074613, 2.1728018504668327, 2.4407896832804954]","[4.65778209108668, 8.670745894279946, 26.951325539453588, 8.228322335512788, 5.294182097127237, 5.86697879370665]"
102,0,2172,False,True,1.0,3.99,4,4,True,1,5,30.37813786797438,"[6.38178528762919, 4.934454570319066, 4.482939618085952, 14.578958391940171]",15.847473768510007,"[3.488896262175384, 2.924437282424436, 2.7483464510535214, 6.685793772856667]",30.91301380317731,8.047395854296635,[8.047395854296635],16.05607538323915,4.138484383175688,12.05607538323915,3.1384843831756877,"[2.6575171507108917, 5.343355590496078, 4.789226012941647, 3.265976629090534]",[4.138484383175688],"[1.6575171507108917, 4.343355590496078, 3.7892260129416475, 2.265976629090534]",[3.1384843831756877],"[4.250043976181773, 11.1368092064002, 9.715964135747814, 5.810196484847523]"
102,0,2173,False,True,1.0,3.99,4,4,True,1,5,34.79690278949611,"[15.155902206720862, 6.944170380269305, 2.5, 10.196830202505943]",17.570792087903484,"[6.910801860621136, 3.708226448305029, 1.975, 4.976763778977318]",31.445467597030486,7.609154086210348,[7.609154086210348],16.26373236284189,3.967570093622036,12.26373236284189,2.967570093622036,"[3.646533200537495, 2.127693421735639, 7.639642110403453, 2.849863630165303]",[3.967570093622036],"[2.646533200537495, 1.1276934217356391, 6.639642110403453, 1.8498636301653033]",[2.967570093622036],"[6.785982565480755, 2.8915215941939465, 17.024723360008853, 4.743240077346932]"
102,0,2174,False,False,,0.0,2,2,,0,2,29.205952869786927,"[10.630657129097356, 18.575295740689572]",13.390321619216902,"[5.145956280347969, 8.244365338868933]",18.832300761384303,0.0,[],9.34459729693988,0.0,0.0,0.0,"[5.361161577299878, 3.983435719640001]",[],"[0.0, 0.0]",[],"[11.1824655828202, 7.649835178564105]"
102,0,2175,False,True,1.0,3.99,3,3,True,0,3,40.526794949217106,"[25.366895556083534, 10.911362615912623, 4.248536777220946]",18.80545003019467,"[10.893089266872579, 5.255431420205923, 2.656929343116169]",19.719344195905986,0.0,[],10.690544236403335,0.0,7.690544236403335,0.0,"[2.583514996160003, 5.423753534033599, 2.6832757062097325]",[],"[1.583514996160003, 4.423753534033599, 1.6832757062097328]",[],"[4.060294861948726, 11.34295777957333, 4.31609155438393]"
102,0,2176,False,True,1.0,3.99,3,3,True,1,4,39.167294929068184,"[16.356342359115626, 10.99337795882899, 11.817574611123568]",18.27524502233659,"[7.378973520055094, 5.287417403943306, 5.608854098338192]",32.8735096204382,7.857220307840922,[7.857220307840922],15.820668751970896,4.064315920057959,12.820668751970898,3.0643159200579597,"[5.801477998225423, 3.320466884277945, 6.698723869467529]",[4.064315920057959],"[4.801477998225423, 2.320466884277945, 5.698723869467529]",[3.0643159200579597],"[12.311482046731854, 5.949915087892165, 14.612112485814178]"
102,0,2177,False,True,1.0,3.99,5,5,True,0,5,37.184847269039565,"[5.521692946684361, 9.056092367229175, 3.4422314527978375, 12.593246481888517, 6.57158402043968]",19.502090434925435,"[3.153460249206901, 4.531876023219379, 2.3424702665911568, 5.911366127936522, 3.5629177679714754]",40.61256437085643,0.0,[],20.838900104634007,0.0,15.83890010463401,0.0,"[2.993186848293091, 2.457911212774247, 7.734167770603338, 2.834772299756226, 4.818861973207107]",[],"[1.993186848293091, 1.4579112127742468, 6.734167770603338, 1.834772299756226, 3.818861973207107]",[],"[5.110735508443823, 3.738233878908325, 17.267096847700866, 4.704544358349297, 9.79195377745412]"
102,0,2178,False,True,1.0,3.99,3,3,True,2,5,10.145774838327277,"[2.5, 5.145774838327276, 2.5]",6.956852186947637,"[1.975, 3.0068521869476377, 1.975]",31.44190372950621,15.933492475571466,"[11.496956922179544, 4.436535553391923]",15.26234245450742,8.214062065472872,12.26234245450742,6.214062065472872,"[6.413042681858232, 4.699569460416852, 4.149730312232338]","[5.483813199650022, 2.73024886582285]","[5.413042681858232, 3.6995694604168516, 3.149730312232338]","[4.483813199650022, 1.7302488658228499]","[13.879596620149313, 9.486075539530388, 8.076231569826508]"
102,0,2179,False,True,1.0,3.99,4,3,,3,7,24.987723062931938,"[6.907394860637379, 8.282856128657599, 9.79747207363696]",12.745211994543457,"[3.693883995648578, 4.230313890176464, 4.821014108718415]",21.18737538867915,13.258994714403658,"[6.331775917049954, 3.801575980334009, 3.1256428170196955]",11.263076401584868,8.171007938617427,8.263076401584868,5.171007938617427,"[3.102100135928922, 5.410548595041611, 2.750427670614336]","[3.469392607649482, 2.4826146323302636, 2.2190006986376813]","[2.102100135928922, 4.410548595041611, 1.750427670614336]","[2.469392607649482, 1.4826146323302636, 1.2190006986376813]","[5.390000348535697, 11.309098961645155, 4.488276078498298]"
102,0,2180,False,False,,0.0,1,1,,0,1,2.5,[2.5],1.975,[1.975],12.313980027528377,0.0,[],5.802452210736067,0.0,0.0,0.0,[5.802452210736067],[],[0.0],[],[12.313980027528377]
102,0,2181,False,True,1.0,3.99,3,3,True,0,3,19.147100003019013,"[4.249154815153327, 3.217624688079816, 11.680320499785868]",10.467369001177413,"[2.6571703779097975, 2.2548736283511284, 5.5553249949164885]",20.782127867249468,0.0,[],11.105029868227293,0.0,8.105029868227293,0.0,"[3.7341974530171855, 3.6532142804392373, 3.7176181347708703]",[],"[2.7341974530171855, 2.6532142804392373, 2.7176181347708703]",[],"[7.010762700044065, 6.8031135395877875, 6.968251627617616]"
102,0,2182,False,True,1.0,3.99,4,4,True,1,5,20.51445695686307,"[2.5, 6.9885835571643895, 8.525873399698684, 2.5]",12.000638213176599,"[1.975, 3.725547587294112, 4.325090625882487, 1.975]",44.97126726623921,14.362224403463964,[14.362224403463964],21.538794233833293,6.601267517350946,17.538794233833293,5.601267517350946,"[6.795924147666343, 3.641128696090091, 6.060781687634223, 5.0409597024426365]",[6.601267517350946],"[5.795924147666343, 2.641128696090091, 5.060781687634223, 4.0409597024426365]",[5.601267517350946],"[14.861343968375236, 6.7721248617694645, 12.976363301626211, 10.361435134468298]"
102,0,2183,False,True,1.0,3.99,3,3,True,1,4,33.331463898430115,"[6.427049745653864, 13.253878288357138, 13.65053586441911]",15.999270920387744,"[3.506549400805007, 6.169012532459284, 6.323708987123453]",11.516927831762013,3.8726552820061704,[3.8726552820061704],7.491601854387185,2.5103355599824067,4.491601854387185,1.5103355599824064,"[2.8869987877213106, 1.975, 2.629603066665875]",[2.5103355599824067],"[1.8869987877213104, 0.9750000000000001, 1.6296030666658747]",[1.5103355599824064],"[4.838458430054642, 2.5, 4.178469401707371]"
102,0,2184,False,True,1.0,3.99,3,3,True,2,5,23.751979806279607,"[12.20101511613926, 5.442763092199524, 6.1082015979408215]",12.263272124449047,"[5.758395895294312, 3.1226776059578145, 3.3821986231969206]",48.834254825287715,7.3821912550487685,"[4.992347757990277, 2.3898434970584916]",22.04535938186221,4.879054589469019,19.04535938186221,2.87905458946902,"[4.780806285466925, 7.217687398577978, 10.046865697817307]","[2.947015625616208, 1.9320389638528117]","[3.780806285466925, 6.217687398577978, 9.046865697817307]","[1.9470156256162081, 0.9320389638528118]","[9.694375090940833, 15.942788201481996, 23.19709153286489]"
102,0,2185,False,True,1.0,3.99,6,6,True,1,7,49.68230252186561,"[11.943313597256932, 3.6412467047927795, 8.508548609892662, 12.246844304632482, 2.5984753003578085, 10.743874004932946]",25.376097983527586,"[5.657892302930204, 2.420086214869184, 4.318333957858139, 5.7762692788066685, 2.013405367139545, 5.190110861923849]",47.734168337195456,9.12850390726644,[9.12850390726644],24.616325651506227,4.560116523833912,18.616325651506227,3.5601165238339116,"[2.5082760276416094, 3.4668007996255645, 3.2841929993849566, 3.2770829405451947, 5.300784698958432, 6.77918818535047]",[4.560116523833912],"[1.5082760276416092, 2.4668007996255645, 2.2841929993849566, 2.2770829405451947, 4.300784698958432, 5.77918818535047]",[3.5601165238339116],"[3.8673744298502797, 6.325130255450166, 5.856905126628094, 5.83867420652614, 11.027653074252388, 14.818431244488384]"
102,0,2186,False,True,1.0,3.99,4,4,True,1,5,19.177168469007793,"[5.930494287373064, 3.507435433912749, 5.7137876863534345, 4.025451061368545]",11.479095702913039,"[3.3128927720754953, 2.367899819225972, 3.2283771976778395, 2.5699259139337327]",49.266214683801444,4.701932471311749,[4.701932471311749],23.213823726682566,2.8337536638115823,19.213823726682563,1.8337536638115821,"[6.282457647533444, 9.079415276145685, 3.072662436488008, 4.779288366515426]",[2.8337536638115823],"[5.282457647533444, 8.079415276145685, 2.072662436488008, 3.779288366515426]",[1.8337536638115821],"[13.544763198803702, 20.716449426014577, 5.31451906791797, 9.690482991065196]"
102,0,2187,False,False,,0.0,1,1,,0,1,8.59435150954734,[8.59435150954734],4.351797088723464,[4.351797088723464],2.5,0.0,[],1.975,0.0,0.0,0.0,[1.975],[],[0.0],[],[2.5]
102,0,2188,False,False,,0.0,1,1,,0,1,5.029045538717466,[5.029045538717466],2.961327760099812,[2.961327760099812],3.0015865782802806,0.0,[],2.1706187655293094,0.0,0.0,0.0,[2.1706187655293094],[],[0.0],[],[3.0015865782802806]
102,0,2189,False,True,1.0,3.99,5,5,True,3,8,60.278047090179605,"[3.823917532329267, 6.650965262620329, 20.161592253570387, 19.97509839230281, 9.666473649356812]",28.508438365170043,"[2.4913278376084143, 3.5938764524219287, 8.86302097889245, 8.790288372998097, 4.769924723249156]",43.75618239280015,17.646829271273003,"[8.547411444933978, 4.2391733711778885, 4.860244455161138]",22.064911133192062,9.882263415796473,17.06491113319206,6.882263415796472,"[4.213149053930989, 3.8748313670856755, 4.570201473276673, 6.255225464269277, 3.151503774629446]","[4.333490463524251, 2.653277614759377, 2.895495337512844]","[3.2131490539309886, 2.8748313670856755, 3.570201473276673, 5.255225464269277, 2.151503774629446]","[3.3334904635242517, 1.6532776147593766, 1.8954953375128438]","[8.238843728028176, 7.37136247970686, 9.154362751991469, 13.47493708786994, 5.516676345203707]"
102,0,2190,False,False,,0.0,1,1,,0,1,8.296261649985665,[8.296261649985665],4.2355420434944095,[4.2355420434944095],7.66812941161469,0.0,[],3.9905704705297294,0.0,0.0,0.0,[3.9905704705297294],[],[0.0],[],[7.66812941161469]
102,0,2191,False,False,,0.0,1,1,,0,1,4.828537564273265,[4.828537564273265],2.8831296500665733,[2.8831296500665733],20.778254988861455,0.0,[],9.103519445655968,0.0,0.0,0.0,[9.103519445655968],[],[0.0],[],[20.778254988861455]
102,0,2192,False,True,1.0,3.99,3,2,,0,3,19.232869547263363,"[12.766920126041772, 6.465949421221589]",9.500819123432711,"[5.979098849156291, 3.52172027427642]",14.162789231282007,0.0,[],7.523487800199983,0.0,5.523487800199983,0.0,"[2.538666868376125, 4.984820931823858]",[],"[1.538666868376125, 3.9848209318238577]",[],"[3.945299662502885, 10.217489568779122]"
102,0,2193,False,True,1.0,3.99,3,3,True,4,7,26.074543107336112,"[7.334667518188484, 9.554275599755924, 9.185599989391704]",13.169071811861084,"[3.860520332093509, 4.72616748390481, 4.582383995862765]",35.970252845087884,41.09907291511742,"[11.387750355818861, 9.664159977309765, 6.152008280978518, 13.895154301010274]",17.028398609584276,20.028638436895797,14.028398609584274,16.028638436895793,"[7.367517909199154, 4.927428009326743, 4.733452691058378]","[5.441222638769356, 4.769022391150809, 3.399283229581622, 6.419110177394007]","[6.367517909199154, 3.9274280093267424, 3.7334526910583787]","[4.441222638769356, 3.7690223911508087, 2.399283229581622, 5.419110177394007]","[16.326968997946548, 10.070328229042929, 9.572955618098407]"
102,0,2194,False,True,1.0,3.99,4,4,True,3,7,41.962090297844824,"[17.546761453459208, 6.130804401957409, 5.3114351635306045, 12.973089278897602]",20.36521521615948,"[7.8432369668490916, 3.3910137167633896, 3.0714597137769357, 6.059504818770065]",45.48474327309254,35.90250887196032,"[8.825580625000534, 11.953800945172508, 15.123127301787274]",21.73904987650609,17.001978460064525,17.739049876506087,14.001978460064523,"[5.833651066775919, 6.130444696664064, 6.298224889132067, 3.47672922393404]","[4.4419764437502085, 5.661982368617278, 6.898019647697037]","[4.833651066775919, 5.130444696664064, 5.298224889132067, 2.47672922393404]","[3.441976443750208, 4.661982368617278, 5.898019647697037]","[12.393977094297227, 13.154986401702727, 13.585192023415557, 6.350587753677026]"
102,0,2195,False,True,1.0,3.99,7,7,True,3,10,75.69132516840214,"[16.701887659934098, 15.900616978156387, 6.498250241843339, 14.928745409995656, 6.636731162978876, 7.867106241431948, 7.157987474061844]",36.51961681567684,"[7.513736187374298, 7.201240621480991, 3.5343175943189022, 6.8222107098983065, 3.5883251535617617, 4.06817143415846, 3.7916151148841193]",56.024140684628975,11.619620568998332,"[2.3011635475992764, 4.971186946776964, 4.347270074622091]",28.849414867005297,7.531652021909348,21.8494148670053,4.531652021909349,"[2.122014588835685, 4.302331618786527, 5.769447905733773, 3.6153683894116444, 3.274190185602897, 5.8764197911094636, 3.8896423875253103]","[1.897453783563718, 2.9387629092430156, 2.695435329102615]","[1.1220145888356852, 3.3023316187865266, 4.769447905733773, 2.6153683894116444, 2.274190185602897, 4.8764197911094636, 2.8896423875253103]","[0.8974537835637179, 1.9387629092430159, 1.6954353291026154]","[2.8769604841940644, 8.467516971247504, 12.22935360444557, 6.706072793363191, 5.831256886161274, 12.503640490024265, 7.409339455193103]"
102,0,2196,False,False,,0.0,1,1,,0,1,10.1661890274684,[10.1661890274684],4.964813720712677,[4.964813720712677],7.039971282206889,0.0,[],3.745588800060687,0.0,0.0,0.0,[3.745588800060687],[],[0.0],[],[7.039971282206889]
102,0,2197,False,False,,0.0,2,2,,0,2,20.898378328908212,"[15.295196411560111, 5.6031819173481]",10.150367548274202,"[6.965126600508444, 3.185240947765759]",28.419758921965162,0.0,[],13.083705979566414,0.0,0.0,0.0,"[5.6829986008191895, 7.400707378747224]",[],"[0.0, 0.0]",[],"[12.007688720049202, 16.41207020191596]"
102,0,2198,False,True,1.0,3.99,4,4,True,3,7,53.876454246720776,"[16.948572747781977, 11.354040296212647, 6.8661344286723365, 18.70770677405381]",25.0118171562211,"[7.609943371634971, 5.428075715522932, 3.677792427182211, 8.296005641880987]",31.612569290353385,33.63477588889783,"[11.449017543720615, 15.951721032567836, 6.2340373126093755]",16.32890202323782,16.117562596670155,12.32890202323782,13.117562596670153,"[5.782440619127153, 2.1815121268373967, 5.308816658423718, 3.0561326188495537]","[5.46511684205104, 7.2211712027014565, 3.4312745519176566]","[4.782440619127153, 1.1815121268373967, 4.308816658423718, 2.0561326188495537]","[4.46511684205104, 6.2211712027014565, 2.4312745519176566]","[12.262668254172187, 3.0295182739420428, 11.048247842112099, 5.27213492012706]"
102,0,2199,False,True,1.0,3.99,6,6,True,0,6,73.47659899709896,"[14.585396366261193, 15.641039596026662, 2.5, 9.6862901917379, 22.558611507766756, 8.505261335306457]",34.6558736088686,"[6.688304582841866, 7.100005442450398, 1.975, 4.777653174777781, 9.797858488029036, 4.317051920769519]",58.690094372684854,0.0,[],28.889136805347096,0.0,22.889136805347093,0.0,"[5.050130017215997, 3.153489009331591, 3.2906658454732436, 4.407721430704971, 3.575931669751183, 9.41119883287011]",[],"[4.050130017215997, 2.153489009331591, 2.2906658454732436, 3.4077214307049712, 2.575931669751183, 8.41119883287011]",[],"[10.384948762092298, 5.521766690593823, 5.873502167880112, 8.737747258217874, 6.604952999362007, 21.567176494538742]"
102,0,2200,False,True,1.0,3.99,4,4,True,2,6,44.09558660075414,"[17.356407237804493, 4.056890770614307, 8.152252320664827, 14.53003627167051]",21.197278774294112,"[7.768998822743753, 2.5821874005395795, 4.179378405059283, 6.666714145951499]",35.3335042163349,19.940917300876976,"[10.686992307729223, 9.253924993147754]",17.780066644370613,9.77695774734202,13.780066644370612,7.776957747342021,"[4.702811263983593, 4.830210082936903, 2.1690185272882934, 6.078026770161824]","[5.167927000014397, 4.609030747327624]","[3.7028112639835924, 3.8302100829369023, 1.1690185272882936, 5.078026770161824]","[4.167927000014397, 3.609030747327624]","[9.494387856368185, 9.821051494710005, 2.997483403303317, 13.020581461953393]"
102,0,2201,False,False,,0.0,1,1,,0,1,9.576719553484443,[9.576719553484443],4.734920625858933,[4.734920625858933],2.5,0.0,[],1.975,0.0,0.0,0.0,[1.975],[],[0.0],[],[2.5]
102,0,2202,False,True,1.0,3.99,7,3,,1,8,24.708946257969572,"[6.133366288738632, 11.618694896139415, 6.956885073091526]",12.636489040608133,"[3.3920128526080666, 5.531291009494372, 3.7131851785056953]",11.153099486891714,4.074341238734279,[4.074341238734279],7.349708799887768,2.5889930831063688,4.349708799887768,1.5889930831063688,"[2.4972311656385933, 2.0359345522593673, 2.816543081989808]",[2.5889930831063688],"[1.4972311656385933, 1.0359345522593673, 1.8165430819898079]",[1.5889930831063688],"[3.839054270868188, 2.656242441690685, 4.657802774332841]"
102,0,2203,False,True,1.0,3.99,8,8,True,4,12,67.4760171304292,"[7.713029667098815, 7.562428308367576, 5.474952732933038, 5.271628409581204, 20.646355725962227, 6.067338116374305, 3.2732732194365783, 11.467010950675448]",34.31564668086739,"[4.008081570168538, 3.949347040263355, 3.1352315658438847, 3.0559350797366696, 9.052078733125269, 3.366261865385979, 2.2765765555802657, 5.472134270763425]",64.75039950682282,27.452741437288275,"[4.038775713148625, 9.756358762115502, 7.201224785635977, 6.456382176388173]",33.2526558076609,14.706569160542427,25.2526558076609,10.706569160542427,"[3.593168361745647, 5.9037544056467075, 2.969308680033495, 3.796375841022956, 4.211320567861679, 4.230676702256472, 4.4918784530161115, 4.0561727960778295]","[2.575122528127964, 4.804979917225046, 3.808477666398031, 3.5179890487913874]","[2.593168361745647, 4.9037544056467075, 1.9693086800334954, 2.796375841022956, 3.211320567861679, 3.230676702256473, 3.491878453016111, 3.0561727960778295]","[1.5751225281279637, 3.804979917225046, 2.808477666398031, 2.5179890487913874]","[6.649149645501659, 12.573729245247968, 5.049509435983321, 7.170194464161425, 8.234155302209434, 8.283786416042238, 8.953534494913105, 7.836340502763665]"
102,0,2204,False,False,,0.0,1,1,,0,1,11.650681208974724,[11.650681208974724],5.543765671500142,[5.543765671500142],12.907189839878715,0.0,[],6.033804037552699,0.0,0.0,0.0,[6.033804037552699],[],[0.0],[],[12.907189839878715]
102,0,2205,False,False,,0.0,2,2,,0,2,19.041007849193647,"[15.31013605869498, 3.7308717904986675]",9.425993061185522,"[6.970953062891042, 2.45503999829448]",23.941361098994918,0.0,[],11.337130828608018,0.0,0.0,0.0,"[5.373852591480526, 5.963278237127492]",[],"[0.0, 0.0]",[],"[11.215006644821862, 12.726354454173055]"
102,0,2206,False,False,,0.0,2,2,,0,2,12.91487655431936,"[6.243232255161426, 6.6716442991579346]",7.036801856184551,"[3.4348605795129563, 3.6019412766715946]",11.156686778701943,0.0,[],6.351107843693757,0.0,0.0,0.0,"[4.014939113361461, 2.336168730332297]",[],"[0.0, 0.0]",[],"[7.7306131111832315, 3.4260736675187107]"
102,0,2207,False,True,1.0,3.99,7,7,True,2,9,58.95134809724482,"[10.544625329350296, 4.141687413541646, 20.444408374488358, 7.333341564701342, 5.270551889230601, 4.353673795182452, 6.863059730750115]",29.991025757925478,"[5.1124038784466155, 2.615258091281242, 8.97331926605046, 3.8600032102335233, 3.0555152367999345, 2.6979327801211563, 3.676593294992545]",82.83046707274707,23.226333628026964,"[6.213615264070421, 17.01271836395654]",39.303882158371366,11.058270114930515,32.303882158371366,9.058270114930515,"[2.0461502832959093, 6.796818223885306, 3.920438730847098, 7.608467519538096, 7.0913145233631925, 3.910939475865766, 7.929753401575994]","[3.4233099529874647, 7.634960161943051]","[1.046150283295909, 5.796818223885306, 2.920438730847098, 6.608467519538096, 6.0913145233631925, 2.910939475865766, 6.929753401575994]","[2.4233099529874647, 6.634960161943051]","[2.682436623835664, 14.863636471500783, 7.488304438069481, 16.944788511636144, 15.618755188110748, 7.463947374014784, 17.76859846557947]"
102,0,2208,False,True,1.0,3.99,3,3,True,1,4,30.041764295559926,"[14.924816319378346, 7.9825500929603015, 7.13439788322128]",14.716288075268373,"[6.820678364557555, 4.113194536254518, 3.7824151744562995]",16.449797136709837,4.765075443693431,[4.765075443693431],9.415420883316838,2.858379423040438,6.415420883316838,1.858379423040438,"[2.4877863920181493, 4.773065986265722, 2.154568505032966]",[2.858379423040438],"[1.487786392018149, 3.7730659862657223, 1.1545685050329657]",[1.858379423040438],"[3.8148369026106383, 9.674528169912108, 2.9604320641870916]"
102,0,2209,False,True,1.0,3.99,6,6,True,0,6,59.21886422637756,"[10.89524387874667, 8.345623724540147, 10.793480223792246, 8.91918324168459, 7.1930236171365785, 13.072309540477335]",29.09535704828725,"[5.249145112711202, 4.254793252570657, 5.209457287278976, 4.478481464256991, 3.8052792106832656, 6.098200720786161]",82.94521695632328,0.0,[],38.34863461296608,0.0,32.34863461296608,0.0,"[3.309255456500759, 5.890224830798792, 8.149205114843927, 8.554948845019759, 2.97589563502368, 9.469104730779163]",[],"[2.309255456500759, 4.890224830798792, 7.149205114843927, 7.554948845019759, 1.9758956350236798, 8.469104730779163]",[],"[5.921167837181432, 12.53903802768921, 18.33129516626648, 19.371663705178868, 5.0663990641632815, 21.71565315584401]"
102,0,2210,False,True,1.0,3.99,4,4,True,3,7,26.90264808904369,"[14.63495668120693, 4.17176194606354, 3.2898294476635566, 4.806100014109664]",14.49203275472704,"[6.707633105670703, 2.6269871589647806, 2.2830334845887874, 2.874379005502769]",25.135060401402086,13.607585406522096,"[5.925578111022098, 3.856037120780782, 3.8259701747192163]",13.802673556546814,8.306958308543617,9.802673556546816,5.306958308543617,"[2.8317831868879426, 3.5108713038596484, 4.574445240916061, 2.8855738248831626]","[3.310975463298618, 2.503854477104505, 2.492128368140494]","[1.8317831868879426, 2.5108713038596484, 3.5744452409160608, 1.8855738248831628]","[2.310975463298618, 1.503854477104505, 1.4921283681404944]","[4.69687996637934, 6.438131548358072, 9.165244207477079, 4.834804679187597]"
102,0,2211,False,False,,0.0,2,2,,0,2,27.789219430081623,"[8.195395877808108, 19.593823552273513]",12.837795577731832,"[4.196204392345162, 8.64159118538667]",17.22599347852828,0.0,[],8.71813745662603,0.0,0.0,0.0,"[6.1371264899841576, 2.5810109666418724]",[],"[0.0, 0.0]",[],"[13.172119205087583, 4.053874273440698]"
102,0,2212,False,True,1.0,3.99,4,4,True,2,6,38.34667186599903,"[11.474853719284695, 2.5, 4.230219097510613, 20.14159904920372]",18.955202027739624,"[5.4751929505210315, 1.975, 2.649785448029139, 8.855223629189451]",55.08026748711101,20.09899645250688,"[13.493011885112201, 6.605984567394681]",25.481304319973297,9.838608616477684,21.481304319973297,7.838608616477684,"[6.70621351710447, 6.632480360183541, 6.914235344814744, 5.228375097870539]","[6.262274635193759, 3.5763339812839257]","[5.70621351710447, 5.632480360183541, 5.914235344814744, 4.228375097870539]","[5.262274635193759, 2.5763339812839257]","[14.631316710524283, 14.44225733380395, 15.164706012345498, 10.841987430437278]"
102,0,2213,False,True,1.0,3.99,3,3,True,1,4,24.02360523315438,"[7.821242733436709, 4.2141589189127755, 11.988203580804896]",12.369206040930209,"[4.050284666040317, 2.6435219783759827, 5.675399396513909]",33.276049351912725,10.359808614132392,[10.359808614132392],15.977659247245963,5.040325359511633,12.977659247245963,4.040325359511633,"[5.302346813517691, 3.3741153735342135, 7.301197060194058]",[5.040325359511633],"[4.302346813517691, 2.3741153735342135, 6.301197060194058]",[4.040325359511633],"[11.031658496199208, 6.087475316754394, 16.156915538959122]"
102,0,2214,False,True,1.0,3.99,3,3,True,2,5,34.9725951358971,"[10.753077221514431, 14.00116881411247, 10.218349100270203]",16.63931210299987,"[5.1937001163906285, 6.460455837503863, 4.985156149105379]",32.32418703751276,11.531633374646395,"[5.410872659830792, 6.120760714815603]",15.606432944629978,6.497337016112095,12.606432944629976,4.497337016112095,"[6.335998623497123, 3.163113435391315, 6.107320885741538]","[3.110240337334009, 3.3870966787780854]","[5.335998623497123, 2.163113435391315, 5.107320885741538]","[2.110240337334009, 2.3870966787780854]","[13.682047752556727, 5.546444706131577, 13.095694578824457]"
102,0,2215,False,False,,0.0,2,2,,0,2,12.617399276464397,"[4.755777926868834, 7.861621349595564]",6.920785717821116,"[2.8547533914788454, 4.06603232634227]",29.1516686921238,0.0,[],13.36915078992828,0.0,0.0,0.0,"[9.241783785180077, 4.127367004748204]",[],"[0.0, 0.0]",[],"[21.132778936359173, 8.018889755764626]"
102,0,2216,False,True,1.0,3.99,3,3,,1,4,25.116920605241866,"[7.371561589553533, 11.765058610535121, 5.980300405153211]",12.795599036044328,"[3.874909019925878, 5.5883728581086975, 3.3323171580097526]",42.52086929405716,9.035453283789101,[9.035453283789101],19.58313902468229,4.52382678067775,16.58313902468229,3.5238267806777497,"[4.5512701630305825, 10.389355682207373, 4.642513179444334]",[4.52382678067775],"[3.5512701630305825, 9.389355682207373, 3.6425131794443337]",[3.5238267806777497],"[9.105820930847647, 24.075270980018907, 9.339777383190599]"
102,0,2217,False,True,1.0,3.99,3,3,True,3,6,32.43325116662382,"[12.747960316610781, 12.402593257771555, 7.282697592241487]",15.648967954983291,"[5.971704523478205, 5.837011370530907, 3.84025206097418]",41.24777493225632,24.470955525784383,"[6.808960144521157, 7.64977806878003, 10.012217312483196]",19.08663222357996,12.54367265505591,16.086632223579965,9.54367265505591,"[8.766524069089204, 4.9967266627948606, 5.3233814916958995]","[3.655494456363251, 3.983413446824212, 4.904764751868447]","[7.766524069089205, 3.9967266627948606, 4.3233814916958995]","[2.655494456363251, 2.983413446824212, 3.9047647518684467]","[19.91416427971591, 10.248017084089385, 11.085593568451024]"
102,0,2218,False,True,1.0,3.99,4,4,True,1,5,23.979583796926725,"[5.331705693342271, 6.062615939750703, 7.73563946580243, 4.849622698031317]",13.352037680801423,"[3.079365220403486, 3.3644202165027743, 4.016899391662948, 2.891352852232214]",33.778811129638946,6.18968186092319,[6.18968186092319],17.17373634055919,3.413975925760044,13.173736340559191,2.413975925760044,"[3.6098571910167014, 2.6852365652424206, 4.937112168963635, 5.941530415336433]",[3.413975925760044],"[2.6098571910167014, 1.6852365652424206, 3.9371121689636355, 4.941530415336433]",[2.413975925760044],"[6.691941515427439, 4.321119398057489, 10.095159407599064, 12.670590808554955]"
102,0,2219,False,True,1.0,3.99,3,3,True,0,3,22.247298969073245,"[12.147095858338306, 4.198840570339577, 5.901362540395365]",11.676446597938567,"[5.7373673847519395, 2.637547822432435, 3.3015313907541923]",34.89913641441626,0.0,[],16.610663201622344,0.0,13.610663201622343,0.0,"[5.240241695671027, 5.103075257313199, 6.267346248638118]",[],"[4.240241695671027, 4.103075257313199, 5.267346248638118]",[],"[10.872414604284684, 10.52070578798256, 13.50601602214902]"
102,0,2220,False,True,1.0,3.99,3,3,True,1,4,34.402763055339875,"[14.367851934529483, 14.926341025986506, 5.108570094823889]",16.417077591582554,"[6.603462254466499, 6.821273000134737, 2.9923423369813165]",19.25288906178955,11.688447272670532,[11.688447272670532],10.508626734097925,5.558494436341507,7.508626734097925,4.558494436341507,"[2.5670416591280114, 3.5079893796170167, 4.433595695352897]",[5.558494436341507],"[1.5670416591280112, 2.5079893796170167, 3.433595695352897]",[4.558494436341507],"[4.01805553622567, 6.430741999017991, 8.80409152654589]"
102,0,2221,False,True,1.0,3.99,3,3,True,3,6,21.457674946428245,"[7.405400680480845, 10.494713256141942, 3.557561009805457]",11.368493229107017,"[3.88810626538753, 5.0929381698953575, 2.3874487938241282]",13.053464806353746,25.37616970602467,"[6.077028470907429, 11.198886491928796, 8.100254743188444]",8.090851274477961,12.896706185349622,5.090851274477961,9.896706185349622,"[4.140851274477962, 1.975, 1.975]","[3.3700411036538975, 5.36756573185223, 4.159099349843493]","[3.1408512744779613, 0.9750000000000001, 0.9750000000000001]","[2.3700411036538975, 4.36756573185223, 3.159099349843493]","[8.053464806353746, 2.5, 2.5]"
102,0,2222,False,True,1.0,3.99,9,9,True,2,11,82.30747676650435,"[4.2476766859056125, 16.1877667035954, 8.221237255982246, 8.660970531569241, 6.904111475392472, 9.970739496453795, 8.488941008287194, 8.758004560293221, 10.868029049025168]",41.0999159389367,"[2.656593907503189, 7.313229014402206, 4.206282529833076, 4.377778507312004, 3.692603475403064, 4.88858840361698, 4.3106869932320055, 4.415621778514357, 5.238531329119816]",93.34898064441559,11.46783316795142,"[2.492412772859532, 8.975420395091888]",45.40610245132208,6.472454935501053,36.40610245132208,4.472454935501054,"[7.115989623200426, 4.317563147756847, 7.230463133720155, 3.4168775770759154, 2.6948521959621723, 1.975, 9.657931888454163, 5.5574447748241225, 3.4399801103282805]","[1.9720409814152176, 4.500413954085836]","[6.115989623200426, 3.317563147756847, 6.230463133720155, 2.4168775770759154, 1.6948521959621723, 0.9750000000000001, 8.657931888454163, 4.5574447748241225, 2.4399801103282805]","[0.9720409814152176, 3.5004139540858366]","[15.682024674872887, 8.506572173735504, 15.975546496718346, 6.197121992502347, 4.345774861441467, 2.5, 22.199825355010674, 11.685755832882364, 6.256359257252002]"
102,0,2223,False,True,1.0,3.99,3,3,True,2,5,49.177363616373,"[27.698068033363143, 9.451340639442156, 12.0279549435677]",22.17917181038547,"[11.802246533011626, 4.686022849382441, 5.690902427991403]",24.89545150269079,5.79387854053504,"[3.3521295910326225, 2.4417489495024176]",12.709226086049409,4.259612630808666,9.709226086049409,2.259612630808666,"[5.23914507066901, 1.975, 5.495081015380398]","[2.307330540502723, 1.952282090305943]","[4.23914507066901, 0.9750000000000001, 4.495081015380398]","[1.307330540502723, 0.9522820903059429]","[10.869602745305153, 2.5, 11.525848757385635]"
102,0,2224,False,False,,0.0,2,2,,0,2,14.8801070511598,"[7.312800100883668, 7.567306950276133]",7.803241749952322,"[3.8519920393446307, 3.951249710607692]",23.049293515901354,0.0,[],10.989224471201528,0.0,0.0,0.0,"[6.984566349731883, 4.004658121469646]",[],"[0.0, 0.0]",[],"[15.345041922389441, 7.704251593511912]"
102,0,2225,False,False,,0.0,2,2,,0,2,17.5353156107425,"[13.251955517693535, 4.283360093048965]",8.838773088189576,"[6.168262651900479, 2.6705104362890966]",12.984207382001795,0.0,[],7.0638408789807,0.0,0.0,0.0,"[2.4188191587263157, 4.645021720254384]",[],"[0.0, 0.0]",[],"[3.637997842887988, 9.346209539113806]"
102,0,2226,False,True,1.0,3.99,4,4,True,3,7,27.564689470433425,"[8.312570659394238, 9.021138149506228, 6.002752086371671, 4.228228575161286]",14.750228893469036,"[4.241902557163753, 4.518243878307429, 3.3410733136849515, 2.6490091443129016]",42.24387343815309,24.401590306724984,"[4.88625376645596, 8.317951902099907, 11.197384638169119]",20.475110640879702,12.516620219622745,16.475110640879702,9.516620219622745,"[3.6571519831131165, 3.898996698618198, 3.1057492902177546, 9.813212668930634]","[2.9056389689178244, 4.244001241818964, 5.366980008885957]","[2.6571519831131165, 2.898996698618198, 2.1057492902177546, 8.813212668930634]","[1.9056389689178244, 3.244001241818964, 4.366980008885957]","[6.813210213110555, 7.433324868251789, 5.399357154404498, 22.59798120238624]"
102,0,2227,False,True,1.0,3.99,3,3,True,4,7,25.101793442297318,"[6.480722674339859, 11.269459569614028, 7.351611198343431]",12.789699442495955,"[3.527481842992545, 5.395089232149471, 3.867128367353938]",35.58973201518903,31.05908219217681,"[2.6177908433616195, 8.711418865522278, 15.36035191937864, 4.369520563914272]",16.879995485923722,16.113042054948956,13.87999548592372,12.113042054948957,"[4.480024304597595, 4.314039737947841, 8.085931443378284]","[2.0209384289110317, 4.3974533575536885, 6.99053724855767, 2.704113019926566]","[3.480024304597596, 3.3140397379478403, 7.085931443378284]","[1.0209384289110317, 3.3974533575536885, 5.99053724855767, 1.7041130199265662]","[8.923139242557937, 8.497537789609847, 18.16905498302124]"
102,0,2228,False,False,,0.0,1,1,,0,1,5.789478840624245,[5.789478840624245],3.2578967478434557,[3.2578967478434557],3.2046377415500547,0.0,[],2.2498087192045215,0.0,0.0,0.0,[2.2498087192045215],[],[0.0],[],[3.2046377415500547]
102,0,2229,False,False,,0.0,2,2,,0,2,21.180451925499515,"[6.927667731776285, 14.25278419372323]",10.26037625094481,"[3.701790415392751, 6.558585835552059]",21.170235555455207,0.0,[],10.256391866627531,0.0,0.0,0.0,"[4.719039771427587, 5.537352095199944]",[],"[0.0, 0.0]",[],"[9.535999413916889, 11.634236141538318]"
102,0,2230,False,True,1.0,3.99,4,4,True,3,7,21.45976665507027,"[5.496460385459942, 6.959249269299176, 5.849453958306242, 3.154603042004908]",12.369308995477404,"[3.1436195503293773, 3.7141072150266785, 3.2812870437394346, 2.2302951863819143]",43.331782707303915,17.94237916440463,"[4.710128165729308, 10.543938740629551, 2.6883122580457726]",20.89939525584853,9.997527874117807,16.89939525584853,6.997527874117807,"[3.307721919034603, 4.101732248574878, 3.351671312299333, 10.138269775939714]","[2.83694998463443, 5.112136108845525, 2.0484417806378517]","[2.307721919034603, 3.1017322485748786, 2.351671312299333, 9.138269775939714]","[1.8369499846344302, 4.112136108845525, 1.0484417806378514]","[5.917235689832315, 7.953159611730458, 6.029926441793162, 23.43146096394798]"
102,0,2231,False,True,1.0,3.99,3,3,True,1,4,26.44644345204739,"[8.21132431501722, 6.502959196065681, 11.73215994096449]",13.314112946298483,"[4.202416482856716, 3.5361540864656154, 5.575542376976151]",43.73658034351111,4.374113931041955,[4.374113931041955],20.05726633396933,2.7059044331063626,17.057266333969334,1.7059044331063624,"[5.116956044549644, 8.14499571179022, 6.795314577629469]",[2.7059044331063626],"[4.116956044549644, 7.14499571179022, 5.795314577629469]",[1.7059044331063624],"[10.556297550127292, 18.32050182510313, 14.859780968280688]"
102,0,2232,False,True,1.0,3.99,3,3,True,2,5,25.565132266572498,"[16.19618903802949, 5.043542636549323, 4.325400591993685]",12.970401583963273,"[7.316513724831502, 2.966981628254236, 2.686906230877537]",24.82757567992841,15.57316534084209,"[8.070375736369126, 7.502789604472964]",12.682754515172078,8.073534482928416,9.68275451517208,6.073534482928415,"[3.943711136412717, 5.088417514419536, 3.650625864339827]","[4.147446537183959, 3.926087945744456]","[2.943711136412717, 4.088417514419536, 2.650625864339827]","[3.147446537183959, 2.926087945744456]","[7.547977272853121, 10.483121831844963, 6.796476575230326]"
102,0,2233,False,True,1.0,3.99,3,3,True,1,4,23.571170476286937,"[6.523632895325921, 5.417999836011302, 11.629537744949713]",12.192756485751906,"[3.5442168291771092, 3.1130199360444077, 5.535519720530388]",68.63660810070971,8.927714584471035,[8.927714584471035],29.76827715927678,4.481808687943704,26.76827715927678,3.481808687943704,"[9.61725030130741, 14.236783074046272, 5.9142437839231015]",[4.481808687943704],"[8.61725030130741, 13.236783074046272, 4.9142437839231015]",[3.481808687943704],"[22.095513593095923, 33.940469420631466, 12.600625086982312]"
102,0,2234,False,False,,0.0,1,1,,0,1,9.846404046612761,[9.846404046612761],4.840097578178977,[4.840097578178977],5.345738698744168,0.0,[],3.0848380925102257,0.0,0.0,0.0,[3.0848380925102257],[],[0.0],[],[5.345738698744168]
102,0,2235,False,True,1.0,3.99,3,3,True,3,6,25.577274746996608,"[12.717217889695688, 8.62489843544359, 4.235158421857326]",12.975137151328676,"[5.959714976981318, 4.363710389823, 2.651711784524357]",32.61834636919828,15.361503550522364,"[5.1205011835074545, 5.1205011835074545, 5.1205011835074545]",15.72115508398733,8.990986384703723,12.72115508398733,5.990986384703722,"[4.515777000936107, 3.3023912854851347, 7.902986797566087]","[2.9969954615679075, 2.9969954615679075, 2.9969954615679075]","[3.515777000936107, 2.3023912854851347, 6.902986797566087]","[1.9969954615679073, 1.9969954615679073, 1.9969954615679073]","[9.014812822913095, 5.903567398679833, 17.699966147605352]"
102,0,2236,False,True,1.0,3.99,3,3,True,1,4,37.92840901287116,"[12.626437150215182, 13.660417101124882, 11.641554761531093]",17.79207951501975,"[5.924310488583921, 6.327562669438704, 5.5402063569971265]",50.41414589609806,9.317996467702383,[9.317996467702383],22.661516899478244,4.6340186224039295,19.661516899478244,3.6340186224039295,"[8.588874109001445, 6.368140583200122, 7.704502207276675]",[4.6340186224039295],"[7.588874109001446, 5.368140583200122, 6.704502207276675]",[3.6340186224039295],"[19.45865156154217, 13.764463033846466, 17.191031300709422]"
102,0,2237,False,False,,0.0,2,2,,0,2,7.981702455447311,"[2.882887881104301, 5.09881457434301]",5.112863957624452,"[2.124326273630677, 2.988537683993774]",7.690980309942477,0.0,[],4.999482320877566,0.0,0.0,0.0,"[2.1118869214792317, 2.887595399398334]",[],"[0.0, 0.0]",[],"[2.8509921063570043, 4.839988203585472]"
102,0,2238,False,False,,0.0,1,1,,0,1,15.101163584712266,[15.101163584712266],6.889453798037784,[6.889453798037784],16.68396390143568,0.0,[],7.506745921559915,0.0,0.0,0.0,[7.506745921559915],[],[0.0],[],[16.68396390143568]
102,0,2239,False,False,,0.0,1,1,,0,1,11.099284832593547,[11.099284832593547],5.328721084711484,[5.328721084711484],4.237560420120271,0.0,[],2.6526485638469057,0.0,0.0,0.0,[2.6526485638469057],[],[0.0],[],[4.237560420120271]
102,0,2240,False,False,,0.0,2,2,,0,2,10.040378529078847,"[4.622195187846272, 5.418183341232575]",5.9157476263407505,"[2.8026561232600464, 3.113091503080704]",23.764867086586026,0.0,[],11.26829816376855,0.0,0.0,0.0,"[6.813916809548738, 4.454381354219812]",[],"[0.0, 0.0]",[],"[14.907478998842917, 8.857388087743109]"
102,0,2241,False,False,,0.0,2,2,,0,2,25.7278386229763,"[2.7236859667165074, 23.00415265625979]",12.033857062960756,"[2.062237527019438, 9.971619535941318]",12.643001968669019,0.0,[],6.930770767780917,0.0,0.0,0.0,"[3.208955167621054, 3.7218156001598635]",[],"[0.0, 0.0]",[],"[5.663987609284753, 6.979014359384265]"
102,0,2242,False,True,1.0,3.99,3,3,True,1,4,38.70766323197127,"[16.950803181109656, 15.875185024734856, 5.881675026126761]",18.095988660468798,"[7.6108132406327655, 7.191322159646594, 3.2938532601894366]",21.84047921952337,6.61039735520936,[6.61039735520936],11.517786895614114,3.5780549685316503,8.517786895614114,2.5780549685316503,"[6.215596100701586, 2.526526113768664, 2.775664681143864]",[3.5780549685316503],"[5.215596100701586, 1.5265261137686639, 1.7756646811438639]",[2.5780549685316503],"[13.373323335132273, 3.9141695224837534, 4.552986361907343]"
102,0,2243,False,False,,0.0,1,1,,0,1,4.6505125158354295,[4.6505125158354295],2.8136998811758174,[2.8136998811758174],2.5,0.0,[],1.975,0.0,0.0,0.0,[1.975],[],[0.0],[],[2.5]
102,0,2244,False,False,,0.0,2,2,,0,2,21.465516699381126,"[11.608964523247847, 9.856552176133281]",10.37155151275864,"[5.527496164066661, 4.844055348691979]",20.034866697695005,0.0,[],9.813598012101052,0.0,0.0,0.0,"[1.975, 7.838598012101052]",[],"[0.0, 0.0]",[],"[2.5, 17.534866697695005]"
